,GeneName,up1.5,up2,up5,up10,dn1.5,dn2,dn5,dn10,all,unchange1.5,unchange2,unchange5,unchange10,HN1.5,HN2,HN5,HN10
7352,HSPA6,283,267,247,229,11,7,2,0,322,28,48,73,93,272,260,245,229
7345,HSPA1A,278,271,240,225,13,9,1,0,322,31,42,81,97,265,262,239,225
7346,HSPA1B,291,282,233,216,17,12,2,0,322,14,28,87,106,274,270,231,216
4421,DNAJB1,289,265,212,184,19,17,2,0,322,14,40,108,138,270,248,210,184
1411,BAG3,269,243,182,129,15,13,1,0,322,38,66,139,193,254,230,181,129
12679,PNLDC1,242,222,177,148,11,5,2,0,322,69,95,143,174,231,217,175,148
3652,CRYAB,234,220,174,114,17,9,1,0,322,71,93,147,208,217,211,173,114
7370,HSPH1,268,246,167,105,13,7,0,0,322,41,69,155,217,255,239,167,105
5830,FOS,223,209,172,139,39,26,7,5,322,60,87,143,178,184,183,165,134
19035,ZFAND2A,242,223,168,115,24,15,3,2,322,56,84,151,205,218,208,165,113
14348,RRAD,218,207,159,102,29,19,4,0,322,75,96,159,220,189,188,155,102
9221,LTA,221,216,156,98,20,14,2,1,322,81,92,164,223,201,202,154,97
7347,HSPA1L,227,207,151,94,26,16,1,0,322,69,99,170,228,201,191,150,94
4427,DNAJB4,241,217,150,70,21,10,1,0,322,60,95,171,252,220,207,149,70
4158,DEDD2,243,212,146,82,26,13,3,1,322,53,97,173,239,217,199,143,81
4042,DCAF4L1,238,211,141,77,10,6,0,0,322,74,105,181,245,228,205,141,77
12284,PGF,204,190,144,81,34,22,3,1,322,84,110,175,240,170,168,141,80
7452,IER5,230,209,140,44,19,11,0,0,322,73,102,182,278,211,198,140,44
6959,HBA2,188,178,149,121,27,24,10,4,322,107,120,163,197,161,154,139,117
5758,FKBP4,244,211,132,57,22,15,3,0,322,56,96,187,265,222,196,129,57
9786,MIA,182,172,140,104,36,31,13,10,322,104,119,169,208,146,141,127,94
16745,TENT5A,225,202,129,68,25,11,2,1,322,72,109,191,253,200,191,127,67
233,ACTRT3,218,199,129,94,17,8,3,1,322,87,115,190,227,201,191,126,93
13951,RGS2,232,198,130,62,31,17,8,4,322,59,107,184,256,201,181,122,58
18548,VHLL,193,184,124,95,22,18,3,0,322,107,120,195,227,171,166,121,95
16791,TEX43,161,154,129,90,18,14,10,3,322,143,154,183,229,143,140,119,87
14846,SERPINH1,246,212,120,78,21,14,1,0,322,55,96,201,244,225,198,119,78
5831,FOSB,223,196,125,73,29,19,7,4,322,70,107,190,245,194,177,118,69
13905,RFPL2,195,180,119,87,20,12,2,1,322,107,130,201,234,175,168,117,86
5542,FBLL1,218,202,120,80,29,21,4,1,322,75,99,198,241,189,181,116,79
9215,LSMEM1,211,188,116,61,26,16,3,0,322,85,118,203,261,185,172,113,61
2327,CCDC121,215,185,114,82,21,12,1,1,322,86,125,207,239,194,173,113,81
7355,HSPB1,243,212,115,63,21,18,3,0,322,58,92,204,259,222,194,112,63
10755,NHLH1,231,205,112,60,17,11,1,0,322,74,106,209,262,214,194,111,60
2436,CCDC81,196,168,110,77,37,19,1,1,322,89,135,211,244,159,149,109,76
18103,TULP2,186,171,122,102,47,33,14,8,322,89,118,186,212,139,138,108,94
4420,DNAJA4,176,152,110,87,29,17,4,3,322,117,153,208,232,147,135,106,84
4811,EGR2,202,179,108,65,43,31,4,3,322,77,112,210,254,159,148,104,62
593,ALOXE3,185,155,100,59,24,9,0,0,322,113,158,222,263,161,146,100,59
7362,HSPB8,206,183,103,58,23,17,3,1,322,93,122,216,263,183,166,100,57
1950,C2orf66,197,181,102,54,32,26,2,0,322,93,115,218,268,165,155,100,54
17297,TMEM95,163,156,100,73,19,16,1,0,322,140,150,221,249,144,140,99,73
8835,LCN10,179,157,104,76,28,16,6,1,322,115,149,212,245,151,141,98,75
12092,PCSK5,158,133,105,85,29,19,7,0,322,135,170,210,237,129,114,98,85
306,ADCY10,192,168,100,66,28,23,3,0,322,102,131,219,256,164,145,97,66
7350,HSPA4L,187,161,96,49,20,7,0,0,322,115,154,226,273,167,154,96,49
14857,SESN3,183,158,95,62,37,19,0,0,322,102,145,227,260,146,139,95,62
2480,CCL26,166,159,113,84,41,34,18,10,322,115,129,191,228,125,125,95,74
2247,CASS4,211,182,92,27,26,14,1,1,322,85,126,229,294,185,168,91,26
7368,HSPE1-MOB4,168,146,99,63,23,17,9,8,322,131,159,214,251,145,129,90,55
18469,USPL1,212,185,91,40,18,11,2,0,322,92,126,229,282,194,174,89,40
9252,LY6G6C,180,155,95,56,43,29,6,1,322,99,138,221,265,137,126,89,55
1190,ATF3,190,173,94,35,53,38,6,2,322,79,111,222,285,137,135,88,33
4810,EGR1,200,168,97,66,40,35,10,5,322,82,119,215,251,160,133,87,61
4620,DUSP1,222,172,90,41,22,12,3,0,322,78,138,229,281,200,160,87,41
9330,MAFB,172,144,87,54,31,17,1,1,322,119,161,234,267,141,127,86,53
5859,FOXJ1,163,135,83,47,21,10,0,0,322,138,177,239,275,142,125,83,47
4976,ENGASE,208,170,85,39,19,10,2,0,322,95,142,235,283,189,160,83,39
3520,COX8C,144,133,98,66,19,18,15,3,322,159,171,209,253,125,115,83,63
4183,DEFB115,96,94,88,87,5,5,5,5,322,221,223,229,230,91,89,83,82
4269,DHDH,170,143,96,63,49,38,14,5,322,103,141,212,254,121,105,82,58
16918,TICAM2,187,162,83,48,22,11,2,0,322,113,149,237,274,165,151,81,48
3685,CSF3,170,153,82,31,26,20,1,0,322,126,149,239,291,144,133,81,31
3272,CLU,175,138,85,41,27,17,4,1,322,120,167,233,280,148,121,81,40
3064,CHRNA2,164,139,84,35,15,8,4,1,322,143,175,234,286,149,131,80,34
9787,MIA-RAB4B,163,157,99,60,37,35,19,11,322,122,130,204,251,126,122,80,49
1768,C11orf94,160,143,104,77,47,35,25,17,322,115,144,193,228,113,108,79,60
16880,THEGL,173,144,81,43,26,11,2,0,322,123,167,239,279,147,133,79,43
3046,CHORDC1,208,157,79,33,28,16,0,0,322,86,149,243,289,180,141,79,33
4645,DUX4,157,139,82,48,30,18,4,1,322,135,165,236,273,127,121,78,47
2523,CCNP,185,162,82,38,30,20,4,1,322,107,140,236,283,155,142,78,37
7363,HSPB9,145,134,86,56,25,18,10,4,322,152,170,226,262,120,116,76,52
16308,SUMO4,169,146,85,49,38,22,9,3,322,115,154,228,270,131,124,76,46
5360,FAM177B,153,135,81,38,37,27,6,2,322,132,160,235,282,116,108,75,36
1369,B3GALT4,163,140,79,33,49,26,4,0,322,110,156,239,289,114,114,75,33
2096,CACNA1G,199,159,77,33,38,26,3,0,322,85,137,242,289,161,133,74,33
13688,RASD1,176,152,80,46,40,26,6,1,322,106,144,236,275,136,126,74,45
8488,KLHL25,192,155,74,41,23,7,0,0,322,107,160,248,281,169,148,74,41
7357,HSPB2,158,145,80,41,23,20,7,1,322,141,157,235,280,135,125,73,40
5996,FZD8,168,132,75,39,39,17,2,1,322,115,173,245,282,129,115,73,38
7711,IGLV1-50,136,120,95,69,38,35,23,8,322,148,167,204,245,98,85,72,61
14838,SERPINC1,196,160,73,37,22,12,1,1,322,104,150,248,284,174,148,72,36
1770,C11orf96,185,165,75,39,41,25,3,0,322,96,132,244,283,144,140,72,39
2937,CFAP53,202,163,73,34,25,13,1,0,322,95,146,248,288,177,150,72,34
17327,TMPRSS9,180,151,75,48,19,8,3,1,322,123,163,244,273,161,143,72,47
6829,H1-6,144,135,76,39,33,30,4,0,322,145,157,242,283,111,105,72,39
6059,GAL3ST1,173,152,81,45,49,35,9,4,322,100,135,232,273,124,117,72,41
913,ARC,194,168,72,32,23,12,1,1,322,105,142,249,289,171,156,71,31
2775,CDRT1,176,148,74,42,34,23,3,1,322,112,151,245,279,142,125,71,41
7461,IFI35,155,129,72,33,31,12,1,0,322,136,181,249,289,124,117,71,33
8899,LGALS4,163,140,82,53,39,27,12,6,322,120,155,228,263,124,113,70,47
4232,DEPP1,186,154,79,43,45,34,9,2,322,91,134,234,277,141,120,70,41
2970,CFP,202,165,73,24,27,19,3,0,322,93,138,246,298,175,146,70,24
2559,CD14,174,144,75,38,45,29,5,0,322,103,149,242,284,129,115,70,38
17238,TMEM31,146,131,75,39,23,20,5,0,322,153,171,242,283,123,111,70,39
4812,EGR3,165,140,71,45,41,24,2,0,322,116,158,249,277,124,116,69,45
9329,MAFA,174,141,71,30,37,18,2,0,322,111,163,249,292,137,123,69,30
6958,HBA1,115,106,80,49,22,20,11,7,322,185,196,231,266,93,86,69,42
2029,C7orf61,194,165,70,20,28,17,1,0,322,100,140,251,302,166,148,69,20
6203,GEM,179,130,69,38,31,19,0,0,322,112,173,253,284,148,111,69,38
11032,NR4A3,213,180,70,40,25,11,2,1,322,84,131,250,281,188,169,68,39
14811,SERINC4,167,135,71,33,25,12,3,2,322,130,175,248,287,142,123,68,31
17344,TNF,166,139,70,29,39,24,2,0,322,117,159,250,293,127,115,68,29
7338,HSP90AA1,233,178,69,30,19,6,1,1,322,70,138,252,291,214,172,68,29
4417,DNAJA1,225,191,69,16,23,10,2,0,322,74,121,251,306,202,181,67,16
8130,JMJD6,226,198,68,13,14,5,1,0,322,82,119,253,309,212,193,67,13
14384,RSPH10B2,170,149,73,34,45,33,6,1,322,107,140,243,287,125,116,67,33
5140,ESR1,144,123,73,37,35,24,6,1,322,143,175,243,284,109,99,67,36
18823,XIRP1,175,133,69,29,26,18,2,0,322,121,171,251,293,149,115,67,29
3408,COL26A1,150,122,70,41,28,15,3,0,322,144,185,249,281,122,107,67,41
8751,LAG3,178,148,69,31,37,24,2,0,322,107,150,251,291,141,124,67,31
14762,SEMA4A,132,116,72,53,55,35,5,1,322,135,171,245,268,77,81,67,52
4770,EFCAB12,174,143,67,24,33,21,1,0,322,115,158,254,298,141,122,66,24
11299,OOEP,122,110,72,50,41,28,6,1,322,159,184,244,271,81,82,66,49
3190,CLDN9,186,149,68,36,21,12,2,0,322,115,161,252,286,165,137,66,36
18275,UCP3,209,185,68,18,33,20,3,0,322,80,117,251,304,176,165,65,18
8876,LENEP,142,123,71,41,39,31,6,1,322,141,168,245,280,103,92,65,40
3187,CLDN6,174,152,72,32,37,23,7,1,322,111,147,243,289,137,129,65,31
16302,SULT6B1,114,111,75,54,31,23,11,9,322,177,188,236,259,83,88,64,45
12675,PNCK,133,120,76,49,70,53,12,3,322,119,149,234,270,63,67,64,46
7571,IGHG4,130,121,67,45,20,13,3,1,322,172,188,252,276,110,108,64,44
5846,FOXD4L3,145,126,68,29,53,33,4,0,322,124,163,250,293,92,93,64,29
3238,CLK1,217,176,63,10,28,16,0,0,322,77,130,259,312,189,160,63,10
1827,C17orf67,219,167,64,24,21,4,1,0,322,82,151,257,298,198,163,63,24
1589,BMP4,171,143,65,30,35,25,2,1,322,116,154,255,291,136,118,63,29
8147,JUN,194,156,66,26,28,15,3,2,322,100,151,253,294,166,141,63,24
17856,TRIML2,161,135,65,37,26,20,2,1,322,135,167,255,284,135,115,63,36
9091,LRIT3,196,171,63,22,14,9,0,0,322,112,142,259,300,182,162,63,22
10043,MRPL18,204,157,66,23,27,18,3,0,322,91,147,253,299,177,139,63,23
11437,OR2B6,143,122,68,36,34,26,6,0,322,145,174,248,286,109,96,62,36
9458,MAP7D2,162,123,64,24,31,17,2,1,322,129,182,256,297,131,106,62,23
7830,IL31,130,126,65,38,10,9,3,0,322,182,187,254,284,120,117,62,38
8215,KCNE5,187,159,64,18,21,12,2,0,322,114,151,256,304,166,147,62,18
12501,PLA2G12B,152,128,68,43,25,22,6,0,322,145,172,248,279,127,106,62,43
2474,CCL20,168,139,73,32,54,29,11,5,322,100,154,238,285,114,110,62,27
6110,GAS1,162,131,66,35,50,35,4,0,322,110,156,252,287,112,96,62,35
10572,NCR3,144,131,67,29,29,21,5,1,322,149,170,250,292,115,110,62,28
15428,SLC6A13,159,135,67,34,56,39,6,1,322,107,148,249,287,103,96,61,33
9768,MGARP,149,128,62,27,46,26,1,0,322,127,168,259,295,103,102,61,27
1989,C4orf47,162,137,63,36,48,28,2,0,322,112,157,257,286,114,109,61,36
3201,CLEC18B,157,141,73,34,48,41,12,2,322,117,140,237,286,109,100,61,32
5903,FRG2B,116,110,62,32,23,17,3,1,322,183,195,257,289,93,93,59,31
15877,SPDYA,156,141,67,38,46,31,8,2,322,120,150,247,282,110,110,59,36
18707,WDR49,141,118,69,38,39,27,10,1,322,142,177,243,283,102,91,59,37
7083,HIBCH,133,100,62,34,46,25,3,2,322,143,197,257,286,87,75,59,32
15415,SLC5A3,181,133,61,28,26,15,3,1,322,115,174,258,293,155,118,58,27
5556,FBXL14,196,173,59,22,14,6,1,0,322,112,143,262,300,182,167,58,22
10428,N4BP2L1,170,128,61,24,37,21,3,0,322,115,173,258,298,133,107,58,24
13703,RASL11A,178,142,59,24,30,17,1,0,322,114,163,262,298,148,125,58,24
4670,DYNLT2,176,141,65,27,38,25,7,1,322,108,156,250,294,138,116,58,26
14383,RSPH10B,160,135,69,37,58,39,11,6,322,104,148,242,279,102,96,58,31
10937,NOXRED1,165,139,59,23,34,12,1,0,322,123,171,262,299,131,127,58,23
12633,PLPPR5,129,102,58,33,21,11,1,0,322,172,209,263,289,108,91,57,33
6496,GPA33,111,86,60,32,26,14,3,0,322,185,222,259,290,85,72,57,32
372,ADORA2A,149,130,65,47,44,33,8,1,322,129,159,249,274,105,97,57,46
12912,PPP1R15A,210,183,62,15,39,23,5,4,322,73,116,255,303,171,160,57,11
17535,TRAF3IP3,128,111,66,39,43,31,9,3,322,151,180,247,280,85,80,57,36
6821,GZMM,142,129,66,27,44,33,9,3,322,136,160,247,292,98,96,57,24
554,ALDH8A1,179,139,60,22,36,17,3,0,322,107,166,259,300,143,122,57,22
10806,NKRF,194,159,59,17,24,11,2,2,322,104,152,261,303,170,148,57,15
10980,NPIPB9,166,130,67,35,31,24,10,5,322,125,168,245,282,135,106,57,30
2875,CEP295NL,164,141,64,36,42,35,7,1,322,116,146,251,285,122,106,57,35
16617,TBR1,174,136,60,32,20,13,3,1,322,128,173,259,289,154,123,57,31
13120,PROCA1,149,120,58,25,61,36,2,1,322,112,166,262,296,88,84,56,24
5386,FAM209A,170,145,75,31,58,44,19,8,322,94,133,228,283,112,101,56,23
11222,NXT2,189,162,61,39,25,15,5,2,322,108,145,256,281,164,147,56,37
12823,POU2F2,162,125,60,26,35,22,4,1,322,125,175,258,295,127,103,56,25
3942,CYP39A1,169,126,57,23,24,10,1,0,322,129,186,264,299,145,116,56,23
5849,FOXD4L6,153,135,69,29,50,38,13,2,322,119,149,240,291,103,97,56,27
6159,GCGR,144,118,60,31,23,17,4,2,322,155,187,258,289,121,101,56,29
8293,KCTD14,145,129,60,35,41,19,5,1,322,136,174,257,286,104,110,55,34
7366,HSPD1,198,129,57,17,21,10,2,1,322,103,183,263,304,177,119,55,16
17995,TSSK4,142,123,61,22,32,26,6,2,322,148,173,255,298,110,97,55,20
12528,PLAC8L1,184,147,57,16,32,14,2,1,322,106,161,263,305,152,133,55,15
18182,UBB,195,137,57,21,26,14,2,1,322,101,171,263,300,169,123,55,20
18354,UPK1A,165,141,61,32,40,21,7,1,322,117,160,254,289,125,120,54,31
6047,GAGE10,79,76,65,32,19,14,11,3,322,224,232,246,287,60,62,54,29
2088,CACFD1,159,123,59,19,41,26,5,2,322,122,173,258,301,118,97,54,17
4828,EID3,155,121,60,32,49,26,6,1,322,118,175,256,289,106,95,54,31
6120,GAST,90,84,73,38,26,22,20,7,322,206,216,229,277,64,62,53,31
5666,FERMT3,180,156,57,26,48,31,4,3,322,94,135,261,293,132,125,53,23
13225,PRSS55,151,116,53,26,26,8,0,0,322,145,198,269,296,125,108,53,26
12933,PPP1R3C,153,115,53,28,48,21,0,0,322,121,186,269,294,105,94,53,28
14753,SELPLG,185,149,59,17,35,24,6,4,322,102,149,257,301,150,125,53,13
2953,CFAP97D2,117,110,54,32,15,11,1,0,322,190,201,267,290,102,99,53,32
5105,ERICH5,124,113,55,21,33,17,3,0,322,165,192,264,301,91,96,52,21
10948,NPC1L1,161,135,56,21,18,9,4,2,322,143,178,262,299,143,126,52,19
2047,C9orf152,150,108,54,19,36,25,2,1,322,136,189,266,302,114,83,52,18
2118,CACYBP,218,175,57,20,23,13,5,3,322,81,134,260,299,195,162,52,17
17034,TMC4,125,108,63,38,60,40,11,4,322,137,174,248,280,65,68,52,34
17984,TSPYL2,189,152,54,9,26,13,3,1,322,107,157,265,312,163,139,51,8
13167,PRR18,162,121,53,25,19,11,2,0,322,141,190,267,297,143,110,51,25
7063,HEY1,165,134,55,22,45,20,4,1,322,112,168,263,299,120,114,51,21
17178,TMEM216,122,102,55,35,50,30,4,1,322,150,190,263,286,72,72,51,34
5471,FAM83C,146,108,54,26,23,14,3,1,322,153,200,265,295,123,94,51,25
5607,FBXW10,149,117,52,37,36,15,1,0,322,137,190,269,285,113,102,51,37
15943,SPOCK2,168,127,52,17,45,20,1,0,322,109,175,269,305,123,107,51,17
14569,SBSN,168,115,53,15,39,17,2,1,322,115,190,267,306,129,98,51,14
12691,PNMA8A,168,142,53,18,28,18,2,1,322,126,162,267,303,140,124,51,17
15717,SNX31,153,126,61,26,42,30,10,3,322,127,166,251,293,111,96,51,23
9267,LYG2,110,105,58,27,31,26,8,3,322,181,191,256,292,79,79,50,24
11277,OIT3,166,120,51,30,27,13,1,1,322,129,189,270,291,139,107,50,29
182,ACRBP,157,135,57,17,47,33,7,4,322,118,154,258,301,110,102,50,13
14268,RPL3L,165,139,54,14,35,19,5,0,322,122,164,263,308,130,120,49,14
11131,NUCB1,152,116,52,24,24,14,3,2,322,146,192,267,296,128,102,49,22
16802,TEX54,101,88,69,39,37,27,20,4,322,184,207,233,279,64,61,49,35
794,AOC3,198,154,52,22,21,12,3,2,322,103,156,267,298,177,142,49,20
11804,OXT,78,74,57,30,14,12,8,1,322,230,236,257,291,64,62,49,29
16492,TAL2,156,131,57,25,36,24,8,0,322,130,167,257,297,120,107,49,25
8866,LEAP2,184,146,52,16,24,11,3,1,322,114,165,267,305,160,135,49,15
7591,IGHV1OR21-1,57,56,50,45,2,2,1,1,322,263,264,271,276,55,54,49,44
18183,UBC,201,167,51,16,37,22,2,1,322,84,133,269,305,164,145,49,15
6043,GADD45G,112,92,55,36,26,20,7,2,322,184,210,260,284,86,72,48,34
203,ACTA1,173,143,55,14,36,25,7,1,322,113,154,260,307,137,118,48,13
16683,TCP10L,133,109,67,48,47,38,19,13,322,142,175,236,261,86,71,48,35
16386,SYNM,135,109,48,13,32,12,0,0,322,155,201,274,309,103,97,48,13
4790,EFNA2,130,106,54,13,58,29,6,1,322,134,187,262,308,72,77,48,12
9798,MICB,191,146,48,1,35,20,1,1,322,96,156,273,320,156,126,47,0
93,ABHD3,153,127,51,24,45,29,4,2,322,124,166,267,296,108,98,47,22
15731,SOCS3,157,119,49,12,53,27,2,0,322,112,176,271,310,104,92,47,12
15163,SLC1A3,149,113,50,25,43,28,3,1,322,130,181,269,296,106,85,47,24
11031,NR4A2,158,120,50,15,36,17,3,0,322,128,185,269,307,122,103,47,15
7353,HSPA8,207,151,50,14,28,19,3,2,322,87,152,269,306,179,132,47,12
2386,CCDC194,92,86,54,26,22,19,7,0,322,208,217,261,296,70,67,47,26
463,AHSA1,207,149,48,17,15,11,1,0,322,100,162,273,305,192,138,47,17
16777,TEX19,155,114,48,22,40,26,2,1,322,127,182,272,299,115,88,46,21
1843,C19orf38,149,117,51,20,41,29,5,2,322,132,176,266,300,108,88,46,18
8270,KCNN2,158,117,46,16,29,16,0,0,322,135,189,276,306,129,101,46,16
4105,DDIT4,181,147,50,36,47,33,4,0,322,94,142,268,286,134,114,46,36
6614,GPR89A,160,109,46,16,27,15,0,0,322,135,198,276,306,133,94,46,16
9462,MAPK10,172,137,52,20,32,14,6,1,322,118,171,264,301,140,123,46,19
12938,PPP1R42,112,101,53,24,56,45,7,2,322,154,176,262,296,56,56,46,22
5929,FSCN3,154,126,48,19,33,19,2,0,322,135,177,272,303,121,107,46,19
3400,COL1A1,99,77,48,30,79,49,2,1,322,144,196,272,291,20,28,46,29
13391,PTPN22,123,100,50,34,45,33,5,0,322,154,189,267,288,78,67,45,34
11648,OR6B3,80,79,45,24,5,5,0,0,322,237,238,277,298,75,74,45,24
18972,ZC3H12A,189,143,47,8,35,16,2,0,322,98,163,273,314,154,127,45,8
17062,TMEM100,137,112,49,13,45,27,4,2,322,140,183,269,307,92,85,45,11
16747,TENT5C,177,130,46,23,32,11,1,0,322,113,181,275,299,145,119,45,23
6882,H3-4,74,71,53,27,27,23,8,5,322,221,228,261,290,47,48,45,22
16229,STPG4,144,124,61,23,60,43,16,6,322,118,155,245,293,84,81,45,17
4067,DCLRE1B,199,164,49,9,26,15,4,0,322,97,143,269,313,173,149,45,9
5847,FOXD4L4,120,98,49,20,44,29,4,0,322,158,195,269,302,76,69,45,20
14474,S100A14,134,111,53,22,33,25,8,2,322,155,186,261,298,101,86,45,20
13136,PROX1,170,130,47,12,31,16,2,0,322,121,176,273,310,139,114,45,12
14155,RNF225,125,114,57,35,36,32,12,4,322,161,176,253,283,89,82,45,31
1019,ARL14EPL,130,103,44,14,26,13,0,0,322,166,206,278,308,104,90,44,14
13543,RAB39A,148,119,45,23,44,20,1,0,322,130,183,276,299,104,99,44,23
11030,NR4A1,181,152,48,19,37,20,4,3,322,104,150,270,300,144,132,44,16
14633,SCN7A,150,112,47,23,34,28,3,1,322,138,182,272,298,116,84,44,22
14765,SEMA4D,141,97,47,27,28,15,3,1,322,153,210,272,294,113,82,44,26
9275,LYPD4,130,106,48,32,39,20,4,0,322,153,196,270,290,91,86,44,32
2032,C8G,137,117,59,33,56,38,15,1,322,129,167,248,288,81,79,44,32
3655,CRYBA4,120,111,52,26,29,23,8,2,322,173,188,262,294,91,88,44,24
989,ARHGEF33,144,119,50,18,43,23,6,1,322,135,180,266,303,101,96,44,17
875,APOE,151,120,47,23,48,33,3,2,322,123,169,272,297,103,87,44,21
4017,DAZL,142,112,46,23,15,10,2,1,322,165,200,274,298,127,102,44,22
955,ARHGAP30,153,112,46,15,36,18,2,1,322,133,192,274,306,117,94,44,14
6305,GJD4,138,106,44,16,37,22,0,0,322,147,194,278,306,101,84,44,16
5845,FOXD4L1,174,141,44,10,19,13,0,0,322,129,168,278,312,155,128,44,10
1041,ARL9,186,155,45,12,32,14,2,1,322,104,153,275,309,154,141,43,11
8847,LCT,137,97,43,22,23,11,0,0,322,162,214,279,300,114,86,43,22
5904,FRG2C,151,120,47,19,36,20,4,0,322,135,182,271,303,115,100,43,19
9515,MASP2,131,114,55,21,59,44,12,3,322,132,164,255,298,72,70,43,18
745,ANKRD65,150,120,50,26,57,35,7,1,322,115,167,265,295,93,85,43,25
18067,TTYH2,115,86,44,20,46,21,1,0,322,161,215,277,302,69,65,43,20
10548,NCF1,135,114,57,25,60,43,14,5,322,127,165,251,292,75,71,43,20
16629,TBX3,190,142,45,13,35,28,2,0,322,97,152,275,309,155,114,43,13
1832,C17orf98,142,122,68,36,58,52,25,14,322,122,148,229,272,84,70,43,22
1520,BEST2,161,126,50,20,41,23,7,2,322,120,173,265,300,120,103,43,18
4630,DUSP2,150,122,48,16,40,24,5,3,322,132,176,269,303,110,98,43,13
9216,LSMEM2,153,134,54,27,50,39,11,6,322,119,149,257,289,103,95,43,21
8290,KCTD11,161,125,43,13,40,21,1,0,322,121,176,278,309,121,104,42,13
8274,KCNQ2,116,91,48,27,36,27,6,2,322,170,204,268,293,80,64,42,25
3067,CHRNA5,123,96,44,8,38,14,2,1,322,161,212,276,313,85,82,42,7
17302,TMIE,133,104,45,16,55,37,3,0,322,134,181,274,306,78,67,42,16
10630,NDUFC2-KCTD14,129,100,60,48,47,29,18,13,322,146,193,244,261,82,71,42,35
13554,RAB40AL,155,120,47,14,45,34,5,1,322,122,168,270,307,110,86,42,13
15382,SLC45A2,147,115,46,20,40,26,4,0,322,135,181,272,302,107,89,42,20
18759,WHRN,161,124,43,16,40,26,1,1,322,121,172,278,305,121,98,42,15
6857,H2BC1,72,65,45,30,17,10,3,2,322,233,247,274,290,55,55,42,28
12924,PPP1R27,162,135,52,23,47,30,10,2,322,113,157,260,297,115,105,42,21
6051,GAGE12F,77,75,60,44,28,25,18,10,322,217,222,244,268,49,50,42,34
5456,FAM71E2,119,94,42,21,8,4,0,0,322,195,224,280,301,111,90,42,21
1422,BAMBI,177,138,45,18,32,19,3,1,322,113,165,274,303,145,119,42,17
4447,DNAJC24,145,113,45,14,34,15,3,2,322,143,194,274,306,111,98,42,12
12344,PHKG1,181,140,45,11,41,23,3,2,322,100,159,274,309,140,117,42,9
9254,LY6G6E,106,87,58,39,48,43,16,6,322,168,192,248,277,58,44,42,33
1505,BDKRB1,125,105,47,18,48,37,5,2,322,149,180,270,302,77,68,42,16
13907,RFPL4A,110,94,47,24,33,21,6,0,322,179,207,269,298,77,73,41,24
5387,FAM209B,137,117,55,25,44,33,14,3,322,141,172,253,294,93,84,41,22
17224,TMEM262,63,59,54,26,24,16,13,6,322,235,247,255,290,39,43,41,20
4279,DHRS2,129,99,47,19,46,25,6,1,322,147,198,269,302,83,74,41,18
13346,PTGER1,131,102,48,13,41,32,7,1,322,150,188,267,308,90,70,41,12
10415,MYRFL,133,103,41,15,32,21,0,0,322,157,198,281,307,101,82,41,15
15483,SLCO2B1,89,68,50,32,51,30,9,3,322,182,224,263,287,38,38,41,29
13908,RFPL4AL1,112,100,45,22,27,16,4,1,322,183,206,273,299,85,84,41,21
6511,GPBAR1,165,125,46,13,32,19,5,1,322,125,178,271,308,133,106,41,12
526,AKR7L,121,101,49,23,76,60,8,2,322,125,161,265,297,45,41,41,21
7433,ID2,134,98,41,19,45,30,0,0,322,143,194,281,303,89,68,41,19
9732,MEX3B,190,135,41,12,31,19,0,0,322,101,168,281,310,159,116,41,12
11147,NUDT17,184,147,46,23,31,15,5,4,322,107,160,271,295,153,132,41,19
3537,CPED1,175,130,42,10,33,15,1,1,322,114,177,279,311,142,115,41,9
2632,CD79A,149,120,44,16,40,26,4,3,322,133,176,274,303,109,94,40,13
11770,OTOR,110,97,41,20,16,10,1,0,322,196,215,280,302,94,87,40,20
3411,COL2A1,141,110,42,20,27,13,2,0,322,154,199,278,302,114,97,40,20
15584,SMIM24,113,103,51,21,57,44,11,1,322,152,175,260,300,56,59,40,20
14357,RRH,171,133,40,15,25,10,0,0,322,126,179,282,307,146,123,40,15
12068,PCK1,123,88,41,18,32,18,1,1,322,167,216,280,303,91,70,40,17
8145,JSRP1,118,104,49,26,40,29,9,1,322,164,189,264,295,78,75,40,25
16228,STPG3,98,90,44,26,34,29,4,1,322,190,203,274,295,64,61,40,25
1757,C11orf52,96,86,49,26,62,45,9,3,322,164,191,264,293,34,41,40,23
6030,GABRE,139,120,42,8,27,16,2,0,322,156,186,278,314,112,104,40,8
1479,BCL2L10,139,121,45,18,22,17,5,0,322,161,184,272,304,117,104,40,18
1767,C11orf91,113,103,64,37,49,44,24,11,322,160,175,234,274,64,59,40,26
10003,MRC1,121,84,40,25,14,5,0,0,322,187,233,282,297,107,79,40,25
9929,MOB4,131,97,41,23,59,28,1,0,322,132,197,280,299,72,69,40,23
9266,LYG1,163,123,48,14,42,27,8,1,322,117,172,266,307,121,96,40,13
2066,CA3,131,107,46,19,34,26,6,0,322,157,189,270,303,97,81,40,19
6834,H2AC1,64,57,47,32,14,13,7,1,322,244,252,268,289,50,44,40,31
4362,DLX2,140,119,42,19,54,28,2,0,322,128,175,278,303,86,91,40,19
16926,TIGD3,170,115,41,20,37,19,1,1,322,115,188,280,301,133,96,40,19
14117,RNF148,114,102,42,11,32,27,3,0,322,176,193,277,311,82,75,39,11
7367,HSPE1,158,112,44,12,23,13,5,2,322,141,197,273,308,135,99,39,10
15884,SPDYE21,122,108,45,13,37,27,6,4,322,163,187,271,305,85,81,39,9
15332,SLC35G5,165,151,41,14,40,25,2,0,322,117,146,279,308,125,126,39,14
3300,CMYA5,148,113,40,3,13,2,1,0,322,161,207,281,319,135,111,39,3
6910,H4C7,62,57,53,30,18,17,14,8,322,242,248,255,284,44,40,39,22
14661,SCYGR2,60,59,53,37,17,15,14,11,322,245,248,255,274,43,44,39,26
16691,TCTE1,145,108,42,14,26,11,3,0,322,151,203,277,308,119,97,39,14
13169,PRR20A,125,97,40,18,21,12,1,0,322,176,213,281,304,104,85,39,18
16641,TCAP,166,137,50,22,43,32,11,3,322,113,153,261,297,123,105,39,19
10276,MUC12,134,100,45,18,31,29,6,1,322,157,193,271,303,103,71,39,17
5729,FHL5,98,84,39,13,7,3,0,0,322,217,235,283,309,91,81,39,13
2214,CARD9,164,130,41,18,36,23,2,1,322,122,169,279,303,128,107,39,17
3536,CPEB4,174,132,44,17,38,23,5,0,322,110,167,273,305,136,109,39,17
9899,MMP23B,139,112,46,22,52,33,7,1,322,131,177,269,299,87,79,39,21
19594,ZNF80,159,118,39,8,13,5,1,0,322,150,199,282,314,146,113,38,8
15641,SNAI1,171,129,45,17,36,20,7,5,322,115,173,270,300,135,109,38,12
3131,CITED1,128,106,54,20,66,41,16,7,322,128,175,252,295,62,65,38,13
1600,BMT2,194,155,38,9,33,14,0,0,322,95,153,284,313,161,141,38,9
7961,IQCA1L,113,89,40,13,30,22,2,1,322,179,211,280,308,83,67,38,12
12429,PILRA,140,117,43,15,52,36,5,0,322,130,169,274,307,88,81,38,15
818,AP4B1,167,126,41,24,45,22,3,1,322,110,174,278,297,122,104,38,23
184,ACSBG1,155,114,42,11,38,22,4,1,322,129,186,276,310,117,92,38,10
2975,CGB2,104,92,52,24,37,31,14,4,322,181,199,256,294,67,61,38,20
13735,RBFOX3,142,113,49,29,46,35,11,7,322,134,174,262,286,96,78,38,22
15152,SLC17A8,131,99,38,16,24,10,0,0,322,167,213,284,306,107,89,38,16
19066,ZFP91-CNTF,116,83,57,32,56,39,19,13,322,150,200,246,277,60,44,38,19
6193,GDF9,155,115,39,21,43,20,2,1,322,124,187,281,300,112,95,37,20
5573,FBXO15,131,105,45,9,56,39,8,1,322,135,178,269,312,75,66,37,8
4272,DHH,150,109,39,5,22,10,2,0,322,150,203,281,317,128,99,37,5
1198,ATF7IP2,111,82,40,16,55,29,3,1,322,156,211,279,305,56,53,37,15
2522,CCNO,173,130,41,5,28,13,4,0,322,121,179,277,317,145,117,37,5
18617,VSIG2,123,112,42,26,36,26,5,3,322,163,184,275,293,87,86,37,23
17055,TMED6,132,114,47,22,48,36,10,1,322,142,172,265,299,84,78,37,21
16048,SRRM5,166,126,37,9,22,10,0,0,322,134,186,285,313,144,116,37,9
12196,PDZK1,132,92,38,15,40,23,1,0,322,150,207,283,307,92,69,37,15
17198,TMEM238,103,85,52,33,48,36,15,4,322,171,201,255,285,55,49,37,29
7457,IFI27,148,120,53,25,53,41,16,7,322,121,161,253,290,95,79,37,18
1924,C20orf204,133,105,43,15,42,30,6,2,322,147,187,273,305,91,75,37,13
10400,MYOCOS,165,131,41,8,34,18,4,1,322,123,173,277,313,131,113,37,7
5848,FOXD4L5,169,129,38,5,29,15,1,0,322,124,178,283,317,140,114,37,5
11843,PABPC4L,126,82,37,21,26,13,0,0,322,170,227,285,301,100,69,37,21
8836,LCN12,112,96,52,25,48,39,15,5,322,162,187,255,292,64,57,37,20
17004,TLR9,97,85,44,18,23,16,7,3,322,202,221,271,301,74,69,37,15
18459,USP50,129,114,49,13,53,48,12,2,322,140,160,261,307,76,66,37,11
2595,CD300H,68,62,48,25,14,12,11,2,322,240,248,263,295,54,50,37,23
6849,H2AC8,109,91,53,26,80,57,17,6,322,133,174,252,290,29,34,36,20
11775,OTUD1,167,116,37,22,31,17,1,0,322,124,189,284,300,136,99,36,22
15457,SLC7A9,165,124,37,7,22,14,1,0,322,135,184,284,315,143,110,36,7
9553,MBNL2,136,96,36,3,44,22,0,0,322,142,204,286,319,92,74,36,3
12643,PLVAP,101,80,42,32,20,13,6,2,322,201,229,274,288,81,67,36,30
6426,GNLY,93,89,40,21,28,23,4,0,322,201,210,278,301,65,66,36,21
12125,PDE2A,111,79,51,31,73,38,15,4,322,138,205,256,287,38,41,36,27
3493,CORT,138,116,59,32,59,49,23,11,322,125,157,240,279,79,67,36,21
335,ADGRF3,154,122,37,17,30,17,1,0,322,138,183,284,305,124,105,36,17
9004,LMAN1L,112,95,45,21,44,30,9,3,322,166,197,268,298,68,65,36,18
4323,DIRAS1,111,90,41,20,71,37,5,2,322,140,195,276,300,40,53,36,18
14657,SCUBE2,133,112,44,9,49,36,8,1,322,140,174,270,312,84,76,36,8
3435,COLEC11,132,106,45,14,63,50,9,3,322,127,166,268,305,69,56,36,11
15427,SLC6A12,118,92,38,18,44,21,2,1,322,160,209,282,303,74,71,36,17
13367,PTHLH,135,106,41,10,47,27,5,1,322,140,189,276,311,88,79,36,9
15729,SOCS1,161,125,44,14,50,27,9,2,322,111,170,269,306,111,98,35,12
13563,RAB4B-EGLN2,67,67,49,34,27,26,14,11,322,228,229,259,277,40,41,35,23
1749,C10orf99,78,76,38,11,19,18,3,0,322,225,228,281,311,59,58,35,11
2272,CBFA2T3,88,67,40,25,41,27,5,1,322,193,228,277,296,47,40,35,24
13947,RGS16,161,122,38,9,49,32,3,0,322,112,168,281,313,112,90,35,9
16653,TCEAL9,187,123,37,7,28,11,2,1,322,107,188,283,314,159,112,35,6
15744,SORBS1,121,93,38,13,68,33,3,1,322,133,196,281,308,53,60,35,12
14992,SHISA2,154,114,37,10,28,14,2,0,322,140,194,283,312,126,100,35,10
3544,CPLX4,138,101,37,21,23,8,2,0,322,161,213,283,301,115,93,35,21
6042,GADD45B,177,135,38,19,31,22,3,0,322,114,165,281,303,146,113,35,19
4483,DNMT3L,89,79,39,22,24,20,4,1,322,209,223,279,299,65,59,35,21
17201,TMEM240,162,127,38,21,48,30,3,1,322,112,165,281,300,114,97,35,20
1875,C1orf189,127,112,53,33,69,53,18,8,322,126,157,251,281,58,59,35,25
4852,EIF3CL,130,109,59,40,66,52,24,19,322,126,161,239,263,64,57,35,21
9276,LYPD5,129,102,38,9,53,34,3,0,322,140,186,281,313,76,68,35,9
6615,GPR89B,156,109,40,11,53,35,5,3,322,113,178,277,308,103,74,35,8
18732,WDR88,127,98,40,14,66,39,6,1,322,129,185,276,307,61,59,34,13
12138,PDE6G,136,114,51,25,62,52,17,3,322,124,156,254,294,74,62,34,22
9887,MMP10,112,84,38,21,30,16,4,0,322,180,222,280,301,82,68,34,21
5694,FGF18,147,100,37,16,50,26,3,0,322,125,196,282,306,97,74,34,16
17782,TRIM15,117,90,39,13,21,17,5,0,322,184,215,278,309,96,73,34,13
2760,CDKN1C,140,102,37,16,53,32,3,0,322,129,188,282,306,87,70,34,16
6683,GRIP1,114,94,56,38,81,53,22,13,322,127,175,244,271,33,41,34,25
4553,DPYS,114,86,39,6,41,24,5,0,322,167,212,278,316,73,62,34,6
498,AKAP14,95,93,48,15,48,40,14,7,322,179,189,260,300,47,53,34,8
6239,GGN,147,114,44,15,64,45,10,4,322,111,163,268,303,83,69,34,11
5346,FAM167B,142,109,43,15,52,36,9,3,322,128,177,270,304,90,73,34,12
16376,SYNE4,126,98,45,15,56,39,11,3,322,140,185,266,304,70,59,34,12
1254,ATP2B3,139,95,36,6,24,17,2,0,322,159,210,284,316,115,78,34,6
7787,IL17F,95,93,40,9,25,21,6,3,322,202,208,276,310,70,72,34,6
10514,NBL1,109,78,35,11,35,16,1,0,322,178,228,286,311,74,62,34,11
15459,SLC8A2,134,100,34,10,38,21,0,0,322,150,201,288,312,96,79,34,10
2973,CGAS,174,132,35,8,26,14,1,1,322,122,176,286,313,148,118,34,7
17172,TMEM210,81,77,47,21,31,29,13,4,322,210,216,262,297,50,48,34,17
17939,TSHZ1,155,125,39,11,52,22,5,2,322,115,175,278,309,103,103,34,9
4429,DNAJB6,164,124,36,5,23,10,2,0,322,135,188,284,317,141,114,34,5
7966,IQCF1,107,103,38,11,28,24,4,1,322,187,195,280,310,79,79,34,10
116,ABTB2,149,114,37,8,43,24,3,1,322,130,184,282,313,106,90,34,7
8023,ISL1,106,78,37,15,41,28,3,0,322,175,216,282,307,65,50,34,15
18749,WFDC2,98,87,46,23,34,20,12,1,322,190,215,264,298,64,67,34,22
10328,MYCL,141,110,34,14,50,25,1,0,322,131,187,287,308,91,85,33,14
149,ACHE,140,103,37,12,39,23,4,1,322,143,196,281,309,101,80,33,11
2941,CFAP61,118,100,47,25,57,45,14,2,322,147,177,261,295,61,55,33,23
7351,HSPA5,119,101,36,9,47,32,3,1,322,156,189,283,312,72,69,33,8
7249,HOXD1,109,91,34,13,25,12,1,0,322,188,219,287,309,84,79,33,13
15770,SOX2,128,87,34,14,58,28,1,0,322,136,207,287,308,70,59,33,14
10306,MXD1,194,147,34,15,30,13,1,1,322,98,162,287,306,164,134,33,14
6125,GATA5,133,101,40,18,29,17,7,3,322,160,204,275,301,104,84,33,15
6169,GCNA,211,156,34,8,36,13,1,1,322,75,153,287,313,175,143,33,7
5667,FES,137,99,39,13,45,30,6,0,322,140,193,277,309,92,69,33,13
16833,TG,117,99,40,15,49,40,7,1,322,156,183,275,306,68,59,33,14
2915,CETP,116,92,35,14,33,22,2,1,322,173,208,285,307,83,70,33,13
11037,NRARP,125,86,33,13,45,29,0,0,322,152,207,289,309,80,57,33,13
2986,CHAC1,149,120,54,28,82,63,21,9,322,91,139,247,285,67,57,33,19
11304,OOSP4B,77,70,36,16,17,13,3,3,322,228,239,283,303,60,57,33,13
8242,KCNJ2,165,123,38,11,36,24,5,0,322,121,175,279,311,129,99,33,11
3929,CYP2C18,120,91,34,10,33,21,1,1,322,169,210,287,311,87,70,33,9
2257,CATSPER4,118,93,33,9,30,13,0,0,322,174,216,289,313,88,80,33,9
6224,GFPT2,106,81,34,14,49,24,1,0,322,167,217,287,308,57,57,33,14
16046,SRRM3,137,94,34,11,41,21,1,1,322,144,207,287,310,96,73,33,10
10019,MRLN,106,90,60,35,67,52,27,17,322,149,180,235,270,39,38,33,18
17370,TNFRSF4,107,97,41,17,49,39,8,2,322,166,186,273,303,58,58,33,15
8003,IRF8,94,74,35,15,28,16,2,1,322,200,232,285,306,66,58,33,14
17364,TNFRSF18,101,85,37,6,35,27,4,0,322,186,210,281,316,66,58,33,6
4781,EFEMP1,111,92,43,13,36,28,10,3,322,175,202,269,306,75,64,33,10
1919,C20orf144,73,68,52,24,34,30,19,6,322,215,224,251,292,39,38,33,18
18622,VSTM1,89,72,42,18,21,15,9,1,322,212,235,271,303,68,57,33,17
6790,GUCA1B,181,130,34,7,33,24,1,0,322,108,168,287,315,148,106,33,7
3181,CLDN24,69,64,42,22,33,26,9,6,322,220,232,271,294,36,38,33,16
7050,HES1,125,87,43,18,69,36,10,2,322,128,199,269,302,56,51,33,16
19162,ZNF177,136,103,43,16,56,36,11,2,322,130,183,268,304,80,67,32,14
8262,KCNK7,111,92,43,24,92,67,11,5,322,119,163,268,293,19,25,32,19
17077,TMEM119,121,94,39,11,44,25,7,1,322,157,203,276,310,77,69,32,10
5404,FAM222A,142,102,36,15,47,22,4,0,322,133,198,282,307,95,80,32,15
1690,BST2,131,106,36,16,59,43,4,2,322,132,173,282,304,72,63,32,14
15072,SIX1,144,101,39,21,40,22,7,0,322,138,199,276,301,104,79,32,21
12867,PPIAL4G,127,108,58,39,72,53,26,10,322,123,161,238,273,55,55,32,29
14488,S100P,89,73,48,19,44,31,16,7,322,189,218,258,296,45,42,32,12
2048,C9orf153,142,118,40,8,53,39,8,2,322,127,165,274,312,89,79,32,6
7485,IFNA5,77,75,35,13,17,16,3,1,322,228,231,284,308,60,59,32,12
2765,CDKN2C,122,95,35,3,48,25,3,1,322,152,202,284,318,74,70,32,2
17396,TNN,81,48,32,17,23,13,0,0,322,218,261,290,305,58,35,32,17
3713,CSPG5,105,78,35,23,59,33,3,0,322,158,211,284,299,46,45,32,23
2233,CASP12,89,80,32,16,3,2,0,0,322,230,240,290,306,86,78,32,16
10696,NEU4,113,99,40,14,50,35,8,4,322,159,188,274,304,63,64,32,10
19052,ZFP36,145,105,39,10,60,37,7,2,322,117,180,276,310,85,68,32,8
5942,FTCD,124,96,41,15,71,46,10,1,322,127,180,271,306,53,50,31,14
13348,PTGER3,139,90,31,12,30,11,0,0,322,153,221,291,310,109,79,31,12
13104,PRLR,111,86,33,7,39,20,2,1,322,172,216,287,314,72,66,31,6
1171,ASTL,104,89,34,15,34,26,3,1,322,184,207,285,306,70,63,31,14
17774,TRIB1,122,84,32,9,68,37,1,0,322,132,201,289,313,54,47,31,9
12499,PLA2G10,104,84,47,25,60,40,16,5,322,158,198,259,292,44,44,31,20
17380,TNFSF14,130,96,36,18,48,28,5,3,322,144,198,281,301,82,68,31,15
12449,PIP5KL1,125,89,33,9,36,22,2,0,322,161,211,287,313,89,67,31,9
13906,RFPL3,96,85,35,13,25,20,4,0,322,201,217,283,309,71,65,31,13
6895,H3C8,105,82,33,12,53,29,2,0,322,164,211,287,310,52,53,31,12
4893,ELAVL3,134,91,32,15,35,19,1,1,322,153,212,289,306,99,72,31,14
2050,C9orf24,111,88,40,14,78,55,9,3,322,133,179,273,305,33,33,31,11
5028,EPGN,151,117,38,27,45,27,7,1,322,126,178,277,294,106,90,31,26
12927,PPP1R32,124,91,34,13,57,36,3,1,322,141,195,285,308,67,55,31,12
7844,IL5,103,88,54,35,37,33,23,19,322,182,201,245,268,66,55,31,16
4026,DBP,143,100,33,13,44,19,2,2,322,135,203,287,307,99,81,31,11
8075,ITK,92,75,42,24,49,37,11,2,322,181,210,269,296,43,38,31,22
3535,CPEB3,165,115,31,1,24,2,0,0,322,133,205,291,321,141,113,31,1
12545,PLCD4,122,99,36,8,39,32,5,0,322,161,191,281,314,83,67,31,8
181,ACR,128,100,38,15,36,26,7,2,322,158,196,277,305,92,74,31,13
3868,CXCR4,108,86,33,17,26,12,2,0,322,188,224,287,305,82,74,31,17
11059,NRN1L,123,94,42,11,74,49,11,6,322,125,179,269,305,49,45,31,5
3917,CYP21A2,132,98,37,8,62,42,6,1,322,128,182,279,313,70,56,31,7
14654,SCT,90,82,55,18,37,31,24,8,322,195,209,243,296,53,51,31,10
2238,CASP5,85,83,43,21,36,35,13,1,322,201,204,266,300,49,48,30,20
1721,BTN3A3,131,106,38,16,68,44,8,3,322,123,172,276,303,63,62,30,13
16784,TEX29,136,115,45,17,58,47,15,4,322,128,160,262,301,78,68,30,13
900,AQP3,145,104,32,9,44,21,2,0,322,133,197,288,313,101,83,30,9
5843,FOXD3,110,78,31,6,27,10,1,0,322,185,234,290,316,83,68,30,6
17398,TNNC2,137,117,51,21,56,44,21,5,322,129,161,250,296,81,73,30,16
8802,LBH,123,94,38,24,71,48,8,3,322,128,180,276,295,52,46,30,21
2023,C7orf25,145,102,32,19,39,23,2,0,322,138,197,288,303,106,79,30,19
3587,CRACR2B,108,77,39,20,59,33,9,0,322,155,212,274,302,49,44,30,20
13345,PTGDS,77,69,43,23,44,36,13,3,322,201,217,266,296,33,33,30,20
16772,TEX13B,112,106,30,9,15,13,0,0,322,195,203,292,313,97,93,30,9
1833,C17orf99,72,65,38,11,39,34,8,0,322,211,223,276,311,33,31,30,11
11790,OVGP1,180,131,34,11,29,14,4,3,322,113,177,284,308,151,117,30,8
14107,RNF133,106,94,30,7,21,10,0,0,322,195,218,292,315,85,84,30,7
2333,CCDC13,108,84,33,13,36,18,3,0,322,178,220,286,309,72,66,30,13
18573,VPREB3,105,90,53,25,42,33,23,6,322,175,199,246,291,63,57,30,19
17057,TMED7-TICAM2,144,117,33,12,33,14,3,0,322,145,191,286,310,111,103,30,12
1742,C10orf62,97,78,31,15,23,18,1,0,322,202,226,290,307,74,60,30,15
17347,TNFAIP3,145,114,35,9,56,39,5,0,322,121,169,282,313,89,75,30,9
2932,CFAP44,136,93,39,19,67,37,9,3,322,119,192,274,300,69,56,30,16
4324,DIRAS2,114,84,38,20,47,32,8,2,322,161,206,276,300,67,52,30,18
9139,LRRC4,116,95,39,19,39,27,9,2,322,167,200,274,301,77,68,30,17
257,ADAM20,135,103,31,18,37,19,1,0,322,150,200,290,304,98,84,30,18
16185,STIP1,180,130,34,9,27,11,4,2,322,115,181,284,311,153,119,30,7
17242,TMEM37,99,78,41,22,81,58,11,3,322,142,186,270,297,18,20,30,19
1017,ARL14,112,98,36,18,56,41,6,0,322,154,183,280,304,56,57,30,18
7169,HMOX1,151,121,33,10,48,25,3,1,322,123,176,286,311,103,96,30,9
10969,NPIPB11,138,100,36,13,51,31,7,2,322,133,191,279,307,87,69,29,11
17791,TRIM26,184,143,29,6,20,11,0,0,322,118,168,293,316,164,132,29,6
9163,LRRC70,130,101,35,22,43,25,6,1,322,149,196,281,299,87,76,29,21
17122,TMEM163,102,78,39,28,56,40,10,4,322,164,204,273,290,46,38,29,24
2900,CERS1,122,94,32,16,37,21,3,1,322,163,207,287,305,85,73,29,15
6512,GPBP1,181,131,29,5,32,14,0,0,322,109,177,293,317,149,117,29,5
2359,CCDC168,124,84,29,0,5,3,0,0,322,193,235,293,322,119,81,29,0
9882,MMD2,76,62,29,9,19,9,0,0,322,227,251,293,313,57,53,29,9
1302,ATP6V1G2,155,109,39,14,49,34,10,4,322,118,179,273,304,106,75,29,10
19402,ZNF559-ZNF177,136,107,43,30,64,52,14,6,322,122,163,265,286,72,55,29,24
14994,SHISA4,108,69,30,12,38,20,1,0,322,176,233,291,310,70,49,29,12
10380,MYO1A,123,95,38,15,55,34,9,2,322,144,193,275,305,68,61,29,13
7048,HERPUD1,114,94,35,16,69,40,6,0,322,139,188,281,306,45,54,29,16
18880,YIPF7,107,97,44,19,42,32,15,3,322,173,193,263,300,65,65,29,16
16526,TAS2R3,122,109,32,11,56,40,3,0,322,144,173,287,311,66,69,29,11
7068,HGD,122,87,36,9,39,23,7,0,322,161,212,279,313,83,64,29,9
4964,EMX1,108,82,36,18,42,32,7,1,322,172,208,279,303,66,50,29,17
1848,C19orf67,85,71,32,12,24,16,3,0,322,213,235,287,310,61,55,29,12
2628,CD7,118,90,33,11,37,30,4,0,322,167,202,285,311,81,60,29,11
4504,DOK2,109,93,31,13,47,31,2,0,322,166,198,289,309,62,62,29,13
13912,RFTN2,112,82,34,24,40,21,5,1,322,170,219,283,297,72,61,29,23
8900,LGALS7,68,62,36,16,23,23,7,1,322,231,237,279,305,45,39,29,15
359,ADIG,79,71,48,25,36,30,19,7,322,207,221,255,290,43,41,29,18
16432,TAC3,107,96,38,11,48,33,9,1,322,167,193,275,310,59,63,29,10
18316,ULBP1,153,107,30,4,36,19,1,0,322,133,196,291,318,117,88,29,4
13820,RCN3,104,83,46,25,67,45,17,9,322,151,194,259,288,37,38,29,16
1480,BCL2L11,113,78,34,6,52,29,5,2,322,157,215,283,314,61,49,29,4
17491,TPH2,108,82,31,14,26,9,2,0,322,188,231,289,308,82,73,29,14
4520,DPEP2NB,110,101,30,7,21,18,1,0,322,191,203,291,315,89,83,29,7
19439,ZNF596,156,110,31,10,42,20,2,1,322,124,192,289,311,114,90,29,9
6362,GLYAT,84,71,32,15,22,16,3,2,322,216,235,287,305,62,55,29,13
7756,IHH,152,122,28,5,20,11,0,0,322,150,189,294,317,132,111,28,5
15180,SLC22A18AS,105,80,35,15,61,38,7,2,322,156,204,280,305,44,42,28,13
6792,GUCA2A,66,65,39,15,30,26,11,3,322,226,231,272,304,36,39,28,12
18642,VWA7,148,111,30,4,18,5,2,0,322,156,206,290,318,130,106,28,4
3797,CTRB2,61,58,37,12,24,16,9,4,322,237,248,276,306,37,42,28,8
9576,MCF2,125,85,28,6,30,18,0,0,322,167,219,294,316,95,67,28,6
9607,MCU,135,87,30,6,36,22,2,1,322,151,213,290,315,99,65,28,5
14791,SEPTIN12,97,88,45,15,46,41,17,3,322,179,193,260,304,51,47,28,12
3746,CT45A8,59,59,38,27,16,16,10,3,322,247,247,274,292,43,43,28,24
3740,CT45A10,69,62,41,26,40,33,13,6,322,213,227,268,290,29,29,28,20
10283,MUC20,126,80,30,9,50,30,2,0,322,146,212,290,313,76,50,28,9
16360,SYCP3,106,88,35,7,59,44,7,0,322,157,190,280,315,47,44,28,7
5263,FABP3,99,82,32,12,55,41,4,1,322,168,199,286,309,44,41,28,11
2631,CD74,125,103,38,14,52,31,10,3,322,145,188,274,305,73,72,28,11
13938,RGPD6,121,106,65,44,78,69,37,33,322,123,147,220,245,43,37,28,11
9863,MLKL,130,97,31,14,36,20,3,2,322,156,205,288,306,94,77,28,12
9353,MAGEB3,69,63,31,16,18,9,3,0,322,235,250,288,306,51,54,28,16
726,ANKRD37,145,117,40,11,50,32,12,8,322,127,173,270,303,95,85,28,3
8743,L3MBTL3,108,87,31,9,51,30,3,1,322,163,205,288,312,57,57,28,8
19008,ZDHHC11,130,100,33,7,44,27,5,1,322,148,195,284,314,86,73,28,6
1300,ATP6V1FNB,128,91,30,17,30,18,2,0,322,164,213,290,305,98,73,28,17
8413,KIF5A,108,87,41,20,83,56,13,8,322,131,179,268,294,25,31,28,12
3619,CRIP2,98,68,35,29,52,32,7,5,322,172,222,280,288,46,36,28,24
14856,SESN2,130,105,39,19,60,35,11,0,322,132,182,272,303,70,70,28,19
10143,MSH4,139,107,29,12,45,23,1,0,322,138,192,292,310,94,84,28,12
18697,WDR38,111,103,35,16,27,18,7,2,322,184,201,280,304,84,85,28,14
13396,PTPN6,120,92,33,15,57,37,5,1,322,145,193,284,306,63,55,28,14
8830,LCK,105,82,33,15,44,24,5,0,322,173,216,284,307,61,58,28,15
17845,TRIM69,133,98,29,4,29,17,1,0,322,160,207,292,318,104,81,28,4
4771,EFCAB13,151,110,40,13,48,34,12,3,322,123,178,270,306,103,76,28,10
17195,TMEM235,78,65,28,10,19,13,0,0,322,225,244,294,312,59,52,28,10
8649,KRTAP12-2,43,43,29,25,5,5,1,1,322,274,274,292,296,38,38,28,24
8223,KCNH3,92,66,33,19,42,21,5,0,322,188,235,284,303,50,45,28,19
3863,CXCL8,148,121,48,21,65,50,20,8,322,109,151,254,293,83,71,28,13
19403,ZNF560,118,83,28,14,21,7,0,0,322,183,232,294,308,97,76,28,14
10421,MZB1,98,82,40,10,67,57,12,1,322,157,183,270,311,31,25,28,9
3069,CHRNA7,106,92,42,16,85,50,14,4,322,131,180,266,302,21,42,28,12
6086,GALNT9,111,83,32,6,35,21,4,0,322,176,218,286,316,76,62,28,6
6754,GTF2A1L,56,53,40,13,19,18,12,2,322,247,251,270,307,37,35,28,11
18413,USP17L2,105,73,30,15,26,15,2,0,322,191,234,290,307,79,58,28,15
16542,TAS2R9,74,65,31,20,30,25,3,0,322,218,232,288,302,44,40,28,20
1714,BTK,124,87,29,12,31,11,1,0,322,167,224,292,310,93,76,28,12
3318,CNKSR1,141,90,30,9,40,22,2,1,322,141,210,290,312,101,68,28,8
7084,HIC1,136,102,33,15,64,37,5,0,322,122,183,284,307,72,65,28,15
7316,HSD17B3,87,78,35,17,32,29,7,1,322,203,215,280,304,55,49,28,16
5131,ESAM,152,113,34,6,38,21,6,1,322,132,188,282,315,114,92,28,5
7258,HP,77,67,37,23,34,25,10,2,322,211,230,275,297,43,42,27,21
4777,EFCAB7,144,107,29,6,38,18,2,1,322,140,197,291,315,106,89,27,5
5844,FOXD4,143,96,32,12,49,26,5,0,322,130,200,285,310,94,70,27,12
6597,GPR50,104,73,27,7,42,25,0,0,322,176,224,295,315,62,48,27,7
14515,SAMD11,111,91,38,20,66,41,11,6,322,145,190,273,296,45,50,27,14
15750,SORD,102,80,28,11,24,9,1,0,322,196,233,293,311,78,71,27,11
7412,HYPK,137,94,31,7,20,10,4,3,322,165,218,287,312,117,84,27,4
14518,SAMD14,104,79,30,12,62,35,3,1,322,156,208,289,309,42,44,27,11
18474,UTP14C,50,45,41,37,26,21,14,13,322,246,256,267,272,24,24,27,24
10256,MTRNR2L11,145,108,29,10,46,30,2,2,322,131,184,291,310,99,78,27,8
5448,FAM53A,127,94,30,6,58,26,3,2,322,137,202,289,314,69,68,27,4
7425,ICAM4,128,102,36,15,44,26,9,2,322,150,194,277,305,84,76,27,13
13352,PTGES3,135,88,29,8,24,13,2,0,322,163,221,291,314,111,75,27,8
1401,BAAT,174,129,29,6,26,13,2,0,322,122,180,291,316,148,116,27,6
16537,TAS2R5,154,121,32,12,44,31,5,1,322,124,170,285,309,110,90,27,11
5473,FAM83E,154,108,30,13,32,16,3,1,322,136,198,289,308,122,92,27,12
7897,INO80B-WBP1,82,75,54,40,51,45,27,20,322,189,202,241,262,31,30,27,20
9414,MAP1A,136,94,28,12,33,16,1,0,322,153,212,293,310,103,78,27,12
4384,DMRTB1,114,81,29,7,14,7,2,1,322,194,234,291,314,100,74,27,6
12674,PMVK,135,91,29,15,23,15,2,2,322,164,216,291,305,112,76,27,13
9848,MKNK2,155,99,30,11,36,19,3,1,322,131,204,289,310,119,80,27,10
10188,MT1H,59,54,40,26,25,22,13,6,322,238,246,269,290,34,32,27,20
16682,TCP1,175,120,29,7,23,15,2,1,322,124,187,291,314,152,105,27,6
10373,MYO10,97,64,28,10,30,11,1,0,322,195,247,293,312,67,53,27,10
9558,MBOAT7,181,126,29,10,27,17,2,2,322,114,179,291,310,154,109,27,8
3200,CLEC18A,120,97,46,35,79,60,19,9,322,123,165,257,278,41,37,27,26
2989,CHADL,114,92,36,22,62,43,9,2,322,146,187,277,298,52,49,27,20
3065,CHRNA3,124,87,34,21,71,39,7,1,322,127,196,281,300,53,48,27,20
5804,FMR1NB,88,75,29,10,19,15,2,0,322,215,232,291,312,69,60,27,10
9085,LRIF1,199,142,27,4,26,13,0,0,322,97,167,295,318,173,129,27,4
87,ABHD16B,99,85,34,14,31,26,7,4,322,192,211,281,304,68,59,27,10
18499,VAMP8,88,76,38,22,54,27,11,2,322,180,219,273,298,34,49,27,20
6621,GPRC5D,99,86,44,17,45,39,17,6,322,178,197,261,299,54,47,27,11
5431,FAM25A,79,71,59,46,44,39,32,27,322,199,212,231,249,35,32,27,19
9842,MITF,130,92,29,13,46,19,3,0,322,146,211,290,309,84,73,26,13
14481,S100A7,35,32,30,9,8,7,4,1,322,279,283,288,312,27,25,26,8
7569,IGHG2,82,72,27,10,10,6,1,0,322,230,244,294,312,72,66,26,10
10977,NPIPB6,148,111,50,22,60,45,24,15,322,114,166,248,285,88,66,26,7
19111,ZMAT5,101,68,30,15,32,14,4,3,322,189,240,288,304,69,54,26,12
1826,C17orf64,70,63,39,24,35,31,13,8,322,217,228,270,290,35,32,26,16
384,ADRA2B,102,75,26,5,34,19,0,0,322,186,228,296,317,68,56,26,5
9670,MEGF10,96,61,27,9,32,13,1,0,322,194,248,294,313,64,48,26,9
15774,SOX4,100,68,27,12,81,33,1,0,322,141,221,294,310,19,35,26,12
14507,SAG,74,63,33,5,29,23,7,1,322,219,236,282,316,45,40,26,4
11200,NUTM2E,100,82,32,10,61,46,6,1,322,161,194,284,311,39,36,26,9
9692,MEP1B,147,100,26,8,19,6,0,0,322,156,216,296,314,128,94,26,8
15879,SPDYE1,123,104,34,12,47,35,8,5,322,152,183,280,305,76,69,26,7
45,ABCB4,91,67,33,14,47,23,7,3,322,184,232,282,305,44,44,26,11
1256,ATP2C1,131,90,28,11,38,18,2,1,322,153,214,292,310,93,72,26,10
14613,SCHIP1,115,92,36,21,48,40,10,5,322,159,190,276,296,67,52,26,16
15066,SIRT4,159,123,30,9,44,27,4,1,322,119,172,288,312,115,96,26,8
6435,GNRH2,117,95,47,28,73,62,21,6,322,132,165,254,288,44,33,26,22
18991,ZCCHC12,127,93,34,12,43,24,8,2,322,152,205,280,308,84,69,26,10
4473,DNHD1,136,101,26,7,41,11,0,0,322,145,210,296,315,95,90,26,7
6534,GPN1,112,83,26,7,34,13,0,0,322,176,226,296,315,78,70,26,7
4544,DPPA5,55,52,29,12,10,9,3,1,322,257,261,290,309,45,43,26,11
905,AQP8,116,96,26,3,30,24,0,0,322,176,202,296,319,86,72,26,3
13984,RHOB,97,72,27,11,93,53,1,0,322,132,197,294,311,4,19,26,11
6658,GRHL1,155,113,30,4,44,23,4,1,322,123,186,288,317,111,90,26,3
1498,BCO2,187,148,30,15,28,13,4,2,322,107,161,288,305,159,135,26,13
8728,KSR1,137,95,31,12,56,36,5,2,322,129,191,286,308,81,59,26,10
2820,CELF2,79,55,26,12,55,32,0,0,322,188,235,296,310,24,23,26,12
7349,HSPA4,175,113,27,5,27,13,1,0,322,120,196,294,317,148,100,26,5
4638,DUSP4,123,91,32,15,47,25,6,1,322,152,206,284,306,76,66,26,14
4639,DUSP5,169,114,32,3,45,29,6,0,322,108,179,284,319,124,85,26,3
7890,INIP,119,82,28,12,33,13,2,0,322,170,227,292,310,86,69,26,12
14662,SCYGR3,34,34,31,31,7,6,5,5,322,281,282,286,286,27,28,26,26
5698,FGF21,88,76,36,14,44,35,10,2,322,190,211,276,306,44,41,26,12
18014,TTC23L,110,87,29,16,61,35,3,0,322,151,200,290,306,49,52,26,16
4742,EDN2,134,96,32,9,40,31,7,5,322,148,195,283,308,94,65,25,4
10586,NDRG1,122,86,36,12,74,45,11,2,322,126,191,275,308,48,41,25,10
16794,TEX46,84,73,55,22,60,46,30,14,322,178,203,237,286,24,27,25,8
3739,CT45A1,75,63,39,25,32,28,14,4,322,215,231,269,293,43,35,25,21
9573,MCCD1,54,50,35,22,35,26,10,5,322,233,246,277,295,19,24,25,17
19677,ZSCAN31,122,94,27,6,50,22,2,1,322,150,206,293,315,72,72,25,5
3213,CLEC4A,134,105,36,14,56,39,11,4,322,132,178,275,304,78,66,25,10
10193,MT3,58,53,35,22,24,20,10,2,322,240,249,277,298,34,33,25,20
10223,MTHFD2L,130,82,26,5,31,16,1,0,322,161,224,295,317,99,66,25,5
7570,IGHG3,81,69,26,10,10,7,1,0,322,231,246,295,312,71,62,25,10
9100,LRP3,90,65,35,20,65,37,10,4,322,167,220,277,298,25,28,25,16
2447,CCDC89,100,68,26,15,67,30,1,0,322,155,224,295,307,33,38,25,15
10255,MTRNR2L10,132,104,31,11,53,25,6,4,322,137,193,285,307,79,79,25,7
5122,ERRFI1,157,104,29,5,44,24,4,0,322,121,194,289,317,113,80,25,5
7454,IFFO1,124,86,27,9,43,26,2,0,322,155,210,293,313,81,60,25,9
346,ADGRL2,96,67,25,6,28,17,0,0,322,198,238,297,316,68,50,25,6
6912,H4C9,120,91,32,16,76,49,7,1,322,126,182,283,305,44,42,25,15
214,ACTL7B,109,85,28,10,40,25,3,0,322,173,212,291,312,69,60,25,10
11823,P2RY8,127,92,26,9,24,13,1,0,322,171,217,295,313,103,79,25,9
1489,BCL6B,90,58,31,9,43,21,6,0,322,189,243,285,313,47,37,25,9
9614,MDGA1,127,88,36,9,79,44,11,1,322,116,190,275,312,48,44,25,8
11023,NR2E1,92,54,25,17,38,20,0,0,322,192,248,297,305,54,34,25,17
16272,STYK1,132,99,39,12,57,44,14,6,322,133,179,269,304,75,55,25,6
4613,DUOXA1,126,98,29,12,45,31,4,2,322,151,193,289,308,81,67,25,10
1484,BCL2L15,116,81,33,24,36,15,8,2,322,170,226,281,296,80,66,25,22
7127,HLA-DQA1,87,69,43,11,66,39,18,8,322,169,214,261,303,21,30,25,3
264,ADAM32,152,117,33,13,51,33,8,0,322,119,172,281,309,101,84,25,13
9331,MAFF,172,139,36,8,53,34,11,6,322,97,149,275,308,119,105,25,2
2983,CGREF1,121,87,28,7,33,16,3,0,322,168,219,291,315,88,71,25,7
7743,IGLV9-49,41,39,32,10,9,8,7,2,322,272,275,283,310,32,31,25,8
9862,MLIP,84,67,34,13,54,37,9,3,322,184,218,279,306,30,30,25,10
675,ANKDD1B,137,102,32,11,49,30,7,5,322,136,190,283,306,88,72,25,6
10312,MXRA8,105,75,26,9,66,37,1,1,322,151,210,295,312,39,38,25,8
1907,C1QTNF4,101,79,32,6,50,36,7,0,322,171,207,283,316,51,43,25,6
6610,GPR84,149,109,35,16,31,23,10,1,322,142,190,277,305,118,86,25,15
3472,COPZ2,97,73,29,9,42,19,4,3,322,183,230,289,310,55,54,25,6
7095,HIKESHI,143,87,25,6,30,15,1,0,322,149,220,296,316,113,72,24,6
11114,NTN4,113,87,26,13,27,14,2,0,322,182,221,294,309,86,73,24,13
14086,RND1,146,119,32,14,71,43,8,2,322,105,160,282,306,75,76,24,12
17019,TM6SF2,113,88,28,9,47,27,4,1,322,162,207,290,312,66,61,24,8
1473,BCL10,180,138,26,2,34,10,2,0,322,108,174,294,320,146,128,24,2
12463,PITX2,134,96,27,8,42,27,3,0,322,146,199,292,314,92,69,24,8
6032,GABRG2,105,75,36,16,66,45,12,5,322,151,202,274,301,39,30,24,11
10992,NPR3,128,90,28,6,47,26,4,0,322,147,206,290,316,81,64,24,6
13654,RANGAP1,126,85,28,7,26,16,4,2,322,170,221,290,313,100,69,24,5
10446,NAALAD2,113,84,31,16,54,30,7,2,322,155,208,284,304,59,54,24,14
16744,TENT4B,165,104,24,5,28,12,0,0,322,129,206,298,317,137,92,24,5
10187,MT1G,83,75,53,31,63,52,29,16,322,176,195,240,275,20,23,24,15
10989,NPPC,91,77,29,7,34,25,5,2,322,197,220,288,313,57,52,24,5
10652,NECTIN4,124,80,25,5,55,31,1,0,322,143,211,296,317,69,49,24,5
8521,KLK6,128,93,29,8,19,15,5,1,322,175,214,288,313,109,78,24,7
17504,TPPP3,85,71,27,6,52,36,3,1,322,185,215,292,315,33,35,24,5
11435,OR2B2,101,88,31,14,32,23,7,5,322,189,211,284,303,69,65,24,9
8069,ITIH1,75,66,27,15,19,16,3,1,322,228,240,292,306,56,50,24,14
13723,RBAK-RBAKDN,159,115,35,17,43,30,11,8,322,120,177,276,297,116,85,24,9
10358,MYL4,91,79,37,6,66,51,13,4,322,165,192,272,312,25,28,24,2
18196,UBE2F-SCLY,122,104,41,24,59,44,17,4,322,141,174,264,294,63,60,24,20
18775,WNT11,105,76,36,12,82,57,12,3,322,135,189,274,307,23,19,24,9
1121,ASB16,121,80,26,3,53,23,2,2,322,148,219,294,317,68,57,24,1
10154,MSMB,54,51,35,17,25,24,11,4,322,243,247,276,301,29,27,24,13
2129,CALCA,61,58,24,9,11,11,0,0,322,250,253,298,313,50,47,24,9
7423,ICAM2,104,93,30,18,38,26,6,0,322,180,203,286,304,66,67,24,18
689,ANKRD1,115,80,28,9,56,36,4,0,322,151,206,290,313,59,44,24,9
16355,SYCE3,78,64,50,32,52,40,26,7,322,192,218,246,283,26,24,24,25
4741,EDN1,130,91,28,13,58,33,5,1,322,134,198,289,308,72,58,23,12
9677,MEIG1,102,77,35,13,63,45,12,4,322,157,200,275,305,39,32,23,9
13092,PRKD2,148,105,28,8,30,19,5,1,322,144,198,289,313,118,86,23,7
3719,CSRP2,135,95,26,10,34,20,3,2,322,153,207,293,310,101,75,23,8
16002,SQOR,115,79,26,8,38,24,3,2,322,169,219,293,312,77,55,23,6
3179,CLDN22,79,59,29,14,32,21,6,1,322,211,242,287,307,47,38,23,13
16109,ST14,96,68,23,8,37,13,0,0,322,189,241,299,314,59,55,23,8
14611,SCGB3A2,78,60,39,15,26,21,16,2,322,218,241,267,305,52,39,23,13
13569,RAB6B,90,60,24,11,66,32,1,0,322,166,230,297,311,24,28,23,11
7398,HUNK,113,73,25,10,26,17,2,0,322,183,232,295,312,87,56,23,10
18526,VCX3A,61,57,34,13,35,30,11,4,322,226,235,277,305,26,27,23,9
12825,POU3F1,130,103,32,10,47,35,9,3,322,145,184,281,309,83,68,23,7
11752,OSM,67,55,25,6,32,17,2,1,322,223,250,295,315,35,38,23,5
6907,H4C4,87,64,43,20,89,65,20,8,322,146,193,259,294,-2,-1,23,12
14196,ROPN1L,105,80,28,15,72,50,5,2,322,145,192,289,305,33,30,23,13
2852,CENPV,91,56,24,24,38,18,1,1,322,193,248,297,297,53,38,23,23
1124,ASB2,82,62,27,10,44,24,4,1,322,196,236,291,311,38,38,23,9
12660,PMEPA1,123,91,30,8,44,27,7,2,322,155,204,285,312,79,64,23,6
869,APOC1,104,85,55,31,87,69,32,24,322,131,168,235,267,17,16,23,7
8259,KCNK4,148,104,27,9,37,26,4,0,322,137,192,291,313,111,78,23,9
18553,VIPAS39,111,72,24,9,37,19,1,0,322,174,231,297,313,74,53,23,9
4426,DNAJB2,183,120,27,10,23,13,4,1,322,116,189,291,311,160,107,23,9
18269,UCMA,64,60,25,5,11,11,2,0,322,247,251,295,317,53,49,23,5
18637,VWA3A,113,79,35,7,54,43,12,0,322,155,200,275,315,59,36,23,7
9327,MAF,82,56,26,10,37,20,3,0,322,203,246,293,312,45,36,23,10
17319,TMPRSS13,100,72,23,3,44,27,0,0,322,178,223,299,319,56,45,23,3
1802,C15orf62,112,80,26,6,41,15,3,0,322,169,227,293,316,71,65,23,6
16520,TAS2R10,134,112,38,11,52,42,15,4,322,136,168,269,307,82,70,23,7
15511,SLPI,77,61,30,13,28,21,7,4,322,217,240,285,305,49,40,23,9
11134,NUDC,165,118,25,7,19,7,2,0,322,138,197,295,315,146,111,23,7
1609,BNIPL,134,98,24,6,46,19,1,0,322,142,205,297,316,88,79,23,6
5011,EOMES,129,92,25,6,34,20,2,1,322,159,210,295,315,95,72,23,5
14385,RSPH14,82,68,39,15,56,43,16,3,322,184,211,267,304,26,25,23,12
15644,SNAP23,120,85,26,5,42,19,3,2,322,160,218,293,315,78,66,23,3
6970,HBZ,74,70,37,7,41,29,14,2,322,207,223,271,313,33,41,23,5
6619,GPRC5B,94,58,27,9,70,35,4,0,322,158,229,291,313,24,23,23,9
13937,RGPD5,122,94,36,15,56,36,13,4,322,144,192,273,303,66,58,23,11
11755,OSR2,120,84,24,5,56,34,1,0,322,146,204,297,317,64,50,23,5
8901,LGALS7B,47,43,35,18,17,15,12,4,322,258,264,275,300,30,28,23,14
7693,IGLC1,62,55,47,22,36,32,24,6,322,224,235,251,294,26,23,23,16
14600,SCG5,150,109,26,6,44,20,3,1,322,128,193,293,315,106,89,23,5
19316,ZNF436,174,119,26,11,26,15,3,0,322,122,188,293,311,148,104,23,11
18888,YPEL2,149,100,24,7,40,24,2,1,322,133,198,296,314,109,76,22,6
3933,CYP2D6,92,65,30,9,85,54,8,2,322,145,203,284,311,7,11,22,7
3080,CHST11,100,70,23,16,50,25,1,0,322,172,227,298,306,50,45,22,16
5706,FGF8,102,84,35,8,69,50,13,3,322,151,188,274,311,33,34,22,5
8412,KIF4B,136,98,22,10,19,7,0,0,322,167,217,300,312,117,91,22,10
2288,CBSL,87,69,41,32,76,52,19,9,322,159,201,262,281,11,17,22,23
19048,ZFP2,139,95,26,6,40,20,4,2,322,143,207,292,314,99,75,22,4
11002,NPW,115,92,49,35,55,42,27,17,322,152,188,246,270,60,50,22,18
4401,DNAH10,126,85,23,9,46,28,1,0,322,150,209,298,313,80,57,22,9
5964,FUT3,96,69,28,14,59,40,6,2,322,167,213,288,306,37,29,22,12
15942,SPOCK1,91,66,23,7,35,18,1,0,322,196,238,298,315,56,48,22,7
16540,TAS2R7,69,66,27,8,14,12,5,2,322,239,244,290,312,55,54,22,6
1388,B4GALNT3,113,83,26,12,45,22,4,0,322,164,217,292,310,68,61,22,12
7984,IQUB,176,130,23,0,26,11,1,0,322,120,181,298,322,150,119,22,0
16539,TAS2R60,72,68,22,9,20,17,0,0,322,230,237,300,313,52,51,22,9
4257,DGKE,165,101,23,3,24,13,1,1,322,133,208,298,318,141,88,22,2
3193,CLEC10A,80,57,22,4,10,5,0,0,322,232,260,300,318,70,52,22,4
13754,RBM24,136,104,28,6,31,21,6,1,322,155,197,288,315,105,83,22,5
3922,CYP27A1,101,63,27,6,65,42,5,1,322,156,217,290,315,36,21,22,5
7106,HIPK4,107,74,23,0,47,23,1,1,322,168,225,298,321,60,51,22,-1
8727,KRTDAP,67,61,40,16,21,20,18,3,322,234,241,264,303,46,41,22,13
10799,NKAPL,112,84,24,5,33,25,2,0,322,177,213,296,317,79,59,22,5
11319,OPRD1,102,68,22,10,27,14,0,0,322,193,240,300,312,75,54,22,10
5241,F2,119,90,24,10,41,23,2,1,322,162,209,296,311,78,67,22,9
17975,TSPOAP1,113,86,24,9,41,24,2,0,322,168,212,296,313,72,62,22,9
3423,COL6A2,74,44,24,11,47,21,2,1,322,201,257,296,310,27,23,22,10
219,ACTN3,101,72,26,10,37,20,4,0,322,184,230,292,312,64,52,22,10
3747,CT45A9,55,53,36,18,40,37,14,2,322,227,232,272,302,15,16,22,16
1995,C5AR1,127,88,27,12,43,23,5,1,322,152,211,290,309,84,65,22,11
4558,DQX1,144,100,23,3,27,14,1,0,322,151,208,298,319,117,86,22,3
5451,FAM71A,133,88,28,7,29,20,6,1,322,160,214,288,314,104,68,22,6
18563,VMO1,110,85,38,11,62,49,16,2,322,150,188,268,309,48,36,22,9
7075,HHATL,72,58,29,9,20,17,7,2,322,230,247,286,311,52,41,22,7
5366,FAM183A,84,67,50,20,73,61,28,7,322,165,194,244,295,11,6,22,13
4917,ELOA3CP,72,65,30,17,26,26,8,4,322,224,231,284,301,46,39,22,13
3202,CLEC18C,106,83,41,16,54,42,19,7,322,162,197,262,299,52,41,22,9
3727,CST6,83,56,32,16,43,31,10,4,322,196,235,280,302,40,25,22,12
6843,H2AC19,118,83,34,28,39,27,12,11,322,165,212,276,283,79,56,22,17
2042,C8orf89,63,59,45,15,44,39,23,7,322,215,224,254,300,19,20,22,8
3106,CIART,128,101,32,5,68,54,10,4,322,126,167,280,313,60,47,22,1
6173,GCNT4,114,82,23,7,41,30,1,0,322,167,210,298,315,73,52,22,7
6390,GNA15,109,79,26,7,63,34,4,1,322,150,209,292,314,46,45,22,6
1074,ARPC4-TTLL3,88,62,30,23,54,34,8,5,322,180,226,284,294,34,28,22,18
294,ADAP1,81,60,26,8,81,54,4,1,322,160,208,292,313,0,6,22,7
8928,LHX4,118,78,23,4,47,27,1,0,322,157,217,298,318,71,51,22,4
18756,WFIKKN2,84,61,23,3,30,11,1,0,322,208,250,298,319,54,50,22,3
5902,FRG2,108,87,30,15,70,45,8,2,322,144,190,284,305,38,42,22,13
7402,HVCN1,106,83,33,20,81,60,12,5,322,135,179,277,297,25,23,21,15
11513,OR4F16,66,56,35,23,43,37,14,5,322,213,229,273,294,23,19,21,18
10165,MST1R,108,80,26,7,78,35,5,2,322,136,207,291,313,30,45,21,5
14388,RSPH6A,119,86,24,8,33,16,3,0,322,170,220,295,314,86,70,21,8
10825,NLGN3,152,102,22,10,37,17,1,1,322,133,203,299,311,115,85,21,9
612,AMDHD1,161,102,25,8,23,15,4,1,322,138,205,293,313,138,87,21,7
6311,GKAP1,140,110,21,3,33,14,0,0,322,149,198,301,319,107,96,21,3
7777,IL13,79,75,28,14,39,31,7,5,322,204,216,287,303,40,44,21,9
2950,CFAP94,121,89,28,11,75,43,7,2,322,126,190,287,309,46,46,21,9
13235,PRX,101,78,28,12,64,35,7,7,322,157,209,287,303,37,43,21,5
14767,SEMA4G,100,83,28,11,76,41,7,2,322,146,198,287,309,24,42,21,9
5240,F13B,104,71,26,14,36,25,5,1,322,182,226,291,307,68,46,21,13
2769,CDO1,92,71,23,9,42,24,2,0,322,188,227,297,313,50,47,21,9
1323,ATRNL1,99,81,23,7,44,25,2,1,322,179,216,297,314,55,56,21,6
1426,BANP,147,97,21,6,24,14,0,0,322,151,211,301,316,123,83,21,6
13658,RAP1GAP,80,57,24,12,58,26,3,1,322,184,239,295,309,22,31,21,11
1947,C2orf42,151,97,22,5,34,18,1,0,322,137,207,299,317,117,79,21,5
7360,HSPB6,120,82,26,8,72,41,5,2,322,130,199,291,312,48,41,21,6
3715,CSRNP1,169,117,25,10,39,20,4,0,322,114,185,293,312,130,97,21,10
6301,GJC2,158,118,28,4,36,23,7,1,322,128,181,287,317,122,95,21,3
7248,HOXC9,97,64,24,9,45,22,3,1,322,180,236,295,312,52,42,21,8
16213,STMN4,93,69,23,9,45,23,2,1,322,184,230,297,312,48,46,21,8
5742,FILIP1L,116,76,23,5,56,28,2,0,322,150,218,297,317,60,48,21,5
4022,DBN1,74,49,24,11,67,31,3,0,322,181,242,295,311,7,18,21,11
13086,PRKCH,84,64,30,8,62,39,9,6,322,176,219,283,308,22,25,21,2
2256,CATSPER3,128,89,27,10,48,32,6,1,322,146,201,289,311,80,57,21,9
3521,CP,109,85,24,7,33,20,3,1,322,180,217,295,314,76,65,21,6
1060,ARMH2,61,54,29,15,19,18,8,4,322,242,250,285,303,42,36,21,11
6242,GGT1,103,72,26,9,62,31,5,1,322,157,219,291,312,41,41,21,8
7225,HOXA4,105,70,21,6,54,25,0,0,322,163,227,301,316,51,45,21,6
13057,PRH1,117,98,45,26,68,50,24,9,322,137,174,253,287,49,48,21,17
558,ALDOC,133,98,25,11,51,29,4,0,322,138,195,293,311,82,69,21,11
16731,TEKT2,106,74,23,4,63,44,2,0,322,153,204,297,318,43,30,21,4
17043,TMCO2,76,62,30,15,29,24,9,5,322,217,236,283,302,47,38,21,10
16574,TBC1D26,104,85,36,17,59,43,15,3,322,159,194,271,302,45,42,21,14
2231,CASP1,115,92,32,9,58,42,11,4,322,149,188,279,309,57,50,21,5
13696,RASGRP1,100,74,26,10,69,40,5,1,322,153,208,291,311,31,34,21,9
2979,CGB8,78,67,33,19,34,29,12,4,322,210,226,277,299,44,38,21,15
2357,CCDC166,68,64,23,5,21,18,2,0,322,233,240,297,317,47,46,21,5
6251,GH1,36,36,26,12,10,10,5,2,322,276,276,291,308,26,26,21,10
19339,ZNF473,186,144,23,7,29,13,2,1,322,107,165,297,314,157,131,21,6
3602,CREB3L4,114,78,23,9,42,17,2,0,322,166,227,297,313,72,61,21,9
18253,UBTFL1,88,79,26,17,20,17,5,1,322,214,226,291,304,68,62,21,16
16588,TBC1D3I,123,107,53,28,64,55,32,17,322,135,160,237,277,59,52,21,11
5867,FOXL3,30,30,22,9,4,4,1,1,322,288,288,299,312,26,26,21,8
14666,SCYGR7,25,24,23,23,4,4,2,2,322,293,294,297,297,21,20,21,21
4813,EGR4,93,76,25,9,28,14,4,0,322,201,232,293,313,65,62,21,9
15894,SPEF1,114,71,24,11,65,41,3,1,322,143,210,295,310,49,30,21,10
3543,CPLX3,113,80,24,8,36,21,3,0,322,173,221,295,314,77,59,21,8
7845,IL5RA,90,70,24,10,26,15,3,1,322,206,237,295,311,64,55,21,9
6146,GBP5,145,90,21,3,32,7,0,0,322,145,225,301,319,113,83,21,3
3228,CLIC2,120,97,28,10,50,33,7,0,322,152,192,287,312,70,64,21,10
10868,NMRK2,54,51,27,12,22,16,6,2,322,246,255,289,308,32,35,21,10
6244,GGT5,97,69,31,16,73,52,10,1,322,152,201,281,305,24,17,21,15
7116,HK3,88,69,37,17,46,33,16,6,322,188,220,269,299,42,36,21,11
8525,KLKB1,120,90,24,9,31,19,3,0,322,171,213,295,313,89,71,21,9
11155,NUDT4B,102,84,52,34,61,49,31,25,322,159,189,239,263,41,35,21,9
9902,MMP25,118,91,27,16,54,28,6,1,322,150,203,289,305,64,63,21,15
4668,DYNLRB2,75,61,42,15,56,45,21,4,322,191,216,259,303,19,16,21,11
1166,ASPRV1,141,99,24,6,44,20,4,0,322,137,203,294,316,97,79,20,6
8857,LDHC,108,79,27,15,60,33,7,3,322,154,210,288,304,48,46,20,12
15797,SPACA4,70,63,27,8,29,26,7,3,322,223,233,288,311,41,37,20,5
6832,H2AB1,73,71,48,18,50,41,28,10,322,199,210,246,294,23,30,20,8
18797,WSCD1,73,56,22,11,76,41,2,0,322,173,225,298,311,-3,15,20,11
4536,DPP4,88,64,21,3,44,19,1,0,322,190,239,300,319,44,45,20,3
13411,PTPRN,85,65,29,9,50,39,9,0,322,187,218,284,313,35,26,20,9
2972,CGA,80,64,32,14,51,39,12,3,322,191,219,278,305,29,25,20,11
14723,SEC31B,143,96,21,1,40,21,1,0,322,139,205,300,321,103,75,20,1
16108,ST13,118,83,24,9,35,10,4,0,322,169,229,294,313,83,73,20,9
4357,DLL1,128,81,20,10,21,11,0,0,322,173,230,302,312,107,70,20,10
9318,MACROH2A2,93,77,38,9,65,49,18,9,322,164,196,266,304,28,28,20,0
13490,QRICH2,132,100,20,3,81,42,0,0,322,109,180,302,319,51,58,20,3
13451,PWWP3A,105,72,24,9,36,15,4,0,322,181,235,294,313,69,57,20,9
12601,PLGLB1,159,123,27,9,39,27,7,4,322,124,172,288,309,120,96,20,5
4795,EFNB2,107,59,20,8,50,18,0,0,322,165,245,302,314,57,41,20,8
8158,KANSL1L,168,113,20,7,27,11,0,0,322,127,198,302,315,141,102,20,7
10530,NCALD,92,68,33,14,86,60,13,2,322,144,194,276,306,6,8,20,12
14216,RPE65,116,80,27,6,24,19,7,3,322,182,223,288,313,92,61,20,3
3571,CPT1C,124,86,36,17,66,46,16,4,322,132,190,270,301,58,40,20,13
17283,TMEM81,165,120,24,7,29,20,4,0,322,128,182,294,315,136,100,20,7
11090,NSUN6,100,61,23,4,40,21,3,0,322,182,240,296,318,60,40,20,4
1059,ARMH1,117,78,37,11,81,52,17,5,322,124,192,268,306,36,26,20,6
6815,GYS2,80,62,22,8,26,13,2,0,322,216,247,298,314,54,49,20,8
1156,ASNS,79,59,22,5,59,31,2,0,322,184,232,298,317,20,28,20,5
574,ALK,94,64,24,7,37,19,4,0,322,191,239,294,315,57,45,20,7
14780,SENP3-EIF4A1,105,70,21,10,48,30,1,0,322,169,222,300,312,57,40,20,10
15195,SLC23A3,118,90,25,4,58,29,5,0,322,146,203,292,318,60,61,20,4
11609,OR5B21,58,53,21,10,16,14,1,0,322,248,255,300,312,42,39,20,10
17304,TMIGD2,108,79,27,10,55,35,7,0,322,159,208,288,312,53,44,20,10
13797,RBP7,125,97,26,8,44,28,6,3,322,153,197,290,311,81,69,20,5
7079,HHIPL2,154,113,21,3,32,17,1,0,322,136,192,300,319,122,96,20,3
3523,CPA2,85,69,21,3,50,34,1,0,322,187,219,300,319,35,35,20,3
9446,MAP3K8,92,62,24,13,73,44,4,1,322,157,216,294,308,19,18,20,12
8325,KDM5A,125,95,21,8,33,14,1,0,322,164,213,300,314,92,81,20,8
11303,OOSP4A,47,45,29,15,19,16,9,2,322,256,261,284,305,28,29,20,13
420,AGBL2,102,76,31,5,71,46,11,0,322,149,200,280,317,31,30,20,5
10884,NOCT,171,136,26,6,40,18,6,1,322,111,168,290,315,131,118,20,5
6447,GOLGA6L1,96,58,27,15,47,31,7,4,322,179,233,288,303,49,27,20,11
13715,RASSF9,148,115,23,3,36,17,3,1,322,138,190,296,318,112,98,20,2
5726,FHL1,76,61,26,17,58,32,6,2,322,188,229,290,303,18,29,20,15
7339,HSP90AB1,183,130,21,11,22,5,1,1,322,117,187,300,310,161,125,20,10
13904,RFPL1,83,66,20,9,26,19,0,0,322,213,237,302,313,57,47,20,9
11868,PAGE2,44,42,38,26,25,21,18,11,322,253,259,266,285,19,21,20,15
5624,FCGR1B,86,62,23,11,30,16,3,2,322,206,244,296,309,56,46,20,9
3120,CILP2,144,102,24,6,42,25,4,0,322,136,195,294,316,102,77,20,6
3853,CXCL11,79,64,22,10,33,24,2,0,322,210,234,298,312,46,40,20,10
8455,KLF2,119,92,31,10,82,52,11,3,322,121,178,280,309,37,40,20,7
2184,CAPN11,69,54,27,13,35,25,7,2,322,218,243,288,307,34,29,20,11
8520,KLK5,61,46,22,11,20,11,2,0,322,241,265,298,311,41,35,20,11
5745,FITM1,142,103,25,6,51,39,5,1,322,129,180,292,315,91,64,20,5
12548,PLCG2,116,89,21,14,49,23,1,1,322,157,210,300,307,67,66,20,13
8663,KRTAP19-5,42,38,32,6,16,13,12,1,322,264,271,278,315,26,25,20,5
525,AKR7A3,103,82,31,20,97,61,11,3,322,122,179,280,299,6,21,20,17
9190,LRRN4CL,151,113,21,0,29,16,1,0,322,142,193,300,322,122,97,20,0
1488,BCL6,153,114,26,7,39,26,6,1,322,130,182,290,314,114,88,20,6
18332,UNC13D,96,73,27,16,73,33,7,3,322,153,216,288,303,23,40,20,13
5186,EVPL,96,75,35,16,63,39,15,3,322,163,208,272,303,33,36,20,13
14210,RPA4,135,107,28,4,64,48,8,2,322,123,167,286,316,71,59,20,2
7841,IL4,59,53,36,15,21,19,16,1,322,242,250,270,306,38,34,20,14
5118,ERO1B,92,63,24,5,57,31,4,0,322,173,228,294,317,35,32,20,5
5393,FAM214A,108,66,24,5,71,41,4,0,322,143,215,294,317,37,25,20,5
15728,SOBP,95,65,22,7,54,22,2,2,322,173,235,298,313,41,43,20,5
7054,HES5,69,54,25,14,38,30,5,1,322,215,238,292,307,31,24,20,13
7375,HTN3,107,75,25,14,55,33,5,1,322,160,214,292,307,52,42,20,13
6609,GPR83,146,101,20,6,28,11,0,0,322,148,210,302,316,118,90,20,6
8315,KDM2A,134,75,23,10,13,7,3,0,322,175,240,296,312,121,68,20,10
14950,SH3BGR,111,87,38,21,55,42,18,7,322,156,193,266,294,56,45,20,14
13562,RAB4B,90,69,24,9,68,34,4,3,322,164,219,294,310,22,35,20,6
6281,GIPC2,115,79,20,7,25,10,0,0,322,182,233,302,315,90,69,20,7
1477,BCL2A1,96,84,33,11,46,38,13,2,322,180,200,276,309,50,46,20,9
8339,KHDC1L,102,83,38,22,51,43,18,4,322,169,196,266,296,51,40,20,18
16490,TAGLN3,88,73,30,16,55,43,10,3,322,179,206,282,303,33,30,20,13
4566,DRC7,105,84,27,9,46,34,7,1,322,171,204,288,312,59,50,20,8
8341,KHDC4,161,103,21,2,38,22,1,1,322,123,197,300,319,123,81,20,1
14663,SCYGR4,130,92,21,6,37,17,1,0,322,155,213,300,316,93,75,20,6
16249,STX11,146,100,19,2,33,17,0,0,322,143,205,303,320,113,83,19,2
4358,DLL3,113,74,26,8,51,26,7,4,322,158,222,289,310,62,48,19,4
7309,HSD17B1,102,64,24,9,55,29,5,1,322,165,229,293,312,47,35,19,8
9293,LYVE1,74,62,23,14,28,21,4,1,322,220,239,295,307,46,41,19,13
6582,GPR25,71,66,21,4,7,7,2,0,322,244,249,299,318,64,59,19,4
4394,DNAAF1,107,83,43,14,80,55,24,8,322,135,184,255,300,27,28,19,6
10454,NACA2,89,71,23,10,44,37,4,1,322,189,214,295,311,45,34,19,9
14296,RPS10-NUDT3,78,49,19,11,36,15,0,0,322,208,258,303,311,42,34,19,11
2931,CFAP43,126,96,21,1,64,34,2,0,322,132,192,299,321,62,62,19,1
9220,LST1,90,80,50,34,69,61,31,12,322,163,181,241,276,21,19,19,22
3145,CKMT2,83,66,26,9,33,20,7,6,322,206,236,289,307,50,46,19,3
9256,LY6G6F-LY6G6D,60,52,23,8,37,28,4,2,322,225,242,295,312,23,24,19,6
9160,LRRC66,134,103,20,2,27,16,1,0,322,161,203,301,320,107,87,19,2
18818,XCL2,36,35,26,8,21,20,7,2,322,265,267,289,312,15,15,19,6
16366,SYN1,108,83,27,13,75,53,8,3,322,139,186,287,306,33,30,19,10
2045,C9orf131,135,88,43,25,48,37,24,11,322,139,197,255,286,87,51,19,14
3063,CHRNA10,134,86,23,8,39,23,4,1,322,149,213,295,313,95,63,19,7
14730,SECISBP2,91,64,20,3,35,27,1,0,322,196,231,301,319,56,37,19,3
17154,TMEM190,68,62,37,18,62,49,18,7,322,192,211,267,297,6,13,19,11
2610,CD4,86,67,27,11,54,41,8,3,322,182,214,287,308,32,26,19,8
18,AANAT,112,85,31,6,58,43,12,1,322,152,194,279,315,54,42,19,5
8241,KCNJ18,84,63,20,8,25,17,1,0,322,213,242,301,314,59,46,19,8
15730,SOCS2,119,81,21,6,58,37,2,1,322,145,204,299,315,61,44,19,5
13051,PREX1,61,37,27,15,72,43,8,5,322,189,242,287,302,-11,-6,19,10
8148,JUNB,124,78,25,6,62,35,6,2,322,136,209,291,314,62,43,19,4
1804,C16orf46,108,78,37,12,71,50,18,7,322,143,194,267,303,37,28,19,5
18085,TUBB4A,113,79,28,13,76,47,9,3,322,133,196,285,306,37,32,19,10
9890,MMP13,129,99,22,3,52,28,3,0,322,141,195,297,319,77,71,19,3
655,ANG,86,70,29,22,96,56,10,4,322,140,196,283,296,-10,14,19,18
853,APOA1,97,81,27,8,50,39,8,5,322,175,202,287,309,47,42,19,3
19068,ZFPL1,74,59,25,15,55,25,6,3,322,193,238,291,304,19,34,19,12
357,ADHFE1,111,84,27,6,75,47,8,3,322,136,191,287,313,36,37,19,3
17850,TRIM74,98,83,32,19,65,54,13,2,322,159,185,277,301,33,29,19,17
3241,CLK4,170,111,23,7,44,27,4,0,322,108,184,295,315,126,84,19,7
5057,EPPK1,113,65,19,2,20,9,0,0,322,189,248,303,320,93,56,19,2
8515,KLK14,114,88,22,5,50,26,3,1,322,158,208,297,316,64,62,19,4
13033,PRDM6,119,90,22,3,40,25,3,0,322,163,207,297,319,79,65,19,3
11831,P4HA2,139,96,20,7,27,13,1,0,322,156,213,301,315,112,83,19,7
8457,KLF4,114,71,21,2,47,13,2,0,322,161,238,299,320,67,58,19,2
15778,SOX8,88,68,20,4,37,18,1,0,322,197,236,301,318,51,50,19,4
17656,TRAV5,25,23,23,16,4,4,4,2,322,293,295,295,304,21,19,19,14
7453,IER5L,144,96,23,12,37,22,4,4,322,141,204,295,306,107,74,19,8
8358,KIAA0895,147,100,21,6,38,16,2,0,322,137,206,299,316,109,84,19,6
10979,NPIPB8,120,97,48,23,75,57,29,18,322,127,168,245,281,45,40,19,5
8404,KIF27,153,103,19,4,34,14,0,0,322,135,205,303,318,119,89,19,4
19664,ZSCAN10,113,89,26,12,57,38,7,3,322,152,195,289,307,56,51,19,9
11810,P2RX5,99,72,23,6,45,24,4,0,322,178,226,295,316,54,48,19,6
13317,PSORS1C2,114,104,30,14,35,26,11,3,322,173,192,281,305,79,78,19,11
2764,CDKN2B,126,83,25,7,36,16,6,3,322,160,223,291,312,90,67,19,4
11788,OVCH1,62,46,24,6,28,18,5,0,322,232,258,293,316,34,28,19,6
2258,CATSPERB,66,55,38,14,59,45,19,6,322,197,222,265,302,7,10,19,8
11427,OR2AE1,92,79,28,10,45,40,9,0,322,185,203,285,312,47,39,19,10
18177,UBAP1L,134,97,27,7,62,41,8,0,322,126,184,287,315,72,56,19,7
18422,USP17L7,85,69,23,10,24,15,4,1,322,213,238,295,311,61,54,19,9
2208,CARD11,74,55,21,3,15,9,2,0,322,233,258,299,319,59,46,19,3
15553,SMCO2,107,88,24,4,65,42,5,1,322,150,192,293,317,42,46,19,3
12157,PDIA2,99,73,27,6,55,40,8,3,322,168,209,287,313,44,33,19,3
18374,UQCRHL,95,56,19,5,43,20,0,0,322,184,246,303,317,52,36,19,5
11280,OLFM1,73,59,25,9,50,30,6,1,322,199,233,291,312,23,29,19,8
4796,EFNB3,102,64,20,5,48,25,1,0,322,172,233,301,317,54,39,19,5
14087,RND2,111,73,20,8,40,16,1,0,322,171,233,301,314,71,57,19,8
4058,DCDC2B,105,88,24,12,51,35,5,0,322,166,199,293,310,54,53,19,12
15824,SPANXN5,73,63,27,11,30,25,8,2,322,219,234,287,309,43,38,19,9
7122,HLA-DMB,81,67,25,7,71,55,6,0,322,170,200,291,315,10,12,19,7
3721,CST1,57,47,25,6,22,18,6,2,322,243,257,291,314,35,29,19,4
7672,IGKV2-40,24,23,22,19,3,3,3,3,322,295,296,297,300,21,20,19,16
11746,OSCP1,104,71,27,7,85,43,8,2,322,133,208,287,313,19,28,19,5
13916,RFX3,134,81,24,10,43,23,5,2,322,145,218,293,310,91,58,19,8
5548,FBN2,60,37,19,9,46,19,1,0,322,216,266,302,313,14,18,18,9
11772,OTP,129,83,18,2,24,8,0,0,322,169,231,304,320,105,75,18,2
12944,PPP2CB,142,86,21,8,31,15,3,1,322,149,221,298,313,111,71,18,7
7568,IGHG1,75,67,19,7,28,20,1,0,322,219,235,302,315,47,47,18,7
14088,RND3,126,77,23,8,43,33,5,0,322,153,212,294,314,83,44,18,8
4280,DHRS3,106,78,23,11,80,46,5,1,322,136,198,294,310,26,32,18,10
4873,EIF4EBP3,112,84,41,30,79,48,23,17,322,131,190,258,275,33,36,18,13
8071,ITIH3,97,63,19,3,25,12,1,1,322,200,247,302,318,72,51,18,2
5688,FGF11,135,95,22,6,45,25,4,1,322,142,202,296,315,90,70,18,5
1608,BNIP5,102,65,18,6,19,10,0,0,322,201,247,304,316,83,55,18,6
12543,PLCD1,88,55,19,6,64,36,1,1,322,170,231,302,315,24,19,18,5
2673,CDC42EP2,100,77,30,23,80,48,12,6,322,142,197,280,293,20,29,18,17
1620,BOLL,99,77,21,8,45,35,3,1,322,178,210,298,313,54,42,18,7
9454,MAP6,76,54,18,12,47,24,0,0,322,199,244,304,310,29,30,18,12
19078,ZFYVE21,66,41,18,9,69,26,0,0,322,187,255,304,313,-3,15,18,9
16373,SYNE1,116,77,19,6,42,18,1,1,322,164,227,302,315,74,59,18,5
18171,UBA7,114,82,22,3,67,35,4,1,322,141,205,296,318,47,47,18,2
7811,IL20,76,72,21,7,23,19,3,0,322,223,231,298,315,53,53,18,7
14397,RSRP1,144,96,21,10,48,36,3,1,322,130,190,298,311,96,60,18,9
16354,SYCE2,116,90,24,9,75,48,6,1,322,131,184,292,312,41,42,18,8
6664,GRIA3,77,60,20,10,41,27,2,1,322,204,235,300,311,36,33,18,9
4967,EN2,81,53,18,5,20,8,0,0,322,221,261,304,317,61,45,18,5
13560,RAB44,83,58,18,5,19,9,0,0,322,220,255,304,317,64,49,18,5
7909,INPP5J,80,56,26,10,73,37,8,1,322,169,229,288,311,7,19,18,9
15175,SLC22A14,115,84,21,2,63,37,3,0,322,144,201,298,320,52,47,18,2
15741,SOHLH1,94,75,21,9,17,15,3,1,322,211,232,298,312,77,60,18,8
13672,RAPSN,114,88,26,4,73,48,8,3,322,135,186,288,315,41,40,18,1
4075,DCST2,105,66,24,9,69,41,6,2,322,148,215,292,311,36,25,18,7
18084,TUBB3,79,53,21,15,62,30,3,1,322,181,239,298,306,17,23,18,14
13533,RAB30,146,103,21,6,31,19,3,2,322,145,200,298,314,115,84,18,4
13182,PRR35,92,53,19,12,35,9,1,0,322,195,260,302,310,57,44,18,12
13880,RETN,30,29,23,13,9,8,5,2,322,283,285,294,307,21,21,18,11
16873,THAP9,90,63,24,13,57,30,6,2,322,175,229,292,307,33,33,18,11
18641,VWA5B2,110,64,18,11,32,19,0,0,322,180,239,304,311,78,45,18,11
13515,RAB17,94,74,29,17,47,31,11,4,322,181,217,282,301,47,43,18,13
9323,MADCAM1,113,78,20,6,46,28,2,1,322,163,216,300,315,67,50,18,5
15520,SMAD1,95,73,22,7,70,36,4,3,322,157,213,296,312,25,37,18,4
973,ARHGDIG,66,49,22,6,51,34,4,0,322,205,239,296,316,15,15,18,6
1536,BHLHA9,74,62,20,5,29,22,2,1,322,219,238,300,316,45,40,18,4
9583,MCL1,157,119,19,8,27,14,1,0,322,138,189,302,314,130,105,18,8
8489,KLHL26,90,64,21,3,72,36,3,1,322,160,222,298,318,18,28,18,2
13362,PTGS2,114,93,27,7,48,36,9,4,322,160,193,286,311,66,57,18,3
10645,NECAB2,100,76,25,10,65,33,7,1,322,157,213,290,311,35,43,18,9
10875,NNAT,82,74,34,10,54,44,16,6,322,186,204,272,306,28,30,18,4
13436,PURG,126,96,23,7,56,31,5,1,322,140,195,294,314,70,65,18,6
3315,CNIH2,95,67,29,15,93,58,11,0,322,134,197,282,307,2,9,18,15
10254,MTRNR2L1,138,102,21,8,45,25,3,3,322,139,195,298,311,93,77,18,5
17179,TMEM217,148,114,30,10,74,47,12,5,322,100,161,280,307,74,67,18,5
5988,FZD1,93,60,19,2,35,9,1,0,322,194,253,302,320,58,51,18,2
870,APOC2,101,81,25,9,54,32,7,3,322,167,209,290,310,47,49,18,6
13979,RHEBL1,106,73,24,9,64,36,6,2,322,152,213,292,311,42,37,18,7
5104,ERICH4,86,78,22,5,34,28,4,2,322,202,216,296,315,52,50,18,3
8760,LAMA5,92,62,23,9,66,32,5,2,322,164,228,294,311,26,30,18,7
17400,TNNI2,59,46,22,10,17,12,4,1,322,246,264,296,311,42,34,18,9
1916,C1S,90,65,18,6,68,36,0,0,322,164,221,304,316,22,29,18,6
351,ADH1B,120,70,19,5,42,17,1,0,322,160,235,302,317,78,53,18,5
10168,MSX1,161,115,21,2,31,14,3,1,322,130,193,298,319,130,101,18,1
12917,PPP1R18,138,71,19,8,41,28,1,1,322,143,223,302,313,97,43,18,7
16222,STON1-GTF2A1L,86,55,19,7,29,20,1,0,322,207,247,302,315,57,35,18,7
2419,CCDC62,134,93,19,4,37,16,1,0,322,151,213,302,318,97,77,18,4
10710,NEXN,100,64,21,5,34,17,3,0,322,188,241,298,317,66,47,18,5
2492,CCN1,86,52,25,9,118,85,7,4,322,118,185,290,309,-32,-33,18,5
12089,PCSK1N,54,38,23,15,40,22,5,1,322,228,262,294,306,14,16,18,14
11948,PARVG,86,65,29,11,39,29,11,7,322,197,228,282,304,47,36,18,4
9055,LPAR5,92,65,23,8,70,40,5,0,322,160,217,294,314,22,25,18,8
741,ANKRD60,51,46,19,2,21,14,1,0,322,250,262,302,320,30,32,18,2
2699,CDH16,70,48,19,8,20,12,1,0,322,232,262,302,314,50,36,18,8
9264,LY96,92,75,40,19,62,47,22,11,322,168,200,260,292,30,28,18,8
12270,PGAM2,97,82,36,9,51,44,18,12,322,174,196,268,301,46,38,18,-3
13426,PTTG2,88,76,26,7,47,42,8,4,322,187,204,288,311,41,34,18,3
5836,FOXA3,121,84,22,5,35,15,4,0,322,166,223,296,317,86,69,18,5
2398,CCDC28B,117,81,25,12,48,29,7,5,322,157,212,290,305,69,52,18,7
3583,CRABP2,114,76,25,11,54,35,7,1,322,154,211,290,310,60,41,18,10
9666,MEF2B,121,93,35,14,62,42,17,7,322,139,187,270,301,59,51,18,7
14921,SGK1,131,70,21,5,77,37,3,0,322,114,215,298,317,54,33,18,5
15526,SMAD7,147,107,19,7,51,32,1,1,322,124,183,302,314,96,75,18,6
13622,RAET1L,96,76,19,4,31,21,1,0,322,195,225,302,318,65,55,18,4
9001,LLGL2,85,64,25,7,74,38,7,5,322,163,220,290,310,11,26,18,2
15919,SPINDOC,164,111,22,8,23,14,4,1,322,135,197,296,313,141,97,18,7
16541,TAS2R8,68,61,22,12,31,24,4,1,322,223,237,296,309,37,37,18,11
5139,ESPNL,99,76,29,11,69,45,11,0,322,154,201,282,311,30,31,18,11
17255,TMEM47,74,54,20,6,67,30,2,1,322,181,238,300,315,7,24,18,5
16616,TBPL2,129,97,26,7,45,22,9,3,322,148,203,287,312,84,75,17,4
9756,MFSD2B,113,79,23,7,38,27,6,3,322,171,216,293,312,75,52,17,4
13091,PRKD1,96,65,20,3,42,24,3,0,322,184,233,299,319,54,41,17,3
10233,MTMR11,121,72,17,1,35,17,0,0,322,166,233,305,321,86,55,17,1
16770,TEX12,112,99,39,11,54,47,22,9,322,156,176,261,302,58,52,17,2
10147,MSI1,78,49,20,8,66,34,3,1,322,178,239,299,313,12,15,17,7
16651,TCEAL7,91,72,21,14,48,29,4,2,322,183,221,297,306,43,43,17,12
6220,GFM2,132,86,19,2,24,17,2,1,322,166,219,301,319,108,69,17,1
10259,MTRNR2L3,131,97,31,14,63,48,14,7,322,128,177,277,301,68,49,17,7
3989,DACT1,126,85,19,3,42,22,2,0,322,154,215,301,319,84,63,17,3
2390,CCDC198,108,71,23,9,51,33,6,0,322,163,218,293,313,57,38,17,9
18923,ZBP1,110,77,24,7,70,35,7,1,322,142,210,291,314,40,42,17,6
5432,FAM25C,45,40,37,35,24,22,20,19,322,253,260,265,268,21,18,17,16
10260,MTRNR2L4,125,80,20,10,46,22,3,1,322,151,220,299,311,79,58,17,9
19365,ZNF512,69,41,17,6,31,20,0,0,322,222,261,305,316,38,21,17,6
7240,HOXC10,116,82,19,4,40,26,2,1,322,166,214,301,317,76,56,17,3
16893,THOC6,141,106,23,6,37,22,6,3,322,144,194,293,313,104,84,17,3
8101,IZUMO1,103,80,25,5,59,42,8,3,322,160,200,289,314,44,38,17,2
2565,CD164L2,80,62,22,8,36,21,5,0,322,206,239,295,314,44,41,17,8
13479,PYY,101,87,27,11,71,55,10,2,322,150,180,285,309,30,32,17,9
15822,SPANXN3,63,52,28,14,32,26,11,7,322,227,244,283,301,31,26,17,7
12225,PERM1,85,63,19,2,50,31,2,0,322,187,228,301,320,35,32,17,2
2479,CCL25,82,72,23,7,28,24,6,0,322,212,226,293,315,54,48,17,7
5924,FRZB,112,77,17,2,53,28,0,0,322,157,217,305,320,59,49,17,2
2561,CD160,88,61,22,11,52,30,5,4,322,182,231,295,307,36,31,17,7
12616,PLOD1,111,67,19,9,35,15,2,1,322,176,240,301,312,76,52,17,8
5322,FAM149A,100,78,29,12,67,51,12,3,322,155,193,281,307,33,27,17,9
17838,TRIM64,39,31,17,10,13,10,0,0,322,270,281,305,312,26,21,17,10
17807,TRIM40,59,45,17,10,20,10,0,0,322,243,267,305,312,39,35,17,10
3610,CRELD1,127,87,21,10,43,24,4,0,322,152,211,297,312,84,63,17,10
793,AOC2,147,95,19,8,33,14,2,1,322,142,213,301,313,114,81,17,7
17783,TRIM16,123,93,19,6,29,15,2,0,322,170,214,301,316,94,78,17,6
17727,TRBV7-3,70,64,41,12,36,31,24,9,322,216,227,257,301,34,33,17,3
3620,CRIP3,73,59,28,8,66,51,11,4,322,183,212,283,310,7,8,17,4
13170,PRR20G,86,77,19,3,21,17,2,0,322,215,228,301,319,65,60,17,3
12868,PPIAL4H,70,62,43,19,45,43,26,8,322,207,217,253,295,25,19,17,11
5973,FXR1,120,75,20,3,38,17,3,1,322,164,230,299,318,82,58,17,2
3654,CRYBA2,81,70,29,11,32,28,12,5,322,209,224,281,306,49,42,17,6
8536,KLRG1,155,101,20,7,37,23,3,0,322,130,198,299,315,118,78,17,7
14844,SERPINF2,129,90,19,3,36,22,2,0,322,157,210,301,319,93,68,17,3
14843,SERPINF1,100,75,22,10,56,35,5,2,322,166,212,295,310,44,40,17,8
3534,CPEB2,150,104,19,7,44,29,2,0,322,128,189,301,315,106,75,17,7
8066,ITGB7,102,76,23,9,65,32,6,2,322,155,214,293,311,37,44,17,7
17478,TP63,102,72,29,11,61,38,12,6,322,159,212,281,305,41,34,17,5
14443,RUNX1T1,130,89,22,7,53,33,5,2,322,139,200,295,313,77,56,17,5
15497,SLFNL1,145,99,26,4,47,26,9,5,322,130,197,287,313,98,73,17,-1
15510,SLN,100,82,35,7,36,32,18,4,322,186,208,269,311,64,50,17,3
12124,PDE1C,96,54,21,6,43,28,4,0,322,183,240,297,316,53,26,17,6
7136,HLA-G,118,84,23,10,41,26,6,1,322,163,212,293,311,77,58,17,9
11924,PARD6B,175,108,17,6,31,16,0,0,322,116,198,305,316,144,92,17,6
11907,PAPOLA,91,51,18,7,32,11,1,0,322,199,260,303,315,59,40,17,7
7119,HLA-B,72,49,20,8,64,34,3,0,322,186,239,299,314,8,15,17,8
7449,IER2,135,96,25,9,56,30,8,2,322,131,196,289,311,79,66,17,7
11805,OXTR,118,91,19,4,45,21,2,0,322,159,210,301,318,73,70,17,4
12741,POLG2,116,66,20,3,33,17,3,0,322,173,239,299,319,83,49,17,3
5255,FAAH,106,71,21,7,55,27,4,1,322,161,224,297,314,51,44,17,6
15664,SNORC,102,83,44,25,87,64,27,11,322,133,175,251,286,15,19,17,14
5022,EPB42,85,56,22,7,16,14,5,1,322,221,252,295,314,69,42,17,6
11739,OSBPL3,98,69,21,4,28,14,4,0,322,196,239,297,318,70,55,17,4
18199,UBE2H,144,96,18,8,34,15,1,0,322,144,211,303,314,110,81,17,8
13588,RABL2A,105,70,20,8,72,39,3,1,322,145,213,299,313,33,31,17,7
18186,UBE2B,119,75,19,10,40,21,2,2,322,163,226,301,310,79,54,17,8
7910,INPP5K,86,61,19,11,51,23,2,2,322,185,238,301,309,35,38,17,9
7919,INSL5,56,53,23,9,18,16,6,0,322,248,253,293,313,38,37,17,9
15400,SLC4A5,105,70,22,8,63,36,5,1,322,154,216,295,313,42,34,17,7
12172,PDLIM5,64,37,18,5,46,19,1,0,322,212,266,303,317,18,18,17,5
13534,RAB31,70,47,21,14,70,41,4,0,322,182,234,297,308,0,6,17,14
13525,RAB25,135,118,30,9,46,35,13,6,322,141,169,279,307,89,83,17,3
3658,CRYBB3,84,70,25,8,32,24,8,0,322,206,228,289,314,52,46,17,8
15956,SPR,152,94,20,7,24,15,3,0,322,146,213,299,315,128,79,17,7
17281,TMEM79,176,123,20,9,36,22,3,0,322,110,177,299,313,140,101,17,9
10500,NAT8,74,72,20,8,18,18,3,1,322,230,232,299,313,56,54,17,7
8996,LIX1,83,54,18,10,37,14,1,0,322,202,254,303,312,46,40,17,10
12575,PLEKHB1,88,56,22,13,54,25,5,2,322,180,241,295,307,34,31,17,11
15209,SLC25A17,71,51,21,9,52,28,4,1,322,199,243,297,312,19,23,17,8
6864,H2BC17,80,59,26,13,80,49,9,3,322,162,214,287,306,0,10,17,10
1440,BAZ2A,94,53,18,8,38,15,1,0,322,190,254,303,314,56,38,17,8
3796,CTRB1,93,76,25,8,51,37,8,2,322,178,209,289,312,42,39,17,6
9030,LMTK3,98,66,23,10,71,36,6,1,322,153,220,293,311,27,30,17,9
18821,XG,90,68,21,6,48,35,4,0,322,184,219,297,316,42,33,17,6
2041,C8orf88,88,61,21,5,68,32,4,1,322,166,229,297,316,20,29,17,4
19399,ZNF557,125,63,18,4,35,18,1,0,322,162,241,303,318,90,45,17,4
2794,CEACAM16,88,71,20,4,22,15,3,0,322,212,236,299,318,66,56,17,4
4403,DNAH12,109,79,22,4,46,26,5,2,322,167,217,295,316,63,53,17,2
6258,GHRL,104,94,49,27,101,90,32,17,322,117,138,241,278,3,4,17,10
3840,CUZD1,117,96,59,39,79,64,42,23,322,126,162,221,260,38,32,17,16
9166,LRRC73,105,78,26,9,68,44,9,4,322,149,200,287,309,37,34,17,5
16236,STRC,106,78,17,2,45,20,0,0,322,171,224,305,320,61,58,17,2
6272,GIMD1,76,66,19,4,21,16,2,1,322,225,240,301,317,55,50,17,3
9183,LRRIQ4,106,77,18,3,51,26,1,1,322,165,219,303,318,55,51,17,2
14045,RIPPLY1,76,68,24,8,29,24,7,2,322,217,230,291,312,47,44,17,6
10447,NAALADL1,102,78,38,13,62,46,21,10,322,158,198,263,299,40,32,17,3
6787,GTSF1L,35,32,20,13,20,16,3,1,322,267,274,299,308,15,16,17,12
894,AQP1,117,81,18,7,52,35,1,0,322,153,206,303,315,65,46,17,7
9418,MAP1LC3B2,126,84,33,12,50,38,16,4,322,146,200,273,306,76,46,17,8
2351,CCDC154,112,83,23,8,69,44,6,2,322,141,195,293,312,43,39,17,6
877,APOH,107,84,28,8,57,46,11,3,322,158,192,283,311,50,38,17,5
14655,SCTR,93,73,26,8,46,37,9,1,322,183,212,287,313,47,36,17,7
16981,TLE1,98,61,21,11,50,24,4,1,322,174,237,297,310,48,37,17,10
14840,SERPINE1,74,54,25,13,74,48,8,6,322,174,220,289,303,0,6,17,7
8870,LEFTY2,97,64,19,5,56,34,2,0,322,169,224,301,317,41,30,17,5
16984,TLE4,108,68,18,6,72,31,1,0,322,142,223,303,316,36,37,17,6
5342,FAM166A,89,79,35,9,65,55,18,8,322,168,188,269,305,24,24,17,1
895,AQP10,76,55,19,7,35,14,2,0,322,211,253,301,315,41,41,17,7
14149,RNF216,87,44,17,5,30,12,1,0,322,205,266,304,317,57,32,16,5
19550,ZNF737,105,72,19,7,46,31,3,1,322,171,219,300,314,59,41,16,6
1355,AXDND1,113,84,33,12,79,61,17,5,322,130,177,272,305,34,23,16,7
11287,OLFML3,88,57,17,5,55,33,1,0,322,179,232,304,317,33,24,16,5
15417,SLC5A5,121,81,19,9,46,21,3,0,322,155,220,300,313,75,60,16,9
12638,PLSCR2,118,94,19,5,41,25,3,2,322,163,203,300,315,77,69,16,3
15715,SNX3,156,104,19,8,16,10,3,1,322,150,208,300,313,140,94,16,7
16293,SULT1A4,133,112,52,35,95,72,36,26,322,94,138,234,261,38,40,16,9
1886,C1orf52,123,75,17,6,34,18,1,0,322,165,229,304,316,89,57,16,6
19624,ZNF852,110,68,18,7,57,27,2,0,322,155,227,302,315,53,41,16,7
15047,SIL1,76,51,19,7,71,47,3,0,322,175,224,300,315,5,4,16,7
12137,PDE6D,72,48,19,11,83,42,3,2,322,167,232,300,309,-11,6,16,9
15160,SLC19A3,116,79,22,8,56,34,6,2,322,150,209,294,312,60,45,16,6
2043,C9,76,53,17,8,31,16,1,0,322,215,253,304,314,45,37,16,8
42,ABCB1,80,52,18,4,41,17,2,0,322,201,253,302,318,39,35,16,4
1787,C12orf73,76,52,16,8,45,21,0,0,322,201,249,306,314,31,31,16,8
12705,PNPLA7,107,73,17,3,47,27,1,0,322,168,222,304,319,60,46,16,3
1835,C18orf25,145,89,17,5,36,14,1,0,322,141,219,304,317,109,75,16,5
15121,SLC13A3,102,73,25,7,60,31,9,2,322,160,218,288,313,42,42,16,5
5920,FRS2,153,104,16,5,27,15,0,0,322,142,203,306,317,126,89,16,5
11211,NXNL1,55,52,16,3,22,17,0,0,322,245,253,306,319,33,35,16,3
3667,CRYGS,140,109,30,12,59,42,14,3,322,123,171,278,307,81,67,16,9
15277,SLC2A14,117,87,28,11,70,46,12,3,322,135,189,282,308,47,41,16,8
3204,CLEC1A,89,74,34,20,64,42,18,5,322,169,206,270,297,25,32,16,15
5976,FXYD2,50,40,28,12,26,19,12,1,322,246,263,282,309,24,21,16,11
16118,ST3GAL6,107,72,20,3,59,33,4,1,322,156,217,298,318,48,39,16,2
10925,NOTCH3,99,67,26,10,86,54,10,0,322,137,201,286,312,13,13,16,10
6091,GALR2,121,90,21,7,57,42,5,1,322,144,190,296,314,64,48,16,6
10942,NPAS4,124,90,23,8,44,34,7,2,322,154,198,292,312,80,56,16,6
2027,C7orf50,76,64,21,8,65,32,5,2,322,181,226,296,312,11,32,16,6
2942,CFAP65,86,60,19,3,50,33,3,1,322,186,229,300,318,36,27,16,2
10166,MSTN,105,70,17,9,30,11,1,0,322,187,241,304,313,75,59,16,9
10657,NEDD8-MDP1,96,81,62,49,82,73,46,33,322,144,168,214,240,14,8,16,16
3603,CREB5,93,69,18,8,59,26,2,0,322,170,227,302,314,34,43,16,8
11,AADACL3,49,36,16,13,6,2,0,0,322,267,284,306,309,43,34,16,13
16148,STAP2,95,68,22,12,50,31,6,3,322,177,223,294,307,45,37,16,9
11012,NR0B2,84,78,19,7,33,25,3,0,322,205,219,300,315,51,53,16,7
3995,DAGLB,84,43,18,7,28,11,2,1,322,210,268,302,314,56,32,16,6
10109,MRPS6,128,85,18,7,36,20,2,2,322,158,217,302,313,92,65,16,5
14807,SERHL2,120,85,25,14,63,38,9,2,322,139,199,288,306,57,47,16,12
15883,SPDYE2,101,86,34,16,62,49,18,9,322,159,187,270,297,39,37,16,7
2977,CGB5,79,63,30,18,48,41,14,8,322,195,218,278,296,31,22,16,10
15282,SLC2A5,122,76,21,4,34,16,5,0,322,166,230,296,318,88,60,16,4
11160,NUDT9,169,106,19,3,27,17,3,0,322,126,199,300,319,142,89,16,3
11198,NUTM2B,127,94,28,15,65,49,12,2,322,130,179,282,305,62,45,16,13
15043,SIK1B,83,51,28,12,57,31,12,7,322,182,240,282,303,26,20,16,5
10845,NLRP7,57,43,18,4,20,13,2,0,322,245,266,302,318,37,30,16,4
2127,CALB1,87,53,20,5,50,19,4,2,322,185,250,298,315,37,34,16,3
4794,EFNB1,137,83,19,10,37,22,3,1,322,148,217,300,311,100,61,16,9
1107,AS3MT,80,58,27,18,41,24,11,6,322,201,240,284,298,39,34,16,12
8579,KRT13,55,42,19,7,47,31,3,2,322,220,249,300,313,8,11,16,5
17500,TPP1,116,73,16,7,28,14,0,0,322,178,235,306,315,88,59,16,7
7081,HHLA2,123,90,23,7,43,28,7,1,322,156,204,292,314,80,62,16,6
16866,THAP2,163,123,20,6,40,25,4,0,322,119,174,298,316,123,98,16,6
2473,CCL2,105,84,39,14,60,49,23,8,322,157,189,260,300,45,35,16,6
147,ACER2,102,65,17,3,58,28,1,0,322,162,229,304,319,44,37,16,3
17810,TRIM43,76,68,23,4,24,20,7,2,322,222,234,292,316,52,48,16,2
9493,MARCHF5,81,53,16,4,25,13,0,0,322,216,256,306,318,56,40,16,4
18542,VGF,115,81,26,8,48,28,10,3,322,159,213,286,311,67,53,16,5
5455,FAM71E1,81,56,25,6,74,58,9,0,322,167,208,288,316,7,-2,16,6
6789,GUCA1ANB,42,39,23,4,25,25,7,1,322,255,258,292,317,17,14,16,3
6403,GNB1L,77,58,19,3,51,25,3,1,322,194,239,300,318,26,33,16,2
6774,GTF3C3,120,69,17,4,33,17,1,0,322,169,236,304,318,87,52,16,4
9567,MC5R,89,75,18,6,35,26,2,0,322,198,221,302,316,54,49,16,6
2204,CAPZA2,68,42,22,10,76,49,6,0,322,178,231,294,312,-8,-7,16,10
720,ANKRD34B,66,48,19,6,42,31,3,0,322,214,243,300,316,24,17,16,6
185,ACSBG2,78,57,24,14,39,29,8,6,322,205,236,290,302,39,28,16,8
394,AEBP1,93,64,23,12,57,36,7,1,322,172,222,292,309,36,28,16,11
391,ADSS1,109,87,24,5,67,39,8,3,322,146,196,290,314,42,48,16,2
7918,INSL4,82,56,17,1,41,24,1,0,322,199,242,304,321,41,32,16,1
4582,DSCAML1,55,42,19,3,23,15,3,0,322,244,265,300,319,32,27,16,3
14607,SCGB2A1,42,37,24,7,16,13,8,1,322,264,272,290,314,26,24,16,6
18705,WDR47,143,90,19,5,28,18,3,0,322,151,214,300,317,115,72,16,5
6280,GIPC1,58,38,22,15,61,32,6,3,322,203,252,294,304,-3,6,16,12
6282,GIPC3,105,73,16,2,35,19,0,0,322,182,230,306,320,70,54,16,2
19266,ZNF343,107,62,18,6,37,24,2,1,322,178,236,302,315,70,38,16,5
9223,LTB,72,63,25,8,67,50,9,2,322,183,209,288,312,5,13,16,6
979,ARHGEF15,118,88,24,13,63,40,8,0,322,141,194,290,309,55,48,16,13
6840,H2AC16,71,59,40,19,86,65,24,4,322,165,198,258,299,-15,-6,16,15
6929,HAMP,73,64,33,12,63,47,17,4,322,186,211,272,306,10,17,16,8
1044,ARMC12,92,76,24,6,66,47,8,0,322,164,199,290,316,26,29,16,6
19006,ZDBF2,58,37,18,3,60,20,2,0,322,204,265,302,319,-2,17,16,3
6631,GPT,135,102,19,2,47,26,3,0,322,140,194,300,320,88,76,16,2
908,AR,100,63,17,2,43,22,1,1,322,179,237,304,319,57,41,16,1
16999,TLR4,87,57,16,2,31,15,0,0,322,204,250,306,320,56,42,16,2
5638,FCN3,62,57,19,4,22,18,3,1,322,238,247,300,317,40,39,16,3
4563,DRAXIN,107,70,18,6,31,19,2,0,322,184,233,302,316,76,51,16,6
6836,H2AC12,106,73,41,29,93,61,25,10,322,123,188,256,283,13,12,16,19
2675,CDC42EP4,95,63,22,10,60,35,6,2,322,167,224,294,310,35,28,16,8
18874,YIPF1,119,78,17,3,28,13,1,0,322,175,231,304,319,91,65,16,3
7917,INSL3,97,75,32,14,48,47,16,3,322,177,200,274,305,49,28,16,11
2097,CACNA1H,65,37,18,8,57,30,2,0,322,200,255,302,314,8,7,16,8
624,AMIGO3,106,87,50,33,75,60,34,21,322,141,175,238,268,31,27,16,12
5484,FAM90A14P,59,50,19,5,29,26,3,0,322,234,246,300,317,30,24,16,5
2095,CACNA1F,102,77,25,5,51,37,9,3,322,169,208,288,314,51,40,16,2
7821,IL24,106,83,23,12,45,33,7,3,322,171,206,292,307,61,50,16,9
13060,PRICKLE2,109,58,16,2,49,24,0,0,322,164,240,306,320,60,34,16,2
7803,IL1R2,71,57,19,9,39,30,3,1,322,212,235,300,312,32,27,16,8
592,ALOX5AP,84,70,26,9,58,40,10,1,322,180,212,286,312,26,30,16,8
9851,MKRN2OS,97,76,30,10,64,45,14,3,322,161,201,278,309,33,31,16,7
7708,IGLV1-40,28,26,24,9,8,8,8,4,322,286,288,290,309,20,18,16,5
5033,EPHA4,89,63,23,10,78,43,7,2,322,155,216,292,310,11,20,16,8
5043,EPHX1,100,63,18,13,43,16,2,1,322,179,243,302,308,57,47,16,12
5048,EPM2AIP1,73,42,17,6,77,44,1,0,322,172,236,304,316,-4,-2,16,6
487,AK5,83,56,20,4,45,20,4,1,322,194,246,298,317,38,36,16,3
5514,FAP,86,52,24,11,63,40,8,2,322,173,230,290,309,23,12,16,9
546,ALDH3A1,58,36,17,9,49,29,1,0,322,215,257,304,313,9,7,16,9
2237,CASP4,77,60,24,11,48,26,8,3,322,197,236,290,308,29,34,16,8
598,ALPK3,92,54,16,3,44,18,0,0,322,186,250,306,319,48,36,16,3
7331,HSFX1,129,76,31,12,56,34,15,3,322,137,212,276,307,73,42,16,9
5176,EVA1A,91,53,17,4,44,31,2,1,322,187,238,303,317,47,22,15,3
4541,DPPA2,80,70,19,13,39,31,4,2,322,203,221,299,307,41,39,15,11
6950,HAUS4,81,57,21,7,38,21,6,2,322,203,244,295,313,43,36,15,5
17289,TMEM88,90,72,34,18,88,61,19,8,322,144,189,269,296,2,11,15,10
8891,LGALS1,81,60,24,16,57,36,9,5,322,184,226,289,301,24,24,15,11
2562,CD163,75,59,20,8,21,17,5,1,322,226,246,297,313,54,42,15,7
10667,NEK10,141,99,17,3,53,33,2,1,322,128,190,303,318,88,66,15,2
1817,C16orf92,39,37,24,13,15,15,9,2,322,268,270,289,307,24,22,15,11
8869,LEFTY1,93,79,19,4,47,35,4,1,322,182,208,299,317,46,44,15,3
12036,PCDHGA1,106,75,15,3,39,14,0,0,322,177,233,307,319,67,61,15,3
8854,LDHAL6A,79,50,16,7,55,28,1,0,322,188,244,305,315,24,22,15,7
206,ACTBL2,121,75,15,9,15,4,0,0,322,186,243,307,313,106,71,15,9
690,ANKRD10,126,83,17,6,30,18,2,1,322,166,221,303,315,96,65,15,5
15514,SLURP1,34,31,19,3,16,11,4,4,322,272,280,299,315,18,20,15,-1
2297,CBX4,140,86,18,5,41,26,3,1,322,141,210,301,316,99,60,15,4
8811,LCAT,69,46,20,8,103,62,5,3,322,150,214,297,311,-34,-16,15,5
11711,OR9A4,60,47,17,5,37,22,2,0,322,225,253,303,317,23,25,15,5
5873,FOXO1,111,71,15,2,46,20,0,0,322,165,231,307,320,65,51,15,2
17387,TNIP1,49,29,16,6,53,28,1,0,322,220,265,305,316,-4,1,15,6
6981,HCN2,98,61,19,3,33,17,4,2,322,191,244,299,317,65,44,15,1
12214,PELI2,92,61,18,5,50,33,3,0,322,180,228,301,317,42,28,15,5
17264,TMEM59L,99,71,23,13,71,41,8,3,322,152,210,291,306,28,30,15,10
7318,HSD17B6,142,104,18,4,56,30,3,1,322,124,188,301,317,86,74,15,3
15361,SLC39A4,93,69,21,11,58,28,6,5,322,171,225,295,306,35,41,15,6
4459,DNAJC7,105,60,17,6,35,16,2,0,322,182,246,303,316,70,44,15,6
14375,RSBN1,96,60,15,4,45,16,0,0,322,181,246,307,318,51,44,15,4
12831,POU4F3,117,82,16,2,42,28,1,0,322,163,212,305,320,75,54,15,2
7386,HTR3C,72,53,15,7,27,12,0,0,322,223,257,307,315,45,41,15,7
10490,NAPSA,114,89,23,8,70,50,8,0,322,138,183,291,314,44,39,15,8
17165,TMEM202,37,34,17,1,13,10,2,1,322,272,278,303,320,24,24,15,0
19050,ZFP3,99,71,16,3,43,17,1,0,322,180,234,305,319,56,54,15,3
10520,NBPF14,78,48,18,8,69,36,3,0,322,175,238,301,314,9,12,15,8
11783,OTULIN,126,71,16,8,31,11,1,0,322,165,240,305,314,95,60,15,8
5469,FAM83A,127,78,17,5,26,13,2,0,322,169,231,303,317,101,65,15,5
14598,SCG2,112,74,24,7,56,27,9,6,322,154,221,289,309,56,47,15,1
15073,SIX2,90,58,17,5,52,25,2,0,322,180,239,303,317,38,33,15,5
10533,NCAN,103,73,16,9,21,12,1,1,322,198,237,305,312,82,61,15,8
8006,IRGM,146,85,18,3,39,22,3,1,322,137,215,301,318,107,63,15,2
18041,TTC9B,85,73,27,6,51,42,12,2,322,186,207,283,314,34,31,15,4
2153,CALY,68,52,18,3,47,29,3,1,322,207,241,301,318,21,23,15,2
15024,SIAH2,162,112,16,7,41,25,1,0,322,119,185,305,315,121,87,15,7
8031,IST1,79,46,18,11,52,31,3,0,322,191,245,301,311,27,15,15,11
367,ADM5,105,63,18,4,79,51,3,2,322,138,208,301,316,26,12,15,2
9006,LMAN2L,158,112,18,3,29,15,3,0,322,135,195,301,319,129,97,15,3
12618,PLOD3,112,58,19,5,28,20,4,1,322,182,244,299,316,84,38,15,4
7709,IGLV1-44,17,17,17,5,5,5,2,1,322,300,300,303,316,12,12,15,4
16061,SRSF9,64,42,18,14,53,28,3,1,322,205,252,301,307,11,14,15,13
11067,NRXN2,67,52,16,10,46,28,1,0,322,209,242,305,312,21,24,15,10
12077,PCNP,63,36,18,9,58,37,3,1,322,201,249,301,312,5,-1,15,8
13705,RASL12,75,55,17,2,30,18,2,0,322,217,249,303,320,45,37,15,2
8391,KIF1A,75,49,27,16,64,42,12,5,322,183,231,283,301,11,7,15,11
13471,PYGM,98,59,17,5,66,36,2,1,322,158,227,303,316,32,23,15,4
17953,TSPAN12,122,80,20,3,53,30,5,3,322,147,212,297,316,69,50,15,0
619,AMFR,59,32,15,7,54,26,0,0,322,209,264,307,315,5,6,15,7
5906,FRMD1,124,95,19,6,36,20,4,0,322,162,207,299,316,88,75,15,6
13704,RASL11B,131,94,20,5,54,29,5,0,322,137,199,297,317,77,65,15,5
4982,ENO3,98,60,16,6,49,27,1,0,322,175,235,305,316,49,33,15,6
13666,RAPGEF3,94,65,19,6,70,35,4,0,322,158,222,299,316,24,30,15,6
15907,SPHK2,110,61,18,7,38,20,3,1,322,174,241,301,314,72,41,15,6
17649,TRAV36DV7,25,24,23,22,12,11,8,6,322,285,287,291,294,13,13,15,16
15901,SPEN,119,74,16,6,37,8,1,1,322,166,240,305,315,82,66,15,5
14120,RNF151,83,74,31,11,59,50,16,3,322,180,198,275,308,24,24,15,8
3589,CRAMP1,87,58,24,9,67,38,9,2,322,168,226,289,311,20,20,15,7
18123,TXK,109,81,23,5,54,36,8,1,322,159,205,291,316,55,45,15,4
7873,INA,65,37,17,7,30,16,2,0,322,227,269,303,315,35,21,15,7
17870,TRMT10A,110,73,17,0,50,25,2,0,322,162,224,303,322,60,48,15,0
1769,C11orf95,113,72,19,7,62,36,4,1,322,147,214,299,314,51,36,15,6
17890,TRO,67,55,20,7,64,33,5,2,322,191,234,297,313,3,22,15,5
6590,GPR35,114,76,15,5,59,41,0,0,322,149,205,307,317,55,35,15,5
12657,PMAIP1,140,92,17,2,43,23,2,0,322,139,207,303,320,97,69,15,2
14533,SAP25,100,64,20,6,65,35,5,1,322,157,223,297,315,35,29,15,5
15368,SLC3A2,147,85,17,7,36,19,2,1,322,139,218,303,314,111,66,15,6
11300,OOSP1,78,63,20,3,50,37,5,2,322,194,222,297,317,28,26,15,1
8119,JAM3,93,53,18,9,34,14,3,0,322,195,255,301,313,59,39,15,9
7013,HEATR4,103,82,28,9,57,38,13,3,322,162,202,281,310,46,44,15,6
8726,KRTCAP3,94,74,29,14,79,54,14,5,322,149,194,279,303,15,20,15,9
7041,HEPN1,50,42,15,10,17,15,0,0,322,255,265,307,312,33,27,15,10
8701,KRTAP5-1,48,41,17,5,23,18,2,0,322,251,263,303,317,25,23,15,5
2754,CDKL2,108,71,20,5,59,34,5,1,322,155,217,297,316,49,37,15,4
3066,CHRNA4,96,56,17,5,7,6,2,1,322,219,260,303,316,89,50,15,4
7969,IQCF5,23,23,18,5,4,4,3,1,322,295,295,301,316,19,19,15,4
5482,FAM90A1,133,91,18,7,66,42,3,0,322,123,189,301,315,67,49,15,7
5883,FOXR1,46,37,21,7,33,27,6,1,322,243,258,295,314,13,10,15,6
15959,SPRED3,146,106,20,5,35,19,5,1,322,141,197,297,316,111,87,15,4
1515,BEND4,70,46,20,10,26,16,5,2,322,226,260,297,310,44,30,15,8
7052,HES3,39,34,17,4,7,4,2,1,322,276,284,303,317,32,30,15,3
642,AMY2B,120,95,21,6,68,36,6,1,322,134,191,295,315,52,59,15,5
15999,SPX,124,91,25,8,64,40,10,1,322,134,191,287,313,60,51,15,7
12163,PDILT,103,74,29,14,54,38,14,7,322,165,210,279,301,49,36,15,7
14849,SERTAD1,189,126,19,6,34,21,4,1,322,99,175,299,315,155,105,15,5
8514,KLK13,102,75,23,8,45,29,8,3,322,175,218,291,311,57,46,15,5
6371,GMCL2,83,48,16,4,24,9,1,0,322,215,265,305,318,59,39,15,4
13971,RHBDL1,91,61,25,7,80,39,10,4,322,151,222,287,311,11,22,15,3
349,ADGRV1,86,54,19,14,62,31,4,1,322,174,237,299,307,24,23,15,13
15362,SLC39A5,101,71,20,3,56,35,5,4,322,165,216,297,315,45,36,15,-1
5339,FAM162B,55,46,17,6,26,18,2,0,322,241,258,303,316,29,28,15,6
12929,PPP1R36,106,90,28,11,70,52,13,1,322,146,180,281,310,36,38,15,10
5363,FAM180B,102,86,22,10,86,58,7,1,322,134,178,293,311,16,28,15,9
9830,MINPP1,132,90,15,2,29,16,0,0,322,161,216,307,320,103,74,15,2
6247,GGTA1,99,85,19,5,30,21,4,0,322,193,216,299,317,69,64,15,5
3108,CIB2,71,47,22,10,73,51,7,3,322,178,224,293,309,-2,-4,15,7
16669,TCF7L1,72,42,15,8,68,28,0,0,322,182,252,307,314,4,14,15,8
18831,XKR8,125,70,19,8,36,22,4,2,322,161,230,299,312,89,48,15,6
9746,MFNG,96,77,26,14,66,41,11,4,322,160,204,285,304,30,36,15,10
12512,PLA2G4C,117,67,19,9,48,25,4,0,322,157,230,299,313,69,42,15,9
10362,MYL7,59,53,29,12,30,27,14,3,322,233,242,279,307,29,26,15,9
14656,SCUBE1,92,62,18,9,39,19,3,1,322,191,241,301,312,53,43,15,8
10133,MSANTD1,124,89,16,3,30,16,1,0,322,168,217,305,319,94,73,15,3
2316,CCDC106,108,76,19,9,66,30,4,2,322,148,216,299,311,42,46,15,7
6823,H1-1,83,73,34,7,60,51,19,7,322,179,198,269,308,23,22,15,0
17060,TMEFF1,86,70,34,13,103,77,19,12,322,133,175,269,297,-17,-7,15,1
2923,CFAP221,117,80,17,4,42,28,2,1,322,163,214,303,317,75,52,15,3
1359,AZGP1,97,79,20,7,46,33,5,1,322,179,210,297,314,51,46,15,6
16351,SYBU,99,64,20,9,69,42,5,2,322,154,216,297,311,30,22,15,7
4302,DHX58,116,91,24,3,77,51,9,0,322,129,180,289,319,39,40,15,3
6192,GDF7,80,52,21,6,24,11,6,1,322,218,259,295,315,56,41,15,5
10282,MUC2,55,35,15,14,13,8,0,0,322,254,279,307,308,42,27,15,14
6644,GRAMD2A,69,50,23,9,60,30,8,1,322,193,242,291,312,9,20,15,8
288,ADAMTS9,100,65,19,2,61,38,4,0,322,161,219,299,320,39,27,15,2
10185,MT1E,71,59,32,19,77,49,17,9,322,174,214,273,294,-6,10,15,10
1343,AURKC,97,71,23,10,65,36,8,2,322,160,215,291,310,32,35,15,8
16414,SYTL1,100,76,23,4,68,45,8,3,322,154,201,291,315,32,31,15,1
19307,ZNF425,114,67,18,2,68,41,3,0,322,140,214,301,320,46,26,15,2
1389,B4GALNT4,83,56,22,10,60,35,7,1,322,179,231,293,311,23,21,15,9
13085,PRKCG,106,71,20,3,59,37,5,0,322,157,214,297,319,47,34,15,3
14664,SCYGR5,20,20,19,19,4,4,4,4,322,298,298,299,299,16,16,15,15
12964,PPP4C,62,41,16,9,56,26,1,1,322,204,255,305,312,6,15,15,8
3846,CWF19L2,123,73,16,1,31,14,1,0,322,168,235,305,321,92,59,15,1
1406,BACH1,110,78,20,9,60,43,5,3,322,152,201,297,310,50,35,15,6
9892,MMP15,94,66,27,9,77,44,12,3,322,151,212,283,310,17,22,15,6
6663,GRIA2,74,52,24,9,27,20,9,2,322,221,250,289,311,47,32,15,7
5704,FGF6,44,43,21,12,16,14,6,2,322,262,265,295,308,28,29,15,10
14223,RPH3A,94,71,34,16,61,41,19,2,322,167,210,269,304,33,30,15,14
9246,LVRN,138,100,16,0,35,14,1,0,322,149,208,305,322,103,86,15,0
4389,DMTN,62,44,20,5,51,28,5,1,322,209,250,297,316,11,16,15,4
459,AHNAK,68,44,16,7,57,29,2,1,322,197,249,304,314,11,15,14,6
17935,TSGA10IP,81,64,25,13,41,29,11,2,322,200,229,286,307,40,35,14,11
12644,PLXDC1,117,73,18,2,48,27,4,1,322,157,222,300,319,69,46,14,1
7295,HS3ST3A1,75,48,20,6,54,38,6,1,322,193,236,296,315,21,10,14,5
17934,TSGA10,112,73,16,2,36,15,2,0,322,174,234,304,320,76,58,14,2
5175,ETV7,101,72,16,3,66,39,2,0,322,155,211,304,319,35,33,14,3
9582,MCIDAS,97,55,15,4,51,27,1,0,322,174,240,306,318,46,28,14,4
18270,UCN,122,79,29,13,56,42,15,8,322,144,201,278,301,66,37,14,5
11115,NTN5,119,100,20,1,52,34,6,1,322,151,188,296,320,67,66,14,0
18334,UNC45B,67,37,14,5,28,7,0,0,322,227,278,308,317,39,30,14,5
18889,YPEL3,85,47,16,8,50,23,2,0,322,187,252,304,314,35,24,14,8
11077,NSG2,89,65,17,8,42,26,3,2,322,191,231,302,312,47,39,14,6
11812,P2RX6,84,57,19,4,79,42,5,2,322,159,223,298,316,5,15,14,2
6421,GNGT2,77,55,22,7,40,33,8,2,322,205,234,292,313,37,22,14,5
19613,ZNF836,91,54,25,11,66,44,11,1,322,165,224,286,310,25,10,14,10
4843,EIF2B5,107,67,15,3,24,17,1,0,322,191,238,306,319,83,50,14,3
3982,DAAM1,80,55,14,3,89,39,0,0,322,153,228,308,319,-9,16,14,3
5403,FAM221B,90,69,27,8,70,45,13,7,322,162,208,282,307,20,24,14,1
5074,ERBB3,85,64,18,8,71,27,4,2,322,166,231,300,312,14,37,14,6
8102,IZUMO1R,54,52,18,7,30,29,4,0,322,238,241,300,315,24,23,14,7
8098,IVNS1ABP,75,53,15,7,40,15,1,0,322,207,254,306,315,35,38,14,7
17930,TSEN34,89,52,16,6,45,17,2,1,322,188,253,304,315,44,35,14,5
1918,C20orf141,57,55,26,8,35,30,12,2,322,230,237,284,312,22,25,14,6
15492,SLFN12,103,71,15,6,45,23,1,0,322,174,228,306,316,58,48,14,6
9542,MBD3L3,26,25,14,5,2,2,0,0,322,294,295,308,317,24,23,14,5
14324,RPS4Y1,43,35,15,10,32,16,1,0,322,247,271,306,312,11,19,14,10
12726,POGZ,81,44,14,8,60,35,0,0,322,181,243,308,314,21,9,14,8
6900,H4C11,77,66,48,45,102,77,34,31,322,143,179,240,246,-25,-11,14,14
14511,SALL3,63,38,14,6,17,6,0,0,322,242,278,308,316,46,32,14,6
17839,TRIM64B,39,25,16,7,15,9,2,0,322,268,288,304,315,24,16,14,7
9541,MBD3L2B,49,48,17,0,13,11,3,1,322,260,263,302,321,36,37,14,-1
3597,CREB1,92,49,14,9,46,21,0,0,322,184,252,308,313,46,28,14,9
17840,TRIM64C,36,33,15,4,9,8,1,1,322,277,281,306,317,27,25,14,3
2003,C5orf49,80,64,16,5,33,22,2,0,322,209,236,304,317,47,42,14,5
2921,CFAP206,113,97,32,10,64,49,18,6,322,145,176,272,306,49,48,14,4
3943,CYP3A4,93,53,16,6,52,27,2,0,322,177,242,304,316,41,26,14,6
443,AGR3,40,38,22,3,15,13,8,3,322,267,271,292,316,25,25,14,0
12104,PDCD1,74,60,21,6,41,24,7,2,322,207,238,294,314,33,36,14,4
1149,ASIC3,129,88,21,9,55,35,7,2,322,138,199,294,311,74,53,14,7
14677,SDCBP2,97,62,17,5,72,37,3,2,322,153,223,302,315,25,25,14,3
757,ANO1,98,71,19,8,34,21,5,1,322,190,230,298,313,64,50,14,7
14732,SECTM1,91,60,20,5,78,45,6,2,322,153,217,296,315,13,15,14,3
19127,ZNF10,132,102,16,6,42,21,2,0,322,148,199,304,316,90,81,14,6
13446,PVRIG,61,52,30,21,38,28,16,6,322,223,242,276,295,23,24,14,15
12457,PITPNC1,98,68,15,5,41,28,1,0,322,183,226,306,317,57,40,14,5
14490,S100Z,52,46,21,6,45,36,7,0,322,225,240,294,316,7,10,14,6
1715,BTLA,126,90,21,5,33,16,7,2,322,163,216,294,315,93,74,14,3
19520,ZNF705A,74,61,27,13,48,34,13,5,322,200,227,282,304,26,27,14,8
18900,YWHAG,125,72,15,8,28,15,1,1,322,169,235,306,313,97,57,14,7
18263,UCHL1,60,44,20,10,52,35,6,1,322,210,243,296,311,8,9,14,9
13021,PRCP,79,44,14,4,36,20,0,0,322,207,258,308,318,43,24,14,4
15517,SLX1B,87,55,26,18,73,52,12,10,322,162,215,284,294,14,3,14,8
6452,GOLGA6L6,86,59,23,7,66,39,9,2,322,170,224,290,313,20,20,14,5
2075,CAB39,84,58,14,3,40,20,0,0,322,198,244,308,319,44,38,14,3
2065,CA2,97,68,21,5,41,26,7,2,322,184,228,294,315,56,42,14,3
6548,GPR137C,111,75,14,3,56,29,0,0,322,155,218,308,319,55,46,14,3
19348,ZNF487,88,62,33,18,100,53,19,10,322,134,207,270,294,-12,9,14,8
7526,IGF2,96,62,15,3,29,17,1,1,322,197,243,306,318,67,45,14,2
15105,SLC10A5,136,103,25,8,68,43,11,3,322,118,176,286,311,68,60,14,5
29,ABAT,81,54,20,7,64,40,6,2,322,177,228,296,313,17,14,14,5
18452,USP44,86,54,19,7,50,29,5,1,322,186,239,298,314,36,25,14,6
7807,IL1RL1,103,73,16,2,46,19,2,0,322,173,230,304,320,57,54,14,2
13868,REP15,139,92,21,5,41,22,7,2,322,142,208,294,315,98,70,14,3
3466,COPS6,65,37,17,7,59,29,3,0,322,198,256,302,315,6,8,14,7
15086,SKIV2L,67,41,22,16,72,43,8,2,322,183,238,292,304,-5,-2,14,14
14459,RXFP4,76,64,16,3,48,27,2,0,322,198,231,304,319,28,37,14,3
227,ACTR3C,123,71,17,4,48,21,3,1,322,151,230,302,317,75,50,14,3
2380,CCDC187,95,71,16,10,14,7,2,0,322,213,244,304,312,81,64,14,10
1903,C1QTNF12,80,58,24,7,67,46,10,2,322,175,218,288,313,13,12,14,5
15085,SKIL,112,74,14,2,49,20,0,0,322,161,228,308,320,63,54,14,2
5439,FAM43A,146,93,19,6,59,24,5,0,322,117,205,298,316,87,69,14,6
1906,C1QTNF3-AMACR,76,70,38,23,64,53,24,8,322,182,199,260,291,12,17,14,15
9856,MLC1,88,58,15,9,34,14,1,1,322,200,250,306,312,54,44,14,8
13022,PRDM1,120,84,21,6,77,49,7,1,322,125,189,294,315,43,35,14,5
3000,CHCHD6,63,43,18,9,72,33,4,1,322,187,246,300,312,-9,10,14,8
18227,UBFD1,89,49,15,7,35,15,1,0,322,198,258,306,315,54,34,14,7
7650,IGKV1-27,57,50,46,26,44,38,32,19,322,221,234,244,277,13,12,14,7
193,ACSM1,67,50,17,6,35,21,3,0,322,220,251,302,316,32,29,14,6
3009,CHD7,88,60,20,12,49,27,6,1,322,185,235,296,309,39,33,14,11
19691,ZSWIM8,56,36,14,8,73,40,0,0,322,193,246,308,314,-17,-4,14,8
6161,GCHFR,61,46,21,11,61,33,7,2,322,200,243,294,309,0,13,14,9
16753,TERB2,92,58,18,8,48,31,4,1,322,182,233,300,313,44,27,14,7
9891,MMP14,82,59,20,13,45,29,6,2,322,195,234,296,307,37,30,14,11
18262,UBXN8,122,74,16,3,34,22,2,0,322,166,226,304,319,88,52,14,3
7459,IFI27L2,71,49,24,12,53,32,10,3,322,198,241,288,307,18,17,14,9
9657,MED30,84,50,17,7,38,18,3,1,322,200,254,302,314,46,32,14,6
15776,SOX6,89,59,15,4,66,31,1,0,322,167,232,306,318,23,28,14,4
8028,ISM2,94,73,20,5,68,43,6,1,322,160,206,296,316,26,30,14,4
679,ANKH,90,73,17,3,29,15,3,2,322,203,234,302,317,61,58,14,1
16743,TENT4A,75,51,15,5,58,30,1,0,322,189,241,306,317,17,21,14,5
6748,GSTT4,32,29,16,5,14,13,2,0,322,276,280,304,317,18,16,14,5
8000,IRF5,78,55,19,7,69,36,5,2,322,175,231,298,313,9,19,14,5
3509,COX6A2,27,26,22,14,9,9,8,1,322,286,287,292,307,18,17,14,13
6163,GCKR,82,66,26,6,63,49,12,2,322,177,207,284,314,19,17,14,4
12081,PCNX3,41,25,14,4,90,42,0,0,322,191,255,308,318,-49,-17,14,4
4925,ELOVL5,94,68,17,3,42,25,3,1,322,186,229,302,318,52,43,14,2
12132,PDE4DIP,86,45,14,10,36,14,0,0,322,200,263,308,312,50,31,14,10
89,ABHD17B,96,57,15,1,39,18,1,0,322,187,247,306,321,57,39,14,1
12653,PLXNC1,113,81,18,4,57,27,4,0,322,152,214,300,318,56,54,14,4
2262,CATSPERZ,102,81,27,11,58,48,13,3,322,162,193,282,308,44,33,14,8
7382,HTR2B,94,64,25,19,35,24,11,8,322,193,234,286,295,59,40,14,11
12826,POU3F2,103,65,14,9,44,21,0,0,322,175,236,308,313,59,44,14,9
10127,MS4A4E,123,80,15,6,31,15,1,0,322,168,227,306,316,92,65,14,6
16708,TDRD6,137,100,18,5,25,16,4,2,322,160,206,300,315,112,84,14,3
1700,BTBD2,61,37,17,7,61,24,3,1,322,200,261,302,314,0,13,14,6
777,ANXA1,133,86,19,4,34,14,5,0,322,155,222,298,318,99,72,14,4
15442,SLC6A8,77,53,24,11,83,43,10,3,322,162,226,288,308,-6,10,14,8
4365,DLX5,64,51,18,4,24,18,4,2,322,234,253,300,316,40,33,14,2
6966,HBM,29,26,18,10,10,7,4,3,322,283,289,300,309,19,19,14,7
18826,XKR3,83,57,14,2,21,12,0,0,322,218,253,308,320,62,45,14,2
2762,CDKN2AIP,121,77,14,5,36,20,0,0,322,165,225,308,317,85,57,14,5
6321,GLDC,93,70,26,9,68,39,12,3,322,161,213,284,310,25,31,14,6
16098,SSUH2,66,49,15,5,58,30,1,0,322,198,243,306,317,8,19,14,5
2943,CFAP69,101,64,24,9,84,53,10,2,322,137,205,288,311,17,11,14,7
17345,TNFAIP1,63,32,17,8,63,34,3,0,322,196,256,302,314,0,-2,14,8
13183,PRR36,82,48,14,6,46,27,0,0,322,194,247,308,316,36,21,14,6
893,APTX,78,50,15,3,32,12,1,0,322,212,260,306,319,46,38,14,3
9403,MANBA,83,48,15,4,30,9,1,0,322,209,265,306,318,53,39,14,4
2944,CFAP70,122,86,19,4,69,39,5,1,322,131,197,298,317,53,47,14,3
18654,WAS,102,71,19,10,71,37,5,1,322,149,214,298,311,31,34,14,9
16916,TIAM2,101,58,17,3,60,30,3,0,322,161,234,302,319,41,28,14,3
17787,TRIM22,68,45,17,8,49,27,3,2,322,205,250,302,312,19,18,14,6
12211,PEG10,74,44,14,7,38,16,0,0,322,210,262,308,315,36,28,14,7
12895,PPM1N,89,56,18,10,63,33,4,2,322,170,233,300,310,26,23,14,8
3908,CYP11A1,91,68,20,5,68,45,6,1,322,163,209,296,316,23,23,14,4
14089,RNF10,69,45,17,6,45,19,3,1,322,208,258,302,315,24,26,14,5
2755,CDKL3,156,104,21,5,34,27,7,2,322,132,191,294,315,122,77,14,3
5586,FBXO32,118,84,17,5,70,33,3,0,322,134,205,302,317,48,51,14,5
2563,CD163L1,64,48,23,7,76,49,9,3,322,182,225,290,312,-12,-1,14,4
17422,TOB2,125,69,16,8,49,23,2,1,322,148,230,304,313,76,46,14,7
10288,MUC5AC,64,39,15,6,6,3,1,0,322,252,280,306,316,58,36,14,6
19473,ZNF646,110,69,15,3,49,28,1,0,322,163,225,306,319,61,41,14,3
9419,MAP1LC3C,103,63,19,6,53,34,5,0,322,166,225,298,316,50,29,14,6
17020,TM7SF2,78,57,15,7,72,36,1,1,322,172,229,306,314,6,21,14,6
17325,TMPRSS6,67,46,18,3,34,20,4,0,322,221,256,300,319,33,26,14,3
16029,SRP14,94,66,16,7,23,10,2,1,322,205,246,304,314,71,56,14,6
9272,LYPD1,145,105,18,2,36,17,4,1,322,141,200,300,319,109,88,14,1
17159,TMEM198,91,65,18,10,64,33,4,0,322,167,224,300,312,27,32,14,10
19253,ZNF324B,91,59,15,4,66,32,1,1,322,165,231,306,317,25,27,14,3
9,AADAC,65,44,15,5,17,11,1,0,322,240,267,306,317,48,33,14,5
2544,CCSER1,73,53,17,3,51,28,3,1,322,198,241,302,318,22,25,14,2
17092,TMEM132A,83,50,15,9,48,21,1,0,322,191,251,306,313,35,29,14,9
1400,BAALC,71,49,24,14,60,43,10,8,322,191,230,288,300,11,6,14,6
980,ARHGEF16,82,58,19,3,59,34,5,1,322,181,230,298,318,23,24,14,2
9056,LPAR6,96,60,16,5,46,30,2,0,322,180,232,304,317,50,30,14,5
17192,TMEM232,123,101,24,3,67,51,10,0,322,132,170,288,319,56,50,14,3
14585,SCARA3,64,47,15,7,62,29,1,0,322,196,246,306,315,2,18,14,7
5325,FAM151B,107,79,24,10,67,43,10,3,322,148,200,288,309,40,36,14,7
10575,NCSTN,78,52,17,7,53,25,3,0,322,191,245,302,315,25,27,14,7
14795,SEPTIN4,102,71,21,6,78,51,7,1,322,142,200,294,315,24,20,14,5
5627,FCGR2C,58,57,22,12,41,30,8,3,322,223,235,292,307,17,27,14,9
6928,HAL,93,62,21,10,66,42,7,3,322,163,218,294,309,27,20,14,7
15310,SLC35B2,64,40,15,8,83,45,1,1,322,175,237,306,313,-19,-5,14,7
10602,NDUFA4L2,96,78,26,11,58,42,12,7,322,168,202,284,304,38,36,14,4
4492,DOCK10,100,77,17,3,49,26,3,1,322,173,219,302,318,51,51,14,2
15042,SIK1,73,56,40,28,87,63,26,19,322,162,203,256,275,-14,-7,14,9
16152,STARD3,63,36,15,9,63,32,1,0,322,196,254,306,313,0,4,14,9
8911,LGMN,67,47,16,10,38,17,2,0,322,217,258,304,312,29,30,14,10
16291,SULT1A2,108,76,16,8,57,35,2,1,322,157,211,304,313,51,41,14,7
17295,TMEM92,97,60,17,4,69,36,3,1,322,156,226,302,317,28,24,14,3
14015,RILPL1,84,46,14,5,29,11,0,0,322,209,265,308,317,55,35,14,5
12624,PLPP3,98,59,15,4,43,26,1,0,322,181,237,306,318,55,33,14,4
3669,CRYM,102,77,23,8,62,47,9,1,322,158,198,290,313,40,30,14,7
10738,NFKBIZ,140,106,21,3,51,30,7,2,322,131,186,294,317,89,76,14,1
16028,SRMS,68,51,16,2,54,43,2,0,322,200,228,304,320,14,8,14,2
10268,MTTP,68,52,19,3,53,35,5,1,322,201,235,298,318,15,17,14,2
4712,ECH1,72,49,18,11,58,35,4,2,322,192,238,300,309,14,14,14,9
7092,HIGD1C,40,39,30,16,18,17,16,12,322,264,266,276,294,22,22,14,4
2180,CAP2,117,69,14,4,26,13,0,0,322,179,240,308,318,91,56,14,4
7094,HIGD2B,114,96,17,5,54,41,3,1,322,154,185,302,316,60,55,14,4
5236,F11,54,45,17,9,19,14,3,0,322,249,263,302,313,35,31,14,9
3630,CRLF2,99,62,15,3,61,30,1,0,322,162,230,306,319,38,32,14,3
19627,ZNF862,105,70,20,6,61,34,6,0,322,156,218,296,316,44,36,14,6
835,APC2,96,63,20,11,76,50,6,2,322,150,209,296,309,20,13,14,9
17511,TPRX1,85,61,18,6,37,27,4,0,322,200,234,300,316,48,34,14,6
14317,RPS27AP5,91,78,62,31,88,71,48,18,322,143,173,212,273,3,7,14,13
12866,PPIAL4E,80,72,55,36,69,61,41,26,322,173,189,226,260,11,11,14,10
12871,PPID,125,83,16,3,37,16,2,0,322,160,223,304,319,88,67,14,3
17513,TPSB2,111,89,20,9,59,41,6,1,322,152,192,296,312,52,48,14,8
1346,AVIL,95,67,16,5,69,38,2,0,322,158,217,304,317,26,29,14,5
15412,SLC5A11,121,87,18,4,54,34,4,0,322,147,201,300,318,67,53,14,4
1127,ASB5,89,71,20,4,50,39,6,2,322,183,212,296,316,39,32,14,2
1521,BEST3,128,83,17,2,42,26,3,1,322,152,213,302,319,86,57,14,1
8444,KLC4,107,65,21,8,48,23,7,3,322,167,234,294,311,59,42,14,5
19306,ZNF423,68,41,14,7,43,20,0,0,322,211,261,308,315,25,21,14,7
13347,PTGER2,125,89,18,3,42,27,4,1,322,155,206,300,318,83,62,14,2
3090,CHST7,100,70,16,2,57,20,2,2,322,165,232,304,318,43,50,14,0
10264,MTRNR2L8,131,91,18,10,38,17,4,2,322,153,214,300,310,93,74,14,8
10849,NMB,102,61,22,13,53,28,8,2,322,167,233,292,307,49,33,14,11
8578,KRT12,63,49,17,2,32,20,3,0,322,227,253,302,320,31,29,14,2
5754,FKBP1B,86,64,22,8,70,43,8,2,322,166,215,292,312,16,21,14,6
10887,NODAL,91,66,20,6,35,29,6,3,322,196,227,296,313,56,37,14,3
14154,RNF224,89,64,18,4,59,34,4,0,322,174,224,300,318,30,30,14,4
2922,CFAP20DC,98,58,16,5,53,27,2,0,322,171,237,304,317,45,31,14,5
10262,MTRNR2L6,146,108,18,10,47,24,4,2,322,129,190,300,310,99,84,14,8
7091,HIGD1B,43,39,30,12,23,21,16,8,322,256,262,276,302,20,18,14,4
12326,PHF2,62,39,13,7,52,25,0,0,322,208,258,309,315,10,14,13,7
18771,WNK4,128,93,26,16,54,32,13,5,322,140,197,283,301,74,61,13,11
6608,GPR82,116,70,15,7,37,20,2,0,322,169,232,305,315,79,50,13,7
18441,USP34,67,41,15,6,65,26,2,0,322,190,255,305,316,2,15,13,6
13722,RBAK,88,48,14,2,30,17,1,0,322,204,257,307,320,58,31,13,2
5319,FAM13A,75,50,17,8,69,40,4,0,322,178,232,301,314,6,10,13,8
5834,FOXA1,101,62,18,8,60,27,5,2,322,161,233,299,312,41,35,13,6
3352,CNTFR,91,67,15,7,38,18,2,1,322,193,237,305,314,53,49,13,6
6568,GPR17,83,68,16,4,47,30,3,2,322,192,224,303,316,36,38,13,2
7388,HTR3E,38,30,13,8,15,13,0,0,322,269,279,309,314,23,17,13,8
343,ADGRG6,114,72,19,7,35,18,6,1,322,173,232,297,314,79,54,13,6
5336,FAM161A,89,52,14,3,30,12,1,1,322,203,258,307,318,59,40,13,2
15027,SIDT2,60,34,14,6,58,32,1,0,322,204,256,307,316,2,2,13,6
527,AKT1,42,29,14,9,79,31,1,1,322,201,262,307,312,-37,-2,13,8
11882,PAK3,81,47,16,6,55,25,3,1,322,186,250,303,315,26,22,13,5
15250,SLC26A11,98,66,20,7,68,37,7,3,322,156,219,295,312,30,29,13,4
12556,PLCZ1,50,42,21,10,27,21,8,3,322,245,259,293,309,23,21,13,7
18768,WNK1,85,59,18,10,71,33,5,1,322,166,230,299,311,14,26,13,9
436,AGPAT1,56,36,15,9,45,23,2,0,322,221,263,305,313,11,13,13,9
6874,H2BE1,94,76,44,26,60,51,31,10,322,168,195,247,286,34,25,13,16
12294,PGM1,49,32,13,4,57,27,0,0,322,216,263,309,318,-8,5,13,4
263,ADAM30,50,36,13,8,13,7,0,0,322,259,279,309,314,37,29,13,8
7216,HOPX,87,64,19,10,33,21,6,1,322,202,237,297,311,54,43,13,9
1871,C1orf162,138,103,28,12,63,31,15,7,322,121,188,279,303,75,72,13,5
15317,SLC35D3,117,75,16,3,48,24,3,2,322,157,223,303,317,69,51,13,1
12056,PCDHGC4,72,48,17,9,64,33,4,2,322,186,241,301,311,8,15,13,7
5808,FNBP1,89,56,15,3,39,14,2,0,322,194,252,305,319,50,42,13,3
3262,CLRN3,51,47,18,6,10,7,5,0,322,261,268,299,316,41,40,13,6
6635,GPX3,73,59,24,11,62,41,11,7,322,187,222,287,304,11,18,13,4
11858,PADI4,111,64,21,10,56,37,8,2,322,155,221,293,310,55,27,13,8
15193,SLC23A1,88,58,24,11,43,22,11,5,322,191,242,287,306,45,36,13,6
15162,SLC1A2,89,52,17,9,53,32,4,1,322,180,238,301,312,36,20,13,8
12087,PCP4L1,68,51,17,3,37,33,4,1,322,217,238,301,318,31,18,13,2
19667,ZSCAN18,94,63,23,13,55,37,10,6,322,173,222,289,303,39,26,13,7
7061,HEXIM1,89,56,14,6,63,35,1,0,322,170,231,307,316,26,21,13,6
12477,PKD2L1,71,43,24,9,45,28,11,2,322,206,251,287,311,26,15,13,7
6570,GPR173,89,53,19,5,68,40,6,1,322,165,229,297,316,21,13,13,4
7319,HSD17B7,119,79,18,3,50,25,5,1,322,153,218,299,318,69,54,13,2
468,AIF1,41,39,30,7,44,36,17,6,322,237,247,275,309,-3,3,13,1
3291,CMTM2,108,89,27,9,65,56,14,4,322,149,177,281,309,43,33,13,5
14984,SHC4,112,69,15,2,42,20,2,0,322,168,233,305,320,70,49,13,2
18893,YTHDC1,96,60,16,6,40,18,3,1,322,186,244,303,315,56,42,13,5
12559,PLD3,67,44,16,8,42,30,3,1,322,213,248,303,313,25,14,13,7
12192,PDZD4,64,40,17,7,64,37,4,1,322,194,245,301,314,0,3,13,6
6814,GYS1,71,49,16,6,62,25,3,1,322,189,248,303,315,9,24,13,5
5367,FAM184A,101,72,25,9,79,49,12,3,322,142,201,285,310,22,23,13,6
15055,SIPA1L1,48,28,13,9,78,37,0,0,322,196,257,309,313,-30,-9,13,9
18838,XPNPEP3,128,88,18,6,44,26,5,3,322,150,208,299,313,84,62,13,3
15174,SLC22A13,137,85,15,1,58,33,2,0,322,127,204,305,321,79,52,13,1
13697,RASGRP2,123,89,33,13,82,62,20,2,322,117,171,269,307,41,27,13,11
1852,C19orf84,82,68,18,6,41,28,5,1,322,199,226,299,315,41,40,13,5
401,AFF1,102,67,14,3,39,22,1,0,322,181,233,307,319,63,45,13,3
5454,FAM71D,110,80,27,8,81,53,14,7,322,131,189,281,307,29,27,13,1
5365,FAM181B,53,39,13,9,65,34,0,0,322,204,249,309,313,-12,5,13,9
7243,HOXC13,113,76,15,3,42,24,2,0,322,167,222,305,319,71,52,13,3
377,ADPRHL1,119,74,15,3,34,18,2,1,322,169,230,305,318,85,56,13,2
3139,CKB,76,49,24,11,65,31,11,2,322,181,242,287,309,11,18,13,9
5818,FNDC7,104,70,15,4,37,14,2,0,322,181,238,305,318,67,56,13,4
6694,GRM2,114,93,31,8,77,55,18,4,322,131,174,273,310,37,38,13,4
12442,PIP4K2B,51,30,14,8,49,24,1,0,322,222,268,307,314,2,6,13,8
7340,HSP90B1,100,63,18,8,44,25,5,1,322,178,234,299,313,56,38,13,7
3116,CIDEC,115,71,16,5,45,26,3,3,322,162,225,303,314,70,45,13,2
6715,GSDMB,151,107,15,2,31,14,2,2,322,140,201,305,318,120,93,13,0
7432,ID1,104,73,34,7,98,64,21,8,322,120,185,267,307,6,9,13,-1
15075,SIX4,166,106,15,4,29,14,2,0,322,127,202,305,318,137,92,13,4
18285,UGGT1,62,29,14,7,43,18,1,0,322,217,275,307,315,19,11,13,7
1005,ARID3C,83,68,16,2,49,32,3,0,322,190,222,303,320,34,36,13,2
17209,TMEM249,104,85,45,22,84,64,32,17,322,134,173,245,283,20,21,13,5
3792,CTNS,59,32,13,6,70,37,0,0,322,193,253,309,316,-11,-5,13,6
4457,DNAJC5G,108,75,32,12,80,55,19,6,322,134,192,271,304,28,20,13,6
4454,DNAJC4,82,58,18,5,56,21,5,4,322,184,243,299,313,26,37,13,1
9101,LRP4,69,39,13,9,62,25,0,0,322,191,258,309,313,7,14,13,9
13262,PSG9,112,76,15,3,38,22,2,1,322,172,224,305,318,74,54,13,2
1416,BAHD1,52,22,13,4,49,30,0,0,322,221,270,309,318,3,-8,13,4
13242,PSAP,55,36,14,9,53,25,1,1,322,214,261,307,312,2,11,13,8
17116,TMEM156,107,69,15,3,47,23,2,0,322,168,230,305,319,60,46,13,3
2813,CEL,137,84,16,5,43,26,3,0,322,142,212,303,317,94,58,13,5
10477,NANOS3,116,92,36,13,67,46,23,9,322,139,184,263,300,49,46,13,4
10474,NANOGP8,99,71,20,5,67,42,7,3,322,156,209,295,314,32,29,13,2
3847,CWH43,64,35,14,6,10,3,1,0,322,248,284,307,316,54,32,13,6
2141,CALHM6,61,52,28,18,37,31,15,4,322,224,239,279,300,24,21,13,14
17105,TMEM145,94,71,19,10,68,41,6,1,322,160,210,297,311,26,30,13,9
9199,LRWD1,71,42,17,4,62,38,4,2,322,189,242,301,316,9,4,13,2
17063,TMEM101,87,53,14,8,47,27,1,1,322,188,242,307,313,40,26,13,7
17061,TMEFF2,76,49,14,3,34,13,1,0,322,212,260,307,319,42,36,13,3
17210,TMEM25,77,49,15,7,52,24,2,0,322,193,249,305,315,25,25,13,7
9020,LMNTD2,87,60,22,5,55,37,9,1,322,180,225,291,316,32,23,13,4
17227,TMEM266,84,50,15,4,73,45,2,1,322,165,227,305,317,11,5,13,3
16172,STC2,106,75,22,5,76,58,9,2,322,140,189,291,315,30,17,13,3
10793,NKAIN1,102,75,20,6,57,29,7,1,322,163,218,295,315,45,46,13,5
8734,KYAT1,88,65,20,9,64,35,7,2,322,170,222,295,311,24,30,13,7
872,APOC4,59,53,34,20,55,43,21,11,322,208,226,267,291,4,10,13,9
8775,LAMTOR4,70,39,14,8,55,26,1,1,322,197,257,307,313,15,13,13,7
14552,SAT1,159,110,16,6,44,30,3,1,322,119,182,303,315,115,80,13,5
10728,NFIL3,115,66,17,3,48,29,4,2,322,159,227,301,317,67,37,13,1
17397,TNNC1,71,51,20,2,62,42,7,1,322,189,229,295,319,9,9,13,1
10726,NFIB,82,47,13,8,65,31,0,0,322,175,244,309,314,17,16,13,8
10719,NFATC3,104,61,14,3,23,12,1,0,322,195,249,307,319,81,49,13,3
14934,SGSM3,70,40,18,8,60,25,5,3,322,192,257,299,311,10,15,13,5
2459,CCIN,146,103,24,7,33,24,11,5,322,143,195,287,310,113,79,13,2
17331,TMSB4X,50,32,15,9,58,31,2,1,322,214,259,305,312,-8,1,13,8
4532,DPM2,70,50,15,7,49,31,2,1,322,203,241,305,314,21,19,13,6
2458,CCHCR1,79,49,13,7,55,33,0,0,322,188,240,309,315,24,16,13,7
10663,NEIL1,98,66,20,8,67,41,7,1,322,157,215,295,313,31,25,13,7
17312,TMPPE,124,83,15,3,37,16,2,0,322,161,223,305,319,87,67,13,3
14236,RPL17-C18orf32,98,71,22,11,58,31,9,6,322,166,220,291,305,40,40,13,5
10405,MYOM2,133,81,13,2,30,9,0,0,322,159,232,309,320,103,72,13,2
9268,LYL1,94,73,21,7,50,33,8,3,322,178,216,293,312,44,40,13,4
2743,CDK5R1,127,70,13,9,38,14,0,0,322,157,238,309,313,89,56,13,9
6092,GALR3,80,71,22,6,58,46,9,4,322,184,205,291,312,22,25,13,2
1160,ASPG,68,41,16,5,30,17,3,0,322,224,264,303,317,38,24,13,5
3977,CYTIP,58,40,17,3,40,22,4,1,322,224,260,301,318,18,18,13,2
16793,TEX45,101,72,23,5,69,44,10,1,322,152,206,289,316,32,28,13,4
16775,TEX14,123,82,16,2,40,22,3,0,322,159,218,303,320,83,60,13,2
9637,MED12,77,46,14,5,70,36,1,1,322,175,240,307,316,7,10,13,4
10140,MSGN1,58,55,13,6,13,10,0,0,322,251,257,309,316,45,45,13,6
16737,TEN1-CDK3,97,75,31,17,60,44,18,6,322,165,203,273,299,37,31,13,11
10137,MSANTD4,133,81,15,4,47,27,2,1,322,142,214,305,317,86,54,13,3
110,ABRA,82,49,16,4,27,17,3,2,322,213,256,303,316,55,32,13,2
10370,MYMK,24,24,14,2,9,7,1,0,322,289,291,307,320,15,17,13,2
1288,ATP6V0D2,100,60,19,7,72,38,6,1,322,150,224,297,314,28,22,13,6
10086,MRPS14,52,38,15,11,68,34,2,0,322,202,250,305,311,-16,4,13,11
6138,GBA3,78,61,15,8,13,10,2,0,322,231,251,305,314,65,51,13,8
4139,DDX47,68,40,17,11,74,39,4,2,322,180,243,301,309,-6,1,13,9
10018,MRI1,55,30,14,5,48,20,1,1,322,219,272,307,316,7,10,13,4
9801,MICOS13,74,37,15,9,44,17,2,0,322,204,268,305,313,30,20,13,9
12953,PPP2R3C,65,41,16,7,65,28,3,0,322,192,253,303,315,0,13,13,7
9893,MMP16,81,59,14,1,38,20,1,0,322,203,243,307,321,43,39,13,1
5658,FEM1C,78,50,16,3,67,33,3,0,322,177,239,303,319,11,17,13,3
10199,MTARC1,88,53,14,8,51,15,1,0,322,183,254,307,314,37,38,13,8
1318,ATPSCKMT,110,64,16,3,43,21,3,0,322,169,237,303,319,67,43,13,3
10211,MTF1,118,77,13,1,32,18,0,0,322,172,227,309,321,86,59,13,1
9301,LZTR1,46,33,15,9,67,34,2,1,322,209,255,305,312,-21,-1,13,8
10337,MYG1,76,49,13,7,39,15,0,0,322,207,258,309,315,37,34,13,7
2825,CELSR1,78,57,17,6,72,35,4,0,322,172,230,301,316,6,22,13,6
5711,FGFR1,100,61,19,11,48,26,6,0,322,174,235,297,311,52,35,13,11
2120,CADM1,83,49,14,7,61,34,1,0,322,178,239,307,315,22,15,13,7
16329,SUSD2,68,48,14,3,82,49,1,0,322,172,225,307,319,-14,-1,13,3
1361,AZIN1,106,67,14,5,38,23,1,0,322,178,232,307,317,68,44,13,5
9424,MAP2K3,107,70,18,7,47,22,5,0,322,168,230,299,315,60,48,13,7
9426,MAP2K5,84,54,14,4,41,17,1,0,322,197,251,307,318,43,37,13,4
9431,MAP3K11,68,40,16,9,70,35,3,1,322,184,247,303,312,-2,5,13,8
9432,MAP3K12,87,45,19,9,73,37,6,1,322,162,240,297,312,14,8,13,8
14067,RNASE10,144,92,15,7,23,15,2,1,322,155,215,305,314,121,77,13,6
1115,ASB10,69,48,13,3,10,8,0,0,322,243,266,309,319,59,40,13,3
6226,GFRA2,42,31,15,2,41,28,2,0,322,239,263,305,320,1,3,13,2
1133,ASCC2,82,57,20,9,49,37,7,2,322,191,228,295,311,33,20,13,7
1143,ASGR1,120,79,22,9,59,31,9,3,322,143,212,291,310,61,48,13,6
9559,MBP,94,76,27,10,73,46,14,4,322,155,200,281,308,21,30,13,6
8594,KRT28,57,44,14,3,13,8,1,0,322,252,270,307,319,44,36,13,3
4565,DRC3,118,91,26,14,71,46,13,7,322,133,185,283,301,47,45,13,7
3665,CRYGD,34,30,16,7,15,12,3,2,322,273,280,303,313,19,18,13,5
6404,GNB2,51,28,15,13,53,25,2,2,322,218,269,305,307,-2,3,13,11
13545,RAB3A,85,59,17,7,77,51,4,1,322,160,212,301,314,8,8,13,6
14261,RPL36A-HNRNPH2,82,63,36,28,59,45,23,14,322,181,214,263,280,23,18,13,14
673,ANKAR,157,112,13,1,18,6,0,0,322,147,204,309,321,139,106,13,1
11163,NUFIP2,123,79,14,2,44,23,1,0,322,155,220,307,320,79,56,13,2
17985,TSPYL4,135,89,13,2,26,15,0,0,322,161,218,309,320,109,74,13,2
17971,TSPAN9,73,47,17,6,75,41,4,1,322,174,234,301,315,-2,6,13,5
4621,DUSP10,132,93,17,3,66,34,4,1,322,124,195,301,318,66,59,13,2
4830,EIF1AD,167,105,19,5,25,15,6,1,322,130,202,297,316,142,90,13,4
13468,PYDC2,26,26,24,20,21,17,11,10,322,275,279,287,292,5,9,13,10
15826,SPARCL1,69,50,18,8,46,33,5,2,322,207,239,299,312,23,17,13,6
3547,CPN2,80,45,15,6,36,17,2,0,322,206,260,305,316,44,28,13,6
15839,SPATA22,44,38,16,11,26,23,3,0,322,252,261,303,311,18,15,13,11
730,ANKRD42,157,105,14,2,29,8,1,0,322,136,209,307,320,128,97,13,2
6415,GNG3,81,72,25,7,44,35,12,5,322,197,215,285,310,37,37,13,2
19518,ZNF703,83,48,15,6,56,33,2,0,322,183,241,305,316,27,15,13,6
11233,OAT,71,45,15,6,54,22,2,1,322,197,255,305,315,17,23,13,5
7883,ING4,92,56,15,9,47,25,2,0,322,183,241,305,313,45,31,13,9
4970,ENC1,71,38,14,6,78,42,1,0,322,173,242,307,316,-7,-4,13,6
2618,CD52,74,65,49,20,70,48,36,16,322,178,209,237,286,4,17,13,4
3020,CHI3L2,107,81,26,2,59,46,13,3,322,156,195,283,317,48,35,13,-1
1705,BTBD9,89,55,15,5,54,20,2,0,322,179,247,305,317,35,35,13,5
1978,C4A,99,75,23,9,62,37,10,3,322,161,210,289,310,37,38,13,6
557,ALDOB,63,48,18,7,23,16,5,2,322,236,258,299,313,40,32,13,5
1691,BSX,29,29,17,11,10,10,4,2,322,283,283,301,309,19,19,13,9
18244,UBR1,77,45,15,4,67,35,2,1,322,178,242,305,317,10,10,13,3
1684,BSG,49,32,16,8,46,20,3,1,322,227,270,303,313,3,12,13,7
7832,IL32,126,82,19,4,46,33,6,2,322,150,207,297,316,80,49,13,2
6486,GOSR2,79,53,13,6,34,20,0,0,322,209,249,309,316,45,33,13,6
19072,ZFR2,89,63,19,6,49,32,6,1,322,184,227,297,315,40,31,13,5
594,ALPG,76,44,13,0,32,14,0,0,322,214,264,309,322,44,30,13,0
4991,ENPP3,86,70,21,4,66,41,8,2,322,170,211,293,316,20,29,13,2
18157,U2AF1,89,58,24,13,74,35,11,8,322,159,229,287,301,15,23,13,5
2633,CD79B,67,57,20,7,35,23,7,3,322,220,242,295,312,32,34,13,4
8269,KCNN1,111,69,18,1,45,24,5,0,322,166,229,299,321,66,45,13,1
8140,JPH4,100,67,16,4,28,19,3,0,322,194,236,303,318,72,48,13,4
5561,FBXL19,68,48,14,7,81,43,1,0,322,173,231,307,315,-13,5,13,7
5980,FXYD6,42,30,16,9,41,25,3,1,322,239,267,303,312,1,5,13,8
15946,SPON2,95,76,22,9,71,48,9,2,322,156,198,291,311,24,28,13,7
8434,KISS1,97,67,22,9,39,23,9,3,322,186,232,291,310,58,44,13,6
17518,TPT1,77,56,16,9,35,20,3,2,322,210,246,303,311,42,36,13,7
10857,NME5,69,61,20,8,47,37,7,1,322,206,224,295,313,22,24,13,7
2739,CDK2AP2,114,77,17,7,43,27,4,2,322,165,218,301,313,71,50,13,5
2727,CDK11B,61,41,14,5,43,23,1,1,322,218,258,307,316,18,18,13,4
1548,BICDL2,90,63,19,7,56,26,6,1,322,176,233,297,314,34,37,13,6
17714,TRBV5-4,33,30,21,10,17,14,8,1,322,272,278,293,311,16,16,13,9
17728,TRBV7-4,19,19,16,11,4,4,3,0,322,299,299,303,311,15,15,13,11
13365,PTH2,43,39,26,12,27,20,13,4,322,252,263,283,306,16,19,13,8
10986,NPNT,95,66,20,8,42,21,7,2,322,185,235,295,312,53,45,13,6
10988,NPPB,80,61,26,10,55,40,13,4,322,187,221,283,308,25,21,13,6
803,AP1S1,58,34,13,7,59,33,0,0,322,205,255,309,315,-1,1,13,7
14862,SETD1B,77,43,14,6,68,29,1,0,322,177,250,307,316,9,14,13,6
4768,EFCAB10,102,82,28,6,74,51,15,4,322,146,189,279,312,28,31,13,2
15923,SPINK2,58,44,19,6,42,32,6,3,322,222,246,297,313,16,12,13,3
14541,SARAF,101,60,15,8,43,19,2,0,322,178,243,305,314,58,41,13,8
4750,EEF1A2,70,33,17,9,61,33,4,1,322,191,256,301,312,9,0,13,8
3601,CREB3L3,68,41,14,2,35,16,1,0,322,219,265,307,320,33,25,13,2
12694,PNMT,74,66,23,5,50,34,11,4,322,198,222,288,313,24,32,12,1
13664,RAPGEF1,71,43,12,7,55,29,0,0,322,196,250,310,315,16,14,12,7
12957,PPP2R5D,52,28,12,3,41,21,0,0,322,229,273,310,319,11,7,12,3
3005,CHD3,115,61,13,4,32,16,1,0,322,175,245,308,318,83,45,12,4
13107,PRM3,22,21,21,3,13,12,9,2,322,287,289,292,317,9,9,12,1
13624,RAG1,114,74,12,3,25,11,0,0,322,183,237,310,319,89,63,12,3
2348,CCDC151,144,108,18,3,39,20,6,4,322,139,194,298,315,105,88,12,-1
2274,CBL,64,33,12,5,45,19,0,0,322,213,270,310,317,19,14,12,5
12948,PPP2R2B,82,60,22,8,87,59,10,1,322,153,203,290,313,-5,1,12,7
2506,CCND2,50,37,12,8,55,21,0,0,322,217,264,310,314,-5,16,12,8
2071,CA7,60,43,13,2,23,17,1,0,322,239,262,308,320,37,26,12,2
3019,CHI3L1,69,44,13,4,32,18,1,1,322,221,260,308,317,37,26,12,3
2756,CDKL4,105,97,42,23,66,58,30,7,322,151,167,250,292,39,39,12,16
5822,FNIP2,73,38,13,3,76,41,1,0,322,173,243,308,319,-3,-3,12,3
3034,CHMP2A,94,56,14,7,29,17,2,2,322,199,249,306,313,65,39,12,5
13734,RBFOX2,54,31,13,6,61,30,1,1,322,207,261,308,315,-7,1,12,5
13621,RAET1G,118,81,18,5,45,29,6,2,322,159,212,298,315,73,52,12,3
14125,RNF167,85,48,14,6,32,13,2,2,322,205,261,306,314,53,35,12,4
13867,RENBP,81,58,21,10,75,42,9,1,322,166,222,292,311,6,16,12,9
1969,C3orf38,131,70,12,5,38,18,0,0,322,153,234,310,317,93,52,12,5
2366,CCDC173,96,66,19,7,60,36,7,3,322,166,220,296,312,36,30,12,4
2869,CEP19,125,80,12,3,33,15,0,0,322,164,227,310,319,92,65,12,3
13123,PRODH2,56,44,15,2,13,13,3,0,322,253,265,304,320,43,31,12,2
13811,RCC1,68,38,13,6,39,18,1,1,322,215,266,308,315,29,20,12,5
2626,CD68,92,52,13,6,44,18,1,1,322,186,252,308,315,48,34,12,5
14464,RYBP,141,89,13,4,18,12,1,0,322,163,221,308,318,123,77,12,4
13964,RGSL1,31,29,15,2,15,11,3,0,322,276,282,304,320,16,18,12,2
14491,S1PR1,115,75,17,8,47,31,5,0,322,160,216,300,314,68,44,12,8
2549,CCT5,86,59,17,6,48,25,5,3,322,188,238,300,313,38,34,12,3
2976,CGB3,63,54,33,19,31,28,21,6,322,228,240,268,297,32,26,12,13
14878,SF1,51,30,13,7,48,29,1,1,322,223,263,308,314,3,1,12,6
13199,PRRT2,103,74,22,13,74,42,10,4,322,145,206,290,305,29,32,12,9
14967,SH3PXD2A,51,25,14,8,104,52,2,0,322,167,245,306,314,-53,-27,12,8
2135,CALD1,57,36,13,8,53,17,1,0,322,212,269,308,314,4,19,12,8
12604,PLIN1,127,82,12,2,45,25,0,0,322,150,215,310,320,82,57,12,2
2287,CBS,76,56,23,10,71,41,11,3,322,175,225,288,309,5,15,12,7
2816,CELA2B,44,41,21,16,34,29,9,2,322,244,252,292,304,10,12,12,14
13379,PTPA,52,38,13,7,50,30,1,1,322,220,254,308,314,2,8,12,6
2662,CDC26,100,61,15,3,31,15,3,1,322,191,246,304,318,69,46,12,2
2758,CDKN1A,115,78,14,7,62,43,2,1,322,145,201,306,314,53,35,12,6
13309,PSME3IP1,72,41,12,8,37,21,0,0,322,213,260,310,314,35,20,12,8
14812,SERINC5,84,53,15,4,51,20,3,0,322,187,249,304,318,33,33,12,4
14813,SERP1,117,71,15,7,27,16,3,0,322,178,235,304,315,90,55,12,7
14882,SF3B1,72,40,14,8,49,30,2,0,322,201,252,306,314,23,10,12,8
15058,SIRPA,86,51,14,9,45,12,2,1,322,191,259,306,312,41,39,12,8
13581,RABEPK,53,39,14,5,45,20,2,1,322,224,263,306,316,8,19,12,4
2426,CCDC70,73,67,16,1,26,24,4,0,322,223,231,302,321,47,43,12,1
13375,PTOV1,86,48,15,8,47,24,3,2,322,189,250,304,312,39,24,12,6
14774,SEMA7A,75,53,17,4,91,46,5,0,322,156,223,300,318,-16,7,12,4
2548,CCT4,120,71,13,9,23,12,1,1,322,179,239,308,312,97,59,12,8
13151,PRPF8,66,35,13,8,46,19,1,1,322,210,268,308,313,20,16,12,7
14199,RORA,93,50,15,4,80,48,3,0,322,149,224,304,318,13,2,12,4
2079,CABLES1,80,60,17,5,65,36,5,2,322,177,226,300,315,15,24,12,3
2391,CCDC200,114,84,19,12,58,34,7,1,322,150,204,296,309,56,50,12,11
18065,TTR,47,39,17,12,22,17,5,3,322,253,266,300,307,25,22,12,9
6726,GSN,57,36,13,8,75,36,1,0,322,190,250,308,314,-18,0,12,8
10049,MRPL23,67,37,15,8,54,29,3,3,322,201,256,304,311,13,8,12,5
8476,KLHL12,70,46,14,9,46,23,2,0,322,206,253,306,313,24,23,12,9
1274,ATP5MGL,90,72,28,10,75,56,16,5,322,157,194,278,307,15,16,12,5
4033,DCAF11,44,23,13,7,71,31,1,0,322,207,268,308,315,-27,-8,12,7
9984,MPP5,85,42,12,5,50,27,0,0,322,187,253,310,317,35,15,12,5
4673,DYRK1A,76,36,13,6,32,15,1,1,322,214,271,308,315,44,21,12,5
4062,DCK,58,38,13,4,55,29,1,1,322,209,255,308,317,3,9,12,3
1261,ATP5F1B,70,49,15,9,37,19,3,1,322,215,254,304,312,33,30,12,8
16564,TBC1D17,51,29,14,8,65,32,2,1,322,206,261,306,313,-14,-3,12,7
18696,WDR37,80,53,12,6,57,27,0,0,322,185,242,310,316,23,26,12,6
6906,H4C3,90,57,31,18,88,65,19,9,322,144,200,272,295,2,-8,12,9
6908,H4C5,105,73,21,10,93,53,9,0,322,124,196,292,312,12,20,12,10
9915,MN1,102,64,14,4,46,21,2,2,322,174,237,306,316,56,43,12,2
18176,UBAP1,51,27,12,3,52,29,0,0,322,219,266,310,319,-1,-2,12,3
6937,HAPLN3,106,73,14,1,51,30,2,0,322,165,219,306,321,55,43,12,1
1244,ATP1B1,74,41,13,2,48,21,1,0,322,200,260,308,320,26,20,12,2
1240,ATP1A1,56,31,13,8,35,17,1,1,322,231,274,308,313,21,14,12,7
8517,KLK2,108,85,37,18,81,59,25,10,322,133,178,260,294,27,26,12,8
4094,DDAH1,52,27,13,6,64,32,1,0,322,206,263,308,316,-12,-5,12,6
9870,MLNR,64,55,16,5,47,34,4,1,322,211,233,302,316,17,21,12,4
16634,TBXAS1,104,74,22,12,74,45,10,2,322,144,203,290,308,30,29,12,10
385,ADRA2C,73,45,16,4,33,18,4,1,322,216,259,302,317,40,27,12,3
9809,MIDN,73,43,14,6,71,34,2,1,322,178,245,306,315,2,9,12,5
4134,DDX4,64,41,19,1,39,22,7,1,322,219,259,296,320,25,19,12,0
9791,MIB2,88,49,16,6,71,35,4,2,322,163,238,302,314,17,14,12,4
16687,TCP11L2,113,71,20,11,77,51,8,1,322,132,200,294,310,36,20,12,10
9737,MFAP3,100,50,12,4,68,30,0,0,322,154,242,310,318,32,20,12,4
6870,H2BC6,113,70,22,3,54,34,10,2,322,155,218,290,317,59,36,12,1
10056,MRPL33,68,40,15,8,50,24,3,3,322,204,258,304,311,18,16,12,5
10077,MRPL53,80,56,18,10,39,24,6,4,322,203,242,298,308,41,32,12,6
18899,YWHAE,62,37,13,7,38,21,1,1,322,222,264,308,314,24,16,12,6
10583,NDNF,85,56,19,6,34,16,7,0,322,203,250,296,316,51,40,12,6
10579,NDEL1,85,41,12,6,40,20,0,0,322,197,261,310,316,45,21,12,6
16203,STK36,94,52,14,5,54,31,2,1,322,174,239,306,316,40,21,12,4
10527,NBPF6,79,52,15,5,40,19,3,2,322,203,251,304,315,39,33,12,3
16224,STOX1,122,77,14,3,46,25,2,0,322,154,220,306,319,76,52,12,3
1417,BAIAP2,84,51,18,9,58,29,6,2,322,180,242,298,311,26,22,12,7
3835,CUL9,81,38,15,7,57,26,3,1,322,184,258,304,314,24,12,12,6
16256,STX1A,66,40,12,6,67,36,0,0,322,189,246,310,316,-1,4,12,6
8331,KDM7A,110,63,13,2,43,20,1,0,322,169,239,308,320,67,43,12,2
16287,SUGT1,121,80,13,5,26,15,1,0,322,175,227,308,317,95,65,12,5
10394,MYO7A,72,48,15,6,42,23,3,2,322,208,251,304,314,30,25,12,4
10391,MYO5B,87,52,16,1,43,25,4,0,322,192,245,302,321,44,27,12,1
10327,MYCBPAP,101,70,18,3,57,36,6,1,322,164,216,298,318,44,34,12,2
17614,TRAPPC4,69,42,15,9,53,27,3,1,322,200,253,304,312,16,15,12,8
10324,MYC,96,68,20,8,86,54,8,0,322,140,200,294,314,10,14,12,8
5391,FAM210A,92,54,12,6,53,27,0,0,322,177,241,310,316,39,27,12,6
1363,AZU1,125,84,18,7,48,30,6,2,322,149,208,298,313,77,54,12,5
18155,TYW3,115,69,13,1,33,19,1,1,322,174,234,308,320,82,50,12,0
8417,KIF7,51,34,16,4,60,37,4,1,322,211,251,302,317,-9,-3,12,3
10257,MTRNR2L12,124,84,17,7,38,17,5,0,322,160,221,300,315,86,67,12,7
6839,H2AC15,84,73,41,25,107,85,29,15,322,131,164,252,282,-23,-12,12,10
10228,MTIF3,64,36,12,4,41,26,0,0,322,217,260,310,318,23,10,12,4
16466,TAF1C,79,46,15,5,66,36,3,1,322,177,240,304,316,13,10,12,4
16477,TAF7,179,122,14,7,21,13,2,0,322,122,187,306,315,158,109,12,7
10126,MS4A4A,110,68,15,2,71,47,3,1,322,141,207,304,319,39,21,12,1
16511,TARDBP,61,37,13,10,52,28,1,0,322,209,257,308,312,9,9,12,10
8531,KLRC4,47,42,17,6,28,17,5,4,322,247,263,300,312,19,25,12,2
16729,TEK,90,48,12,1,28,5,0,0,322,204,269,310,321,62,43,12,1
9653,MED26,90,47,14,5,45,23,2,1,322,187,252,306,316,45,24,12,4
8752,LAGE3,77,44,14,6,41,19,2,1,322,204,259,306,315,36,25,12,5
17462,TP53AIP1,97,69,25,10,78,51,13,4,322,147,202,284,308,19,18,12,6
4366,DLX6,94,58,13,4,25,16,1,0,322,203,248,308,318,69,42,12,4
18205,UBE2L5,106,71,22,5,53,41,10,2,322,163,210,290,315,53,30,12,3
9253,LY6G6D,51,45,33,11,41,31,21,8,322,230,246,268,303,10,14,12,3
9242,LURAP1L,117,83,13,4,55,20,1,0,322,150,219,308,318,62,63,12,4
18447,USP4,51,29,13,6,45,20,1,0,322,226,273,308,316,6,9,12,6
18437,USP30,85,52,15,8,93,51,3,0,322,144,219,304,314,-8,1,12,8
4410,DNAH7,99,72,30,12,102,62,18,7,322,121,188,274,303,-3,10,12,5
17110,TMEM150A,61,39,19,8,84,57,7,2,322,177,226,296,312,-23,-18,12,6
5113,ERMN,77,60,30,7,64,41,18,7,322,181,221,274,308,13,19,12,0
516,AKR1B15,114,88,15,2,55,35,3,0,322,153,199,304,320,59,53,12,2
7596,IGHV2OR16-5,19,19,16,12,4,4,4,4,322,299,299,302,306,15,15,12,8
9102,LRP5,75,44,16,10,87,58,4,1,322,160,220,302,311,-12,-14,12,9
18514,VAV3,69,49,21,3,52,32,9,0,322,201,241,292,319,17,17,12,3
5102,ERICH2,80,65,27,13,65,51,15,7,322,177,206,280,302,15,14,12,6
12523,PLAAT3,83,57,20,10,61,37,8,4,322,178,228,294,308,22,20,12,6
17194,TMEM234,85,43,13,3,58,32,1,1,322,179,247,308,318,27,11,12,2
967,ARHGAP5,111,61,13,6,34,17,1,0,322,177,244,308,316,77,44,12,6
18252,UBTF,88,63,16,7,60,32,4,0,322,174,227,302,315,28,31,12,7
17363,TNFRSF17,65,51,31,15,59,48,19,3,322,198,223,272,304,6,3,12,12
17362,TNFRSF14,80,62,20,4,59,38,8,1,322,183,222,294,317,21,24,12,3
8988,LIPJ,35,33,15,5,20,20,3,0,322,267,269,304,317,15,13,12,5
7519,IFTAP,75,43,15,8,33,17,3,1,322,214,262,304,313,42,26,12,7
7525,IGF1R,93,53,14,7,47,24,2,1,322,182,245,306,314,46,29,12,6
932,ARG2,141,89,17,8,33,22,5,0,322,148,211,300,314,108,67,12,8
8888,LEUTX,36,35,14,7,9,9,2,0,322,277,278,306,315,27,26,12,7
7260,HPCA,113,87,16,5,47,35,4,1,322,162,200,302,316,66,52,12,4
4348,DLG4,143,107,14,6,22,14,2,0,322,157,201,306,316,121,93,12,6
9647,MED20,82,51,15,7,49,25,3,1,322,191,246,304,314,33,26,12,6
7179,HNMT,80,48,16,4,48,28,4,1,322,194,246,302,317,32,20,12,3
4200,DEFB134,50,48,18,10,25,23,6,3,322,247,251,298,309,25,25,12,7
398,AFAP1L1,60,39,12,2,53,19,0,0,322,209,264,310,320,7,20,12,2
9624,MDP1,58,42,24,17,75,47,12,7,322,189,233,286,298,-17,-5,12,10
404,AFF4,55,34,14,5,71,29,2,1,322,196,259,306,316,-16,5,12,4
5264,FABP4,41,40,19,6,33,30,7,2,322,248,252,296,314,8,10,12,4
16801,TEX53,24,21,15,4,5,4,3,0,322,293,297,304,318,19,17,12,4
1155,ASMTL,40,27,14,8,82,37,2,1,322,200,258,306,313,-42,-10,12,7
16817,TFDP1,48,29,12,7,54,26,0,0,322,220,267,310,315,-6,3,12,7
9563,MC1R,104,68,14,4,41,22,2,0,322,177,232,306,318,63,46,12,4
9518,MAST3,61,38,15,5,65,34,3,2,322,196,250,304,315,-4,4,12,3
18190,UBE2D3,88,46,13,7,35,14,1,0,322,199,262,308,315,53,32,12,7
7746,IGSF11,88,60,14,7,68,32,2,0,322,166,230,306,315,20,28,12,7
1125,ASB3,76,37,14,4,33,13,2,0,322,213,272,306,318,43,24,12,4
4346,DLG2,101,72,16,6,55,32,4,1,322,166,218,302,315,46,40,12,5
16875,THBS1,120,81,25,7,59,37,13,8,322,143,204,284,307,61,44,12,-1
18551,VIM,58,39,14,8,65,45,2,2,322,199,238,306,312,-7,-6,12,6
9452,MAP4K4,54,31,12,9,56,24,0,0,322,212,267,310,313,-2,7,12,9
4627,DUSP16,114,66,13,2,38,14,1,0,322,170,242,308,320,76,52,12,2
1111,ASAP1,48,31,13,7,67,33,1,0,322,207,258,308,315,-19,-2,12,7
8582,KRT16,90,69,25,6,45,34,13,4,322,187,219,284,312,45,35,12,2
9399,MAN2A2,67,36,14,10,50,24,2,2,322,205,262,306,310,17,12,12,8
5199,EXOC3,60,41,12,7,72,33,0,0,322,190,248,310,315,-12,8,12,7
18537,VEGFD,109,75,14,1,50,25,2,0,322,163,222,306,321,59,50,12,1
16959,TIPARP,126,77,12,4,66,24,0,0,322,130,221,310,318,60,53,12,4
446,AGT,79,49,18,8,52,28,6,4,322,191,245,298,310,27,21,12,4
7230,HOXB1,76,56,15,6,16,11,3,2,322,230,255,304,314,60,45,12,4
16180,STIM1,63,38,12,8,52,24,0,0,322,207,260,310,314,11,14,12,8
10569,NCOR2,50,30,14,8,54,22,2,1,322,218,270,306,313,-4,8,12,7
4748,EED,65,38,16,6,62,34,4,0,322,195,250,302,316,3,4,12,6
15542,SMARCD3,69,40,15,10,74,43,3,1,322,179,239,304,311,-5,-3,12,9
19381,ZNF530,88,55,15,4,77,36,3,1,322,157,231,304,317,11,19,12,3
5707,FGF9,126,71,12,4,43,19,0,0,322,153,232,310,318,83,52,12,4
15437,SLC6A3,85,57,12,7,10,3,0,0,322,227,262,310,315,75,54,12,7
19374,ZNF521,89,62,17,10,70,37,5,1,322,163,223,300,311,19,25,12,9
15473,SLC9B1,107,84,26,11,88,70,14,3,322,127,168,282,308,19,14,12,8
6101,GAPT,49,33,12,5,26,12,0,0,322,247,277,310,317,23,21,12,5
1760,C11orf58,72,46,15,5,36,17,3,1,322,214,259,304,316,36,29,12,4
6227,GFRA3,110,68,15,4,61,31,3,0,322,151,223,304,318,49,37,12,4
12080,PCNX2,65,34,12,4,76,42,0,0,322,181,246,310,318,-11,-8,12,4
12062,PCGF2,50,28,13,7,47,24,1,0,322,225,270,308,315,3,4,12,7
12058,PCED1A,90,58,15,8,55,24,3,3,322,177,240,304,311,35,34,12,5
131,ACAP1,86,50,16,4,64,41,4,0,322,172,231,302,318,22,9,12,4
19283,ZNF384,83,41,12,8,39,22,0,0,322,200,259,310,314,44,19,12,8
12193,PDZD7,94,65,15,4,69,34,3,1,322,159,223,304,317,25,31,12,3
11979,PBX3,119,71,14,5,44,20,2,1,322,159,231,306,316,75,51,12,4
6256,GHRH,34,32,26,9,24,22,14,4,322,264,268,282,309,10,10,12,5
8149,JUND,88,58,14,8,65,25,2,2,322,169,239,306,312,23,33,12,6
19252,ZNF324,83,47,15,2,83,43,3,1,322,156,232,304,319,0,4,12,1
11914,PAQR3,95,62,13,1,32,18,1,0,322,195,242,308,321,63,44,12,1
7861,IMMP1L,94,62,16,7,41,24,4,3,322,187,236,302,312,53,38,12,4
11860,PAEP,96,76,26,12,56,40,14,1,322,170,206,282,309,40,36,12,11
1711,BTG2,105,77,21,7,82,41,9,0,322,135,204,292,315,23,36,12,7
3757,CTAG1A,35,32,21,10,19,18,9,5,322,268,272,292,307,16,14,12,5
19230,ZNF281,102,70,12,0,47,21,0,0,322,173,231,310,322,55,49,12,0
158,ACO2,51,30,12,7,46,27,0,0,322,225,265,310,315,5,3,12,7
17942,TSKS,76,54,19,7,47,27,7,2,322,199,241,296,313,29,27,12,5
19385,ZNF540,99,60,14,0,66,36,2,0,322,157,226,306,322,33,24,12,0
17993,TSSK2,71,56,17,6,45,38,5,2,322,206,228,300,314,26,18,12,4
15621,SMPD3,89,63,19,5,79,51,7,2,322,154,208,296,315,10,12,12,3
19599,ZNF808,123,71,17,4,42,27,5,1,322,157,224,300,317,81,44,12,3
15089,SKP1,69,47,14,8,45,22,2,1,322,208,253,306,313,24,25,12,7
8005,IRGC,60,55,16,4,16,14,4,2,322,246,253,302,316,44,41,12,2
3112,CIBAR2,78,52,13,1,59,40,1,0,322,185,230,308,321,19,12,12,1
19642,ZNHIT1,63,39,16,8,40,21,4,2,322,219,262,302,312,23,18,12,6
1881,C1orf226,115,77,15,5,70,40,3,0,322,137,205,304,317,45,37,12,5
15177,SLC22A16,73,59,14,4,19,15,2,0,322,230,248,306,318,54,44,12,4
15178,SLC22A17,74,47,14,8,40,19,2,0,322,208,256,306,314,34,28,12,8
19625,ZNF853,50,29,13,4,66,33,1,1,322,206,260,308,317,-16,-4,12,3
8009,IRS2,91,60,12,4,41,18,0,0,322,190,244,310,318,50,42,12,4
5851,FOXE3,96,69,19,4,46,34,7,3,322,180,219,296,315,50,35,12,1
3158,CLCN1,87,63,14,0,47,27,2,0,322,188,232,306,322,40,36,12,0
12374,PIANP,84,57,14,5,45,26,2,0,322,193,239,306,317,39,31,12,5
4903,ELK3,72,41,13,6,65,39,1,1,322,185,242,308,315,7,2,12,5
4923,ELOVL3,97,69,14,6,44,30,2,0,322,181,223,306,316,53,39,12,6
12358,PHPT1,66,40,14,6,56,28,2,1,322,200,254,306,315,10,12,12,5
8043,ITGA2B,97,66,21,5,70,40,9,3,322,155,216,292,314,27,26,12,2
1850,C19orf73,86,61,26,9,78,46,14,6,322,158,215,282,307,8,15,12,3
5927,FSCN1,42,29,14,9,83,47,2,1,322,197,246,306,312,-41,-18,12,8
1836,C18orf32,115,78,16,4,45,28,4,2,322,162,216,302,316,70,50,12,2
15287,SLC30A1,82,49,15,4,99,56,3,0,322,141,217,304,318,-17,-7,12,4
18028,TTC36,93,67,27,12,79,57,15,4,322,150,198,280,306,14,10,12,8
4879,EIF5,96,63,15,7,44,19,3,0,322,182,240,304,315,52,44,12,7
12262,PFN1,51,37,15,9,40,22,3,1,322,231,263,304,312,11,15,12,8
8048,ITGA7,103,63,20,6,59,40,8,1,322,160,219,294,315,44,23,12,5
12251,PFDN2,67,42,13,8,41,17,1,1,322,214,263,308,313,26,25,12,7
18076,TUBA4A,75,45,15,7,59,36,3,0,322,188,241,304,315,16,9,12,7
11793,OVOL3,109,91,39,19,78,62,27,10,322,135,169,256,293,31,29,12,9
15592,SMIM32,65,46,18,8,30,19,6,2,322,227,257,298,312,35,27,12,6
19199,ZNF233,103,61,17,2,62,34,5,1,322,157,227,300,319,41,27,12,1
3570,CPT1B,91,50,15,4,77,36,3,2,322,154,236,304,316,14,14,12,2
209,ACTG2,102,75,20,2,74,54,8,3,322,146,193,294,317,28,21,12,-1
15909,SPI1,75,67,24,12,62,47,12,2,322,185,208,286,308,13,20,12,10
5513,FANK1,113,84,25,4,69,49,13,2,322,140,189,284,316,44,35,12,2
10941,NPAS3,95,71,28,20,78,50,16,11,322,149,201,278,291,17,21,12,9
15960,SPRING1,52,22,12,7,54,20,0,0,322,216,280,310,315,-2,2,12,7
10920,NOTCH2,53,32,15,7,52,29,3,1,322,217,261,304,314,1,3,12,6
10919,NOTCH1,82,42,13,7,48,17,1,0,322,192,263,308,315,34,25,12,7
621,AMHR2,95,68,15,3,56,28,3,3,322,171,226,304,316,39,40,12,0
19039,ZFAND5,67,43,13,7,64,38,1,0,322,191,241,308,315,3,5,12,7
15996,SPTSSB,89,72,21,9,54,36,9,6,322,179,214,292,307,35,36,12,3
3656,CRYBB1,70,60,17,4,30,25,5,1,322,222,237,300,317,40,35,12,3
4786,EFHD1,114,91,24,9,71,47,12,4,322,137,184,286,309,43,44,12,5
19017,ZDHHC19,74,60,18,4,55,44,6,1,322,193,218,298,317,19,16,12,3
620,AMH,84,56,21,10,75,46,9,3,322,163,220,292,309,9,10,12,7
18957,ZBTB5,64,37,12,5,62,27,0,0,322,196,258,310,317,2,10,12,5
10790,NISCH,46,23,12,7,59,33,0,0,322,217,266,310,315,-13,-10,12,7
3688,CSGALNACT2,73,46,15,4,49,26,3,0,322,200,250,304,318,24,20,12,4
17814,TRIM46,90,57,17,3,67,38,5,1,322,165,227,300,318,23,19,12,2
10769,NID1,81,53,12,3,27,14,0,0,322,214,255,310,319,54,39,12,3
3693,CSKMT,82,48,15,5,75,41,3,0,322,165,233,304,317,7,7,12,5
6685,GRIPAP1,69,38,14,8,56,37,2,1,322,197,247,306,313,13,1,12,7
18925,ZBTB10,88,58,14,2,61,30,2,0,322,173,234,306,320,27,28,12,2
775,ANTXR2,89,45,12,6,40,25,0,0,322,193,252,310,316,49,20,12,6
5424,FAM241B,79,55,17,4,96,62,5,1,322,147,205,300,317,-17,-7,12,3
10651,NECTIN3,90,60,16,2,78,34,4,0,322,154,228,302,320,12,26,12,2
17916,TRPV6,46,31,16,10,30,17,4,3,322,246,274,302,309,16,14,12,7
742,ANKRD61,141,99,22,5,53,35,10,3,322,128,188,290,314,88,64,12,2
1643,BPTF,68,36,15,9,59,26,3,0,322,195,260,304,313,9,10,12,9
6405,GNB3,104,55,18,4,67,42,6,0,322,151,225,298,318,37,13,12,4
3419,COL5A1,70,51,15,3,73,42,3,0,322,179,229,304,319,-3,9,12,3
6346,GLRB,94,72,16,4,36,21,4,1,322,192,229,302,317,58,51,12,3
6368,GLYR1,57,33,14,7,59,35,2,1,322,206,254,306,314,-2,-2,12,6
5579,FBXO24,104,78,26,11,81,59,14,5,322,137,185,282,306,23,19,12,6
4809,EGLN3,114,70,14,3,50,23,2,1,322,158,229,306,318,64,47,12,2
4807,EGLN1,82,51,14,2,52,25,2,1,322,188,246,306,319,30,26,12,1
11281,OLFM2,83,57,18,11,74,53,6,3,322,165,212,298,308,9,4,12,8
5571,FBXO10,75,41,13,5,50,28,1,1,322,197,253,308,316,25,13,12,4
15714,SNX29,69,42,13,10,70,35,1,0,322,183,245,308,312,-1,7,12,10
11279,OLAH,101,64,15,1,57,31,3,0,322,164,227,304,321,44,33,12,1
6384,GMPR2,80,51,14,8,60,34,2,1,322,182,237,306,313,20,17,12,7
19130,ZNF106,87,51,14,5,33,13,2,0,322,202,258,306,317,54,38,12,5
916,AREL1,64,44,13,8,56,24,1,0,322,202,254,308,314,8,20,12,8
6434,GNRH1,132,97,23,5,66,41,11,4,322,124,184,288,313,66,56,12,1
4973,ENDOU,95,62,14,4,54,35,2,1,322,173,225,306,317,41,27,12,3
6471,GOLGB1,94,57,14,7,52,25,2,1,322,176,240,306,314,42,32,12,6
11151,NUDT21,55,33,13,8,63,36,1,0,322,204,253,308,314,-8,-3,12,8
15819,SPANXD,41,32,20,6,32,27,8,2,322,249,263,294,314,9,5,12,4
6443,GOLGA6A,112,81,14,2,49,27,2,0,322,161,214,306,320,63,54,12,2
7965,IQCE,58,36,11,6,78,34,0,0,322,186,252,311,316,-20,2,11,6
5013,EP400,47,27,12,6,65,33,1,0,322,210,262,309,316,-18,-6,11,6
13611,RAD52,99,55,12,3,51,26,1,0,322,172,241,309,319,48,29,11,3
2637,CD83,109,66,15,2,47,28,4,0,322,166,228,303,320,62,38,11,2
5000,ENTPD3,90,68,24,12,68,42,13,5,322,164,212,285,305,22,26,11,7
4965,EMX2,104,57,13,4,64,36,2,0,322,154,229,307,318,40,21,11,4
4962,EMP3,71,46,19,12,65,46,8,2,322,186,230,295,308,6,0,11,10
7528,IGF2BP2,66,41,12,4,47,18,1,0,322,209,263,309,318,19,23,11,4
7794,IL18,82,42,16,2,47,31,5,1,322,193,249,301,319,35,11,11,1
4916,ELOA2,70,40,12,6,10,6,1,0,322,242,276,309,316,60,34,11,6
7530,IGF2R,59,37,13,6,48,19,2,1,322,215,266,307,315,11,18,11,5
7813,IL20RB,113,81,14,7,45,18,3,2,322,164,223,305,313,68,63,11,5
5040,EPHB3,105,68,11,3,47,25,0,0,322,170,229,311,319,58,43,11,3
4972,ENDOG,75,52,13,9,63,35,2,1,322,184,235,307,312,12,17,11,8
7971,IQCG,73,43,14,4,59,31,3,0,322,190,248,305,318,14,12,11,4
13568,RAB6A,62,35,12,6,44,26,1,0,322,216,261,309,316,18,9,11,6
7923,INSR,82,42,13,2,59,29,2,0,322,181,251,307,320,23,13,11,2
4990,ENPP2,85,59,14,2,64,38,3,0,322,173,225,305,320,21,21,11,2
7678,IGKV2D-40,13,13,13,10,2,2,2,1,322,307,307,307,311,11,11,11,9
7945,IP6K1,86,54,11,9,35,25,0,0,322,201,243,311,313,51,29,11,9
3103,CIAO2B,68,40,13,10,41,17,2,1,322,213,265,307,311,27,23,11,9
7471,IFITM1,83,63,27,12,83,53,16,5,322,156,206,279,305,0,10,11,7
5630,FCGRT,97,64,22,10,61,33,11,4,322,164,225,289,308,36,31,11,6
6547,GPR137B,70,43,12,6,78,33,1,1,322,174,246,309,315,-8,10,11,5
6521,GPD1,98,79,20,9,92,64,9,1,322,132,179,293,312,6,15,11,8
6483,GORASP1,66,34,14,9,66,35,3,0,322,190,253,305,313,0,-1,11,9
5523,FASLG,59,46,14,5,52,33,3,0,322,211,243,305,317,7,13,11,5
6477,GOLT1A,81,63,21,7,54,40,10,5,322,187,219,291,310,27,23,11,2
5545,FBLN5,72,55,12,5,49,21,1,0,322,201,246,309,317,23,34,11,5
13967,RHBDD2,99,56,12,7,52,24,1,1,322,171,242,309,314,47,32,11,6
13968,RHBDD3,82,44,15,8,46,26,4,2,322,194,252,303,312,36,18,11,6
6335,GLIS3,115,77,12,5,44,27,1,0,322,163,218,309,317,71,50,11,5
6319,GLCCI1,58,29,12,6,93,42,1,0,322,171,251,309,316,-35,-13,11,6
6291,GJA8,42,33,11,6,13,9,0,0,322,267,280,311,316,29,24,11,6
2453,CCDC96,137,96,14,1,47,25,3,0,322,138,201,305,321,90,71,11,1
2448,CCDC9,102,64,17,7,46,22,6,1,322,174,236,299,314,56,42,11,6
6096,GANAB,55,34,13,8,53,27,2,1,322,214,261,307,313,2,7,11,7
6650,GRB10,54,36,16,7,85,49,5,1,322,183,237,301,314,-31,-13,11,6
6060,GAL3ST2,83,61,14,3,64,44,3,0,322,175,217,305,319,19,17,11,3
6053,GAGE12J,25,22,17,12,15,9,6,6,322,282,291,299,304,10,13,11,6
6007,GAA,67,44,14,6,65,34,3,1,322,190,244,305,315,2,10,11,5
5968,FUT7,51,44,14,3,24,13,3,0,322,247,265,305,319,27,31,11,3
5966,FUT5,55,43,12,5,23,11,1,0,322,244,268,309,317,32,32,11,5
5762,FKBP8,84,47,15,12,49,30,4,3,322,189,245,303,307,35,17,11,9
2416,CCDC6,59,30,11,4,39,20,0,0,322,224,272,311,318,20,10,11,4
5944,FTH1,54,36,12,9,40,20,1,1,322,228,266,309,312,14,16,11,8
5923,FRYL,82,50,11,2,41,17,0,0,322,199,255,311,320,41,33,11,2
5880,FOXP3,94,60,19,4,80,49,8,4,322,148,213,295,314,14,11,11,0
14122,RNF157,91,45,12,5,36,16,1,1,322,195,261,309,316,55,29,11,4
5809,FNBP1L,71,37,12,5,50,19,1,0,322,201,266,309,317,21,18,11,5
5839,FOXC1,100,67,12,3,45,19,1,0,322,177,236,309,319,55,48,11,3
6606,GPR75,89,44,11,2,43,21,0,0,322,190,257,311,320,46,23,11,2
6674,GRIK5,111,70,14,7,54,33,3,0,322,157,219,305,315,57,37,11,7
2613,CD44,52,36,15,6,74,47,4,0,322,196,239,303,316,-22,-11,11,6
6996,HDAC7,51,24,12,6,93,47,1,1,322,178,251,309,315,-42,-23,11,5
7443,IDI2,90,75,14,2,41,28,3,1,322,191,219,305,319,49,47,11,1
13623,RAF1,55,33,12,4,42,28,1,0,322,225,261,309,318,13,5,11,4
5103,ERICH3,53,38,11,2,17,6,0,0,322,252,278,311,320,36,32,11,2
7401,HUWE1,53,30,12,6,56,21,1,1,322,213,271,309,315,-3,9,11,5
7400,HUS1B,104,69,25,5,79,52,14,5,322,139,201,283,312,25,17,11,0
7369,HSPG2,97,59,15,3,61,38,4,3,322,164,225,303,316,36,21,11,0
7303,HSBP1,88,56,13,9,27,12,2,1,322,207,254,307,312,61,44,11,8
7278,HPX,109,76,15,2,62,36,4,0,322,151,210,303,320,47,40,11,2
13701,RASL10A,93,68,21,12,71,46,10,3,322,158,208,291,307,22,22,11,9
7201,HNRNPM,65,41,14,7,44,18,3,1,322,213,263,305,314,21,23,11,6
5209,EXOG,79,49,19,4,86,59,8,3,322,157,214,295,315,-7,-10,11,1
7103,HIPK1,121,63,13,8,26,12,2,0,322,175,247,307,314,95,51,11,8
7097,HINFP,95,45,11,6,38,12,0,0,322,189,265,311,316,57,33,11,6
5301,FAM120AOS,72,47,12,3,40,22,1,0,322,210,253,309,319,32,25,11,3
13878,REST,97,59,11,3,41,23,0,0,322,184,240,311,319,56,36,11,3
6955,HAVCR1,93,64,14,3,58,30,3,1,322,171,228,305,318,35,34,11,2
2560,CD151,52,27,13,8,52,18,2,1,322,218,277,307,313,0,9,11,7
6905,H4C2,82,60,37,19,91,71,26,7,322,149,191,259,296,-9,-11,11,12
2547,CCT3,83,45,14,10,27,16,3,1,322,212,261,305,311,56,29,11,9
13519,RAB1B,49,30,12,7,48,23,1,1,322,225,269,309,314,1,7,11,6
13772,RBM48,148,91,11,3,27,12,0,0,322,147,219,311,319,121,79,11,3
13804,RC3H1,139,61,11,4,39,15,0,0,322,144,246,311,318,100,46,11,4
6809,GYG2,55,40,14,4,58,26,3,2,322,209,256,305,316,-3,14,11,2
13813,RCC2,44,27,12,8,62,35,1,1,322,216,260,309,313,-18,-8,11,7
6745,GSTP1,57,38,16,7,66,37,5,3,322,199,247,301,312,-9,1,11,4
6739,GSTM2,95,60,18,9,62,37,7,2,322,165,225,297,311,33,23,11,7
13865,REM2,87,59,16,4,63,39,5,1,322,172,224,301,317,24,20,11,3
6692,GRK7,89,58,12,6,33,12,1,0,322,200,252,309,316,56,46,11,6
6889,H3C14,101,65,16,8,62,36,5,3,322,159,221,301,311,39,29,11,5
13291,PSMC6,77,49,11,3,47,24,0,0,322,198,249,311,319,30,25,11,3
13501,R3HDM4,72,52,19,14,82,55,8,3,322,168,215,295,305,-10,-3,11,11
10252,MTRF1,94,62,15,2,48,25,4,1,322,180,235,303,319,46,37,11,1
10950,NPDC1,61,42,15,12,63,32,4,2,322,198,248,303,308,-2,10,11,10
10994,NPRL3,53,25,13,6,54,26,2,1,322,215,271,307,315,-1,-1,11,5
12857,PPFIA3,93,59,16,6,56,32,5,2,322,173,231,301,314,37,27,11,4
11017,NR1H4,78,58,13,3,40,25,2,0,322,204,239,307,319,38,33,11,3
11025,NR2F1,89,48,11,5,54,21,0,0,322,179,253,311,317,35,27,11,5
12855,PPFIA1,65,32,12,5,58,36,1,0,322,199,254,309,317,7,-4,11,5
11071,NSD2,49,28,13,8,52,25,2,0,322,221,269,307,314,-3,3,11,8
3562,CPSF1,59,32,13,7,65,32,2,1,322,198,258,307,314,-6,0,11,6
3557,CPO,92,82,14,4,39,28,3,1,322,191,212,305,317,53,54,11,3
3515,COX7A2L,67,37,14,5,49,23,3,0,322,206,262,305,317,18,14,11,5
3513,COX7A1,39,37,28,20,34,28,17,14,322,249,257,277,288,5,9,11,6
11241,OBSL1,64,41,12,6,58,27,1,1,322,200,254,309,315,6,14,11,5
3494,COTL1,72,38,13,7,30,17,2,1,322,220,267,307,314,42,21,11,6
3478,COQ5,70,41,13,4,50,29,2,0,322,202,252,307,318,20,12,11,4
3462,COPS2,65,41,12,7,35,16,1,1,322,222,265,309,314,30,25,11,6
2996,CHCHD2,50,27,12,8,42,22,1,1,322,230,273,309,313,8,5,11,7
12797,PON3,72,60,15,2,32,23,4,0,322,218,239,303,320,40,37,11,2
10881,NOC2L,48,32,12,7,43,26,1,0,322,231,264,309,315,5,6,11,7
3645,CRTC2,82,49,12,4,38,17,1,0,322,202,256,309,318,44,32,11,4
10853,NME1-NME2,81,61,36,23,55,45,25,18,322,186,216,261,281,26,16,11,5
10617,NDUFB1,58,34,15,10,51,26,4,1,322,213,262,303,311,7,8,11,9
3920,CYP26B1,119,70,12,2,37,24,1,0,322,166,228,309,320,82,46,11,2
3911,CYP17A1,74,58,13,2,31,21,2,0,322,217,243,307,320,43,37,11,2
10322,MYBPH,52,35,12,3,25,16,1,1,322,245,271,309,318,27,19,11,2
10364,MYLIP,120,73,15,3,46,29,4,0,322,156,220,303,319,74,44,11,3
2928,CFAP300,97,61,12,0,54,34,1,0,322,171,227,309,322,43,27,11,0
10435,NAA16,160,95,12,2,23,13,1,0,322,139,214,309,320,137,82,11,2
10610,NDUFAF2,51,28,12,6,41,17,1,0,322,230,277,309,316,10,11,11,6
3745,CT45A7,25,24,17,9,14,13,6,1,322,283,285,299,312,11,11,11,8
2959,CFDP1,70,41,12,4,44,23,1,0,322,208,258,309,318,26,18,11,4
10679,NELFCD,49,30,13,5,43,31,2,1,322,230,261,307,316,6,-1,11,4
3724,CST3,51,34,13,6,53,26,2,2,322,218,262,307,314,-2,8,11,4
3723,CST2,42,40,14,3,18,15,3,1,322,262,267,305,318,24,25,11,2
10723,NFE2L2,72,40,12,6,48,31,1,1,322,202,251,309,315,24,9,11,5
10773,NIM1K,106,67,18,6,57,27,7,3,322,159,228,297,313,49,40,11,3
12892,PPM1K,105,56,13,7,52,26,2,0,322,165,240,307,315,53,30,11,7
10817,NKX3-1,128,83,16,8,44,24,5,0,322,150,215,301,314,84,59,11,8
3427,COL7A1,91,56,12,2,70,39,1,0,322,161,227,309,320,21,17,11,2
12793,POMT2,74,37,15,7,53,29,4,0,322,195,256,303,315,21,8,11,7
3410,COL28A1,97,68,18,7,64,36,7,2,322,161,218,297,313,33,32,11,5
12354,PHOSPHO1,85,66,19,4,76,46,8,1,322,161,210,295,317,9,20,11,3
12245,PEX6,129,80,11,1,37,19,0,0,322,156,223,311,321,92,61,11,1
12636,PLS3,66,50,16,6,61,38,5,4,322,195,234,301,312,5,12,11,2
12257,PFKFB3,61,38,16,7,77,43,5,0,322,184,241,301,315,-16,-5,11,7
12277,PGAP6,53,28,12,7,67,35,1,1,322,202,259,309,314,-14,-7,11,6
3208,CLEC2B,92,65,17,6,64,44,6,1,322,166,213,299,315,28,21,11,5
12283,PGD,49,35,12,8,67,31,1,1,322,206,256,309,313,-18,4,11,7
12315,PHC3,69,28,12,5,62,34,1,0,322,191,260,309,317,7,-6,11,5
3169,CLDN11,94,54,12,3,64,37,1,0,322,164,231,309,319,30,17,11,3
12200,PEA15,92,61,12,7,32,21,1,0,322,198,240,309,315,60,40,11,7
12593,PLEKHM2,42,27,12,7,51,23,1,0,322,229,272,309,315,-9,4,11,7
12373,PI4KB,67,33,12,8,46,19,1,1,322,209,270,309,313,21,14,11,7
3148,CLASP1,70,41,12,6,42,25,1,1,322,210,256,309,315,28,16,11,5
3147,CKS2,131,77,13,10,30,17,2,1,322,161,228,307,311,101,60,11,9
3142,CKM,103,73,14,7,41,22,3,0,322,178,227,305,315,62,51,11,7
12472,PKD1,64,29,11,7,60,34,0,0,322,198,259,311,315,4,-5,11,7
12517,PLA2G6,80,55,20,12,62,41,9,2,322,180,226,293,308,18,14,11,10
3235,CLIP2,76,46,14,6,61,35,3,2,322,185,241,305,314,15,11,11,4
3253,CLPP,59,37,11,6,55,21,0,0,322,208,264,311,316,4,16,11,6
12767,POLR2J2,89,48,18,9,56,42,7,3,322,177,232,297,310,33,6,11,6
11975,PBOV1,117,69,13,0,43,22,2,0,322,162,231,307,322,74,47,11,0
11797,OXER1,118,75,12,3,39,12,1,1,322,165,235,309,318,79,63,11,2
11829,P3R3URF-PIK3R3,34,29,23,15,24,21,12,10,322,264,272,287,297,10,8,11,5
3391,COL11A2,119,75,16,2,47,28,5,0,322,156,219,301,320,72,47,11,2
11888,PALLD,52,30,13,5,56,30,2,0,322,214,262,307,317,-4,0,11,5
12704,PNPLA6,73,39,15,9,74,35,4,2,322,175,248,303,311,-1,4,11,7
11920,PAQR9,79,48,14,4,33,16,3,0,322,210,258,305,318,46,32,11,4
3350,CNTD1,99,80,34,11,74,51,23,4,322,149,191,265,307,25,29,11,7
11986,PCBP1,81,45,13,8,30,13,2,1,322,211,264,307,313,51,32,11,7
3269,CLTC,48,31,12,9,37,20,1,0,322,237,271,309,313,11,11,11,9
12040,PCDHGA2,97,67,11,3,38,19,0,0,322,187,236,311,319,59,48,11,3
3047,CHP1,59,38,13,6,27,12,2,0,322,236,272,307,316,32,26,11,6
3290,CMTM1,97,57,15,4,56,34,4,1,322,169,231,303,317,41,23,11,3
12102,PDAP1,81,46,17,13,65,35,6,4,322,176,241,299,305,16,11,11,9
12112,PDCD6,51,30,12,6,57,27,1,1,322,214,265,309,315,-6,3,11,5
3276,CLVS1,90,69,26,9,78,57,15,7,322,154,196,281,306,12,12,11,2
12159,PDIA4,86,58,17,10,54,35,6,1,322,182,229,299,311,32,23,11,9
3930,CYP2C19,105,59,11,2,32,15,0,0,322,185,248,311,320,73,44,11,2
10105,MRPS34,38,28,13,8,57,32,2,1,322,227,262,307,313,-19,-4,11,7
2670,CDC42BPB,45,27,11,6,61,20,0,0,322,216,275,311,316,-16,7,11,6
12939,PPP1R7,68,45,11,5,39,23,0,0,322,215,254,311,317,29,22,11,5
8528,KLRC1,80,66,34,15,60,49,23,10,322,182,207,265,297,20,17,11,5
2740,CDK3,113,71,17,8,66,37,6,1,322,143,214,299,313,47,34,11,7
8544,KMT2E,89,46,13,4,52,23,2,1,322,181,253,307,317,37,23,11,3
8588,KRT222,56,42,19,5,40,23,8,4,322,226,257,295,313,16,19,11,1
8620,KRT78,59,31,14,3,29,18,3,1,322,234,273,305,318,30,13,11,2
13320,PSPN,149,91,12,2,33,13,1,0,322,140,218,309,320,116,78,11,2
8666,KRTAP19-8,17,17,17,12,7,6,6,4,322,298,299,299,306,10,11,11,8
8774,LAMTOR3,84,46,13,6,42,19,2,1,322,196,257,307,315,42,27,11,5
8788,LARP4,125,72,13,5,25,10,2,1,322,172,240,307,316,100,62,11,4
4556,DPYSL4,49,29,11,6,43,22,0,0,322,230,271,311,316,6,7,11,6
2761,CDKN2A,54,37,13,5,27,16,2,0,322,241,269,307,317,27,21,11,5
4517,DPCD,66,43,16,7,51,25,5,1,322,205,254,301,314,15,18,11,6
8935,LIFR,62,36,14,4,61,31,3,0,322,199,255,305,318,1,5,11,4
13296,PSMD13,65,39,12,5,44,20,1,1,322,213,263,309,316,21,19,11,4
13294,PSMD11,60,32,12,7,54,30,1,1,322,208,260,309,314,6,2,11,6
13293,PSMD10,76,47,11,3,39,17,0,0,322,207,258,311,319,37,30,11,3
9024,LMO4,82,50,12,6,54,27,1,0,322,186,245,309,316,28,23,11,6
8495,KLHL32,111,67,18,6,55,30,7,5,322,156,225,297,311,56,37,11,1
4667,DYNLRB1,51,32,14,7,46,19,3,2,322,225,271,305,313,5,13,11,5
4696,EARS2,95,64,13,6,43,20,2,0,322,184,238,307,316,52,44,11,6
8157,KANSL1,73,49,12,7,47,14,1,1,322,202,259,309,314,26,35,11,6
4880,EIF5A,51,29,12,9,55,23,1,1,322,216,270,309,312,-4,6,11,8
4876,EIF4G2,51,32,14,9,55,38,3,1,322,216,252,305,312,-4,-6,11,8
13487,QRFP,80,52,18,7,38,27,7,4,322,204,243,297,311,42,25,11,3
8079,ITM2B,60,36,12,8,53,31,1,1,322,209,255,309,313,7,5,11,7
13483,QKI,85,46,13,9,39,18,2,1,322,198,258,307,312,46,28,11,8
8120,JAML,59,48,13,3,27,21,2,1,322,236,253,307,318,32,27,11,2
4829,EIF1,74,39,12,8,50,32,1,1,322,198,251,309,313,24,7,11,7
4823,EHMT2,48,31,13,9,60,25,2,0,322,214,266,307,313,-12,6,11,9
8379,KIDINS220,49,27,11,4,43,21,0,0,322,230,274,311,318,6,6,11,4
8183,KBTBD2,78,52,11,1,56,25,0,0,322,188,245,311,321,22,27,11,1
8188,KBTBD8,146,103,19,5,40,26,8,0,322,136,193,295,317,106,77,11,5
13434,PURA,94,59,15,8,43,21,4,4,322,185,242,303,310,51,38,11,4
8234,KCNJ10,86,58,19,9,59,30,8,1,322,177,234,295,312,27,28,11,8
13405,PTPRF,52,30,11,8,65,26,0,0,322,205,266,311,314,-13,4,11,8
4762,EEF2,56,30,13,8,46,26,2,1,322,220,266,307,313,10,4,11,7
8340,KHDC3L,37,36,16,5,19,15,5,2,322,266,271,301,315,18,21,11,3
13278,PSMB3,63,34,16,9,38,18,5,1,322,221,270,301,312,25,16,11,8
4465,DNASE1,112,61,12,4,31,18,1,1,322,179,243,309,317,81,43,11,3
9099,LRP2BP,122,81,13,2,35,17,2,0,322,165,224,307,320,87,64,11,2
13027,PRDM14,95,61,12,3,40,14,1,1,322,187,247,309,318,55,47,11,2
9516,MAST1,76,52,19,6,76,40,8,5,322,170,230,295,311,0,12,11,1
4223,DENND5B,69,39,11,5,50,22,0,0,322,203,261,311,317,19,17,11,5
4214,DENND2A,96,58,12,3,44,16,1,1,322,182,248,309,318,52,42,11,2
13097,PRKN,87,56,22,7,57,32,11,4,322,178,234,289,311,30,24,11,3
9704,METRN,76,58,18,8,63,27,7,1,322,183,237,297,313,13,31,11,7
9843,MIXL1,84,54,14,4,61,33,3,0,322,177,235,305,318,23,21,11,4
9874,MLXIP,58,33,12,4,41,17,1,1,322,223,272,309,317,17,16,11,3
12988,PRAG1,83,49,12,7,62,25,1,0,322,177,248,309,315,21,24,11,7
9474,MAPK8IP1,75,46,14,7,45,20,3,1,322,202,256,305,314,30,26,11,6
9906,MMP3,100,72,17,9,37,20,6,1,322,185,230,299,312,63,52,11,8
12985,PRAC2,34,31,21,4,35,24,10,3,322,253,267,291,315,-1,7,11,1
9938,MOGAT3,102,69,15,2,48,27,4,1,322,172,226,303,319,54,42,11,1
9941,MON1A,75,54,15,5,53,30,4,0,322,194,238,303,317,22,24,11,5
2903,CERS4,81,52,19,11,68,35,8,5,322,173,235,295,306,13,17,11,6
4047,DCAF8,52,33,13,7,78,37,2,0,322,192,252,307,315,-26,-4,11,7
10016,MRGPRX3,107,68,17,4,46,24,6,4,322,169,230,299,314,61,44,11,0
9479,MAPKAPK2,43,25,12,5,57,30,1,1,322,222,267,309,316,-14,-5,11,4
4283,DHRS7,64,37,12,3,32,15,1,1,322,226,270,309,318,32,22,11,2
9113,LRRC15,98,59,11,3,27,11,0,0,322,197,252,311,319,71,48,11,3
4361,DLX1,99,65,14,9,82,39,3,0,322,141,218,305,313,17,26,11,9
9130,LRRC36,107,75,15,5,67,36,4,1,322,148,211,303,316,40,39,11,4
9157,LRRC6,102,63,18,8,59,31,7,0,322,161,228,297,314,43,32,11,8
4428,DNAJB5,97,53,14,5,69,33,3,0,322,156,236,305,317,28,20,11,5
9200,LSAMP,93,66,18,5,56,33,7,1,322,173,223,297,316,37,33,11,4
13211,PRSS27,64,38,14,8,66,33,3,1,322,192,251,305,313,-2,5,11,7
9233,LTK,117,81,15,3,48,24,4,0,322,157,217,303,319,69,57,11,3
4374,DMD,84,49,15,7,60,36,4,1,322,178,237,303,314,24,13,11,6
13191,PRRC2A,51,30,12,7,71,37,1,1,322,200,255,309,314,-20,-7,11,6
9437,MAP3K2,60,32,12,4,38,19,1,0,322,224,271,309,318,22,13,11,4
4349,DLG5,50,27,11,7,56,23,0,0,322,216,272,311,315,-6,4,11,7
9328,MAF1,56,30,12,7,54,27,1,1,322,212,265,309,314,2,3,11,6
4336,DKK2,95,65,12,1,35,20,1,0,322,192,237,309,321,60,45,11,1
9333,MAFK,93,65,13,4,54,29,2,0,322,175,228,307,318,39,36,11,4
9364,MAGED4B,54,35,15,10,55,38,4,3,322,213,249,303,309,-1,-3,11,7
9373,MAGIX,118,76,13,0,45,20,2,2,322,159,226,307,320,73,56,11,-2
9415,MAP1B,73,43,11,6,53,29,0,0,322,196,250,311,316,20,14,11,6
4184,DEFB116,12,12,12,11,1,1,1,1,322,309,309,309,310,11,11,11,10
12945,PPP2R1A,54,29,13,9,76,40,2,2,322,192,253,307,311,-22,-11,11,7
207,ACTC1,96,77,18,7,62,47,7,0,322,164,198,297,315,34,30,11,7
14593,SCD,54,34,12,7,61,34,1,0,322,207,254,309,315,-7,0,11,7
19323,ZNF443,89,65,17,5,77,56,6,4,322,156,201,299,313,12,9,11,1
1277,ATP5PD,52,36,14,6,56,27,3,1,322,214,259,305,315,-4,9,11,5
14889,SFMBT1,78,46,13,5,46,27,2,0,322,198,249,307,317,32,19,11,5
1547,BICDL1,84,52,12,4,42,23,1,0,322,196,247,309,318,42,29,11,4
1732,BUD23,68,35,12,7,36,18,1,0,322,218,269,309,315,32,17,11,7
19442,ZNF599,86,44,12,5,52,29,1,1,322,184,249,309,316,34,15,11,4
15003,SHKBP1,79,45,13,6,45,21,2,2,322,198,256,307,314,34,24,11,4
16837,TGFB1I1,71,39,16,2,93,61,5,1,322,158,222,301,319,-22,-22,11,1
170,ACOX1,89,50,12,7,40,24,1,0,322,193,248,309,315,49,26,11,7
17185,TMEM223,59,36,12,3,69,32,1,1,322,194,254,309,318,-10,4,11,2
16854,TGM4,84,54,15,1,55,28,4,0,322,183,240,303,321,29,26,11,1
15002,SHISAL2B,64,53,21,7,38,33,10,4,322,220,236,291,311,26,20,11,3
1948,C2orf49,81,42,13,4,48,28,2,0,322,193,252,307,318,33,14,11,4
946,ARHGAP21,62,43,13,6,65,27,2,0,322,195,252,307,316,-3,16,11,6
530,AKT3,71,41,12,2,49,19,1,0,322,202,262,309,320,22,22,11,2
17784,TRIM17,84,59,18,8,70,42,7,7,322,168,221,297,307,14,17,11,1
18524,VCX,74,60,27,2,39,32,16,7,322,209,230,279,313,35,28,11,-5
529,AKT2,62,41,13,8,64,41,2,2,322,196,240,307,312,-2,0,11,6
14300,RPS14,52,28,13,8,45,28,2,1,322,225,266,307,313,7,0,11,7
15945,SPON1,66,40,17,13,55,30,6,5,322,201,252,299,304,11,10,11,8
18050,TTLL10,58,43,15,3,29,16,4,0,322,235,263,303,319,29,27,11,3
15008,SHMT2,71,47,12,7,45,26,1,0,322,206,249,309,315,26,21,11,7
1540,BHLHE40,90,50,13,5,90,50,2,0,322,142,222,307,317,0,0,11,5
1565,BLID,74,62,18,4,46,35,7,2,322,202,225,297,316,28,27,11,2
1716,BTN1A1,60,42,11,3,29,15,0,0,322,233,265,311,319,31,27,11,3
1245,ATP1B2,94,63,16,10,63,30,5,2,322,165,229,301,310,31,33,11,8
15263,SLC27A5,99,67,21,8,62,37,10,7,322,161,218,291,307,37,30,11,1
15904,SPG21,48,25,12,6,43,19,1,1,322,231,278,309,315,5,6,11,5
19496,ZNF677,100,71,15,2,60,42,4,0,322,162,209,303,320,40,29,11,2
18259,UBXN4,64,38,11,7,59,27,0,0,322,199,257,311,315,5,11,11,7
14866,SETD5,83,44,11,5,39,15,0,0,322,200,263,311,317,44,29,11,5
14873,SETSIP,98,79,30,9,52,45,19,1,322,172,198,273,312,46,34,11,8
671,ANK2,64,40,21,12,81,46,10,6,322,177,236,291,304,-17,-6,11,6
15022,SIAE,73,43,18,12,30,15,7,7,322,219,264,297,303,43,28,11,5
16210,STMN1,52,36,12,7,57,30,1,1,322,213,256,309,314,-5,6,11,6
14280,RPLP2,59,35,14,7,39,21,3,3,322,224,266,305,312,20,14,11,4
16301,SULT4A1,100,60,15,3,45,24,4,1,322,177,238,303,318,55,36,11,2
14281,RPN1,56,32,14,4,51,23,3,0,322,215,267,305,318,5,9,11,4
205,ACTB,43,29,12,8,57,34,1,1,322,222,259,309,313,-14,-5,11,7
18053,TTLL13P,99,76,19,6,60,34,8,3,322,163,212,295,313,39,42,11,3
14605,SCGB1D2,28,24,21,6,20,18,10,8,322,274,280,291,308,8,6,11,-2
1557,BIRC3,89,51,11,2,55,21,0,0,322,178,250,311,320,34,30,11,2
1554,BIN2,79,58,24,6,53,32,13,2,322,190,232,285,314,26,26,11,4
121,ACAD10,93,56,15,6,58,30,4,0,322,171,236,303,316,35,26,11,6
16264,STX8,68,40,14,5,44,28,3,0,322,210,254,305,317,24,12,11,5
14303,RPS16,50,30,13,10,45,19,2,1,322,227,273,307,311,5,11,11,9
1010,ARIH1,57,33,13,7,46,23,2,1,322,219,266,307,314,11,10,11,6
1423,BANF1,93,56,14,8,19,11,3,1,322,210,255,305,313,74,45,11,7
970,ARHGAP9,113,75,18,1,73,45,7,1,322,136,202,297,320,40,30,11,0
15456,SLC7A8,70,43,12,5,61,28,1,0,322,191,251,309,317,9,15,11,5
172,ACOX3,43,31,12,3,96,51,1,0,322,183,240,309,319,-53,-20,11,3
692,ANKRD12,93,53,12,8,51,25,1,1,322,178,244,309,313,42,28,11,7
19333,ZNF462,75,42,14,5,56,18,3,0,322,191,262,305,317,19,24,11,5
16020,SRGAP2,62,38,12,7,59,27,1,0,322,201,257,309,315,3,11,11,7
16727,TEF,66,40,13,4,75,40,2,1,322,181,242,307,317,-9,0,11,3
874,APOD,86,62,19,11,79,58,8,4,322,157,202,295,307,7,4,11,7
17223,TMEM260,98,46,12,3,40,21,1,0,322,184,255,309,319,58,25,11,3
17230,TMEM269,125,83,12,1,30,13,1,1,322,167,226,309,320,95,70,11,0
15466,SLC9A3R2,68,45,16,5,72,31,5,3,322,182,246,301,314,-4,14,11,2
14953,SH3BGRL3,62,40,12,7,39,15,1,1,322,221,267,309,314,23,25,11,6
15375,SLC43A3,63,46,15,7,63,33,4,0,322,196,243,303,315,0,13,11,7
365,ADM,84,54,14,7,89,50,3,0,322,149,218,305,315,-5,4,11,7
15396,SLC4A1AP,81,56,11,3,31,18,0,0,322,210,248,311,319,50,38,11,3
19121,ZMYND10,128,96,21,3,55,38,10,5,322,139,188,291,314,73,58,11,-2
1800,C15orf48,93,77,36,12,72,55,25,10,322,157,190,261,300,21,22,11,2
19133,ZNF114,71,47,14,5,83,47,3,1,322,168,228,305,316,-12,0,11,4
16752,TERB1,103,62,26,13,61,42,15,7,322,158,218,281,302,42,20,11,6
1960,C2orf88,71,51,25,10,99,68,14,1,322,152,203,283,311,-28,-17,11,9
2261,CATSPERG,104,71,14,3,56,33,3,0,322,162,218,305,319,48,38,11,3
704,ANKRD20A3P,99,64,22,5,75,49,11,1,322,148,209,289,316,24,15,11,4
16713,TEAD1,85,52,11,5,37,25,0,0,322,200,245,311,317,48,27,11,5
19382,ZNF532,89,47,18,5,63,41,7,1,322,170,234,297,316,26,6,11,4
18788,WNT8B,68,40,13,3,46,22,2,1,322,208,260,307,318,22,18,11,2
15958,SPRED2,98,62,13,6,45,20,2,1,322,179,240,307,315,53,42,11,5
18380,URGCP-MRPS24,75,62,33,20,44,37,22,22,322,203,223,267,280,31,25,11,-2
19091,ZHX3,52,28,14,6,99,55,3,1,322,171,239,305,315,-47,-27,11,5
506,AKAP8L,97,50,12,8,37,22,1,1,322,188,250,309,313,60,28,11,7
18038,TTC7B,55,31,12,6,46,16,1,0,322,221,275,309,316,9,15,11,6
15974,SPRY1,73,47,19,7,98,61,8,1,322,151,214,295,314,-25,-14,11,6
15975,SPRY2,105,58,15,9,61,40,4,0,322,156,224,303,313,44,18,11,9
14305,RPS18,53,30,14,9,39,16,3,2,322,230,276,305,311,14,14,11,7
681,ANKHD1-EIF4EBP3,114,74,16,7,35,20,5,1,322,173,228,301,314,79,54,11,6
685,ANKLE2,95,51,12,5,48,21,1,0,322,179,250,309,317,47,30,11,5
1165,ASPN,68,53,23,8,54,39,12,1,322,200,230,287,313,14,14,11,7
499,AKAP17A,151,84,13,4,38,19,2,1,322,133,219,307,317,113,65,11,3
16262,STX6,95,46,12,4,40,17,1,0,322,187,259,309,318,55,29,11,4
19379,ZNF528,91,54,16,6,56,31,5,1,322,175,237,301,315,35,23,11,5
971,ARHGDIA,44,28,12,8,67,34,1,1,322,211,260,309,313,-23,-6,11,7
17790,TRIM25,60,34,11,3,65,20,0,0,322,197,268,311,319,-5,14,11,3
195,ACSM2B,82,51,16,4,46,31,5,1,322,194,240,301,317,36,20,11,3
15354,SLC39A10,94,54,12,6,60,28,1,0,322,168,240,309,316,34,26,11,6
18428,USP21,85,45,12,6,43,18,1,1,322,194,259,309,315,42,27,11,5
14513,SAMD1,96,50,15,8,26,15,4,2,322,200,257,303,312,70,35,11,6
1503,BDH1,63,40,16,10,81,47,5,2,322,178,235,301,310,-18,-7,11,8
18884,YLPM1,61,30,11,4,50,30,0,0,322,211,262,311,318,11,0,11,4
19576,ZNF778,105,60,13,4,49,35,2,0,322,168,227,307,318,56,25,11,4
16982,TLE2,90,63,25,9,86,47,14,5,322,146,212,283,308,4,16,11,4
917,ARF1,59,34,13,7,42,23,2,1,322,221,265,307,314,17,11,11,6
18206,UBE2L6,58,37,13,8,76,41,2,1,322,188,244,307,313,-18,-4,11,7
17118,TMEM159,140,80,14,5,24,14,3,0,322,158,228,305,317,116,66,11,5
19043,ZFHX2,124,77,11,1,56,30,0,0,322,142,215,311,321,68,47,11,1
18946,ZBTB4,62,32,11,3,58,32,0,0,322,202,258,311,319,4,0,11,3
1676,BRPF3,98,62,17,5,48,30,6,2,322,176,230,299,315,50,32,11,3
18209,UBE2O,42,26,13,7,77,44,2,0,322,203,252,307,315,-35,-18,11,7
16504,TAP1,49,32,14,8,74,42,3,1,322,199,248,305,313,-25,-10,11,7
44,ABCB11,108,77,22,15,52,36,11,5,322,162,209,289,302,56,41,11,10
15661,SNF8,54,32,12,7,47,23,1,1,322,221,267,309,314,7,9,11,6
16377,SYNGAP1,87,37,15,9,59,31,4,2,322,176,254,303,311,28,6,11,7
14793,SEPTIN2,52,35,12,9,53,25,1,0,322,217,262,309,313,-1,10,11,9
18902,YWHAQ,48,30,12,7,46,26,1,1,322,228,266,309,314,2,4,11,6
16952,TIMP2,52,32,12,7,70,36,1,0,322,200,254,309,315,-18,-4,11,7
14802,SERBP1,48,28,12,5,54,29,1,0,322,220,265,309,317,-6,-1,11,5
2356,CCDC163,78,51,12,4,45,20,1,0,322,199,251,309,318,33,31,11,4
15139,SLC16A4,140,91,15,4,32,19,4,1,322,150,212,303,317,108,72,11,3
1335,ATXN7L3,59,35,11,7,76,33,0,0,322,187,254,311,315,-17,2,11,7
19587,ZNF79,117,72,11,2,51,31,0,0,322,154,219,311,320,66,41,11,2
15678,SNRPC,55,30,11,4,40,20,0,0,322,227,272,311,318,15,10,11,4
16403,SYT15,80,53,16,10,72,46,5,2,322,170,223,301,310,8,7,11,8
1072,ARPC3,67,46,15,7,50,25,4,1,322,205,251,303,314,17,21,11,6
17524,TRA2B,109,77,12,10,33,18,1,0,322,180,227,309,312,76,59,11,10
15182,SLC22A23,65,47,15,5,80,49,4,2,322,177,226,303,315,-15,-2,11,3
2206,CAPZB,47,35,12,8,44,26,1,1,322,231,261,309,313,3,9,11,7
18118,TWF2,45,29,14,9,78,37,3,2,322,199,256,305,311,-33,-8,11,7
15773,SOX30,109,79,12,5,47,18,1,0,322,166,225,309,317,62,61,11,5
17008,TM2D1,71,34,13,7,44,21,2,0,322,207,267,307,315,27,13,11,7
16431,TAC1,41,38,16,8,32,25,5,0,322,249,259,301,314,9,13,11,8
828,APBA2,64,43,16,9,55,37,5,1,322,203,242,301,312,9,6,11,8
17926,TSC22D3,101,62,14,3,67,38,3,1,322,154,222,305,318,34,24,11,2
18188,UBE2D1,98,63,14,2,60,28,3,1,322,164,231,305,319,38,35,11,1
17015,TM4SF20,82,44,11,3,48,26,0,0,322,192,252,311,319,34,18,11,3
14688,SDHB,48,31,13,5,58,35,2,1,322,216,256,307,316,-10,-4,11,4
17894,TRPC3,78,50,13,4,68,37,2,0,322,176,235,307,318,10,13,11,4
15081,SKAP1,94,81,29,9,76,58,18,4,322,152,183,275,309,18,23,11,5
16412,SYT8,43,35,13,2,25,17,2,0,322,254,270,307,320,18,18,11,2
2223,CARS1,75,57,12,3,49,23,1,0,322,198,242,309,319,26,34,11,3
14702,SEC11C,72,45,11,7,41,21,0,0,322,209,256,311,315,31,24,11,7
16620,TBX1,94,60,18,3,83,53,7,2,322,145,209,297,317,11,7,11,1
15594,SMIM34A,47,47,18,11,20,19,7,3,322,255,256,297,308,27,28,11,8
17038,TMC8,78,45,13,2,58,28,2,0,322,186,249,307,320,20,17,11,2
14834,SERPINB6,47,27,12,7,46,24,1,0,322,229,271,309,315,1,3,11,7
17111,TMEM150B,43,36,17,2,34,26,6,1,322,245,260,299,319,9,10,11,1
14238,RPL18A,53,34,15,9,40,19,4,1,322,229,269,303,312,13,15,11,8
17114,TMEM151B,82,59,17,12,43,28,6,1,322,197,235,299,309,39,31,11,11
16321,SUPT6H,61,32,11,4,45,20,0,0,322,216,270,311,318,16,12,11,4
19204,ZNF24,80,43,11,4,44,23,0,0,322,198,256,311,318,36,20,11,4
16188,STK11IP,65,32,16,6,77,46,5,1,322,180,244,301,315,-12,-14,11,5
632,AMPD1,77,49,12,4,41,21,1,0,322,204,252,309,318,36,28,11,4
18552,VIP,53,44,13,4,21,16,2,1,322,248,262,307,317,32,28,11,3
17733,TRDC,38,31,16,4,15,12,5,3,322,269,279,301,315,23,19,11,1
2131,CALCOCO1,78,46,14,9,50,25,3,1,322,194,251,305,312,28,21,11,8
19689,ZSWIM6,102,59,13,2,35,24,2,0,322,185,239,307,320,67,35,11,2
631,AMOTL2,73,35,14,10,46,36,3,0,322,203,251,305,312,27,-1,11,10
15242,SLC25A47,78,49,13,2,49,32,2,0,322,195,241,307,320,29,17,11,2
1287,ATP6V0D1,90,56,13,11,48,20,2,0,322,184,246,307,311,42,36,11,11
3,A2ML1,105,71,13,2,43,21,2,0,322,174,230,307,320,62,50,11,2
18125,TXLNB,80,51,15,7,38,17,4,1,322,204,254,303,314,42,34,11,6
14166,RNF40,75,36,12,7,47,25,1,0,322,200,261,309,315,28,11,11,7
16187,STK11,45,27,12,4,88,48,1,0,322,189,247,309,318,-43,-21,11,4
1693,BTBD1,49,30,11,6,58,33,0,0,322,215,259,311,316,-9,-3,11,6
14673,SDC2,85,60,15,6,57,32,4,0,322,180,230,303,316,28,28,11,6
1592,BMP7,80,41,12,6,40,19,1,0,322,202,262,309,316,40,22,11,6
15743,SON,64,31,11,7,67,31,0,0,322,191,260,311,315,-3,0,11,7
16363,SYF2,111,63,12,4,39,14,1,0,322,172,245,309,318,72,49,11,4
18132,TXNDC16,77,51,13,6,58,29,2,1,322,187,242,307,315,19,22,11,5
14240,RPL21,61,31,12,7,37,17,1,1,322,224,274,309,314,24,14,11,6
15236,SLC25A41,117,76,17,6,50,27,6,1,322,155,219,299,315,67,49,11,5
17357,TNFRSF11A,77,52,11,3,64,30,0,0,322,181,240,311,319,13,22,11,3
15068,SIRT6,87,53,15,8,42,22,4,2,322,193,247,303,312,45,31,11,6
17042,TMCO1,75,43,12,6,38,17,1,1,322,209,262,309,315,37,26,11,5
17108,TMEM14B,46,26,13,8,57,24,2,2,322,219,272,307,312,-11,2,11,6
16337,SV2A,65,42,12,4,57,22,1,0,322,200,258,309,318,8,20,11,4
12662,PMF1-BGLAP,93,60,18,11,47,24,8,4,322,182,238,296,307,46,36,10,7
12640,PLSCR4,84,56,18,9,72,38,8,1,322,166,228,296,312,12,18,10,8
18646,VWCE,92,60,16,7,77,51,6,2,322,153,211,300,313,15,9,10,5
15116,SLC12A7,74,45,14,6,46,23,4,2,322,202,254,304,314,28,22,10,4
16215,STMP1,60,37,11,4,54,28,1,0,322,208,257,310,318,6,9,10,4
18635,VWA1,58,47,16,8,80,40,6,1,322,184,235,300,313,-22,7,10,7
6925,HADHB,66,34,13,7,52,22,3,1,322,204,266,306,314,14,12,10,6
17804,TRIM39,62,33,13,4,57,29,3,0,322,203,260,306,318,5,4,10,4
18669,WBP2,91,52,11,6,33,12,1,1,322,198,258,310,315,58,40,10,5
8306,KCTD7,61,27,12,8,68,37,2,0,322,193,258,308,314,-7,-10,10,8
17874,TRMT112,100,57,11,6,25,12,1,1,322,197,253,310,315,75,45,10,5
3113,CIC,47,30,12,7,67,36,2,2,322,208,256,308,313,-20,-6,10,5
10539,NCAPH2,56,34,13,7,55,33,3,1,322,211,255,306,314,1,1,10,6
4782,EFEMP2,88,52,16,8,65,41,6,1,322,169,229,300,313,23,11,10,7
15056,SIPA1L2,95,49,11,3,37,13,1,0,322,190,260,310,319,58,36,10,3
16189,STK16,57,37,11,8,64,34,1,0,322,201,251,310,314,-7,3,10,8
10553,NCKAP1,42,26,10,3,66,30,0,0,322,214,266,312,319,-24,-4,10,3
17853,TRIM8,47,27,11,6,65,31,1,0,322,210,264,310,316,-18,-4,10,6
8291,KCTD12,92,59,13,2,39,20,3,0,322,191,243,306,320,53,39,10,2
17801,TRIM36,81,49,13,5,61,30,3,0,322,180,243,306,317,20,19,10,5
8292,KCTD13,88,47,14,5,50,29,4,0,322,184,246,304,317,38,18,10,5
381,ADRA1B,61,41,11,2,57,23,1,0,322,204,258,310,320,4,18,10,2
12602,PLGLB2,126,93,35,17,76,50,25,16,322,120,179,262,289,50,43,10,1
17820,TRIM49D1,56,48,13,0,20,15,3,0,322,246,259,306,322,36,33,10,0
8268,KCNMB4,88,51,12,4,48,26,2,0,322,186,245,308,318,40,25,10,4
4761,EEF1G,56,32,14,9,39,24,4,2,322,227,266,304,311,17,8,10,7
5312,FAM131B,86,60,14,7,65,34,4,2,322,171,228,304,313,21,26,10,5
10531,NCAM1,74,38,14,6,54,22,4,1,322,194,262,304,315,20,16,10,5
12547,PLCG1,41,23,12,8,92,51,2,1,322,189,248,308,313,-51,-28,10,7
15070,SIT1,53,47,12,5,38,26,2,0,322,231,249,308,317,15,21,10,5
12541,PLCB3,61,35,11,5,56,23,1,1,322,205,264,310,316,5,12,10,4
7009,HDLBP,57,30,11,9,36,19,1,0,322,229,273,310,313,21,11,10,9
10523,NBPF20,77,45,12,5,66,30,2,0,322,179,247,308,317,11,15,10,5
1439,BAZ1B,55,35,11,3,50,29,1,0,322,217,258,310,319,5,6,10,3
7034,HEMGN,66,37,12,4,38,24,2,0,322,218,261,308,318,28,13,10,4
8238,KCNJ14,129,86,14,4,37,24,4,1,322,156,212,304,317,92,62,10,3
15100,SLBP,89,53,13,7,53,23,3,1,322,180,246,306,314,36,30,10,6
1898,C1QL1,61,49,13,5,78,50,3,1,322,183,223,306,316,-17,-1,10,4
15101,SLC10A1,83,63,19,11,21,13,9,6,322,218,246,294,305,62,50,10,5
16345,SVOPL,78,52,15,4,33,20,5,1,322,211,250,302,317,45,32,10,3
4724,ECSIT,69,43,16,8,60,32,6,3,322,193,247,300,311,9,11,10,5
4749,EEF1A1,49,31,12,10,41,23,2,2,322,232,268,308,310,8,8,10,8
8396,KIF21A,74,49,14,3,58,32,4,0,322,190,241,304,319,16,17,10,3
4693,EAF1,145,81,12,6,31,16,2,0,322,146,225,308,316,114,65,10,6
2038,C8orf74,69,52,10,2,28,14,0,0,322,225,256,312,320,41,38,10,2
4701,EBF4,68,50,25,11,86,56,15,4,322,168,216,282,307,-18,-6,10,7
12909,PPP1R14B,37,23,13,9,64,32,3,1,322,221,267,306,312,-27,-9,10,8
16365,SYMPK,55,39,13,4,42,21,3,2,322,225,262,306,316,13,18,10,2
14806,SERGEF,63,36,12,3,62,33,2,0,322,197,253,308,319,1,3,10,3
12903,PPP1R12A,54,33,11,2,49,26,1,0,322,219,263,310,320,5,7,10,2
14814,SERP2,67,56,18,9,49,29,8,2,322,206,237,296,311,18,27,10,7
4703,EBLN1,66,58,14,3,49,40,4,2,322,207,224,304,317,17,18,10,1
1364,B2M,53,33,13,9,48,24,3,0,322,221,265,306,313,5,9,10,9
2020,C6orf62,46,29,11,7,77,40,1,0,322,199,253,310,315,-31,-11,10,7
292,ADAMTSL4,55,27,13,3,72,30,3,3,322,195,265,306,316,-17,-3,10,0
2018,C6orf52,106,75,32,14,73,39,22,6,322,143,208,268,302,33,36,10,8
3902,CYFIP2,65,39,13,9,43,17,3,0,322,214,266,306,313,22,22,10,9
12875,PPIH,60,39,11,7,40,20,1,1,322,222,263,310,314,20,19,10,6
10329,MYCN,56,40,13,7,54,24,3,1,322,212,258,306,314,2,16,10,6
17749,TREML1,29,29,12,4,14,10,2,0,322,279,283,308,318,15,19,10,4
5412,FAM234A,56,33,12,8,80,37,2,1,322,186,252,308,313,-24,-4,10,7
813,AP3D1,42,27,11,7,63,27,1,1,322,217,268,310,314,-21,0,10,6
6706,GRSF1,46,26,11,10,53,33,1,0,322,223,263,310,312,-7,-7,10,10
12966,PPP4R2,63,41,13,6,62,33,3,0,322,197,248,306,316,1,8,10,6
18970,ZC3H11A,85,46,12,3,37,17,2,0,322,200,259,308,319,48,29,10,3
13041,PRDX5,63,36,14,9,43,24,4,1,322,216,262,304,312,20,12,10,8
6651,GRB14,73,56,15,1,58,32,5,1,322,191,234,302,320,15,24,10,0
830,APBB1,57,33,11,7,52,27,1,0,322,213,262,310,315,5,6,10,7
13013,PRAP1,90,76,30,12,84,67,20,8,322,148,179,272,302,6,9,10,4
16433,TAC4,89,76,43,22,59,48,33,16,322,174,198,246,284,30,28,10,6
12968,PPP4R3B,81,52,10,2,41,17,0,0,322,200,253,312,320,40,35,10,2
10207,MTERF1,95,60,12,2,58,28,2,0,322,169,234,308,320,37,32,10,2
6691,GRK6,38,25,11,3,96,54,1,0,322,188,243,310,319,-58,-29,10,3
6677,GRIN2B,46,26,12,7,32,15,2,1,322,244,281,308,314,14,11,10,6
14744,SELENON,37,27,10,7,65,21,0,0,322,220,274,312,315,-28,6,10,7
18927,ZBTB12,89,50,10,3,46,18,0,0,322,187,254,312,319,43,32,10,3
1325,ATXN1,75,38,10,4,66,24,0,0,322,181,260,312,318,9,14,10,4
18924,ZBTB1,77,42,11,5,59,39,1,1,322,186,241,310,316,18,3,10,4
4674,DYRK1B,78,45,14,9,67,41,4,2,322,177,236,304,311,11,4,10,7
14750,SELENOW,117,76,16,9,29,15,6,1,322,176,231,300,312,88,61,10,8
12869,PPIB,63,36,12,9,44,21,2,0,322,215,265,308,313,19,15,10,9
4716,ECHS1,38,28,12,6,83,42,2,1,322,201,252,308,315,-45,-14,10,5
1962,C3,86,51,13,3,59,32,3,2,322,177,239,306,317,27,19,10,1
10360,MYL6,48,27,13,7,49,25,3,1,322,225,270,306,314,-1,2,10,6
12792,POMT1,72,30,11,4,76,37,1,0,322,174,255,310,318,-4,-7,10,4
1976,C3orf84,23,21,12,5,11,8,2,0,322,288,293,308,317,12,13,10,5
5347,FAM168A,52,26,11,8,49,19,1,0,322,221,277,310,314,3,7,10,8
12735,POLDIP3,50,29,12,7,61,34,2,1,322,211,259,308,314,-11,-5,10,6
18745,WFDC10B,48,45,26,6,30,28,16,3,322,244,249,280,313,18,17,10,3
345,ADGRL1,58,31,13,6,77,39,3,1,322,187,252,306,315,-19,-8,10,5
18741,WEE1,100,58,14,7,60,34,4,0,322,162,230,304,315,40,24,10,7
18740,WDTC1,64,35,11,6,52,22,1,1,322,206,265,310,315,12,13,10,5
8330,KDM6B,77,40,10,5,52,22,0,0,322,193,260,312,317,25,18,10,5
12723,POGLUT1,50,26,10,4,69,34,0,0,322,203,262,312,318,-19,-8,10,4
3026,CHKA,106,51,12,5,50,24,2,0,322,166,247,308,317,56,27,10,5
10483,NAP1L4,49,34,11,7,62,28,1,0,322,211,260,310,315,-13,6,10,7
4745,EDNRB,59,35,12,5,63,39,2,1,322,200,248,308,316,-4,-4,10,4
3838,CUX1,47,28,12,8,75,39,2,0,322,200,255,308,314,-28,-11,10,8
12684,PNMA1,59,27,12,7,54,29,2,1,322,209,266,308,314,5,-2,10,6
5332,FAM160A1,101,61,13,1,58,26,3,1,322,163,235,306,320,43,35,10,0
3834,CUL7,45,27,11,4,61,28,1,1,322,216,267,310,317,-16,-1,10,3
10425,MZT2B,61,34,14,8,54,30,4,2,322,207,258,304,312,7,4,10,6
14905,SFTPB,104,66,11,5,38,18,1,0,322,180,238,310,317,66,48,10,5
2995,CHCHD10,72,49,20,12,54,33,10,6,322,196,240,292,304,18,16,10,6
12845,PPARGC1A,111,78,12,2,39,24,2,0,322,172,220,308,320,72,54,10,2
1375,B3GLCT,58,32,12,1,94,33,2,0,322,170,257,308,321,-36,-1,10,1
8381,KIF12,36,28,15,6,25,19,5,0,322,261,275,302,316,11,9,10,6
10369,MYLPF,79,62,35,14,85,63,25,4,322,158,197,262,304,-6,-1,10,10
16305,SUMO1,73,48,13,7,44,24,3,0,322,205,250,306,315,29,24,10,7
10377,MYO18A,56,35,10,5,72,42,0,0,322,194,245,312,317,-16,-7,10,5
18862,YARS1,81,57,11,4,40,22,1,1,322,201,243,310,317,41,35,10,3
10386,MYO1G,91,60,12,2,68,24,2,0,322,163,238,308,320,23,36,10,2
18860,YAF2,74,45,12,3,62,37,2,0,322,186,240,308,319,12,8,10,3
12489,PKN1,53,33,13,9,38,16,3,1,322,231,273,306,312,15,17,10,8
312,ADCY7,106,61,15,5,38,17,5,4,322,178,244,302,313,68,44,10,1
14885,SF3B4,59,34,12,6,46,24,2,1,322,217,264,308,315,13,10,10,5
14886,SF3B5,60,34,13,9,48,22,3,1,322,214,266,306,312,12,12,10,8
14887,SF3B6,60,35,14,8,44,25,4,1,322,218,262,304,313,16,10,10,7
16292,SULT1A3,98,72,29,18,58,47,19,15,322,166,203,274,289,40,25,10,3
18808,WWTR1,75,37,13,7,61,29,3,0,322,186,256,306,315,14,8,10,7
12804,POR,84,51,14,8,44,21,4,1,322,194,250,304,313,40,30,10,7
15122,SLC13A4,71,44,16,7,43,23,6,2,322,208,255,300,313,28,21,10,5
12266,PGA3,101,68,20,4,55,30,10,4,322,166,224,292,314,46,38,10,0
12487,PKM,44,30,12,10,48,27,2,1,322,230,265,308,311,-4,3,10,9
17030,TMBIM6,61,33,11,6,48,23,1,1,322,213,266,310,315,13,10,10,5
11876,PAIP1,64,44,11,4,47,28,1,0,322,211,250,310,318,17,16,10,4
11016,NR1H3,90,57,16,6,54,29,6,2,322,178,236,300,314,36,28,10,4
7475,IFITM5,38,32,14,3,14,13,4,4,322,270,277,304,315,24,19,10,-1
15903,SPG11,71,47,13,6,68,35,3,0,322,183,240,306,316,3,12,10,6
1575,BLOC1S5-TXNDC5,38,36,33,22,37,34,23,16,322,247,252,266,284,1,2,10,6
7503,IFRD1,95,55,14,6,66,33,4,2,322,161,234,304,314,29,22,10,4
15889,SPDYE6,77,58,17,11,45,26,7,4,322,200,238,298,307,32,32,10,7
7514,IFT57,57,35,11,5,53,26,1,0,322,212,261,310,317,4,9,10,5
11028,NR3C1,76,44,10,3,40,19,0,0,322,206,259,312,319,36,25,10,3
11837,PABPC1,59,35,12,8,42,16,2,2,322,221,271,308,312,17,19,10,6
15597,SMIM36,101,58,13,3,43,25,3,0,322,178,239,306,319,58,33,10,3
15888,SPDYE5,107,80,23,7,66,48,13,6,322,149,194,286,309,41,32,10,1
11834,P4HTM,62,34,15,9,66,39,5,2,322,194,249,302,311,-4,-5,10,7
3386,COG7,61,33,11,5,49,22,1,0,322,212,267,310,317,12,11,10,5
7523,IGDCC4,86,42,10,3,36,17,0,0,322,200,263,312,319,50,25,10,3
18071,TUBA1B,42,33,12,9,50,31,2,2,322,230,258,308,311,-8,2,10,7
11830,P4HA1,102,60,11,1,32,12,1,0,322,188,250,310,321,70,48,10,1
4915,ELOA,71,44,10,5,56,18,0,0,322,195,260,312,317,15,26,10,5
18078,TUBA8,96,55,11,4,65,41,1,0,322,161,226,310,318,31,14,10,4
11826,P3H3,70,45,13,1,63,37,3,1,322,189,240,306,320,7,8,10,0
18066,TTYH1,73,42,12,9,67,33,2,1,322,182,247,308,312,6,9,10,8
5072,ERAS,111,94,14,4,51,40,4,0,322,160,188,304,318,60,54,10,4
11896,PAN2,107,79,11,1,36,18,1,0,322,179,225,310,321,71,61,10,1
18061,TTLL9,102,59,14,3,69,44,4,0,322,151,219,304,319,33,15,10,3
1546,BICD2,51,25,10,6,54,34,0,0,322,217,263,312,316,-3,-9,10,6
11993,PCDH10,38,26,10,4,23,10,0,0,322,261,286,312,318,15,16,10,4
11989,PCBP4,65,35,14,7,71,44,4,1,322,186,243,304,314,-6,-9,10,6
11987,PCBP2,65,39,12,7,49,19,2,1,322,208,264,308,314,16,20,10,6
15937,SPNS1,79,52,16,8,39,20,6,2,322,204,250,300,312,40,32,10,6
8019,ISCU,50,34,12,5,53,28,2,2,322,219,260,308,315,-3,6,10,3
3334,CNOT4,74,35,11,2,40,18,1,1,322,208,269,310,319,34,17,10,1
3336,CNOT6L,119,72,11,4,34,20,1,0,322,169,230,310,318,85,52,10,4
7434,ID3,137,103,23,4,61,45,13,3,322,124,174,286,315,76,58,10,1
15927,SPINK7,25,25,16,6,15,12,6,1,322,282,285,300,315,10,13,10,5
3340,CNP,65,41,10,7,43,22,0,0,322,214,259,312,315,22,19,10,7
10991,NPR2,74,44,15,8,69,42,5,2,322,179,236,302,312,5,2,10,6
11927,PARK7,57,34,11,8,42,22,1,1,322,223,266,310,313,15,12,10,7
15914,SPIN1,54,31,11,4,51,30,1,0,322,217,261,310,318,3,1,10,4
15559,SMG1,77,35,11,5,51,21,1,0,322,194,266,310,317,26,14,10,5
15913,SPIDR,50,26,12,6,68,33,2,1,322,204,263,308,315,-18,-7,10,5
11921,PARD3,54,33,11,7,39,13,1,0,322,229,276,310,315,15,20,10,7
15561,SMG6,44,24,13,7,84,45,3,2,322,194,253,306,313,-40,-21,10,5
15577,SMIM18,37,31,19,12,35,30,9,7,322,250,261,294,303,2,1,10,5
15595,SMIM34B,76,62,15,5,33,27,5,1,322,213,233,302,316,43,35,10,4
18081,TUBB1,82,59,16,9,34,19,6,3,322,206,244,300,310,48,40,10,6
12000,PCDH19,55,32,12,6,21,12,2,1,322,246,278,308,315,34,20,10,5
11174,NUP205,53,32,11,6,60,29,1,0,322,209,261,310,316,-7,3,10,6
15813,SPAG9,53,33,12,6,66,24,2,1,322,203,265,308,315,-13,9,10,5
15809,SPAG5,65,38,15,8,68,43,5,2,322,189,241,302,312,-3,-5,10,6
18187,UBE2C,59,38,12,6,51,27,2,1,322,212,257,308,315,8,11,10,5
15796,SPACA3,48,43,18,4,41,33,8,4,322,233,246,296,314,7,10,10,0
3455,COPA,87,57,12,5,39,9,2,0,322,196,256,308,317,48,48,10,5
11154,NUDT4,115,72,12,3,32,21,2,0,322,175,229,308,319,83,51,10,3
15779,SOX9,108,62,19,13,64,44,9,0,322,150,216,294,309,44,18,10,13
1628,BORCS8-MEF2B,87,59,27,14,61,42,17,10,322,174,221,278,298,26,17,10,4
7859,ILRUN,85,43,11,3,49,22,1,1,322,188,257,310,318,36,21,10,2
15696,SNX1,50,29,11,6,52,27,1,0,322,220,266,310,316,-2,2,10,6
5042,EPHB6,75,39,12,4,39,19,2,0,322,208,264,308,318,36,20,10,4
7816,IL22,27,26,10,1,16,14,0,0,322,279,282,312,321,11,12,10,1
15762,SOX10,56,38,17,5,30,24,7,5,322,236,260,298,312,26,14,10,0
3511,COX6B2,97,58,12,3,61,32,2,1,322,164,232,308,318,36,26,10,2
15753,SOS1,81,50,10,3,51,21,0,0,322,190,251,312,319,30,29,10,3
1656,BRD7,56,34,11,4,50,30,1,0,322,216,258,310,318,6,4,10,4
4977,ENHO,67,48,15,6,87,63,5,1,322,168,211,302,315,-20,-15,10,5
18141,TXNL4B,102,69,12,3,35,15,2,0,322,185,238,308,319,67,54,10,3
3487,CORO1C,41,27,12,8,67,35,2,0,322,214,260,308,314,-26,-8,10,8
18135,TXNDC5,44,28,12,6,60,36,2,0,322,218,258,308,316,-16,-8,10,6
11480,OR2V1,128,78,11,1,41,17,1,0,322,153,227,310,321,87,61,10,1
5006,ENTR1,71,37,11,6,56,25,1,0,322,195,260,310,316,15,12,10,6
3444,COMMD3-BMI1,86,72,43,29,101,79,33,18,322,135,171,246,275,-15,-7,10,11
18099,TUFM,45,29,11,9,47,24,1,1,322,230,269,310,312,-2,5,10,8
18229,UBL3,44,25,10,3,63,32,0,0,322,215,265,312,319,-19,-7,10,3
7567,IGHE,108,79,12,3,42,28,2,0,322,172,215,308,319,66,51,10,3
15615,SMO,67,36,10,7,54,25,0,0,322,201,261,312,315,13,11,10,7
18089,TUBB8B,90,71,11,2,44,31,1,0,322,188,220,310,320,46,40,10,2
15625,SMPX,46,41,16,1,23,20,6,1,322,253,261,300,320,23,21,10,0
7943,INTU,88,65,15,8,54,34,5,1,322,180,223,302,313,34,31,10,7
15853,SPATA32,89,63,15,2,96,62,5,0,322,137,197,302,320,-7,1,10,2
11773,OTUB1,49,34,11,7,49,31,1,1,322,224,257,310,314,0,3,10,6
7579,IGHMBP2,82,48,14,8,59,37,4,0,322,181,237,304,314,23,11,10,8
3553,CPNE6,55,35,15,4,28,16,5,2,322,239,271,302,316,27,19,10,2
5026,EPDR1,40,24,12,5,58,30,2,0,322,224,268,308,317,-18,-6,10,5
579,ALKBH3,103,63,15,6,49,35,5,2,322,170,224,302,314,54,28,10,4
581,ALKBH5,70,38,11,7,49,31,1,1,322,203,253,310,314,21,7,10,6
5020,EPB41L4B,66,46,11,1,48,17,1,0,322,208,259,310,321,18,29,10,1
15836,SPATA2,110,51,13,1,51,34,3,1,322,161,237,306,320,59,17,10,0
11737,OSBPL1A,104,69,13,4,51,28,3,2,322,167,225,306,316,53,41,10,2
15675,SNRPA1,56,31,11,3,60,37,1,1,322,206,254,310,318,-4,-6,10,2
11121,NTRK3,94,59,14,4,46,31,4,1,322,182,232,304,317,48,28,10,3
3438,COLGALT2,78,47,12,6,77,38,2,2,322,167,237,308,314,1,9,10,4
7414,IAPP,102,65,19,3,51,33,9,1,322,169,224,294,318,51,32,10,2
10947,NPC1,64,32,12,10,39,18,2,0,322,219,272,308,312,25,14,10,10
17911,TRPV1,86,40,11,5,36,15,1,1,322,200,267,310,316,50,25,10,4
12297,PGM3,81,59,17,11,86,48,7,4,322,155,215,298,307,-5,11,10,7
433,AGO2,91,47,14,7,52,34,4,0,322,179,241,304,315,39,13,10,7
7181,HNRNPA1,49,33,15,9,72,50,5,2,322,201,239,302,311,-23,-17,10,7
7184,HNRNPA2B1,81,44,12,7,34,11,2,1,322,207,267,308,314,47,33,10,6
7187,HNRNPC,71,41,11,7,35,18,1,1,322,216,263,310,314,36,23,10,6
3716,CSRNP2,126,66,13,8,36,22,3,0,322,160,234,306,314,90,44,10,8
4834,EIF2A,54,32,10,6,57,24,0,0,322,211,266,312,316,-3,8,10,6
5207,EXOC7,54,33,11,7,57,30,1,0,322,211,259,310,315,-3,3,10,7
3198,CLEC16A,49,30,11,3,73,35,1,0,322,200,257,310,319,-24,-5,10,3
16071,SSBP4,61,46,17,11,95,56,7,1,322,166,220,298,310,-34,-10,10,10
4838,EIF2AK4,52,36,12,4,67,34,2,1,322,203,252,308,317,-15,2,10,3
8112,JAK1,52,33,11,4,52,18,1,0,322,218,271,310,318,0,15,10,4
1830,C17orf80,69,37,10,4,62,39,0,0,322,191,246,312,318,7,-2,10,4
15303,SLC34A3,85,63,14,3,52,33,4,0,322,185,226,304,319,33,30,10,3
18540,VEZF1,57,26,10,2,67,41,0,0,322,198,255,312,320,-10,-15,10,2
16056,SRSF4,67,36,14,5,57,33,4,1,322,198,253,304,316,10,3,10,4
15322,SLC35F1,75,44,12,6,55,28,2,0,322,192,250,308,316,20,16,10,6
3214,CLEC4C,69,55,17,5,61,49,7,3,322,192,218,298,314,8,6,10,2
12267,PGA4,36,36,17,11,19,19,7,1,322,267,267,298,310,17,17,10,10
5457,FAM71F1,87,62,17,7,65,42,7,1,322,170,218,298,314,22,20,10,6
7235,HOXB5,68,38,14,5,80,40,4,1,322,174,244,304,316,-12,-2,10,4
10714,NFASC,61,44,14,8,44,23,4,0,322,217,255,304,314,17,21,10,8
17962,TSPAN3,41,28,11,8,66,29,1,0,322,215,265,310,314,-25,-1,10,8
3720,CSRP3,88,64,14,1,42,31,4,0,322,192,227,304,321,46,33,10,1
17954,TSPAN13,104,68,14,7,43,20,4,0,322,175,234,304,315,61,48,10,7
8217,KCNG1,50,34,14,9,48,24,4,3,322,224,264,304,310,2,10,10,6
17913,TRPV3,94,55,10,1,46,20,0,0,322,182,247,312,321,48,35,10,1
17917,TRRAP,42,27,10,6,60,28,0,0,322,220,267,312,316,-18,-1,10,6
1877,C1orf198,65,41,11,5,67,34,1,1,322,190,247,310,316,-2,7,10,4
1870,C1orf159,54,34,13,7,66,35,3,2,322,202,253,306,313,-12,-1,10,5
736,ANKRD52,43,19,11,4,72,49,1,0,322,207,254,310,318,-29,-30,10,4
12418,PIK3CB,73,33,14,4,64,22,4,0,322,185,267,304,318,9,11,10,4
16141,STAG2,72,39,12,5,55,22,2,1,322,195,261,308,316,17,17,10,4
18581,VPS25,42,27,11,6,70,46,1,0,322,210,249,310,316,-28,-19,10,6
12398,PIGN,68,39,11,5,38,15,1,0,322,216,268,310,317,30,24,10,5
5234,EZR,50,28,11,7,56,26,1,1,322,216,268,310,314,-6,2,10,6
4816,EHD1,57,35,12,8,53,27,2,0,322,212,260,308,314,4,8,10,8
18556,VIRMA,73,43,12,4,59,34,2,0,322,190,245,308,318,14,9,10,4
3163,CLCN6,52,29,12,4,54,29,2,0,322,216,264,308,318,-2,0,10,4
16133,ST8SIA5,89,50,13,5,42,32,3,2,322,191,240,306,315,47,18,10,3
12352,PHLPP1,73,38,12,9,70,34,2,0,322,179,250,308,313,3,4,10,9
12348,PHLDA3,70,44,13,5,69,38,3,0,322,183,240,306,317,1,6,10,5
1854,C1D,68,40,11,2,72,27,1,0,322,182,255,310,320,-4,13,10,2
718,ANKRD33B,75,39,10,2,75,41,0,0,322,172,242,312,320,0,-2,10,2
16055,SRSF3,51,35,11,7,74,43,1,1,322,197,244,310,314,-23,-8,10,6
18530,VDAC1,57,36,11,6,43,22,1,1,322,222,264,310,315,14,14,10,5
12025,PCDHB14,68,44,10,3,60,27,0,0,322,194,251,312,319,8,17,10,3
481,AJM1,103,62,15,6,35,16,5,2,322,184,244,302,314,68,46,10,4
12161,PDIA6,69,45,13,5,42,24,3,1,322,211,253,306,316,27,21,10,4
7321,HSD3B1,50,35,18,13,45,35,8,5,322,227,252,296,304,5,0,10,8
18008,TTC17,57,33,11,3,57,37,1,1,322,208,252,310,318,0,-4,10,2
15426,SLC6A11,73,43,12,6,46,28,2,1,322,203,251,308,315,27,15,10,5
7326,HSF1,53,30,11,5,46,18,1,1,322,223,274,310,316,7,12,10,4
18486,UTS2R,58,37,11,3,41,15,1,0,322,223,270,310,319,17,22,10,3
10854,NME2,47,32,12,6,36,15,2,2,322,239,275,308,314,11,17,10,4
18021,TTC3,42,23,11,6,59,38,1,1,322,221,261,310,315,-17,-15,10,5
7348,HSPA2,128,94,11,3,26,20,1,0,322,168,208,310,319,102,74,10,3
1528,BEX4,58,37,12,6,53,28,2,1,322,211,257,308,315,5,9,10,5
4849,EIF3A,46,28,10,7,63,32,0,0,322,213,262,312,315,-17,-4,10,7
18425,USP19,66,41,13,6,63,39,3,0,322,193,242,306,316,3,2,10,6
12094,PCSK7,68,43,14,6,57,30,4,0,322,197,249,304,316,11,13,10,6
15988,SPTBN1,45,26,10,6,81,47,0,0,322,196,249,312,316,-36,-21,10,6
5130,ERVW-1,93,57,10,3,43,23,0,0,322,186,242,312,319,50,34,10,3
5120,ERP29,53,30,11,7,42,26,1,0,322,227,266,310,315,11,4,10,7
10928,NOTUM,92,53,13,1,57,31,3,2,322,173,238,306,319,35,22,10,-1
7397,HTT,71,47,19,9,73,52,9,2,322,178,223,294,311,-2,-5,10,7
18345,UNCX,56,33,10,4,12,6,0,0,322,254,283,312,318,44,27,10,4
7406,HYAL4,98,72,16,3,53,30,6,2,322,171,220,300,317,45,42,10,1
10844,NLRP6,53,37,10,3,21,12,0,0,322,248,273,312,319,32,25,10,3
15405,SLC51A,88,58,27,14,69,46,17,2,322,165,218,278,306,19,12,10,12
3264,CLSTN1,53,26,10,7,59,27,0,0,322,210,269,312,315,-6,-1,10,7
4865,EIF4A3,54,30,12,7,56,27,2,1,322,212,265,308,314,-2,3,10,6
16045,SRRM2,60,33,12,7,62,41,2,1,322,200,248,308,314,-2,-8,10,6
3681,CSF1R,79,58,19,7,57,25,9,3,322,186,239,294,312,22,33,10,4
3236,CLIP3,97,62,16,8,58,29,6,3,322,167,231,300,311,39,33,10,5
456,AHCYL2,80,49,11,1,67,27,1,0,322,175,246,310,321,13,22,10,1
4855,EIF3F,59,40,12,9,38,18,2,1,322,225,264,308,312,21,22,10,8
18510,VAT1,52,33,14,10,55,31,4,3,322,215,258,304,309,-3,2,10,7
7283,HRG,64,42,10,4,21,7,0,0,322,237,273,312,318,43,35,10,4
5172,ETV4,105,64,18,3,64,38,8,1,322,153,220,296,318,41,26,10,2
12205,PEBP4,66,57,27,9,50,42,17,3,322,206,223,278,310,16,15,10,6
12198,PDZRN3,72,42,13,6,36,19,3,1,322,214,261,306,315,36,23,10,5
10804,NKIRAS2,99,50,11,5,26,11,1,0,322,197,261,310,317,73,39,10,5
15378,SLC44A3,80,53,16,10,61,35,6,2,322,181,234,300,310,19,18,10,8
3672,CS,52,32,11,4,42,19,1,1,322,228,271,310,317,10,13,10,3
3670,CRYZ,98,61,12,2,34,16,2,0,322,190,245,308,320,64,45,10,2
7314,HSD17B14,89,68,25,10,86,54,15,8,322,147,200,282,304,3,14,10,2
3257,CLPTM1,50,31,13,9,57,26,3,2,322,215,265,306,311,-7,5,10,7
18501,VANGL2,50,30,11,4,60,30,1,0,322,212,262,310,318,-10,0,10,4
467,AIDA,47,26,10,3,60,26,0,0,322,215,270,312,319,-13,0,10,3
4864,EIF4A2,108,56,13,7,46,25,3,1,322,168,241,306,314,62,31,10,6
8524,KLK9,25,25,13,3,12,7,3,2,322,285,290,306,317,13,18,10,1
11245,OCIAD1,67,39,12,7,55,23,2,1,322,200,260,308,314,12,16,10,6
1007,ARID4B,89,44,10,5,43,18,0,0,322,190,260,312,317,46,26,10,5
9484,MAPRE2,86,50,12,4,49,31,2,1,322,187,241,308,317,37,19,10,3
13885,RETSAT,32,20,10,3,67,38,0,0,322,223,264,312,319,-35,-18,10,3
6300,GJC1,86,50,10,3,50,24,0,0,322,186,248,312,319,36,26,10,3
4104,DDIT3,152,110,19,11,78,56,9,3,322,92,156,294,308,74,54,10,8
9864,MLLT1,41,27,12,6,68,33,2,1,322,213,262,308,315,-27,-6,10,5
2700,CDH17,84,48,11,2,57,31,1,0,322,181,243,310,320,27,17,10,2
154,ACKR4,103,64,18,6,75,52,8,1,322,144,206,296,315,28,12,10,5
898,AQP12B,39,27,11,6,13,9,1,0,322,270,286,310,316,26,18,10,6
13428,PTX4,89,68,14,4,50,37,4,0,322,183,217,304,318,39,31,10,4
2197,CAPNS2,87,73,16,3,49,31,6,0,322,186,218,300,319,38,42,10,3
2324,CCDC117,126,76,11,4,35,19,1,1,322,161,227,310,317,91,57,10,3
5597,FBXO44,93,47,11,6,51,21,1,1,322,178,254,310,315,42,26,10,5
2196,CAPNS1,53,35,13,9,50,26,3,2,322,219,261,306,311,3,9,10,7
16597,TBC1D9B,51,23,11,7,60,29,1,1,322,211,270,310,314,-9,-6,10,6
17386,TNIK,91,60,17,5,49,35,7,1,322,182,227,298,316,42,25,10,4
9463,MAPK11,59,35,11,6,68,33,1,1,322,195,254,310,315,-9,2,10,5
4557,DPYSL5,73,32,12,6,53,23,2,0,322,196,267,308,316,20,9,10,6
19263,ZNF33B,78,45,12,4,73,34,2,1,322,171,243,308,317,5,11,10,3
16867,THAP3,92,49,13,3,44,29,3,2,322,186,244,306,317,48,20,10,1
16857,TGM7,79,45,10,3,22,9,0,0,322,221,268,312,319,57,36,10,3
19279,ZNF367,97,60,11,0,60,31,1,0,322,165,231,310,322,37,29,10,0
6008,GAB1,77,54,12,6,64,31,2,0,322,181,237,308,316,13,23,10,6
9505,MARK3,75,41,12,4,45,28,2,0,322,202,253,308,318,30,13,10,4
9499,MARCKSL1,66,41,11,8,63,31,1,1,322,193,250,310,313,3,10,10,7
13835,RDH8,51,44,13,4,27,21,3,0,322,244,257,306,318,24,23,10,4
4551,DPY30,56,37,12,7,61,31,2,1,322,205,254,308,314,-5,6,10,6
9494,MARCHF6,82,51,12,7,47,26,2,0,322,193,245,308,315,35,25,10,7
13473,PYGO2,63,38,10,3,42,19,0,0,322,217,265,312,319,21,19,10,3
4554,DPYSL2,79,51,12,10,49,19,2,0,322,194,252,308,312,30,32,10,10
17163,TMEM200C,59,37,10,2,13,7,0,0,322,250,278,312,320,46,30,10,2
1227,ATOX1,53,32,17,11,56,26,7,6,322,213,264,298,305,-3,6,10,5
14489,S100PBP,72,37,11,4,57,27,1,0,322,193,258,310,318,15,10,10,4
9853,MKS1,63,30,11,5,40,17,1,0,322,219,275,310,317,23,13,10,5
9111,LRRC14,64,40,11,6,61,30,1,0,322,197,252,310,316,3,10,10,6
14290,RPRD1A,61,32,12,7,46,31,2,0,322,215,259,308,315,15,1,10,7
2329,CCDC124,58,39,13,10,32,18,3,2,322,232,265,306,310,26,21,10,8
4088,DCUN1D3,149,94,13,2,32,19,3,1,322,141,209,306,319,117,75,10,1
14564,SBK1,57,37,19,8,115,65,9,1,322,150,220,294,313,-58,-28,10,7
8773,LAMTOR2,59,42,13,8,45,21,3,2,322,218,259,306,312,14,21,10,6
13954,RGS22,86,71,36,11,77,61,26,6,322,159,190,260,305,9,10,10,5
16911,THYN1,70,41,11,5,49,29,1,0,322,203,252,310,317,21,12,10,5
4303,DHX8,67,38,12,5,61,33,2,1,322,194,251,308,316,6,5,10,4
13334,PTCH2,111,71,16,7,67,38,6,2,322,144,213,300,313,44,33,10,5
9178,LRRD1,109,66,13,4,53,36,3,1,322,160,220,306,317,56,30,10,3
9416,MAP1LC3A,76,58,20,10,67,50,10,3,322,179,214,292,309,9,8,10,7
4310,DIDO1,40,23,13,3,63,33,3,1,322,219,266,306,318,-23,-10,10,2
16933,TIMELESS,42,28,10,3,51,29,0,0,322,229,265,312,319,-9,-1,10,3
8754,LAIR2,48,44,21,7,25,23,11,5,322,249,255,290,310,23,21,10,2
9956,MOSMO,83,46,12,2,48,21,2,1,322,191,255,308,319,35,25,10,1
9962,MOXD1,79,50,11,4,37,11,1,0,322,206,261,310,318,42,39,10,4
876,APOF,98,61,12,1,63,32,2,0,322,161,229,308,321,35,29,10,1
14557,SAV1,89,57,11,3,41,21,1,0,322,192,244,310,319,48,36,10,3
9180,LRRFIP2,81,50,12,6,43,24,2,0,322,198,248,308,316,38,26,10,6
13983,RHOA,54,33,11,7,43,25,1,1,322,225,264,310,314,11,8,10,6
6402,GNB1,48,34,12,7,56,27,2,1,322,218,261,308,314,-8,7,10,6
14543,SARM1,65,42,15,6,102,72,5,0,322,155,208,302,316,-37,-30,10,6
1246,ATP1B3,55,32,11,3,54,20,1,0,322,213,270,310,319,1,12,10,3
9942,MON1B,87,51,11,2,35,10,1,0,322,200,261,310,320,52,41,10,2
888,APP,101,68,11,7,30,13,1,1,322,191,241,310,314,71,55,10,6
17401,TNNI3,89,74,39,19,81,67,29,9,322,152,181,254,294,8,7,10,10
4084,DCTN6,64,42,12,6,48,16,2,1,322,210,264,308,315,16,26,10,5
2722,CDIP1,77,45,15,11,62,35,5,2,322,183,242,302,309,15,10,10,9
16585,TBC1D3F,34,30,13,5,17,15,3,1,322,271,277,306,316,17,15,10,4
5581,FBXO27,74,44,15,10,59,28,5,2,322,189,250,302,310,15,16,10,8
9461,MAPK1,53,34,12,7,51,29,2,1,322,218,259,308,314,2,5,10,6
9161,LRRC69,110,73,18,6,51,31,8,2,322,161,218,296,314,59,42,10,4
6377,GMIP,57,39,13,7,99,56,3,1,322,166,227,306,314,-42,-17,10,6
16578,TBC1D30,98,50,10,2,46,22,0,0,322,178,250,312,320,52,28,10,2
14532,SAP18,66,41,12,8,37,19,2,1,322,219,262,308,313,29,22,10,7
13943,RGS11,47,35,11,3,61,36,1,0,322,214,251,310,319,-14,-1,10,3
14267,RPL39L,69,42,14,6,39,18,4,1,322,214,262,304,315,30,24,10,5
9940,MOK,113,64,12,5,33,18,2,0,322,176,240,308,317,80,46,10,5
9423,MAP2K2,54,35,15,7,60,26,5,1,322,208,261,302,314,-6,9,10,6
1223,ATN1,65,41,11,7,38,21,1,1,322,219,260,310,314,27,20,10,6
6009,GAB2,57,30,11,6,72,38,1,0,322,193,254,310,316,-15,-8,10,6
6252,GH2,31,30,14,0,14,14,4,2,322,277,278,304,320,17,16,10,-2
14340,RPS9,61,35,13,8,39,27,3,3,322,222,260,306,311,22,8,10,5
102,ABITRAM,78,51,11,3,48,22,1,0,322,196,249,310,319,30,29,10,3
17214,TMEM253,108,79,21,2,73,51,11,1,322,141,192,290,319,35,28,10,1
14334,RPS6KB1,46,30,11,3,65,30,1,1,322,211,262,310,318,-19,0,10,2
13702,RASL10B,68,46,14,3,68,38,4,1,322,186,238,304,318,0,8,10,2
9695,MERTK,110,62,11,3,50,27,1,0,322,162,233,310,319,60,35,10,3
13594,RAC3,68,44,13,9,63,29,3,3,322,191,249,306,310,5,15,10,6
8905,LGALS9C,68,58,20,11,45,42,10,4,322,209,222,292,307,23,16,10,7
100,ABI3,76,52,13,2,57,38,3,0,322,189,232,306,320,19,14,10,2
1173,ASTN2,78,42,12,8,38,22,2,1,322,206,258,308,313,40,20,10,7
9719,METTL26,55,32,16,7,56,29,6,3,322,211,261,300,312,-1,3,10,4
9723,METTL3,50,27,12,5,48,28,2,1,322,224,267,308,316,2,-1,10,4
17292,TMEM8B,47,29,11,7,63,23,1,1,322,212,270,310,314,-16,6,10,6
2635,CD81,53,35,13,7,65,29,3,1,322,204,258,306,314,-12,6,10,6
9027,LMOD2,55,36,10,4,21,12,0,0,322,246,274,312,318,34,24,10,4
17299,TMEM98,62,40,12,9,57,23,2,0,322,203,259,308,313,5,17,10,9
9684,MEIS3,68,37,13,7,78,40,3,2,322,176,245,306,313,-10,-3,10,5
4480,DNMT1,50,27,14,6,70,38,4,2,322,202,257,304,314,-20,-11,10,4
6012,GABARAP,77,41,14,9,41,18,4,0,322,204,263,304,313,36,23,10,9
13615,RAD9A,52,32,13,6,72,37,3,0,322,198,253,306,316,-20,-5,10,6
5686,FGF1,81,50,14,3,81,57,4,0,322,160,215,304,319,0,-7,10,3
8994,LITAF,71,50,16,6,47,27,6,3,322,204,245,300,313,24,23,10,3
13655,RANGRF,50,33,12,5,62,30,2,1,322,210,259,308,316,-12,3,10,4
5683,FGD4,70,40,10,3,65,24,0,0,322,187,258,312,319,5,16,10,3
13661,RAP2A,55,30,10,4,61,30,0,0,322,206,262,312,318,-6,0,10,4
6136,GBA,63,37,11,7,60,24,1,0,322,199,261,310,315,3,13,10,7
16756,TERF2IP,93,48,11,7,42,22,1,1,322,187,252,310,314,51,26,10,6
6140,GBF1,86,54,15,7,67,36,5,3,322,169,232,302,312,19,18,10,4
13647,RANBP10,56,32,11,6,49,27,1,0,322,217,263,310,316,7,5,10,6
16751,TEPSIN,92,45,14,6,65,38,4,2,322,165,239,304,314,27,7,10,4
19350,ZNF490,123,73,11,4,36,18,1,1,322,163,231,310,317,87,55,10,3
103,ABL1,46,29,11,8,68,29,1,0,322,208,264,310,314,-22,0,10,8
14379,RSKR,104,55,11,7,29,15,1,0,322,189,252,310,315,75,40,10,7
14341,RPSA,45,25,12,9,49,27,2,2,322,228,270,308,311,-4,-2,10,7
16720,TECR,60,37,11,8,36,15,1,1,322,226,270,310,313,24,22,10,7
4160,DEF8,66,41,16,9,63,35,6,1,322,193,246,300,312,3,6,10,8
6105,GAREM2,69,43,13,4,47,20,3,0,322,206,259,306,318,22,23,10,4
6218,GFI1B,88,53,12,1,46,20,2,1,322,188,249,308,320,42,33,10,0
9596,MCOLN1,56,39,12,6,63,28,2,1,322,203,255,308,315,-7,11,10,5
8855,LDHAL6B,112,75,16,5,47,30,6,3,322,163,217,300,314,65,45,10,2
9076,LRCH4,52,33,14,5,77,49,4,2,322,193,240,304,315,-25,-16,10,3
9540,MBD3L2,32,31,13,4,12,12,3,0,322,278,279,306,318,20,19,10,4
9538,MBD3,48,26,12,7,53,28,2,1,322,221,268,308,314,-5,-2,10,6
5635,FCMR,90,62,14,1,73,46,4,0,322,159,214,304,321,17,16,10,1
1221,ATM,69,36,15,11,50,20,5,2,322,203,266,302,309,19,16,10,9
6246,GGT7,73,49,18,11,71,39,8,1,322,178,234,296,310,2,10,10,10
2309,CCAR1,45,24,11,3,51,34,1,0,322,226,264,310,319,-6,-10,10,3
19286,ZNF385C,78,54,18,5,56,36,8,3,322,188,232,296,314,22,18,10,2
9829,MINK1,52,27,11,7,75,42,1,0,322,195,253,310,315,-23,-15,10,7
8842,LCNL1,58,43,14,3,27,14,4,1,322,237,265,304,318,31,29,10,2
2674,CDC42EP3,143,102,14,8,52,36,4,1,322,127,184,304,313,91,66,10,7
14299,RPS13,51,35,14,12,43,22,4,4,322,228,265,304,306,8,13,10,8
16852,TGM2,107,67,12,3,48,31,2,1,322,167,224,308,318,59,36,10,2
6013,GABARAPL1,63,40,11,6,62,36,1,0,322,197,246,310,316,1,4,10,6
82,ABHD14A,63,42,19,8,93,50,9,3,322,166,230,294,311,-30,-8,10,5
19296,ZNF408,108,61,12,2,56,30,2,0,322,158,231,308,320,52,31,10,2
14445,RUNX3,67,41,14,3,67,40,4,2,322,188,241,304,317,0,1,10,1
9769,MGAT1,45,26,11,5,83,31,1,0,322,194,265,310,317,-38,-5,10,5
2298,CBX5,72,36,10,4,41,22,0,0,322,209,264,312,318,31,14,10,4
4151,DDX6,56,33,10,4,42,24,0,0,322,224,265,312,318,14,9,10,4
16806,TFAM,86,49,10,5,36,16,0,0,322,200,257,312,317,50,33,10,5
13565,RAB5B,57,31,12,8,67,32,2,0,322,198,259,308,314,-10,-1,10,8
6085,GALNT8,93,64,16,4,47,27,6,4,322,182,231,300,314,46,37,10,0
977,ARHGEF11,50,22,10,4,57,30,0,0,322,215,270,312,318,-7,-8,10,4
17314,TMPRSS11B,99,57,11,1,46,25,1,0,322,177,240,310,321,53,32,10,1
919,ARF4,66,35,11,4,41,17,1,0,322,215,270,310,318,25,18,10,4
1154,ASMT,124,88,15,2,48,33,5,2,322,150,201,302,318,76,55,10,0
8529,KLRC2,66,54,24,13,49,38,14,2,322,207,230,284,307,17,16,10,11
1209,ATG4A,96,60,14,1,62,33,4,2,322,164,229,304,319,34,27,10,-1
17334,TMTC2,93,50,10,4,57,22,0,0,322,172,250,312,318,36,28,10,4
1150,ASIC4,119,85,13,2,51,26,3,1,322,152,211,306,319,68,59,10,1
8862,LDLRAD3,44,27,11,6,55,18,1,0,322,223,277,310,316,-11,9,10,6
4316,DIP2B,53,27,10,7,45,16,0,0,322,224,279,312,315,8,11,10,7
5685,FGD6,109,67,11,3,47,20,1,0,322,166,235,310,319,62,47,10,3
14206,RP9,124,86,14,3,32,17,4,1,322,166,219,304,318,92,69,10,2
17082,TMEM123,63,37,10,5,58,26,0,0,322,201,259,312,317,5,11,10,5
218,ACTN2,74,44,12,3,62,30,2,0,322,186,248,308,319,12,14,10,3
1034,ARL6,102,67,16,6,54,34,6,0,322,166,221,300,316,48,33,10,6
14690,SDHD,68,41,13,7,35,15,3,1,322,219,266,306,314,33,26,10,6
17078,TMEM120A,79,54,11,6,43,22,1,1,322,200,246,310,315,36,32,10,5
19024,ZDHHC3,57,31,10,6,51,28,0,0,322,214,263,312,316,6,3,10,6
2143,CALM2,56,28,11,7,61,30,1,1,322,205,264,310,314,-5,-2,10,6
17495,TPM2,60,39,11,7,62,38,1,1,322,200,245,310,314,-2,1,10,6
13244,PSAT1,59,39,12,7,78,27,2,0,322,185,256,308,315,-19,12,10,7
19009,ZDHHC11B,86,51,12,6,44,21,2,1,322,192,250,308,315,42,30,10,5
14100,RNF122,86,57,11,3,55,30,1,0,322,181,235,310,319,31,27,10,3
860,APOBEC3A,100,68,20,6,50,34,10,3,322,172,220,292,313,50,34,10,3
13257,PSG4,103,74,21,6,48,31,11,4,322,171,217,290,312,55,43,10,2
18993,ZCCHC14,57,33,12,6,75,33,2,0,322,190,256,308,316,-18,0,10,6
4359,DLL4,147,93,21,3,52,31,11,3,322,123,198,290,316,95,62,10,0
4397,DNAAF4,86,46,12,5,37,21,2,0,322,199,255,308,317,49,25,10,5
2791,CDYL,53,32,10,5,65,29,0,0,322,204,261,312,317,-12,3,10,5
10097,MRPS24,65,40,14,11,58,30,4,1,322,199,252,304,310,7,10,10,10
4642,DUSP8,108,60,10,1,35,11,0,0,322,179,251,312,321,73,49,10,1
14602,SCGB1C1,26,25,15,3,10,10,5,1,322,286,287,302,318,16,15,10,2
8629,KRT86,77,53,12,4,56,34,2,1,322,189,235,308,317,21,19,10,3
6476,GOLPH3L,132,88,11,3,40,17,1,0,322,150,217,310,319,92,71,10,3
5879,FOXP2,101,58,15,5,54,34,5,0,322,167,230,302,317,47,24,10,5
2829,CEMIP2,100,65,11,4,53,29,1,0,322,169,228,310,318,47,36,10,4
2361,CCDC169-SOHLH2,74,52,14,2,51,34,4,0,322,197,236,304,320,23,18,10,2
10044,MRPL19,53,36,15,6,57,36,5,0,322,212,250,302,316,-4,0,10,6
27,AATF,53,33,10,4,50,31,0,0,322,219,258,312,318,3,2,10,4
14612,SCGN,49,37,12,5,22,15,2,1,322,251,270,308,316,27,22,10,4
14689,SDHC,62,41,12,10,52,14,2,1,322,208,267,308,311,10,27,10,9
10076,MRPL52,85,55,13,5,55,28,3,1,322,182,239,306,316,30,27,10,4
1286,ATP6V0C,69,39,12,7,44,23,2,1,322,209,260,308,314,25,16,10,6
1285,ATP6V0B,74,40,12,7,41,21,2,1,322,207,261,308,314,33,19,10,6
1023,ARL17B,67,37,13,6,37,22,3,2,322,218,263,306,314,30,15,10,4
14649,SCRN1,63,37,13,7,81,45,3,0,322,178,240,306,315,-18,-8,10,7
13194,PRRG2,70,47,14,1,83,47,4,1,322,169,228,304,320,-13,0,10,0
8572,KREMEN2,79,54,11,3,58,38,1,0,322,185,230,310,319,21,16,10,3
5868,FOXM1,51,28,12,6,47,28,2,1,322,224,266,308,315,4,0,10,5
2429,CCDC73,69,41,13,8,57,35,3,3,322,196,246,306,311,12,6,10,5
4624,DUSP13,84,74,20,4,68,44,10,4,322,170,204,292,314,16,30,10,0
14083,RNASEK-C17orf49,57,45,35,22,53,43,25,20,322,212,234,262,280,4,2,10,2
6497,GPAA1,71,44,12,8,45,26,2,0,322,206,252,308,314,26,18,10,8
13196,PRRG4,106,58,11,3,30,9,1,0,322,186,255,310,319,76,49,10,3
19592,ZNF799,88,55,16,9,60,28,6,1,322,174,239,300,312,28,27,10,8
9312,MACF1,58,30,11,7,49,15,1,0,322,215,277,310,315,9,15,10,7
1303,ATP6V1G2-DDX39B,108,71,35,27,68,52,25,11,322,146,199,262,284,40,19,10,16
13197,PRRT1,130,89,16,3,43,28,6,2,322,149,205,300,317,87,61,10,1
851,APLP2,78,54,11,8,43,21,1,1,322,201,247,310,313,35,33,10,7
1071,ARPC2,55,31,12,6,43,24,2,1,322,224,267,308,315,12,7,10,5
14183,RNPS1,56,32,12,8,57,35,2,1,322,209,255,308,313,-1,-3,10,7
16478,TAF7L,98,60,11,3,59,26,1,0,322,165,236,310,319,39,34,10,3
13201,PRRT4,80,55,13,1,51,26,3,0,322,191,241,306,321,29,29,10,1
14185,ROBO1,48,33,12,4,56,25,2,1,322,218,264,308,317,-8,8,10,3
17486,TPD52L2,80,45,14,7,44,20,4,2,322,198,257,304,313,36,25,10,5
13274,PSMB1,67,43,11,7,42,19,1,1,322,213,260,310,314,25,24,10,6
17021,TM7SF3,69,38,11,4,45,22,1,0,322,208,262,310,318,24,16,10,4
19045,ZFHX4,82,52,10,5,35,18,0,0,322,205,252,312,317,47,34,10,5
8555,KPNA1,68,40,10,3,43,24,0,0,322,211,258,312,319,25,16,10,3
14676,SDCBP,65,44,10,8,48,23,0,0,322,209,255,312,314,17,21,10,8
19541,ZNF724,86,53,14,5,45,25,4,4,322,191,244,304,313,41,28,10,1
13137,PROX2,61,44,21,8,25,21,11,2,322,236,257,290,312,36,23,10,6
14146,RNF213,64,32,10,2,49,22,0,0,322,209,268,312,320,15,10,10,2
19093,ZIC2,110,54,14,4,47,22,4,0,322,165,246,304,318,63,32,10,4
4044,DCAF5,61,40,11,5,49,27,1,0,322,212,255,310,317,12,13,10,5
2454,CCDC97,66,40,13,4,57,28,3,2,322,199,254,306,316,9,12,10,2
14704,SEC14L1,60,32,11,6,36,17,1,1,322,226,273,310,315,24,15,10,5
6567,GPR162,100,61,17,4,60,35,7,3,322,162,226,298,315,40,26,10,1
17040,TMCC2,100,50,10,1,52,26,0,0,322,170,246,312,321,48,24,10,1
14237,RPL18,60,33,12,7,37,15,2,2,322,225,274,308,313,23,18,10,5
6633,GPX1,56,35,16,12,51,27,6,1,322,215,260,300,309,5,8,10,11
19526,ZNF707,65,37,14,6,83,43,4,0,322,174,242,304,316,-18,-6,10,6
9194,LRRTM4,79,47,14,8,50,25,4,3,322,193,250,304,311,29,22,10,5
14173,RNF8,90,57,15,5,50,34,5,1,322,182,231,302,316,40,23,10,4
19681,ZSCAN5B,71,41,14,2,55,26,4,1,322,196,255,304,319,16,15,10,1
9377,MAIP1,68,37,13,1,62,40,3,0,322,192,245,306,321,6,-3,10,1
186,ACSF2,66,43,14,4,84,48,4,1,322,172,231,304,317,-18,-5,10,3
19044,ZFHX3,70,34,10,6,41,17,0,0,322,211,271,312,316,29,17,10,6
14169,RNF44,50,30,11,3,60,30,1,0,322,212,262,310,319,-10,0,10,3
10169,MSX2,122,77,12,4,29,17,2,0,322,171,228,308,318,93,60,10,4
13055,PRG3,35,34,12,6,14,11,2,0,322,273,277,308,316,21,23,10,6
49,ABCB8,82,53,16,6,50,28,6,1,322,190,241,300,315,32,25,10,5
5840,FOXC2,94,63,19,5,55,35,9,1,322,173,224,294,316,39,28,10,4
13192,PRRC2C,62,35,11,3,65,27,1,0,322,195,260,310,319,-3,8,10,3
18984,ZC3H7B,36,21,11,7,63,32,1,1,322,223,269,310,314,-27,-11,10,6
19675,ZSCAN29,84,45,11,4,47,28,1,1,322,191,249,310,317,37,17,10,3
5530,FAT1,61,33,12,9,55,30,2,0,322,206,259,308,313,6,3,10,9
863,APOBEC3D,109,60,12,2,33,17,2,1,322,180,245,308,319,76,43,10,1
10005,MRE11,53,26,11,3,71,36,1,0,322,198,260,310,319,-18,-10,10,3
16512,TARM1,100,82,17,6,58,48,7,3,322,164,192,298,313,42,34,10,3
9300,LZTFL1,82,54,13,4,46,27,3,0,322,194,241,306,318,36,27,10,4
5495,FAM98A,79,46,15,6,80,44,5,2,322,163,232,302,314,-1,2,10,4
13089,PRKCSH,65,38,12,6,35,14,2,2,322,222,270,308,314,30,24,10,4
10159,MSRA,56,35,13,5,68,34,3,0,322,198,253,306,317,-12,1,10,5
17437,TOMM6,51,30,13,12,55,25,3,3,322,216,267,306,307,-4,5,10,9
1267,ATP5MC2,53,26,12,8,45,24,2,2,322,224,272,308,312,8,2,10,6
8542,KMT2C,116,58,11,6,39,16,1,0,322,167,248,310,316,77,42,10,6
9281,LYPLA2,58,40,13,5,78,36,3,2,322,186,246,306,315,-20,4,10,3
8710,KRTAP5-8,86,83,11,2,32,24,1,0,322,204,215,310,320,54,59,10,2
2421,CCDC65,95,70,25,7,76,45,15,9,322,151,207,282,306,19,25,10,-2
1029,ARL4C,75,35,11,4,63,34,1,0,322,184,253,310,318,12,1,10,4
14587,SCARB1,51,34,11,6,67,31,1,0,322,204,257,310,316,-16,3,10,6
17086,TMEM127,64,32,11,4,55,25,1,1,322,203,265,310,317,9,7,10,3
16963,TJAP1,57,28,12,7,49,29,2,1,322,216,265,308,314,8,-1,10,6
17503,TPPP2,36,32,15,5,24,20,5,1,322,262,270,302,316,12,12,10,4
16815,TFCP2,72,38,10,3,49,24,1,0,322,201,260,311,319,23,14,9,3
7855,ILF2,44,30,11,4,57,31,2,1,322,221,261,309,317,-13,-1,9,3
1162,ASPHD1,77,43,13,3,61,38,4,3,322,184,241,305,316,16,5,9,0
11189,NUP93,56,36,13,8,55,33,4,1,322,211,253,305,313,1,3,9,7
15772,SOX3,53,37,10,2,21,12,1,0,322,248,273,311,320,32,25,9,2
9298,LYZL6,34,33,12,6,27,21,3,2,322,261,268,307,314,7,12,9,4
9577,MCF2L,85,51,12,6,68,36,3,1,322,169,235,307,315,17,15,9,5
4353,DLGAP4,41,22,12,7,68,33,3,1,322,213,267,307,314,-27,-11,9,6
1152,ASIP,52,46,27,8,44,41,18,9,322,226,235,277,305,8,5,9,-1
9389,MAML1,74,33,10,3,44,26,1,0,322,204,263,311,319,30,7,9,3
4225,DENND6B,73,36,12,7,59,34,3,1,322,190,252,307,314,14,2,9,6
10914,NOS1AP,99,61,13,4,72,48,4,0,322,151,213,305,318,27,13,9,4
3506,COX5A,45,29,12,6,47,24,3,2,322,230,269,307,314,-2,5,9,4
687,ANKMY2,90,57,16,10,53,30,7,3,322,179,235,299,309,37,27,9,7
7842,IL4I1,92,71,26,5,105,75,17,6,322,125,176,279,311,-13,-4,9,-1
1523,BET1,78,49,15,0,45,23,6,1,322,199,250,301,321,33,26,9,-1
3504,COX4I1,53,30,10,7,40,16,1,1,322,229,276,311,314,13,14,9,6
9018,LMNB2,43,22,11,4,62,28,2,0,322,217,272,309,318,-19,-6,9,4
11220,NXPH4,88,61,10,3,28,6,1,0,322,206,255,311,319,60,55,9,3
4379,DMRT1,77,58,10,1,45,25,1,0,322,200,239,311,321,32,33,9,1
9014,LMLN,72,45,9,3,42,18,0,0,322,208,259,313,319,30,27,9,3
17221,TMEM259,52,26,11,6,64,37,2,1,322,206,259,309,315,-12,-11,9,5
959,ARHGAP35,46,25,10,6,59,29,1,1,322,217,268,311,315,-13,-4,9,5
15736,SOD1,107,65,12,9,29,16,3,2,322,186,241,307,311,78,49,9,7
10828,NLK,63,28,11,2,54,36,2,0,322,205,258,309,320,9,-8,9,2
17239,TMEM33,66,44,10,4,46,26,1,0,322,210,252,311,318,20,18,9,4
15735,SOCS7,61,35,9,2,65,33,0,0,322,196,254,313,320,-4,2,9,2
17052,TMED3,44,29,9,5,54,23,0,0,322,224,270,313,317,-10,6,9,5
9611,MDFI,55,39,19,8,52,46,10,6,322,215,237,293,308,3,-7,9,2
11199,NUTM2D,107,71,17,7,77,51,8,2,322,138,200,297,313,30,20,9,5
18031,TTC39A,83,57,11,6,82,44,2,0,322,157,221,309,316,1,13,9,6
4472,DNER,85,55,10,6,32,11,1,0,322,205,256,311,316,53,44,9,6
1629,BPGM,93,52,11,2,64,25,2,1,322,165,245,309,319,29,27,9,1
4222,DENND5A,75,40,11,9,66,20,2,1,322,181,262,309,312,9,20,9,8
4883,EIF5B,54,25,10,3,53,23,1,1,322,215,274,311,318,1,2,9,2
7850,IL7R,148,88,20,7,39,27,11,6,322,135,207,291,309,109,61,9,1
15989,SPTBN2,63,32,11,5,70,33,2,0,322,189,257,309,317,-7,-1,9,5
9597,MCOLN2,65,35,10,0,44,20,1,0,322,213,267,311,322,21,15,9,0
10865,NMNAT3,80,44,12,4,38,20,3,0,322,204,258,307,318,42,24,9,4
7846,IL6,101,80,25,10,76,66,16,6,322,145,176,281,306,25,14,9,4
9029,LMTK2,69,28,9,2,50,27,0,0,322,203,267,313,320,19,1,9,2
18026,TTC33,95,52,9,2,38,13,0,0,322,189,257,313,320,57,39,9,2
9610,MDC1,75,40,10,4,44,16,1,0,322,203,266,311,318,31,24,9,4
10940,NPAS2,70,43,15,6,64,34,6,1,322,188,245,301,315,6,9,9,5
10867,NMRK1,79,41,10,1,66,29,1,0,322,177,252,311,321,13,12,9,1
1526,BEX2,57,42,18,12,70,40,9,5,322,195,240,295,305,-13,2,9,7
9507,MARS1,81,52,16,10,70,36,7,5,322,171,234,299,307,11,16,9,5
17006,TLX2,86,60,13,1,50,39,4,0,322,186,223,305,321,36,21,9,1
4328,DIS3L2,54,33,11,6,64,36,2,0,322,204,253,309,316,-10,-3,9,6
16909,THUMPD3,67,39,13,4,57,31,4,1,322,198,252,305,317,10,8,9,3
4295,DHX34,95,51,15,4,40,25,6,1,322,187,246,301,317,55,26,9,3
1112,ASAP2,76,39,9,3,73,36,0,0,322,173,247,313,319,3,3,9,3
9639,MED13,75,49,9,4,48,27,0,0,322,199,246,313,318,27,22,9,4
1114,ASB1,50,29,11,6,63,35,2,0,322,209,258,309,316,-13,-6,9,6
11026,NR2F2,77,36,10,3,69,33,1,0,322,176,253,311,319,8,3,9,3
16965,TJP2,88,56,11,2,39,20,2,0,322,195,246,309,320,49,36,9,2
1002,ARID2,74,44,11,3,52,21,2,0,322,196,257,309,319,22,23,9,3
18070,TUBA1A,70,40,15,8,59,32,6,3,322,193,250,301,311,11,8,9,5
7977,IQCN,103,71,27,10,70,40,18,7,322,149,211,277,305,33,31,9,3
18090,TUBD1,115,52,10,7,42,23,1,0,322,165,247,311,315,73,29,9,7
1128,ASB6,53,34,11,3,54,28,2,1,322,215,260,309,318,-1,6,9,2
16971,TKTL1,71,45,16,3,47,20,7,3,322,204,257,299,316,24,25,9,0
4281,DHRS4,57,38,10,4,47,23,1,1,322,218,261,311,317,10,15,9,3
16864,THAP11,76,42,10,4,50,27,1,0,322,196,253,311,318,26,15,9,4
7996,IRF2BP2,88,49,9,5,37,18,0,0,322,197,255,313,317,51,31,9,5
16983,TLE3,69,42,12,3,70,32,3,0,322,183,248,307,319,-1,10,9,3
1580,BMERB1,76,60,22,10,86,64,13,2,322,160,198,287,310,-10,-4,9,8
4300,DHX40,52,32,11,6,46,22,2,0,322,224,268,309,316,6,10,9,6
978,ARHGEF12,65,38,9,4,53,13,0,0,322,204,271,313,318,12,25,9,4
9210,LSM4,56,30,12,6,42,21,3,2,322,224,271,307,314,14,9,9,4
18088,TUBB8,92,62,15,5,67,41,6,1,322,163,219,301,316,25,21,9,4
3566,CPSF4L,85,73,20,6,49,38,11,6,322,188,211,291,310,36,35,9,0
7951,IPO13,68,32,11,7,56,29,2,0,322,198,261,309,315,12,3,9,7
17107,TMEM14A,51,36,11,5,58,33,2,0,322,213,253,309,317,-7,3,9,5
11076,NSG1,74,42,12,5,43,24,3,3,322,205,256,307,314,31,18,9,2
15873,SPCS2,64,37,12,4,47,21,3,0,322,211,264,307,318,17,16,9,4
11063,NRSN1,93,56,13,3,46,25,4,2,322,183,241,305,317,47,31,9,1
15856,SPATA45,80,71,51,19,67,61,42,10,322,175,190,229,293,13,10,9,9
18080,TUBB,40,23,10,9,73,37,1,1,322,209,262,311,312,-33,-14,9,8
3558,CPOX,88,52,10,2,52,16,1,0,322,182,254,311,320,36,36,9,2
9372,MAGI3,109,66,9,1,31,15,0,0,322,182,241,313,321,78,51,9,1
1583,BMP1,49,27,9,2,53,27,0,0,322,220,268,313,320,-4,0,9,2
7935,INTS3,68,44,11,5,58,27,2,0,322,196,251,309,317,10,17,9,5
9421,MAP2,94,58,13,8,69,37,4,0,322,159,227,305,314,25,21,9,8
7928,INTS1,52,34,12,7,83,36,3,0,322,187,252,307,315,-31,-2,9,7
9368,MAGEH1,89,62,12,9,48,30,3,1,322,185,230,307,312,41,32,9,8
15887,SPDYE4,43,39,32,11,30,29,23,10,322,249,254,267,301,13,10,9,1
3550,CPNE3,55,37,13,7,77,40,4,1,322,190,245,305,314,-22,-3,9,6
11009,NQO1,57,31,11,6,48,29,2,0,322,217,262,309,316,9,2,9,6
9468,MAPK1IP1L,40,22,10,8,74,44,1,0,322,208,256,311,314,-34,-22,9,8
15905,SPG7,40,22,10,5,72,40,1,1,322,210,260,311,316,-32,-18,9,4
15934,SPIRE1,63,28,12,5,63,35,3,0,322,196,259,307,317,0,-7,9,5
15940,SPO11,33,25,11,5,14,10,2,0,322,275,287,309,317,19,15,9,5
10952,NPEPPS,59,33,11,6,56,21,2,1,322,207,268,309,315,3,12,9,5
11138,NUDT1,62,39,12,7,41,21,3,2,322,219,262,307,313,21,18,9,5
17070,TMEM108,86,45,9,4,56,26,0,0,322,180,251,313,318,30,19,9,4
3532,CPE,85,48,13,7,42,22,4,1,322,195,252,305,314,43,26,9,6
9243,LUZP1,78,44,9,1,55,28,0,0,322,189,250,313,321,23,16,9,1
17181,TMEM219,60,35,11,9,47,27,2,1,322,215,260,309,312,13,8,9,8
10949,NPC2,51,32,13,8,66,29,4,1,322,205,261,305,313,-15,3,9,7
9529,MATR3,73,46,11,8,54,30,2,1,322,195,246,309,313,19,16,9,7
15792,SP9,80,59,13,4,41,28,4,2,322,201,235,305,316,39,31,9,2
9546,MBD5,61,34,10,1,61,32,1,0,322,200,256,311,321,0,2,9,1
1147,ASIC1,48,28,11,6,64,34,2,0,322,210,260,309,316,-16,-6,9,6
16820,TFE3,44,28,11,4,52,26,2,1,322,226,268,309,317,-8,2,9,3
4238,DERPC,84,59,17,12,72,42,8,4,322,166,221,297,306,12,17,9,8
4237,DERL3,89,63,15,8,59,37,6,0,322,174,222,301,314,30,26,9,8
10944,NPB,99,70,17,7,87,54,8,0,322,136,198,297,315,12,16,9,7
674,ANKDD1A,77,46,13,3,44,20,4,0,322,201,256,305,319,33,26,9,3
9504,MARK2,46,32,10,4,77,35,1,0,322,199,255,311,318,-31,-3,9,4
1079,ARPP19,45,26,9,7,71,34,0,0,322,206,262,313,315,-26,-8,9,7
1001,ARID1B,64,35,11,7,36,14,2,2,322,222,273,309,313,28,21,9,5
1132,ASCC1,84,49,15,5,45,24,6,3,322,193,249,301,314,39,25,9,2
16992,TLN1,47,28,10,7,54,23,1,1,322,221,271,311,314,-7,5,9,6
18101,TUG1,62,38,10,3,53,24,1,1,322,207,260,311,318,9,14,9,2
18057,TTLL5,68,45,11,5,44,19,2,0,322,210,258,309,317,24,26,9,5
9143,LRRC43,68,43,11,4,49,30,2,0,322,205,249,309,318,19,13,9,4
9478,MAPKAP1,60,30,12,7,50,22,3,1,322,212,270,307,314,10,8,9,6
16863,THAP10,145,82,10,2,45,27,1,0,322,132,213,311,320,100,55,9,2
15911,SPIC,47,43,10,4,15,14,1,0,322,260,265,311,318,32,29,9,4
15924,SPINK4,49,41,27,11,32,27,18,8,322,241,254,277,303,17,14,9,3
644,AMZ2,61,31,10,4,51,28,1,1,322,210,263,311,317,10,3,9,3
4937,EMC10,43,30,11,7,43,20,2,0,322,236,272,309,315,0,10,9,7
9490,MARCHF2,69,35,12,6,83,42,3,1,322,170,245,307,315,-14,-7,9,5
3538,CPHXL,44,43,9,2,17,14,0,0,322,261,265,313,320,27,29,9,2
15917,SPIN3,69,39,11,3,45,21,2,0,322,208,262,309,319,24,18,9,3
15816,SPANXA2,23,22,22,11,15,15,13,6,322,284,285,287,305,8,7,9,5
15920,SPINK1,94,77,27,11,82,64,18,7,322,146,181,277,304,12,13,9,4
4649,DVL2,49,30,10,6,67,24,1,0,322,206,268,311,316,-18,6,9,6
9785,MGST3,50,33,11,7,39,16,2,1,322,233,273,309,314,11,17,9,6
16027,SRM,37,25,10,7,70,34,1,1,322,215,263,311,314,-33,-9,9,6
10449,NAB1,95,50,11,4,50,25,2,0,322,177,247,309,318,45,25,9,4
9975,MPIG6B,94,53,11,3,67,31,2,1,322,161,238,309,318,27,22,9,2
9983,MPP4,98,64,11,1,45,26,2,0,322,179,232,309,321,53,38,9,1
10458,NADK,56,30,10,3,79,47,1,1,322,187,245,311,318,-23,-17,9,2
10457,NACC2,38,22,12,6,120,71,3,0,322,164,229,307,316,-82,-49,9,6
1264,ATP5F1E,74,45,10,6,40,19,1,1,322,208,258,311,315,34,26,9,5
8749,LACTBL1,21,17,9,1,20,17,0,0,322,281,288,313,321,1,0,9,1
786,ANXA6,74,48,13,9,53,30,4,2,322,195,244,305,311,21,18,9,7
17424,TOGARAM1,124,67,10,3,49,27,1,0,322,149,228,311,319,75,40,9,3
10456,NACC1,46,29,11,8,82,43,2,2,322,194,250,309,312,-36,-14,9,6
3855,CXCL13,35,32,11,3,17,16,2,0,322,270,274,309,319,18,16,9,3
1402,BABAM1,46,30,14,7,46,26,5,4,322,230,266,303,311,0,4,9,3
4043,DCAF4L2,50,29,9,4,12,5,0,0,322,260,288,313,318,38,24,9,4
16250,STX12,53,33,11,4,65,35,2,0,322,204,254,309,318,-12,-2,9,4
16300,SULT2B1,71,50,9,3,71,38,0,0,322,180,234,313,319,0,12,9,3
9990,MPRIP,52,30,10,8,65,38,1,1,322,205,254,311,313,-13,-8,9,7
10442,NAA50,70,48,9,2,56,30,0,0,322,196,244,313,320,14,18,9,2
3862,CXCL6,45,37,11,2,17,11,2,0,322,260,274,309,320,28,26,9,2
4732,EDC4,53,25,11,6,64,35,2,1,322,205,262,309,315,-11,-10,9,5
17431,TOMM20L,101,85,47,24,64,55,38,16,322,157,182,237,282,37,30,9,8
9992,MPV17,55,25,10,7,40,21,1,1,322,227,276,311,314,15,4,9,6
16274,STYXL1,98,60,11,3,40,18,2,0,322,184,244,309,319,58,42,9,3
8359,KIAA0895L,62,32,13,4,67,34,4,1,322,193,256,305,317,-5,-2,9,3
8360,KIAA0930,68,43,13,6,53,25,4,2,322,201,254,305,314,15,18,9,4
17441,TOP1,76,38,10,6,33,15,1,0,322,213,269,311,316,43,23,9,6
17442,TOP1MT,48,29,10,4,62,31,1,1,322,212,262,311,317,-14,-2,9,3
8367,KIAA1522,49,30,11,3,73,43,2,0,322,200,249,309,319,-24,-13,9,3
4594,DSTN,57,33,10,4,46,21,1,1,322,219,268,311,317,11,12,9,3
785,ANXA5,88,53,11,7,38,11,2,0,322,196,258,309,315,50,42,9,7
10469,NAIP,68,42,11,2,43,26,2,0,322,211,254,309,320,25,16,9,2
16241,STRN3,72,42,10,6,59,39,1,0,322,191,241,311,316,13,3,9,6
10528,NBPF9,54,29,10,8,59,34,1,1,322,209,259,311,313,-5,-5,9,7
4573,DRG2,69,48,12,6,63,37,3,0,322,190,237,307,316,6,11,9,6
8299,KCTD2,74,51,10,4,51,23,1,1,322,197,248,311,317,23,28,9,3
4575,DRICH1,107,73,18,5,81,57,9,3,322,134,192,295,314,26,16,9,2
8782,LAPTM4B,50,35,10,5,40,13,1,1,322,232,274,311,316,10,22,9,4
1255,ATP2B4,56,35,13,10,84,40,4,1,322,182,247,305,311,-28,-5,9,9
10519,NBPF12,60,29,11,4,59,31,2,0,322,203,262,309,318,1,-2,9,4
17414,TNRC6B,56,30,12,4,89,45,3,1,322,177,247,307,317,-33,-15,9,3
8313,KDM1A,42,26,10,5,59,31,1,0,322,221,265,311,317,-17,-5,9,5
10494,NASP,50,32,11,8,83,46,2,0,322,189,244,309,314,-33,-14,9,8
4063,DCLK1,54,26,10,6,45,21,1,0,322,223,275,311,316,9,5,9,6
8317,KDM3A,51,34,13,5,76,32,4,0,322,195,256,305,317,-25,2,9,5
10491,NARF,66,39,10,5,47,17,1,1,322,209,266,311,316,19,22,9,4
9943,MON2,73,45,10,1,58,35,1,0,322,191,242,311,321,15,10,9,1
9947,MORC4,68,37,13,8,34,17,4,0,322,220,268,305,314,34,20,9,8
8756,LAMA1,65,37,11,3,51,29,2,0,322,206,256,309,319,14,8,9,3
8755,LALBA,42,40,12,7,16,12,3,0,322,264,270,307,315,26,28,9,7
1414,BAG6,52,32,10,5,55,26,1,1,322,215,264,311,316,-3,6,9,4
3836,CUTA,59,35,13,9,56,27,4,1,322,207,260,305,312,3,8,9,8
8318,KDM3B,41,26,10,5,67,39,1,0,322,214,257,311,317,-26,-13,9,5
4056,DCDC1,102,67,14,5,47,27,5,1,322,173,228,303,316,55,40,9,4
4746,EDRF1,94,44,11,4,45,13,2,1,322,183,265,309,317,49,31,9,3
16234,STRAP,72,44,10,6,34,13,1,1,322,216,265,311,315,38,31,9,5
1409,BAG1,56,33,11,8,62,34,2,0,322,204,255,309,314,-6,-1,9,8
3844,CWC27,72,40,10,2,42,21,1,0,322,208,261,311,320,30,19,9,2
16299,SULT2A1,98,57,11,3,65,28,2,0,322,159,237,309,319,33,29,9,3
8628,KRT85,66,52,9,2,22,15,0,0,322,234,255,313,320,44,37,9,2
9640,MED13L,93,47,9,3,36,12,0,0,322,193,263,313,319,57,35,9,3
10157,MSN,52,32,10,8,40,21,1,0,322,230,269,311,314,12,11,9,8
1301,ATP6V1G1,89,60,11,7,28,14,2,0,322,205,248,309,315,61,46,9,7
1333,ATXN7L1,77,40,11,3,70,45,2,0,322,175,237,309,319,7,-5,9,3
17612,TRAPPC3,72,45,11,7,35,19,2,1,322,215,258,309,314,37,26,9,6
8466,KLHDC3,39,26,10,7,72,36,1,1,322,211,260,311,314,-33,-10,9,6
8481,KLHL18,71,41,11,5,57,35,2,1,322,194,246,309,316,14,6,9,4
10248,MTPN,70,45,10,5,49,28,1,0,322,203,249,311,317,21,17,9,5
10148,MSI2,55,34,11,6,76,34,2,1,322,191,254,309,315,-21,0,9,5
17496,TPM3,46,30,11,8,47,27,2,1,322,229,265,309,313,-1,3,9,7
1305,ATP6V1H,76,46,11,6,35,21,2,0,322,211,255,309,316,41,25,9,6
4665,DYNLL1,114,68,14,6,37,20,5,1,322,171,234,303,315,77,48,9,5
10202,MTCH1,86,55,10,7,30,16,1,1,322,206,251,311,314,56,39,9,6
17531,TRAF2,127,70,14,6,43,26,5,0,322,152,226,303,316,84,44,9,6
16462,TAF13,76,38,11,4,70,28,2,0,322,176,256,309,318,6,10,9,4
17778,TRIM10,87,61,9,4,24,9,0,0,322,211,252,313,318,63,52,9,4
10196,MTA2,52,27,10,7,49,28,1,1,322,221,267,311,314,3,-1,9,6
8496,KLHL33,81,43,10,3,39,12,1,0,322,202,267,311,319,42,31,9,3
10194,MT4,10,10,10,9,1,1,1,1,322,311,311,311,312,9,9,9,8
4656,DYNC1H1,51,28,11,6,37,13,2,0,322,234,281,309,316,14,15,9,6
3962,CYP7A1,51,35,10,2,28,17,1,0,322,243,270,311,320,23,18,9,2
829,APBA3,104,67,15,4,43,20,6,5,322,175,235,301,313,61,47,9,-1
1314,ATP9A,48,24,10,7,65,18,1,1,322,209,280,311,314,-17,6,9,6
16444,TADA2B,65,29,11,3,55,20,2,0,322,202,273,309,319,10,9,9,3
10180,MT-ND4L,83,48,15,4,67,30,6,2,322,172,244,301,316,16,18,9,2
10179,MT-ND4,80,51,15,5,49,31,6,3,322,193,240,301,314,31,20,9,2
16446,TAF1,67,42,9,3,49,15,0,0,322,206,265,313,319,18,27,9,3
10178,MT-ND3,70,41,14,7,72,30,5,4,322,180,251,303,311,-2,11,9,3
1299,ATP6V1F,56,34,11,9,32,18,2,1,322,234,270,309,312,24,16,9,8
3991,DACT3,80,44,11,2,50,22,2,0,322,192,256,309,320,30,22,9,2
16399,SYT11,72,40,9,6,41,19,0,0,322,209,263,313,316,31,21,9,6
10128,MS4A5,81,60,29,12,58,49,20,3,322,183,213,273,307,23,11,9,9
10038,MRPL13,75,44,11,6,51,28,2,1,322,196,250,309,315,24,16,9,5
8598,KRT33A,38,34,9,4,10,9,0,0,322,274,279,313,318,28,25,9,4
17463,TP53BP1,63,40,13,6,58,28,4,0,322,201,254,305,316,5,12,9,6
1282,ATP6V0A1,76,46,10,3,55,36,1,1,322,191,240,311,318,21,10,9,2
17775,TRIB2,92,55,14,7,61,40,5,1,322,169,227,303,314,31,15,9,6
17469,TP53INP2,56,28,11,6,77,38,2,1,322,189,256,309,315,-21,-10,9,5
4713,ECHDC1,52,38,12,7,49,27,3,1,322,221,257,307,314,3,11,9,6
850,APLP1,71,37,12,7,49,18,3,1,322,202,267,307,314,22,19,9,6
3898,CYBRD1,65,36,11,3,60,35,2,1,322,197,251,309,318,5,1,9,2
4710,ECE2,40,28,12,1,19,13,3,1,322,263,281,307,320,21,15,9,0
16322,SUPT7L,85,43,10,3,38,22,1,0,322,199,257,311,319,47,21,9,3
10084,MRPS11,56,34,11,8,53,32,2,1,322,213,256,309,313,3,2,9,7
10303,MVP,82,57,20,4,68,44,11,5,322,172,221,291,313,14,13,9,-1
4632,DUSP22,45,31,13,8,78,38,4,0,322,199,253,305,314,-33,-7,9,8
4002,DAPK1,76,36,10,4,57,23,1,0,322,189,263,311,318,19,13,9,4
10296,MUSK,64,39,10,5,32,14,1,0,322,226,269,311,317,32,25,9,5
8415,KIF5C,48,26,10,6,60,19,1,0,322,214,277,311,316,-12,7,9,6
4968,ENAH,50,30,9,7,54,26,0,0,322,218,266,313,315,-4,4,9,7
16349,SWT1,97,67,16,3,69,35,7,1,322,156,220,299,318,28,32,9,2
1290,ATP6V0E2,38,24,10,7,59,25,1,1,322,225,273,311,314,-21,-1,9,6
1349,AVPI1,112,68,17,5,53,24,8,5,322,157,230,297,312,59,44,9,0
809,AP2M1,46,28,11,5,53,28,2,1,322,223,266,309,316,-7,0,9,4
1344,AUTS2,103,57,12,7,43,24,3,0,322,176,241,307,315,60,33,9,7
10269,MTURN,49,31,11,6,92,47,2,2,322,181,244,309,314,-43,-16,9,4
8432,KIRREL2,62,37,11,5,60,31,2,0,322,200,254,309,317,2,6,9,5
9913,MMS22L,76,42,11,4,44,22,2,0,322,202,258,309,318,32,20,9,4
10529,NBR1,69,38,11,4,49,32,2,0,322,204,252,309,318,20,6,9,4
8791,LARP7,71,40,11,5,63,24,2,1,322,188,258,309,316,8,16,9,4
10717,NFATC2,86,44,14,11,53,28,5,1,322,183,250,303,310,33,16,9,10
3704,CSNK1G1,120,63,9,2,34,17,0,0,322,168,242,313,320,86,46,9,2
16698,TDGF1,87,56,11,2,52,32,2,0,322,183,234,309,320,35,24,9,2
8135,JOSD1,61,37,12,5,45,22,3,1,322,216,263,307,316,16,15,9,4
4523,DPF2,64,33,10,7,46,31,1,0,322,212,258,311,315,18,2,9,7
17967,TSPAN5,94,46,10,5,46,26,1,0,322,182,250,311,317,48,20,9,5
17305,TMIGD3,58,53,21,8,37,31,12,2,322,227,238,289,312,21,22,9,6
8886,LETM2,104,55,11,5,56,32,2,0,322,162,235,309,317,48,23,9,5
10722,NFE2L1,40,31,11,7,84,45,2,0,322,198,246,309,315,-44,-14,9,7
9745,MFN2,60,37,10,5,54,27,1,0,322,208,258,311,317,6,10,9,5
16081,SSR2,58,30,12,8,51,29,3,1,322,213,263,307,313,7,1,9,7
1478,BCL2L1,55,33,11,4,59,27,2,2,322,208,262,309,316,-4,6,9,2
1204,ATG16L1,84,41,12,4,50,31,3,0,322,188,250,307,318,34,10,9,4
9748,MFSD1,78,54,14,6,51,24,5,1,322,193,244,303,315,27,30,9,5
9911,MMRN2,95,58,12,2,67,37,3,0,322,160,227,307,320,28,21,9,2
3717,CSRNP3,82,50,13,2,55,29,4,0,322,185,243,305,320,27,21,9,2
16694,TCTN1,101,55,13,5,34,21,4,1,322,187,246,305,316,67,34,9,4
16692,TCTEX1D1,37,30,12,4,18,12,3,1,322,267,280,307,317,19,18,9,3
8873,LEMD1,50,40,12,4,40,33,3,0,322,232,249,307,318,10,7,9,4
9776,MGAT5,51,27,9,3,55,28,0,0,322,216,267,313,319,-4,-1,9,3
922,ARFGAP1,65,43,11,6,69,27,2,1,322,188,252,309,315,-4,16,9,5
16094,SSU72P4,27,27,19,9,13,13,10,5,322,282,282,293,308,14,14,9,4
719,ANKRD34A,103,57,9,2,58,22,0,0,322,161,243,313,320,45,35,9,2
10707,NEUROG2,109,58,12,2,51,32,3,1,322,162,232,307,319,58,26,9,1
17948,TSNAX-DISC1,113,70,11,5,52,33,2,0,322,157,219,309,317,61,37,9,5
10697,NEURL1,99,70,23,9,64,46,14,4,322,159,206,285,309,35,24,9,5
16134,ST8SIA6,87,60,15,5,57,39,6,2,322,178,223,301,315,30,21,9,3
17972,TSPEAR,87,52,10,4,26,15,1,0,322,209,255,311,318,61,37,9,4
10737,NFKBIL1,75,49,13,6,60,32,4,1,322,187,241,305,315,15,17,9,5
9730,METTL9,42,30,12,7,62,33,3,0,322,218,259,307,315,-20,-3,9,7
10746,NFYC,64,31,11,6,43,16,2,1,322,215,275,309,315,21,15,9,5
18002,TTBK2,87,48,9,1,50,24,0,0,322,185,250,313,321,37,24,9,1
9651,MED24,59,31,11,9,69,36,2,1,322,194,255,309,312,-10,-5,9,8
698,ANKRD17,56,27,9,4,51,22,0,0,322,215,273,313,318,5,5,9,4
4857,EIF3H,81,44,9,4,32,14,0,0,322,209,264,313,318,49,30,9,4
8959,LIMS3,80,52,12,7,51,29,3,1,322,191,241,307,314,29,23,9,6
16036,SRPK2,61,36,11,6,56,22,2,1,322,205,264,309,315,5,14,9,5
16037,SRPK3,106,73,13,3,60,35,4,0,322,156,214,305,319,46,38,9,3
16736,TEN1,68,44,16,7,66,33,7,1,322,188,245,299,314,2,11,9,6
17269,TMEM63B,65,38,11,4,78,26,2,0,322,179,258,309,318,-13,12,9,4
8916,LHB,78,68,38,15,54,45,29,14,322,190,209,255,293,24,23,9,1
9674,MEGF9,53,30,9,3,86,33,0,0,322,183,259,313,319,-33,-3,9,3
9683,MEIS2,61,35,10,7,77,39,1,1,322,184,248,311,314,-16,-4,9,6
17991,TSSC4,81,44,15,9,49,27,6,3,322,192,251,301,310,32,17,9,6
701,ANKRD2,89,67,13,2,52,31,4,0,322,181,224,305,320,37,36,9,2
1499,BCOR,94,56,13,5,69,31,4,2,322,159,235,305,315,25,25,9,3
9687,MEMO1,49,29,9,4,52,31,0,0,322,221,262,313,318,-3,-2,9,4
8106,JADE1,50,27,10,4,70,36,1,1,322,202,259,311,317,-20,-9,9,3
8912,LGR4,75,43,10,2,82,36,1,0,322,165,243,311,320,-7,7,9,2
16049,SRRT,47,28,11,6,57,26,2,1,322,218,268,309,315,-10,2,9,5
16050,SRSF1,52,34,11,8,63,34,2,1,322,207,254,309,313,-11,0,9,7
9711,METTL17,53,27,11,5,51,33,2,1,322,218,262,309,316,2,-6,9,4
10760,NHLRC4,94,60,12,2,66,34,3,0,322,162,228,307,320,28,26,9,2
4168,DEFB103A,27,27,22,18,14,13,13,13,322,281,282,287,291,13,14,9,5
10753,NGRN,88,49,11,7,33,20,2,2,322,201,253,309,313,55,29,9,5
9725,METTL5,51,33,12,2,55,32,3,1,322,216,257,307,319,-4,1,9,1
10689,NES,120,77,11,6,44,23,2,0,322,158,222,309,316,76,54,9,6
8160,KANSL3,52,28,10,4,68,44,1,0,322,202,250,311,318,-16,-16,9,4
729,ANKRD40CL,108,76,19,7,70,41,10,3,322,144,205,293,312,38,35,9,4
10600,NDUFA3,65,36,11,7,51,25,2,2,322,206,261,309,313,14,11,9,5
4111,DDR2,96,59,10,2,52,26,1,0,322,174,237,311,320,44,33,9,2
747,ANKRD7,72,58,22,7,57,45,13,4,322,193,219,287,311,15,13,9,3
4110,DDR1,49,26,14,8,87,46,5,1,322,186,250,303,313,-38,-20,9,7
8225,KCNH5,88,48,10,1,21,10,1,0,322,213,264,311,321,67,38,9,1
10597,NDUFA12,59,36,14,8,55,28,5,2,322,208,258,303,312,4,8,9,6
4107,DDN,95,57,17,6,64,37,8,0,322,163,228,297,316,31,20,9,6
14165,RNF4,68,41,10,2,51,28,1,0,322,203,253,311,320,17,13,9,2
10593,NDST4,94,53,10,2,58,25,1,1,322,170,244,311,319,36,28,9,1
10590,NDST1,34,21,10,6,110,61,1,1,322,178,240,311,315,-76,-40,9,5
16615,TBPL1,112,61,13,3,34,18,4,1,322,176,243,305,318,78,43,9,2
3787,CTNNB1,51,29,11,7,61,34,2,0,322,210,259,309,315,-10,-5,9,7
9869,MLN,21,20,18,5,12,11,9,3,322,289,291,295,314,9,9,9,2
16613,TBL3,41,26,10,7,106,61,1,0,322,175,235,311,315,-65,-35,9,7
16610,TBL1XR1,64,37,12,6,88,40,3,1,322,170,245,307,315,-24,-3,9,5
4095,DDAH2,79,47,13,7,57,24,4,4,322,186,251,305,311,22,23,9,3
756,ANLN,98,63,10,0,63,28,1,0,322,161,231,311,322,35,35,9,0
16192,STK19,63,36,13,7,58,31,4,0,322,201,255,305,315,5,5,9,7
4779,EFCAB9,57,55,20,7,31,27,11,4,322,234,240,291,311,26,28,9,3
17390,TNK1,78,55,24,13,63,38,15,9,322,181,229,283,300,15,17,9,4
8271,KCNN3,71,45,9,6,48,23,0,0,322,203,254,313,316,23,22,9,6
10551,NCK1,70,43,12,3,73,46,3,1,322,179,233,307,318,-3,-3,9,2
10544,NCBP3,72,51,11,4,65,40,2,0,322,185,231,309,318,7,11,9,4
3811,CTSS,88,51,12,1,40,20,3,1,322,194,251,307,320,48,31,9,0
4082,DCTN4,51,30,9,4,46,24,0,0,322,225,268,313,318,5,6,9,4
1250,ATP2A2,50,29,11,8,49,29,2,1,322,223,264,309,313,1,0,9,7
9859,MLF2,57,36,11,7,48,20,2,1,322,217,266,309,314,9,16,9,6
10608,NDUFAB1,56,33,10,5,52,23,1,1,322,214,266,311,316,4,10,9,4
8165,KAT2A,99,48,10,7,35,13,1,0,322,188,261,311,315,64,35,9,7
16162,STAT3,51,27,11,5,50,17,2,1,322,221,278,309,316,1,10,9,4
10677,NELFA,56,32,11,7,67,38,2,2,322,199,252,309,313,-11,-6,9,5
16647,TCEAL3,71,48,12,6,60,40,3,2,322,191,234,307,314,11,8,9,4
10676,NEK9,47,33,10,4,51,24,1,0,322,224,265,311,318,-4,9,9,4
8169,KAT6B,56,30,11,5,67,34,2,0,322,199,258,309,317,-11,-4,9,5
9802,MICU1,63,37,11,7,43,21,2,0,322,216,264,309,315,20,16,9,7
3743,CT45A5,55,53,23,9,43,35,14,4,322,224,234,285,309,12,18,9,5
1457,BCAP29,59,34,10,4,49,24,1,1,322,214,264,311,317,10,10,9,3
10661,NEFM,104,56,10,0,30,15,1,0,322,188,251,311,322,74,41,9,0
17925,TSC22D2,93,53,11,3,38,20,2,0,322,191,249,309,319,55,33,9,3
17923,TSC2,72,37,12,6,47,20,3,1,322,203,265,307,315,25,17,9,5
17922,TSC1,78,40,11,3,58,26,2,0,322,186,256,309,319,20,14,9,3
10655,NEDD4L,102,65,14,7,37,19,5,0,322,183,238,303,315,65,46,9,7
4808,EGLN2,59,36,14,7,80,38,5,4,322,183,248,303,311,-21,-2,9,3
1451,BBS5,98,60,14,5,36,27,5,1,322,188,235,303,316,62,33,9,4
16153,STARD3NL,45,32,11,5,62,30,2,1,322,215,260,309,316,-17,2,9,4
16155,STARD5,97,55,12,6,51,30,3,1,322,174,237,307,315,46,25,9,5
10642,NEB,95,57,16,7,50,35,7,3,322,177,230,299,312,45,22,9,4
10639,NDUFV1,45,31,11,7,58,38,2,2,322,219,253,309,313,-13,-7,9,5
16644,TCEA3,105,64,15,2,67,37,6,0,322,150,221,301,320,38,27,9,2
10637,NDUFS7,56,42,12,8,42,26,3,1,322,224,254,307,313,14,16,9,7
10635,NDUFS5,49,32,11,8,44,25,2,2,322,229,265,309,312,5,7,9,6
10634,NDUFS4,53,38,14,9,56,26,5,2,322,213,258,303,311,-3,12,9,7
8185,KBTBD4,67,40,10,6,66,37,1,0,322,189,245,311,316,1,3,9,6
4118,DDX17,53,30,11,6,58,34,2,1,322,211,258,309,315,-5,-4,9,5
8209,KCND3,55,28,12,6,48,26,3,3,322,219,268,307,313,7,2,9,3
15590,SMIM30,55,33,12,4,70,38,3,1,322,197,251,307,317,-15,-5,9,3
1055,ARMCX3,84,56,10,6,44,21,1,1,322,194,245,311,315,40,35,9,5
14304,RPS17,52,33,14,10,48,20,5,2,322,222,269,303,310,4,13,9,8
19326,ZNF446,68,43,10,6,60,30,1,1,322,194,249,311,315,8,13,9,5
5362,FAM180A,101,81,15,7,42,23,6,2,322,179,218,301,313,59,58,9,5
14898,SFSWAP,43,21,9,4,74,47,0,0,322,205,254,313,318,-31,-26,9,4
18800,WTAP,54,29,12,5,58,36,3,1,322,210,257,307,316,-4,-7,9,4
6137,GBA2,40,21,11,6,56,28,2,0,322,226,273,309,316,-16,-7,9,6
12794,POMZP3,68,35,13,6,53,23,4,1,322,201,264,305,315,15,12,9,5
2596,CD300LB,68,41,11,7,13,8,2,0,322,241,273,309,315,55,33,9,7
13660,RAP1GDS1,66,39,10,3,37,20,1,0,322,219,263,311,319,29,19,9,3
14912,SFXN5,55,35,10,6,70,29,1,0,322,197,258,311,316,-15,6,9,6
14352,RRAGD,53,29,10,5,44,13,1,1,322,225,280,311,316,9,16,9,4
12790,POMK,66,38,10,2,58,24,1,1,322,198,260,311,319,8,14,9,1
6865,H2BC18,91,60,18,13,87,60,9,4,322,144,202,295,305,4,0,9,9
6872,H2BC8,105,67,14,8,81,51,5,1,322,136,204,303,313,24,16,9,7
13671,RAPH1,52,31,12,4,91,49,3,0,322,179,242,307,318,-39,-18,9,4
18746,WFDC11,55,43,20,5,35,28,11,1,322,232,251,291,316,20,15,9,4
14347,RPUSD4,62,31,9,5,68,38,0,0,322,192,253,313,317,-6,-7,9,5
104,ABL2,89,54,9,2,39,22,0,0,322,194,246,313,320,50,32,9,2
6887,H3C12,88,61,23,14,78,52,14,3,322,156,209,285,305,10,9,9,11
14932,SGSM1,86,45,10,6,40,18,1,0,322,196,259,311,316,46,27,9,6
14935,SGTA,57,28,11,7,66,37,2,1,322,199,257,309,314,-9,-9,9,6
6903,H4C14,84,62,29,12,95,55,20,9,322,143,205,273,301,-11,7,9,3
12709,PNRC1,94,62,12,7,78,49,3,0,322,150,211,307,315,16,13,9,7
13692,RASGEF1B,119,78,15,2,45,25,6,0,322,158,219,301,320,74,53,9,2
13698,RASGRP3,68,53,16,5,85,54,7,1,322,169,215,299,316,-17,-1,9,4
14937,SH2B1,86,43,11,9,39,23,2,0,322,197,256,309,313,47,20,9,9
14948,SH2D6,99,63,11,2,69,40,2,0,322,154,219,309,320,30,23,9,2
12699,PNPLA1,119,65,10,1,53,23,1,0,322,150,234,311,321,66,42,9,1
2284,CBR1,92,52,11,6,39,22,2,2,322,191,248,309,314,53,30,9,4
1966,C3orf20,101,60,11,1,49,24,2,0,322,172,238,309,321,52,36,9,1
14951,SH3BGRL,48,26,11,6,70,27,2,1,322,204,269,309,315,-22,-1,9,5
18802,WWC1,42,19,9,4,58,25,0,0,322,222,278,313,318,-16,-6,9,4
18839,XPO1,86,56,11,5,48,21,2,0,322,188,245,309,317,38,35,9,5
14364,RRP12,75,43,13,4,71,40,4,0,322,176,239,305,318,4,3,9,4
12889,PPM1G,49,26,10,7,56,35,1,1,322,217,261,311,314,-7,-9,9,6
14805,SERF2,66,32,13,8,37,18,4,2,322,219,272,305,312,29,14,9,6
19329,ZNF451,61,35,9,2,59,34,0,0,322,202,253,313,320,2,1,9,2
18897,YTHDF3,89,51,10,5,42,24,1,0,322,191,247,311,317,47,27,9,5
13592,RAC1,60,32,10,7,48,21,1,1,322,214,269,311,314,12,11,9,6
6758,GTF2E2,77,36,10,4,45,29,1,0,322,200,257,311,318,32,7,9,4
5668,FETUB,40,33,12,3,24,18,3,2,322,258,271,307,317,16,15,9,1
14826,SERPINB10,78,46,12,4,57,33,3,0,322,187,243,307,318,21,13,9,4
12899,PPP1CB,57,33,12,7,71,24,3,0,322,194,265,307,315,-14,9,9,7
6769,GTF2IRD2,94,67,24,11,83,57,15,6,322,145,198,283,305,11,10,9,5
13609,RAD51C,76,44,11,5,55,27,2,2,322,191,251,309,315,21,17,9,3
6772,GTF3C1,58,34,10,5,51,29,1,0,322,213,259,311,317,7,5,9,5
14381,RSL24D1,76,49,10,5,35,20,1,0,322,211,253,311,317,41,29,9,5
19331,ZNF460,131,80,10,7,41,20,1,1,322,150,222,311,314,90,60,9,6
2955,CFB,91,70,27,13,70,52,18,8,322,161,200,277,301,21,18,9,5
13651,RANBP3L,75,45,11,3,51,31,2,0,322,196,246,309,319,24,14,9,3
6166,GCM1,109,60,10,3,36,14,1,0,322,177,248,311,319,73,46,9,3
6788,GUCA1A,101,63,13,3,47,23,4,0,322,174,236,305,319,54,40,9,3
18883,YKT6,79,46,11,6,46,27,2,1,322,197,249,309,315,33,19,9,5
18881,YJEFN3,115,60,11,4,49,31,2,1,322,158,231,309,317,66,29,9,3
14369,RRP8,60,30,9,4,51,22,0,0,322,211,270,313,318,9,8,9,4
18877,YIPF4,78,42,11,7,38,19,2,1,322,206,261,309,314,40,23,9,6
14859,SET,51,33,12,5,47,27,3,2,322,224,262,307,315,4,6,9,3
2967,CFL1,46,32,11,8,49,24,2,1,322,227,266,309,313,-3,8,9,7
6807,GXYLT2,87,47,11,3,61,36,2,0,322,174,239,309,319,26,11,9,3
18869,YEATS2,46,26,11,3,73,28,2,0,322,203,268,309,319,-27,-2,9,3
5377,FAM193A,43,26,9,2,71,31,0,0,322,208,265,313,320,-28,-5,9,2
5680,FGD1,46,26,10,5,52,28,1,1,322,224,268,311,316,-6,-2,9,4
5373,FAM187B,55,51,11,3,28,26,2,0,322,239,245,309,319,27,25,9,3
362,ADIPOR2,92,45,9,4,40,19,0,0,322,190,258,313,318,52,26,9,4
3040,CHMP5,70,40,10,6,44,23,1,0,322,208,259,311,316,26,17,9,6
12678,PNKP,96,64,24,13,84,49,15,7,322,142,209,283,302,12,15,9,6
15109,SLC11A2,50,31,12,8,91,35,3,1,322,181,256,307,313,-41,-4,9,7
6076,GALNT16,78,41,10,4,42,17,1,0,322,202,264,311,318,36,24,9,4
12562,PLD5P1,117,73,14,1,43,26,5,0,322,162,223,303,321,74,47,9,1
1922,C20orf202,87,58,10,1,51,24,1,0,322,184,240,311,321,36,34,9,1
6994,HDAC5,73,54,12,7,66,32,3,1,322,183,236,307,314,7,22,9,6
6063,GALC,78,54,11,1,61,32,2,1,322,183,236,309,320,17,22,9,0
7002,HDGF,39,26,10,7,45,25,1,1,322,238,271,311,314,-6,1,9,6
387,ADRB2,81,56,11,4,97,53,2,1,322,144,213,309,317,-16,3,9,3
12530,PLAG1,106,63,14,2,53,35,5,1,322,163,224,303,319,53,28,9,1
7024,HECTD4,87,40,11,5,34,16,2,1,322,201,266,309,316,53,24,9,4
7032,HELZ,83,44,10,5,56,25,1,0,322,183,253,311,317,27,19,9,5
3107,CIB1,55,32,11,9,50,14,2,0,322,217,276,309,313,5,18,9,9
13762,RBM38,80,50,12,5,43,24,3,1,322,199,248,307,316,37,26,9,4
6054,GAGE13,33,33,25,16,19,18,16,10,322,270,271,281,296,14,15,9,6
15115,SLC12A6,63,31,9,6,38,13,0,0,322,221,278,313,316,25,18,9,6
2552,CCT7,63,45,12,9,45,20,3,1,322,214,257,307,312,18,25,9,8
5725,FHIT,90,62,23,10,72,45,14,10,322,160,215,285,302,18,17,9,0
12490,PKN2,51,28,10,5,80,36,1,0,322,191,258,311,317,-29,-8,9,5
13779,RBMS2,79,40,10,5,42,18,1,0,322,201,264,311,317,37,22,9,5
5275,FAF2,67,39,9,2,47,25,0,0,322,208,258,313,320,20,14,9,2
19421,ZNF577,108,63,12,6,54,30,3,0,322,160,229,307,316,54,33,9,6
12471,PJVK,84,48,12,3,71,33,3,2,322,167,241,307,317,13,15,9,1
13795,RBP4,67,52,14,8,28,20,5,1,322,227,250,303,313,39,32,9,7
7076,HHEX,101,67,14,3,55,31,5,1,322,166,224,303,318,46,36,9,2
18602,VPS51,71,40,12,7,61,30,3,2,322,190,252,307,313,10,10,9,5
13800,RBPMS,135,86,12,5,37,21,3,0,322,150,215,307,317,98,65,9,5
6014,GABARAPL2,75,47,11,6,49,19,2,1,322,198,256,309,315,26,28,9,5
412,AGAP1,56,26,10,8,71,36,1,0,322,195,260,311,314,-15,-10,9,8
15190,SLC22A7,40,30,10,2,15,9,1,0,322,267,283,311,320,25,21,9,2
12569,PLEKHA3,77,34,10,5,48,25,1,0,322,197,263,311,317,29,9,9,5
86,ABHD16A,48,24,10,6,73,26,1,1,322,201,272,311,315,-25,-2,9,5
3042,CHMP7,55,31,12,8,78,39,3,1,322,189,252,307,313,-23,-8,9,7
6963,HBEGF,127,80,14,3,41,22,5,0,322,154,220,303,319,86,58,9,3
12676,PNISR,63,39,10,3,58,33,1,0,322,201,250,311,319,5,6,9,3
14958,SH3BP5L,62,35,10,6,53,30,1,0,322,207,257,311,316,9,5,9,6
1959,C2orf81,91,66,25,7,96,62,16,3,322,135,194,281,312,-5,4,9,4
14326,RPS5,57,28,11,9,40,25,2,2,322,225,269,309,311,17,3,9,7
18689,WDR26,73,42,10,6,49,23,1,0,322,200,257,311,316,24,19,9,6
18682,WDR13,61,39,12,5,55,24,3,1,322,206,259,307,316,6,15,9,4
3055,CHRDL2,53,41,18,12,45,39,9,6,322,224,242,295,304,8,2,9,6
12650,PLXNB1,39,16,9,5,86,57,0,0,322,197,249,313,317,-47,-41,9,5
18678,WDPCP,81,42,11,5,33,18,2,1,322,208,262,309,316,48,24,9,4
18672,WDCP,115,80,13,4,55,28,4,1,322,152,214,305,317,60,52,9,3
14321,RPS3,53,33,11,8,39,17,2,2,322,230,272,309,312,14,16,9,6
18666,WBP1,54,34,15,11,53,27,6,1,322,215,261,301,310,1,7,9,10
13721,RB1CC1,74,45,9,4,61,35,0,0,322,187,242,313,318,13,10,9,4
12621,PLPBP,89,63,13,6,40,23,4,0,322,193,236,305,316,49,40,9,6
12592,PLEKHM1,72,39,14,9,64,41,5,0,322,186,242,303,313,8,-2,9,9
18660,WASHC2A,59,39,9,4,43,28,0,0,322,220,255,313,318,16,11,9,4
14310,RPS21,58,35,14,11,41,18,5,2,322,223,269,303,309,17,17,9,9
95,ABHD5,93,61,12,2,29,14,3,1,322,200,247,307,319,64,47,9,1
94,ABHD4,104,72,22,11,84,53,13,2,322,134,197,287,309,20,19,9,9
19380,ZNF529,82,43,11,4,56,31,2,1,322,184,248,309,317,26,12,9,3
3076,CHRNE,112,65,13,1,52,27,4,0,322,158,230,305,321,60,38,9,1
5300,FAM120A,57,33,10,7,44,19,1,1,322,221,270,311,314,13,14,9,6
13744,RBM14,96,53,10,6,51,28,1,0,322,175,241,311,316,45,25,9,6
12597,PLEKHO2,81,39,12,5,78,43,3,0,322,163,240,307,317,3,-4,9,5
12596,PLEKHO1,77,49,10,6,64,38,1,1,322,181,235,311,315,13,11,9,5
12594,PLEKHM3,62,31,9,2,40,11,0,0,322,220,280,313,320,22,20,9,2
13746,RBM15,70,33,11,5,54,35,2,0,322,198,254,309,317,16,-2,9,5
19383,ZNF534,67,44,12,5,40,24,3,1,322,215,254,307,316,27,20,9,4
14798,SEPTIN7,62,39,12,7,51,32,3,0,322,209,251,307,315,11,7,9,7
6744,GSTO2,89,50,10,1,30,13,1,0,322,203,259,311,321,59,37,9,1
18590,VPS35L,56,29,10,6,52,21,1,0,322,214,272,311,316,4,8,9,6
6742,GSTM5,69,55,21,2,47,39,12,4,322,206,228,289,316,22,16,9,-2
150,ACIN1,55,27,10,7,48,29,1,1,322,219,266,311,314,7,-2,9,6
5613,FBXW7,119,77,13,5,51,22,4,1,322,152,223,305,316,68,55,9,4
14574,SCAF4,104,34,10,3,38,20,1,1,322,180,268,311,318,66,14,9,2
6427,GNMT,101,77,17,9,78,49,8,2,322,143,196,297,311,23,28,9,7
13469,PYGB,38,22,10,7,60,26,1,1,322,224,274,311,314,-22,-4,9,6
14581,SCAMP5,65,42,16,9,106,55,7,2,322,151,225,299,311,-41,-13,9,7
5535,FAU,60,35,11,8,40,17,2,2,322,222,270,309,312,20,18,9,6
2151,CALR3,83,67,19,2,56,44,10,1,322,183,211,293,319,27,23,9,1
6262,GIGYF1,42,22,10,6,89,45,1,1,322,191,255,311,315,-47,-23,9,5
6450,GOLGA6L22,68,59,33,15,50,44,24,12,322,204,219,265,295,18,15,9,3
19089,ZHX1-C8orf76,93,65,17,5,83,46,8,5,322,146,211,297,312,10,19,9,0
14482,S100A7A,29,21,10,2,11,6,1,0,322,282,295,311,320,18,15,9,2
13280,PSMB5,47,26,11,9,50,28,2,1,322,225,268,309,312,-3,-2,9,8
19269,ZNF347,94,62,15,8,55,32,6,1,322,173,228,301,313,39,30,9,7
19085,ZGLP1,137,91,14,3,40,28,5,0,322,145,203,303,319,97,63,9,3
6475,GOLPH3,65,30,11,7,64,33,2,0,322,193,259,309,315,1,-3,9,7
19280,ZNF37A,68,31,9,3,38,16,0,0,322,216,275,313,319,30,15,9,3
13236,PRXL2A,67,40,9,6,43,11,0,0,322,212,271,313,316,24,29,9,6
6493,GP5,76,38,9,3,45,16,0,0,322,201,268,313,319,31,22,9,3
13233,PRUNE1,93,63,10,4,48,25,1,0,322,181,234,311,318,45,38,9,4
6495,GP9,22,19,12,4,8,7,3,1,322,292,296,307,317,14,12,9,3
13232,PRTN3,77,63,18,2,44,31,9,2,322,201,228,295,318,33,32,9,0
19071,ZFR,46,25,9,4,56,25,0,0,322,220,272,313,318,-10,0,9,4
2812,CECR2,72,35,9,4,53,29,0,0,322,197,258,313,318,19,6,9,4
6500,GPANK1,51,34,9,5,78,37,0,0,322,193,251,313,317,-27,-3,9,5
6502,GPAT3,94,60,10,1,42,20,1,0,322,186,242,311,321,52,40,9,1
5509,FANCG,50,27,12,6,70,37,3,0,322,202,258,307,316,-20,-10,9,6
14648,SCRIB,49,24,10,7,87,49,1,1,322,186,249,311,314,-38,-25,9,6
13493,QSOX1,58,31,10,9,58,22,1,0,322,206,269,311,313,0,9,9,9
14566,SBK3,86,64,26,5,76,61,17,4,322,160,197,279,313,10,3,9,1
6286,GJA1,110,67,12,5,54,32,3,0,322,158,223,307,317,56,35,9,5
13318,PSPC1,76,49,10,6,71,38,1,0,322,175,235,311,316,5,11,9,6
2703,CDH2,49,24,11,7,72,44,2,0,322,201,254,309,315,-23,-20,9,7
6344,GLRA2,59,29,11,1,51,26,2,1,322,212,267,309,320,8,3,9,0
6361,GLUL,71,41,11,7,50,24,2,1,322,201,257,309,314,21,17,9,6
13394,PTPN4,62,37,15,6,85,41,6,1,322,175,244,301,315,-23,-4,9,5
19192,ZNF225,74,39,11,2,95,53,2,1,322,153,230,309,319,-21,-14,9,1
6367,GLYCTK,63,32,11,6,77,45,2,1,322,182,245,309,315,-14,-13,9,5
167,ACOT7,67,38,10,6,34,18,1,1,322,221,266,311,315,33,20,9,5
13377,PTP4A2,45,29,11,5,53,24,2,1,322,224,269,309,316,-8,5,9,4
19215,ZNF263,64,34,10,4,57,31,1,0,322,201,257,311,318,7,3,9,4
6376,GMFG,100,72,19,9,65,52,10,3,322,157,198,293,310,35,20,9,6
5572,FBXO11,48,30,12,3,68,31,3,0,322,206,261,307,319,-20,-1,9,3
2733,CDK17,72,40,11,5,66,38,2,0,322,184,244,309,317,6,2,9,5
2185,CAPN12,78,53,26,9,87,59,17,5,322,157,210,279,308,-9,-6,9,4
19161,ZNF175,100,52,12,2,62,26,3,2,322,160,244,307,318,38,26,9,0
13431,PUM1,74,36,11,7,53,25,2,0,322,195,261,309,315,21,11,9,7
14549,SASH1,68,37,11,3,63,27,2,1,322,191,258,309,318,5,10,9,2
2178,CANX,74,42,10,6,43,17,1,1,322,205,263,311,315,31,25,9,5
6397,GNAS,84,52,12,6,37,22,3,2,322,201,248,307,314,47,30,9,4
2199,CAPRIN2,90,41,9,2,55,30,0,0,322,177,251,313,320,35,11,9,2
14544,SARNP,64,42,11,6,44,26,2,1,322,214,254,309,315,20,16,9,5
14545,SARS1,69,40,10,7,52,28,1,1,322,201,254,311,314,17,12,9,6
14504,SAE1,53,29,12,6,49,30,3,0,322,220,263,307,316,4,-1,9,6
174,ACP1,47,28,12,4,56,34,3,0,322,219,260,307,318,-9,-6,9,4
19250,ZNF320,76,40,11,7,67,34,2,0,322,179,248,309,315,9,6,9,7
13333,PTCH1,86,57,12,4,71,37,3,0,322,165,228,307,318,15,20,9,4
13329,PTBP3,56,33,11,2,82,32,2,0,322,184,257,309,320,-26,1,9,2
14493,S1PR3,73,41,9,4,44,21,0,0,322,205,260,313,318,29,20,9,4
2170,CAMSAP1,39,23,10,5,70,36,1,0,322,213,263,311,317,-31,-13,9,5
2169,CAMP,40,32,15,3,32,21,6,2,322,250,269,301,317,8,11,9,1
6526,GPHB5,31,30,22,11,19,15,13,1,322,272,277,287,310,12,15,9,10
133,ACAP3,52,27,10,6,76,38,1,0,322,194,257,311,316,-24,-11,9,6
14652,SCRT1,92,56,11,2,19,7,2,1,322,211,259,309,319,73,49,9,1
6198,GDPD2,80,55,11,5,71,36,2,0,322,171,231,309,317,9,19,9,5
5445,FAM47E-STBD1,115,86,28,12,79,63,19,10,322,128,173,275,300,36,23,9,2
6662,GRIA1,42,30,10,10,32,9,1,1,322,248,283,311,311,10,21,9,9
6222,GFOD2,55,30,10,4,45,20,1,0,322,222,272,311,318,10,10,9,4
19315,ZNF433,85,51,20,10,54,35,11,3,322,183,236,291,309,31,16,9,7
14402,RTEL1,86,58,12,2,73,34,3,0,322,163,230,307,320,13,24,9,2
12973,PPP6R1,42,26,11,6,61,31,2,2,322,219,265,309,314,-19,-5,9,4
18931,ZBTB18,68,38,11,5,50,29,2,0,322,204,255,309,317,18,9,9,5
14738,SELENBP1,79,49,19,7,81,48,10,4,322,162,225,293,311,-2,1,9,3
12960,PPP3CB,54,28,10,5,74,35,1,0,322,194,259,311,317,-20,-7,9,5
13572,RAB7A,63,34,11,7,48,19,2,0,322,211,269,309,315,15,15,9,7
13578,RABAC1,59,33,16,9,62,33,7,1,322,201,256,299,312,-3,0,9,8
2901,CERS2,62,31,10,7,45,31,1,0,322,215,260,311,315,17,0,9,7
2243,CASP9,72,47,11,2,78,37,2,0,322,172,238,309,320,-6,10,9,2
2906,CERT1,66,34,11,4,55,21,2,0,322,201,267,309,318,11,13,9,4
14727,SEC61G,57,35,11,8,51,22,2,1,322,214,265,309,313,6,13,9,7
273,ADAMTS13,93,57,13,5,80,47,4,1,322,149,218,305,316,13,10,9,4
2070,CA6,85,58,13,3,46,24,4,1,322,191,240,305,318,39,34,9,2
18921,ZBED8,87,53,9,2,55,29,0,0,322,180,240,313,320,32,24,9,2
12942,PPP1R9B,56,25,11,7,62,31,2,0,322,204,266,309,315,-6,-6,9,7
14755,SEMA3A,81,53,14,4,90,47,5,2,322,151,222,303,316,-9,6,9,2
18919,ZBED6,96,58,10,3,44,24,1,0,322,182,240,311,319,52,34,9,3
2634,CD80,73,53,16,2,38,26,7,1,322,211,243,299,319,35,27,9,1
6701,GRN,62,38,11,7,52,31,2,1,322,208,253,309,314,10,7,9,6
11253,ODAPH,99,57,14,5,52,27,5,1,322,171,238,303,316,47,30,9,4
6719,GSE1,58,30,14,6,89,54,5,1,322,175,238,303,315,-31,-24,9,5
2920,CFAP20,47,26,11,7,56,33,2,1,322,219,263,309,314,-9,-7,9,6
14785,SEPHS1,47,25,9,7,67,32,0,0,322,208,265,313,315,-20,-7,9,7
5665,FERMT2,82,48,16,5,55,33,7,1,322,185,241,299,316,27,15,9,4
2646,CD99,47,30,11,9,57,25,2,2,322,218,267,309,311,-10,5,9,7
13023,PRDM10,95,56,10,3,40,22,1,0,322,187,244,311,319,55,34,9,3
6532,GPM6A,93,55,14,9,77,46,5,1,322,152,221,303,312,16,9,9,8
14431,RTRAF,59,38,11,9,46,27,2,1,322,217,257,309,312,13,11,9,8
2663,CDC27,47,27,11,7,70,30,2,0,322,205,265,309,315,-23,-3,9,7
6544,GPR132,115,89,12,0,38,21,3,0,322,169,212,307,322,77,68,9,0
19298,ZNF410,101,56,10,5,38,22,1,1,322,183,244,311,316,63,34,9,4
6546,GPR137,97,56,12,6,34,12,3,2,322,191,254,307,314,63,44,9,4
6230,GFUS,49,32,13,6,66,31,4,0,322,207,259,305,316,-17,1,9,6
13129,PROM2,86,42,10,3,29,9,1,0,322,207,271,311,319,57,33,9,3
6228,GFRA4,22,20,11,6,14,10,2,0,322,286,292,309,316,8,10,9,6
19040,ZFAND6,58,34,11,4,68,37,2,1,322,196,251,309,317,-10,-3,9,3
230,ACTR8,65,38,10,4,64,26,1,0,322,193,258,311,318,1,12,9,4
6594,GPR4,128,75,11,3,25,13,2,1,322,169,234,309,318,103,62,9,2
5480,FAM89B,76,45,13,7,53,33,4,1,322,193,244,305,314,23,12,9,6
13544,RAB39B,84,50,9,2,51,25,0,0,322,187,247,313,320,33,25,9,2
13094,PRKDC,51,31,10,6,58,30,1,0,322,213,261,311,316,-7,1,9,6
13090,PRKCZ,69,50,20,6,73,42,11,2,322,180,230,291,314,-4,8,9,4
5449,FAM53B,55,32,9,7,79,32,0,0,322,188,258,313,315,-24,0,9,7
14421,RTN4,56,35,11,7,48,30,2,1,322,218,257,309,314,8,5,9,6
18986,ZC3HAV1,110,65,10,6,28,14,1,0,322,184,243,311,316,82,51,9,6
19305,ZNF420,109,65,17,7,55,37,8,5,322,158,220,297,310,54,28,9,2
5465,FAM78A,88,49,13,7,93,44,4,0,322,141,229,305,315,-5,5,9,7
18976,ZC3H13,67,41,9,4,58,31,0,0,322,197,250,313,318,9,10,9,4
6636,GPX4,52,31,13,7,53,22,4,2,322,217,269,305,313,-1,9,9,5
252,ADAM15,58,31,11,6,71,32,2,0,322,193,259,309,316,-13,-1,9,6
2239,CASP6,56,36,11,6,59,24,2,1,322,207,262,309,315,-3,12,9,5
14405,RTF2,66,36,11,6,35,16,2,1,322,221,270,309,315,31,20,9,5
253,ADAM17,82,49,11,3,39,19,2,0,322,201,254,309,319,43,30,9,3
14724,SEC61A1,56,31,11,7,58,25,2,0,322,208,266,309,315,-2,6,9,7
13031,PRDM4,55,36,11,5,53,36,2,0,322,214,250,309,317,2,0,9,5
18950,ZBTB43,100,49,11,3,46,20,2,0,322,176,253,309,319,54,29,9,3
1865,C1orf127,74,36,9,3,42,18,0,0,322,206,268,313,319,32,18,9,3
19201,ZNF235,57,31,12,5,80,41,3,2,322,185,250,307,315,-23,-10,9,3
13818,RCN1,68,43,10,4,44,20,1,0,322,210,259,311,318,24,23,9,4
2470,CCL17,33,27,14,5,19,16,5,2,322,270,279,303,315,14,11,9,3
18419,USP17L3,31,26,9,3,5,3,0,0,322,286,293,313,319,26,23,9,3
496,AKAP12,72,40,9,3,38,18,0,0,322,212,264,313,319,34,22,9,3
15523,SMAD4,50,30,10,7,63,38,1,1,322,209,254,311,314,-13,-8,9,6
12085,PCP2,89,74,36,9,64,55,27,6,322,169,193,259,307,25,19,9,3
14256,RPL34,55,36,13,9,40,19,4,2,322,227,267,305,311,15,17,9,7
14251,RPL29,51,32,14,10,38,15,5,1,322,233,275,303,311,13,17,9,9
14092,RNF11,59,27,10,7,55,16,1,0,322,208,279,311,315,4,11,9,7
18390,USF3,73,43,9,1,53,22,0,0,322,196,257,313,321,20,21,9,1
15532,SMARCA2,115,87,19,8,57,33,10,2,322,150,202,293,312,58,54,9,6
5863,FOXK2,45,22,11,7,64,28,2,0,322,213,272,309,315,-19,-6,9,7
18358,UPK3B,80,48,13,6,76,41,4,0,322,166,233,305,316,4,7,9,6
14244,RPL23A,41,33,10,7,48,19,1,1,322,233,270,311,314,-7,14,9,6
5160,ETFDH,75,48,13,5,54,28,4,0,322,193,246,305,317,21,20,9,5
12041,PCDHGA3,86,60,10,1,39,17,1,0,322,197,245,311,321,47,43,9,1
7732,IGLV4-3,17,16,15,5,6,6,6,2,322,299,300,301,315,11,10,9,3
14211,RPAIN,61,33,10,6,35,18,1,0,322,226,271,311,316,26,15,9,6
18320,ULK2,65,37,9,3,74,42,0,0,322,183,243,313,319,-9,-5,9,3
1733,BUD31,85,50,11,7,30,21,2,0,322,207,251,309,315,55,29,9,7
1863,C1orf116,78,44,11,0,49,24,2,0,322,195,254,309,322,29,20,9,0
14241,RPL22,50,34,11,6,48,21,2,2,322,224,267,309,314,2,13,9,4
3324,CNN3,90,58,10,8,46,30,1,0,322,186,234,311,314,44,28,9,8
3329,CNOT1,74,23,10,6,44,26,1,0,322,204,273,311,316,30,-3,9,6
13990,RHOF,57,37,10,8,53,22,1,1,322,212,263,311,313,4,15,9,7
585,ALLC,55,39,9,1,25,15,0,0,322,242,268,313,321,30,24,9,1
12099,PCYT1A,65,35,10,5,56,26,1,0,322,201,261,311,317,9,9,9,5
14101,RNF123,60,38,14,7,56,25,5,0,322,206,259,303,315,4,13,9,7
5862,FOXK1,55,27,9,4,84,30,0,0,322,183,265,313,318,-29,-3,9,4
2475,CCL21,30,28,14,4,17,15,5,2,322,275,279,303,316,13,13,9,2
18498,VAMP7,69,40,10,2,53,24,1,1,322,200,258,311,319,16,16,9,1
3266,CLSTN3,65,37,11,7,68,36,2,0,322,189,249,309,315,-3,1,9,7
13932,RGP1,42,22,10,4,59,27,1,0,322,221,273,311,318,-17,-5,9,4
3267,CLTA,62,38,11,8,43,19,2,1,322,217,265,309,313,19,19,9,7
5951,FUBP1,63,32,11,4,55,38,2,1,322,204,252,309,317,8,-6,9,3
7323,HSD3B7,85,56,14,3,56,22,5,0,322,181,244,303,319,29,34,9,3
2336,CCDC136,90,58,14,8,73,41,5,3,322,159,223,303,311,17,17,9,5
5950,FTSJ3,77,40,10,4,53,30,1,0,322,192,252,311,318,24,10,9,4
11791,OVOL1,104,69,12,3,21,11,3,3,322,197,242,307,316,83,58,9,0
2338,CCDC138,70,39,14,4,66,37,5,1,322,186,246,303,317,4,2,9,3
5767,FLACC1,108,74,27,9,63,44,18,7,322,151,204,277,306,45,30,9,2
5148,ESX1,41,37,10,5,15,10,1,0,322,266,275,311,317,26,27,9,5
7774,IL12B,83,49,12,3,36,17,3,0,322,203,256,307,319,47,32,9,3
18458,USP5,58,38,12,9,70,38,3,2,322,194,246,307,311,-12,0,9,7
3279,CMA1,29,29,11,2,13,13,2,1,322,280,280,309,319,16,16,9,1
53,ABCC11,92,53,11,1,41,19,2,1,322,189,250,309,320,51,34,9,0
5861,FOXJ3,66,37,11,4,54,32,2,0,322,202,253,309,318,12,5,9,4
7755,IGSF9B,58,30,10,3,53,32,1,0,322,211,260,311,319,5,-2,9,3
15469,SLC9A6,54,32,13,6,82,43,4,1,322,186,247,305,315,-28,-11,9,5
14257,RPL35,52,33,11,8,43,19,2,2,322,227,270,309,312,9,14,9,6
12103,PDC,39,36,12,9,20,17,3,0,322,263,269,307,313,19,19,9,9
18192,UBE2E1,52,31,11,5,53,25,2,1,322,217,266,309,316,-1,6,9,4
589,ALOX15,126,85,14,1,50,23,5,0,322,146,214,303,321,76,62,9,1
531,AKTIP,52,33,13,5,91,41,4,1,322,179,248,305,316,-39,-8,9,4
11707,OR8S1,22,21,10,3,12,11,1,0,322,288,290,311,319,10,10,9,3
7431,ICOSLG,85,54,11,4,35,18,2,1,322,202,250,309,317,50,36,9,3
18217,UBE2V1,60,29,11,3,50,25,2,2,322,212,268,309,317,10,4,9,1
11864,PAFAH1B3,57,31,12,6,63,31,3,2,322,202,260,307,314,-6,0,9,4
18247,UBR4,48,23,10,5,61,27,1,1,322,213,272,311,316,-13,-4,9,4
11862,PAFAH1B1,53,26,11,5,58,36,2,0,322,211,260,309,317,-5,-10,9,5
5035,EPHA6,57,37,12,3,43,26,3,0,322,222,259,307,319,14,11,9,3
5891,FPR1,100,69,14,2,57,29,5,2,322,165,224,303,318,43,40,9,0
3378,COBLL1,86,55,14,2,48,21,5,0,322,188,246,303,320,38,34,9,2
5790,FMC1,73,38,11,4,39,21,2,0,322,210,263,309,318,34,17,9,4
18245,UBR2,94,50,10,2,37,16,1,0,322,191,256,311,320,57,34,9,2
14035,RIOK3,86,47,10,3,24,12,1,0,322,212,263,311,319,62,35,9,3
7522,IGDCC3,61,45,12,2,60,33,3,1,322,201,244,307,319,1,12,9,1
11833,P4HB,60,34,10,7,43,21,1,1,322,219,267,311,314,17,13,9,6
3389,COL10A1,61,43,21,14,64,42,12,8,322,197,237,289,300,-3,1,9,6
18239,UBQLN1,72,39,11,5,35,14,2,2,322,215,269,309,315,37,25,9,3
5049,EPN1,62,38,11,6,45,17,2,1,322,215,267,309,315,17,21,9,5
3394,COL14A1,74,41,12,7,57,33,3,1,322,191,248,307,314,17,8,9,6
18233,UBL7,72,55,14,7,53,27,5,1,322,197,240,303,314,19,28,9,6
14042,RIPOR1,69,39,10,3,60,31,1,0,322,193,252,311,319,9,8,9,3
18220,UBE2Z,52,32,10,5,66,35,1,0,322,204,255,311,317,-14,-3,9,5
18222,UBE3B,98,58,9,3,35,19,0,0,322,189,245,313,319,63,39,9,3
11814,P2RY1,74,36,9,0,32,10,0,0,322,216,276,313,322,42,26,9,0
1703,BTBD7,59,33,11,3,72,37,2,1,322,191,252,309,318,-13,-4,9,2
14043,RIPOR2,87,50,13,4,62,37,4,1,322,173,235,305,317,25,13,9,3
5874,FOXO3,54,33,11,3,52,20,2,0,322,216,269,309,319,2,13,9,3
14075,RNASE7,48,45,12,6,41,29,3,1,322,233,248,307,315,7,16,9,5
1717,BTN2A1,65,38,12,3,57,31,3,0,322,200,253,307,319,8,7,9,3
14239,RPL19,45,31,12,8,46,19,3,2,322,231,272,307,312,-1,12,9,6
7474,IFITM3,60,33,12,9,46,25,3,1,322,216,264,307,312,14,8,9,8
15669,SNRNP27,73,45,12,6,45,26,3,1,322,204,251,307,315,28,19,9,5
15551,SMCHD1,57,35,9,7,55,27,0,0,322,210,260,313,315,2,8,9,7
7437,IDH1,60,35,11,4,62,26,2,0,322,200,261,309,318,-2,9,9,4
11957,PATL2,90,60,21,5,73,55,12,3,322,159,207,289,314,17,5,9,2
19535,ZNF717,88,60,14,4,46,26,5,1,322,188,236,303,317,42,34,9,3
11956,PATL1,47,30,10,3,54,26,1,0,322,221,266,311,319,-7,4,9,3
7441,IDH3G,67,40,12,9,68,45,3,2,322,187,237,307,311,-1,-5,9,7
18277,UFC1,66,42,10,5,42,17,1,1,322,214,263,311,316,24,25,9,4
14082,RNASEK,67,36,14,7,42,19,5,2,322,213,267,303,313,25,17,9,5
15656,SNCAIP,90,60,22,6,72,48,13,2,322,160,214,287,314,18,12,9,4
3346,CNR1,58,40,11,5,25,19,2,1,322,239,263,309,316,33,21,9,4
14076,RNASE8,14,14,10,7,7,7,1,1,322,301,301,311,314,7,7,9,6
7606,IGHV3-35,33,27,24,20,20,17,15,11,322,269,278,283,291,13,10,9,9
3351,CNTF,127,76,9,2,48,24,0,0,322,147,222,313,320,79,52,9,2
15560,SMG5,38,23,10,7,66,33,1,0,322,218,266,311,315,-28,-10,9,7
2449,CCDC90B,59,35,12,9,51,20,3,1,322,212,267,307,312,8,15,9,8
3417,COL4A5,72,48,15,5,78,32,6,1,322,172,242,301,316,-6,16,9,4
5075,ERBB4,58,37,11,4,54,33,2,0,322,210,252,309,318,4,4,9,4
543,ALDH1L1,85,59,20,12,67,43,11,2,322,170,220,291,308,18,16,9,10
15632,SMU1,72,44,9,5,36,18,0,0,322,214,260,313,317,36,26,9,5
18249,UBR7,56,32,12,6,67,41,3,1,322,199,249,307,315,-11,-9,9,5
553,ALDH7A1,48,33,10,6,45,23,1,0,322,229,266,311,316,3,10,9,6
7473,IFITM2,64,37,11,7,52,27,2,1,322,206,258,309,314,12,10,9,6
15398,SLC4A3,72,37,12,4,68,35,3,0,322,182,250,307,318,4,2,9,4
1780,C12orf54,39,37,18,3,32,28,9,2,322,251,257,295,317,7,9,9,1
5952,FUBP3,62,29,11,7,52,28,2,1,322,208,265,309,314,10,1,9,6
13877,RESP18,23,21,12,3,11,9,3,0,322,288,292,307,319,12,12,9,3
3172,CLDN15,140,84,14,3,30,21,5,3,322,152,217,303,316,110,63,9,0
15225,SLC25A31,72,53,11,1,33,20,2,2,322,217,249,309,319,39,33,9,-1
4981,ENO2,74,41,11,6,57,25,2,1,322,191,256,309,315,17,16,9,5
14282,RPN2,57,33,11,9,41,23,2,2,322,224,266,309,311,16,10,9,7
7144,HMCES,65,34,10,4,44,21,1,0,322,213,267,311,318,21,13,9,4
13873,RERE,75,41,12,10,51,27,3,0,322,196,254,307,312,24,14,9,10
15706,SNX19,55,29,9,4,57,36,0,0,322,210,257,313,318,-2,-7,9,4
15704,SNX17,46,27,10,7,53,24,1,0,322,223,271,311,315,-7,3,9,7
7160,HMGN1,58,35,13,9,52,31,4,1,322,212,256,305,312,6,4,9,8
12332,PHF24,42,23,12,5,28,16,3,0,322,252,283,307,317,14,7,9,5
7162,HMGN3,46,33,10,7,66,25,1,0,322,210,264,311,315,-20,8,9,7
19488,ZNF669,98,37,11,2,35,18,2,0,322,189,267,309,320,63,19,9,2
21,AARS1,80,52,11,6,50,24,2,0,322,192,246,309,316,30,28,9,6
7197,HNRNPH3,64,36,10,7,41,19,1,0,322,217,267,311,315,23,17,9,7
15703,SNX16,107,60,9,1,37,22,0,0,322,178,240,313,321,70,38,9,1
7198,HNRNPK,48,32,10,7,54,27,1,1,322,220,263,311,314,-6,5,9,6
5206,EXOC6B,57,26,10,3,49,26,1,0,322,216,270,311,319,8,0,9,3
7199,HNRNPL,47,26,11,7,50,24,2,2,322,225,272,309,313,-3,2,9,5
5163,ETNK1,82,48,10,4,46,20,1,0,322,194,254,311,318,36,28,9,4
60,ABCC8,91,52,15,5,63,37,6,0,322,168,233,301,317,28,15,9,5
3471,COPZ1,68,39,11,7,38,20,2,1,322,216,263,309,314,30,19,9,6
15701,SNX14,54,25,10,6,74,36,1,0,322,194,261,311,316,-20,-11,9,6
13894,RFC2,46,27,10,6,49,27,1,1,322,227,268,311,315,-3,0,9,5
14277,RPL9,50,33,12,8,46,22,3,2,322,226,267,307,312,4,11,9,6
3171,CLDN14,43,37,14,5,43,33,5,2,322,236,252,303,315,0,4,9,3
1655,BRD4,65,34,12,6,38,18,3,2,322,219,270,307,314,27,16,9,4
14274,RPL7A,46,27,13,8,47,24,4,2,322,229,271,305,312,-1,3,9,6
19448,ZNF609,73,29,9,3,41,19,0,0,322,208,274,313,319,32,10,9,3
7101,HIP1,53,34,10,4,54,23,1,0,322,215,265,311,318,-1,11,9,4
12424,PIK3R3,96,53,10,6,51,31,1,0,322,175,238,311,316,45,22,9,6
14292,RPRD2,59,31,9,4,56,26,0,0,322,207,265,313,318,3,5,9,4
3489,CORO2B,73,45,10,7,54,29,1,0,322,195,248,311,315,19,16,9,7
18574,VPS11,82,51,13,9,43,21,4,0,322,197,250,305,313,39,30,9,9
14153,RNF223,111,77,15,5,55,32,6,1,322,156,213,301,316,56,45,9,4
14147,RNF214,70,38,9,2,68,31,0,0,322,184,253,313,320,2,7,9,2
2317,CCDC107,45,31,15,5,76,38,6,4,322,201,253,301,313,-31,-7,9,1
7120,HLA-C,48,31,13,9,61,33,4,1,322,213,258,305,312,-13,-2,9,8
11261,ODF3L2,89,70,11,0,60,32,2,0,322,173,220,309,322,29,38,9,0
12396,PIGL,73,33,11,4,58,34,2,2,322,191,255,309,316,15,-1,9,2
11266,OGDH,53,30,10,7,63,33,1,1,322,206,259,311,314,-10,-3,9,6
19481,ZNF66,83,42,12,6,45,17,3,0,322,194,263,307,316,38,25,9,6
11267,OGDHL,47,29,11,4,71,33,2,0,322,204,260,309,318,-24,-4,9,4
6006,G6PD,48,30,11,9,62,33,2,2,322,212,259,309,311,-14,-3,9,7
5231,EZH1,58,34,13,6,90,48,4,0,322,174,240,305,316,-32,-14,9,6
14143,RNF208,78,52,19,8,81,48,10,6,322,163,222,293,308,-3,4,9,2
3164,CLCN7,59,37,10,7,73,38,1,0,322,190,247,311,315,-14,-1,9,7
14141,RNF20,73,46,10,4,63,27,1,0,322,186,249,311,318,10,19,9,4
19673,ZSCAN25,88,45,11,5,59,38,2,0,322,175,239,309,317,29,7,9,5
15203,SLC25A11,38,20,10,9,79,30,1,0,322,205,272,311,313,-41,-10,9,9
5229,EYA4,86,55,11,4,42,22,2,0,322,194,245,309,318,44,33,9,4
4980,ENO1,43,29,13,9,50,29,4,2,322,229,264,305,311,-7,0,9,7
12369,PI3,66,53,22,10,38,32,13,2,322,218,237,287,310,28,21,9,8
15286,SLC2A9,83,54,14,3,55,33,5,1,322,184,235,303,318,28,21,9,2
5204,EXOC5,56,31,10,2,61,31,1,0,322,205,260,311,320,-5,0,9,2
454,AHCY,47,30,11,8,51,31,2,1,322,224,261,309,313,-4,-1,9,7
11353,OR10P1,17,17,12,1,7,7,3,0,322,298,298,307,321,10,10,9,1
11366,OR11H2,34,31,11,3,15,15,2,0,322,273,276,309,319,19,16,9,3
13924,RGCC,98,62,14,3,53,29,5,3,322,171,231,303,316,45,33,9,0
12240,PEX2,66,49,13,6,83,42,4,3,322,173,231,305,313,-17,7,9,3
5185,EVL,51,32,13,8,84,51,4,0,322,187,239,305,314,-33,-19,9,8
5184,EVI5L,41,28,13,5,125,78,4,1,322,156,216,305,316,-84,-50,9,4
11318,OPN5,42,34,9,4,31,22,0,0,322,249,266,313,318,11,12,9,4
15358,SLC39A14,99,60,13,4,46,26,4,0,322,177,236,305,318,53,34,9,4
15359,SLC39A2,117,84,16,7,69,51,7,1,322,136,187,299,314,48,33,9,6
15367,SLC3A1,108,76,12,3,50,26,3,1,322,164,220,307,318,58,50,9,2
15370,SLC41A1,50,26,9,4,48,19,0,0,322,224,277,313,318,2,7,9,4
5170,ETV3,105,60,9,2,39,28,0,0,322,178,234,313,320,66,32,9,2
14181,RNPEP,50,29,10,6,49,28,1,1,322,223,265,311,315,1,1,9,5
13926,RGL2,86,46,16,7,41,22,7,1,322,195,254,299,314,45,24,9,6
5169,ETV2,98,67,20,10,87,57,11,4,322,137,198,291,308,11,10,9,6
18504,VARS1,60,35,10,6,47,20,1,1,322,215,267,311,315,13,15,9,5
2410,CCDC50,60,33,11,6,42,27,2,0,322,220,262,309,316,18,6,9,6
18503,VAPB,53,31,10,3,47,25,1,1,322,222,266,311,318,6,6,9,2
7304,HSBP1L1,102,70,11,1,24,12,2,2,322,196,240,309,319,78,58,9,-1
11376,OR13C5,31,29,11,3,9,8,2,0,322,282,285,309,319,22,21,9,3
7785,IL17C,68,59,20,8,57,48,11,1,322,197,215,291,313,11,11,9,7
11385,OR14A2,23,21,9,3,10,10,0,0,322,289,291,313,319,13,11,9,3
12185,PDXDC1,57,29,11,8,69,36,2,0,322,196,257,309,314,-12,-7,9,8
2412,CCDC54,28,26,9,0,10,9,0,0,322,284,287,313,322,18,17,9,0
15351,SLC38A8,65,44,18,4,47,33,9,2,322,210,245,295,316,18,11,9,2
2362,CCDC17,96,67,16,5,69,41,7,0,322,157,214,299,317,27,26,9,5
15337,SLC36A4,51,26,12,2,72,33,3,0,322,199,263,307,320,-21,-7,9,2
18167,UBA3,87,62,21,9,82,59,12,4,322,153,201,289,309,5,3,9,5
7239,HOXB9,84,51,13,3,33,18,4,0,322,205,253,305,319,51,33,9,3
18160,U2AF2,60,35,11,9,40,24,2,2,322,222,263,309,311,20,11,9,7
18534,VEGFA,124,77,14,7,44,28,5,2,322,154,217,303,313,80,49,9,5
12269,PGAM1,38,26,11,7,45,27,2,1,322,239,269,309,314,-7,-1,9,6
55,ABCC2,118,72,10,0,46,23,1,0,322,158,227,311,322,72,49,9,0
14273,RPL7,50,36,11,7,43,20,2,2,322,229,266,309,313,7,16,9,5
12260,PFKM,62,35,12,9,39,26,3,1,322,221,261,307,312,23,9,9,8
18154,TYW1B,86,46,10,1,56,23,1,0,322,180,253,311,321,30,23,9,1
17377,TNFSF12-TNFSF13,54,49,31,20,44,37,23,8,322,224,236,268,294,10,12,8,12
144,ACE,93,51,10,4,63,28,2,0,322,166,243,310,318,30,23,8,4
1035,ARL6IP1,54,33,11,7,75,31,3,0,322,193,258,308,315,-21,2,8,7
8863,LDLRAD4,93,67,18,15,79,53,10,5,322,150,202,294,302,14,14,8,10
28,AATK,89,55,14,0,72,42,6,3,322,161,225,302,319,17,13,8,-3
6233,GGA2,64,26,10,6,49,27,2,0,322,209,269,310,316,15,-1,8,6
6324,GLG1,42,27,10,6,62,28,2,0,322,218,267,310,316,-20,-1,8,6
6271,GIMAP8,56,28,8,6,21,10,0,0,322,245,284,314,316,35,18,8,6
8837,LCN15,45,34,13,5,37,30,5,2,322,240,258,304,315,8,4,8,3
19281,ZNF382,89,52,8,3,47,22,0,0,322,186,248,314,319,42,30,8,3
5870,FOXN2,84,41,9,3,56,23,1,0,322,182,258,312,319,28,18,8,3
6295,GJB3,63,35,11,1,44,27,3,1,322,215,260,308,320,19,8,8,0
9226,LTBP1,67,46,12,5,63,42,4,0,322,192,234,306,317,4,4,8,5
6273,GIN1,101,56,11,1,46,30,3,1,322,175,236,308,320,55,26,8,0
4548,DPY19L2,80,46,11,1,72,44,3,0,322,170,232,308,321,8,2,8,1
4383,DMRTA2,65,44,15,8,74,41,7,0,322,183,237,300,314,-9,3,8,8
5631,FCHO1,78,46,12,3,46,25,4,2,322,198,251,306,317,32,21,8,1
892,APRT,54,28,11,5,53,24,3,1,322,215,270,308,316,1,4,8,4
5795,FMNL2,77,45,10,3,55,23,2,0,322,190,254,310,319,22,22,8,3
17085,TMEM126B,47,31,11,5,63,30,3,2,322,212,261,308,315,-16,1,8,3
5623,FCGR1A,53,45,16,6,24,21,8,3,322,245,256,298,313,29,24,8,3
8850,LDB1,50,24,9,4,65,33,1,1,322,207,265,312,317,-15,-9,8,3
5634,FCHSD2,66,39,13,5,65,28,5,1,322,191,255,304,316,1,11,8,4
17054,TMED5,78,45,8,3,56,31,0,0,322,188,246,314,319,22,14,8,3
17343,TNC,66,44,14,8,68,44,6,2,322,188,234,302,312,-2,0,8,6
8831,LCLAT1,61,32,10,4,41,15,2,0,322,220,275,310,318,20,17,8,4
19294,ZNF404,104,66,10,4,46,22,2,1,322,172,234,310,317,58,44,8,3
19669,ZSCAN20,116,71,9,3,41,23,1,1,322,165,228,312,318,75,48,8,2
19218,ZNF267,83,47,10,4,61,32,2,1,322,178,243,310,317,22,15,8,3
5622,FCGBP,101,64,9,1,33,13,1,0,322,188,245,312,321,68,51,8,1
8856,LDHB,57,35,11,8,43,23,3,1,322,222,264,308,313,14,12,8,7
17068,TMEM106C,71,47,12,6,45,28,4,0,322,206,247,306,316,26,19,8,6
4560,DRAM1,66,39,13,7,54,20,5,2,322,202,263,304,313,12,19,8,5
5600,FBXO47,52,36,10,2,33,15,2,1,322,237,271,310,319,19,21,8,1
1040,ARL8B,68,40,10,6,55,21,2,0,322,199,261,310,316,13,19,8,6
19607,ZNF827,55,33,8,2,52,14,0,0,322,215,275,314,320,3,19,8,2
910,ARAP1,46,29,13,7,102,60,5,0,322,174,233,304,315,-56,-31,8,7
17379,TNFSF13B,142,86,12,1,57,33,4,0,322,123,203,306,321,85,53,8,1
19600,ZNF81,107,60,16,8,64,37,8,3,322,151,225,298,311,43,23,8,5
9249,LY6E,45,29,11,4,72,35,3,2,322,205,258,308,316,-27,-6,8,2
17290,TMEM88B,38,35,25,7,32,26,17,5,322,252,261,280,310,6,9,8,2
5793,FMN2,90,58,11,6,43,23,3,0,322,189,241,308,316,47,35,8,6
17329,TMSB15A,55,38,18,7,58,35,10,6,322,209,249,294,309,-3,3,8,1
5969,FUT8,77,47,10,3,56,26,2,0,322,189,249,310,319,21,21,8,3
19490,ZNF670-ZNF695,125,75,9,4,40,22,1,0,322,157,225,312,318,85,53,8,4
98,ABI1,44,27,10,4,46,23,2,1,322,232,272,310,317,-2,4,8,3
19509,ZNF692,67,34,11,2,66,46,3,2,322,189,242,308,318,1,-12,8,0
6109,GART,51,31,10,7,62,30,2,2,322,209,261,310,313,-11,1,8,5
19372,ZNF518B,67,37,9,3,41,21,1,0,322,214,264,312,319,26,16,8,3
4476,DNM1L,53,30,10,3,47,28,2,0,322,222,264,310,319,6,2,8,3
56,ABCC3,77,40,12,3,48,32,4,1,322,197,250,306,318,29,8,8,2
9149,LRRC4C,40,21,9,2,60,40,1,0,322,222,261,312,320,-20,-19,8,2
9153,LRRC56,71,36,9,0,61,24,1,1,322,190,262,312,321,10,12,8,-1
5699,FGF22,72,52,16,2,57,37,8,5,322,193,233,298,315,15,15,8,-3
5956,FUNDC2,78,48,10,4,32,15,2,0,322,212,259,310,318,46,33,8,4
4432,DNAJB9,112,67,12,4,65,22,4,0,322,145,233,306,318,47,45,8,4
1004,ARID3B,119,70,9,4,39,20,1,0,322,164,232,312,318,80,50,8,4
6123,GATA3,89,54,10,4,73,32,2,0,322,160,236,310,318,16,22,8,4
5693,FGF17,84,68,11,2,46,30,3,1,322,192,224,308,319,38,38,8,1
17140,TMEM179,53,36,12,3,49,28,4,0,322,220,258,306,319,4,8,8,3
54,ABCC12,56,37,10,2,23,11,2,0,322,243,274,310,320,33,26,8,2
17125,TMEM167A,73,36,8,1,46,25,0,0,322,203,261,314,321,27,11,8,1
9005,LMAN2,67,42,10,6,46,23,2,1,322,209,257,310,315,21,19,8,5
956,ARHGAP31,54,39,9,2,83,48,1,0,322,185,235,312,320,-29,-9,8,2
17191,TMEM231,40,24,9,5,74,29,1,0,322,208,269,312,317,-34,-5,8,5
5714,FGFR3,74,38,13,8,67,29,5,0,322,181,255,304,314,7,9,8,8
17146,TMEM184A,82,60,9,0,58,31,1,0,322,182,231,312,322,24,29,8,0
4462,DNAL1,77,42,12,4,40,24,4,1,322,205,256,306,317,37,18,8,3
4452,DNAJC3,79,46,10,1,50,21,2,0,322,193,255,310,321,29,25,8,1
17183,TMEM221,69,45,11,6,40,18,3,1,322,213,259,308,315,29,27,8,5
6034,GABRP,127,80,16,5,42,23,8,4,322,153,219,298,313,85,57,8,1
4455,DNAJC5,44,23,10,5,53,31,2,1,322,225,268,310,316,-9,-8,8,4
19425,ZNF581,72,44,13,4,54,28,5,5,322,196,250,304,313,18,16,8,-1
17187,TMEM225B,91,61,16,3,71,47,8,0,322,160,214,298,319,20,14,8,3
19412,ZNF569,79,41,11,4,63,34,3,1,322,180,247,308,317,16,7,8,3
982,ARHGEF18,62,31,10,6,47,30,2,0,322,213,261,310,316,15,1,8,6
17176,TMEM214,51,25,9,5,68,37,1,0,322,203,260,312,317,-17,-12,8,5
4463,DNAL4,66,48,17,6,80,44,9,3,322,176,230,296,313,-14,4,8,3
8804,LBHD2,30,24,11,2,23,17,3,0,322,269,281,308,320,7,7,8,2
19472,ZNF644,74,46,9,3,46,32,1,1,322,202,244,312,318,28,14,8,2
6055,GAGE2A,46,39,27,18,31,26,19,10,322,245,257,276,294,15,13,8,8
65,ABCD4,59,31,12,7,62,34,4,0,322,201,257,306,315,-3,-3,8,7
6056,GAGE2E,30,25,25,16,21,18,17,10,322,271,279,280,296,9,7,8,6
4467,DNASE1L2,88,57,19,6,74,45,11,5,322,160,220,292,311,14,12,8,1
19401,ZNF559,92,61,9,4,85,41,1,0,322,145,220,312,318,7,20,8,4
19484,ZNF664,66,35,10,3,39,19,2,1,322,217,268,310,318,27,16,8,2
999,ARHGEF9,58,34,14,9,64,33,6,2,322,200,255,302,311,-6,1,8,7
9118,LRRC20,32,19,9,9,107,65,1,0,322,183,238,312,313,-75,-46,8,9
6128,GATAD2A,55,31,11,6,44,14,3,1,322,223,277,308,315,11,17,8,5
6133,GATD3A,76,44,15,10,82,37,7,3,322,164,241,300,309,-6,7,8,7
8985,LIPG,102,63,10,6,40,22,2,0,322,180,237,310,316,62,41,8,6
19536,ZNF718,72,41,9,3,53,33,1,0,322,197,248,312,319,19,8,8,3
5776,FLNC,97,55,9,2,43,17,1,0,322,182,250,312,320,54,38,8,2
19519,ZNF704,56,32,12,4,60,28,4,0,322,206,262,306,318,-4,4,8,4
6196,GDNF,83,55,10,5,53,28,2,0,322,186,239,310,317,30,27,8,5
1024,ARL2,49,32,12,7,53,21,4,2,322,220,269,306,313,-4,11,8,5
6197,GDPD1,72,39,9,4,58,24,1,0,322,192,259,312,318,14,15,8,4
1025,ARL2-SNX15,87,68,36,15,66,49,28,13,322,169,205,258,294,21,19,8,2
8894,LGALS14,41,38,16,4,43,40,8,0,322,238,244,298,318,-2,-2,8,4
6214,GET4,67,39,10,5,53,31,2,1,322,202,252,310,316,14,8,8,4
934,ARGLU1,92,47,9,2,35,18,1,0,322,195,257,312,320,57,29,8,2
9207,LSM14B,35,24,12,7,79,43,4,1,322,208,255,306,314,-44,-19,8,6
6186,GDF11,55,34,9,8,54,25,1,0,322,213,263,312,314,1,9,8,8
19569,ZNF771,78,46,11,4,26,15,3,0,322,218,261,308,318,52,31,8,4
5892,FPR2,97,77,28,11,52,37,20,5,322,173,208,274,306,45,40,8,6
17090,TMEM131,67,35,8,2,63,26,0,0,322,192,261,314,320,4,9,8,2
9212,LSM6,67,39,11,4,59,33,3,1,322,196,250,308,317,8,6,8,3
5647,FCSK,66,34,10,7,66,41,2,1,322,190,247,310,314,0,-7,8,6
8885,LETM1,50,28,9,7,58,26,1,1,322,214,268,312,314,-8,2,8,6
17089,TMEM130,103,70,11,2,46,20,3,0,322,173,232,308,320,57,50,8,2
19304,ZNF419,76,40,14,4,58,30,6,1,322,188,252,302,317,18,10,8,3
19303,ZNF418,93,61,16,5,72,53,8,1,322,157,208,298,316,21,8,8,4
6194,GDI1,73,40,11,7,34,17,3,2,322,215,265,308,313,39,23,8,5
941,ARHGAP17,52,30,10,4,79,35,2,0,322,191,257,310,318,-27,-5,8,4
5948,FTO,59,33,11,4,56,25,3,1,322,207,264,308,317,3,8,8,3
9173,LRRC8C,63,35,10,2,63,36,2,0,322,196,251,310,320,0,-1,8,2
19353,ZNF493,78,42,11,4,58,30,3,1,322,186,250,308,317,20,12,8,3
8951,LIMCH1,82,50,11,2,42,21,3,1,322,198,251,308,319,40,29,8,1
8944,LILRB1,93,50,10,1,45,17,2,1,322,184,255,310,320,48,33,8,0
107,ABLIM3,69,38,8,1,39,31,0,0,322,214,253,314,321,30,7,8,1
17258,TMEM51,80,44,9,6,46,21,1,0,322,196,257,312,316,34,23,8,6
17263,TMEM59,73,37,9,4,50,23,1,0,322,199,262,312,318,23,14,8,4
6154,GCC1,119,61,9,2,46,30,1,0,322,157,231,312,320,73,31,8,2
8926,LHX2,70,52,16,8,60,43,8,1,322,192,227,298,313,10,9,8,7
19343,ZNF480,67,41,10,4,62,35,2,1,322,193,246,310,317,5,6,8,3
6168,GCN1,41,19,9,6,51,23,1,0,322,230,280,312,316,-10,-4,8,6
51,ABCC1,51,29,8,3,58,21,0,0,322,213,272,314,319,-7,8,8,3
19332,ZNF461,112,70,11,3,48,30,3,0,322,162,222,308,319,64,40,8,3
5940,FSTL4,70,35,10,6,52,25,2,0,322,200,262,310,316,18,10,8,6
4416,DNAI4,114,70,12,2,66,39,4,1,322,142,213,306,319,48,31,8,1
5932,FSD2,109,64,9,2,45,26,1,0,322,168,232,312,320,64,38,8,2
6177,GCSAML,55,40,9,2,38,20,1,0,322,229,262,312,320,17,20,8,2
4414,DNAI2,71,41,9,3,13,5,1,0,322,238,276,312,319,58,36,8,3
5930,FSD1,68,53,15,5,82,46,7,3,322,172,223,300,314,-14,7,8,2
8904,LGALS9B,53,46,20,11,51,41,12,8,322,218,235,290,303,2,5,8,3
8903,LGALS9,106,80,15,5,57,33,7,4,322,159,209,300,313,49,47,8,1
630,AMOTL1,84,52,10,3,44,21,2,0,322,194,249,310,319,40,31,8,3
18911,ZAR1,70,62,19,6,52,44,11,5,322,200,216,292,311,18,18,8,1
5587,FBXO33,86,44,10,4,63,31,2,0,322,173,247,310,318,23,13,8,4
8136,JOSD2,68,46,16,8,72,44,8,6,322,182,232,298,308,-4,2,8,2
7226,HOXA5,90,55,14,4,69,35,6,2,322,163,232,302,316,21,20,8,2
8114,JAK3,61,34,10,4,47,20,2,0,322,214,268,310,318,14,14,8,4
708,ANKRD24,91,56,9,2,55,23,1,0,322,176,243,312,320,36,33,8,2
17970,TSPAN8,58,38,12,2,37,22,4,1,322,227,262,306,319,21,16,8,1
7219,HOXA1,114,66,8,2,35,14,0,0,322,173,242,314,320,79,52,8,2
18544,VGLL2,71,44,8,2,15,8,0,0,322,236,270,314,320,56,36,8,2
17969,TSPAN7,57,37,13,4,45,24,5,1,322,220,261,304,317,12,13,8,3
18531,VDAC2,55,31,11,5,45,27,3,3,322,222,264,308,314,10,4,8,2
7211,HOMER3,76,44,13,9,53,22,5,1,322,193,256,304,312,23,22,8,8
7206,HNRNPUL2-BSCL2,60,39,17,12,47,31,9,8,322,215,252,296,302,13,8,8,4
7194,HNRNPF,63,33,10,9,56,32,2,1,322,203,257,310,312,7,1,8,8
7193,HNRNPDL,49,24,9,7,77,39,1,1,322,196,259,312,314,-28,-15,8,6
17958,TSPAN17,37,29,12,6,88,37,4,0,322,197,256,306,316,-51,-8,8,6
7149,HMGA1,47,34,10,7,44,28,2,1,322,231,260,310,314,3,6,8,6
5193,EXD3,53,29,10,7,69,36,2,2,322,200,257,310,313,-16,-7,8,5
8109,JAG1,118,69,15,9,55,36,7,4,322,149,217,300,309,63,33,8,5
6992,HDAC3,57,33,9,2,72,34,1,1,322,193,255,312,319,-15,-1,8,1
4866,EIF4B,51,28,11,6,49,32,3,2,322,222,262,308,314,2,-4,8,4
8059,ITGB1BP2,101,74,12,3,56,40,4,1,322,165,208,306,318,45,34,8,2
8060,ITGB2,68,51,23,8,63,40,15,2,322,191,231,284,312,5,11,8,6
4872,EIF4EBP2,51,29,9,3,67,27,1,0,322,204,266,312,319,-16,2,8,3
8067,ITGB8,56,32,10,5,61,28,2,1,322,205,262,310,316,-5,4,8,4
693,ANKRD13A,62,31,9,3,64,35,1,0,322,196,256,312,319,-2,-4,8,3
7322,HSD3B2,52,36,10,1,32,19,2,0,322,238,267,310,321,20,17,8,1
4863,EIF4A1,48,30,11,11,66,36,3,2,322,208,256,308,309,-18,-6,8,9
18522,VCPIP1,80,32,8,1,50,25,0,0,322,192,265,314,321,30,7,8,1
4861,EIF3L,59,31,9,6,43,22,1,1,322,220,269,312,315,16,9,8,5
7311,HSD17B11,57,28,9,4,53,27,1,1,322,212,267,312,317,4,1,8,3
464,AHSG,77,50,8,3,36,21,0,0,322,209,251,314,319,41,29,8,3
8100,IYD,110,74,11,1,43,25,3,2,322,169,223,308,319,67,49,8,-1
455,AHCYL1,48,24,10,5,53,23,2,0,322,221,275,310,317,-5,1,8,5
4850,EIF3B,45,27,10,6,63,41,2,1,322,214,254,310,315,-18,-14,8,5
7143,HMBS,48,31,11,5,74,42,3,1,322,200,249,308,316,-26,-11,8,4
7142,HMBOX1,63,32,10,3,53,22,2,0,322,206,268,310,319,10,10,8,3
7140,HLX,98,68,12,4,51,35,4,3,322,173,219,306,315,47,33,8,1
17909,TRPS1,81,38,9,4,51,31,1,0,322,190,253,312,318,30,7,8,4
8206,KCNC4,54,29,8,1,74,39,0,0,322,194,254,314,321,-20,-10,8,1
7064,HEY2,88,55,8,1,38,19,0,0,322,196,248,314,321,50,36,8,1
400,AFDN,69,41,14,8,73,38,6,3,322,180,243,302,311,-4,3,8,5
7058,HEXA,49,33,11,7,53,25,3,0,322,220,264,308,315,-4,8,8,7
7056,HES7,115,79,24,13,70,51,16,8,322,137,192,282,301,45,28,8,5
17910,TRPT1,78,45,18,7,66,38,10,6,322,178,239,294,309,12,7,8,1
18634,VTN,76,54,19,4,64,40,11,3,322,182,228,292,315,12,14,8,1
432,AGO1,44,29,10,4,53,31,2,0,322,225,262,310,318,-9,-2,8,4
7043,HERC2,46,27,10,5,54,24,2,0,322,222,271,310,317,-8,3,8,5
748,ANKRD9,61,31,9,4,82,40,1,0,322,179,251,312,318,-21,-9,8,4
7037,HEPACAM,54,27,9,3,42,18,1,0,322,226,277,312,319,12,9,8,3
7035,HEMK1,65,41,9,6,64,36,1,0,322,193,245,312,316,1,5,8,6
17888,TRNP1,70,46,13,7,71,35,5,0,322,181,241,304,315,-1,11,8,7
17887,TRNAU1AP,43,25,10,5,60,28,2,1,322,219,269,310,316,-17,-3,8,4
5268,FABP9,14,13,9,3,2,2,1,0,322,306,307,312,319,12,11,8,3
5267,FABP7,86,58,19,9,67,42,11,3,322,169,222,292,310,19,16,8,6
18612,VRTN,63,37,12,1,45,21,4,0,322,214,264,306,321,18,16,8,1
17920,TSACC,112,81,28,13,73,56,20,3,322,137,185,274,306,39,25,8,10
18606,VPS72,56,34,11,7,47,26,3,2,322,219,262,308,313,9,8,8,5
410,AFTPH,85,50,10,2,38,21,2,0,322,199,251,310,320,47,29,8,2
18599,VPS4A,41,26,9,3,49,22,1,0,322,232,274,312,319,-8,4,8,3
18589,VPS35,59,27,11,7,54,35,3,1,322,209,260,308,314,5,-8,8,6
7104,HIPK2,53,25,8,6,66,32,0,0,322,203,265,314,316,-13,-7,8,6
423,AGBL5,65,40,12,6,51,19,4,0,322,206,263,306,316,14,21,8,6
4814,EHBP1,61,33,11,6,72,43,3,1,322,189,246,308,315,-11,-10,8,5
8177,KATNIP,60,40,11,5,65,30,3,1,322,197,252,308,316,-5,10,8,4
8172,KATNA1,64,39,8,3,49,25,0,0,322,209,258,314,319,15,14,8,3
7135,HLA-F,77,49,15,7,68,39,7,2,322,177,234,300,313,9,10,8,5
4821,EHHADH,68,35,8,2,82,41,0,0,322,172,246,314,320,-14,-6,8,2
4824,EI24,53,36,11,5,52,31,3,1,322,217,255,308,316,1,5,8,4
5228,EYA3,130,70,8,3,18,9,0,0,322,174,243,314,319,112,61,8,3
18448,USP40,68,39,11,4,60,34,3,0,322,194,249,308,318,8,5,8,4
18443,USP36,40,25,10,5,89,48,2,1,322,193,249,310,316,-49,-23,8,4
18440,USP33,65,42,10,5,42,19,2,0,322,215,261,310,317,23,23,8,5
7736,IGLV5-45,17,17,17,6,10,10,9,4,322,295,295,296,312,7,7,8,2
7771,IL11,140,87,12,2,34,25,4,1,322,148,210,306,319,106,62,8,1
7898,INO80C,73,43,11,6,43,23,3,2,322,206,256,308,314,30,20,8,4
7899,INO80D,111,55,8,2,37,16,0,0,322,174,251,314,320,74,39,8,2
7902,INPP4A,41,26,10,5,78,38,2,1,322,203,258,310,316,-37,-12,8,4
4939,EMC3,70,40,9,4,45,17,1,1,322,207,265,312,317,25,23,8,3
7907,INPP5E,88,58,23,9,84,52,15,5,322,150,212,284,308,4,6,8,4
7712,IGLV1-51,91,65,28,15,76,50,20,14,322,155,207,274,293,15,15,8,1
18232,UBL5,69,38,11,8,39,15,3,3,322,214,269,308,311,30,23,8,5
587,ALOX12,70,37,15,6,37,16,7,3,322,215,269,300,313,33,21,8,3
18093,TUBG2,50,33,11,6,72,33,3,2,322,200,256,308,314,-22,0,8,4
5018,EPB41L3,56,34,14,6,44,29,6,1,322,222,259,302,315,12,5,8,5
577,ALKBH1,133,66,9,4,34,20,1,0,322,155,236,312,318,99,46,8,4
7930,INTS11,62,32,10,7,52,28,2,1,322,208,262,310,314,10,4,8,6
7941,INTS8,62,40,11,3,70,35,3,0,322,190,247,308,319,-8,5,8,3
18104,TULP3,74,40,10,4,53,33,2,0,322,195,249,310,318,21,7,8,4
7784,IL17B,66,59,23,12,46,38,15,4,322,210,225,284,306,20,21,8,8
18105,TULP4,69,35,8,5,37,14,0,0,322,216,273,314,317,32,21,8,5
18108,TUSC2,81,51,10,7,50,25,2,0,322,191,246,310,315,31,26,8,7
18117,TWF1,64,31,10,4,52,31,2,1,322,206,260,310,317,12,0,8,3
7867,IMPA2,47,33,10,4,69,27,2,0,322,206,262,310,318,-22,6,8,4
606,ALYREF,57,33,10,6,51,19,2,1,322,214,270,310,315,6,14,8,5
18165,UBA1,54,30,11,7,47,16,3,2,322,221,276,308,313,7,14,8,5
18152,TYSND1,76,43,8,3,69,36,0,0,322,177,243,314,319,7,7,8,3
4985,ENOSF1,43,24,9,1,84,38,1,1,322,195,260,312,320,-41,-14,8,0
4959,EML6,78,46,14,2,70,39,6,1,322,174,237,302,319,8,7,8,1
18124,TXLNA,56,31,10,2,64,39,2,0,322,202,252,310,320,-8,-8,8,2
7824,IL27,25,22,11,0,24,21,3,1,322,273,279,308,321,1,1,8,-1
634,AMPD3,69,58,18,9,90,54,10,0,322,163,210,294,313,-21,4,8,9
4963,EMSY,74,44,9,4,60,33,1,0,322,188,245,312,318,14,11,8,4
18140,TXNL4A,49,29,10,4,56,19,2,1,322,217,274,310,317,-7,10,8,3
18138,TXNIP,151,106,23,13,48,27,15,8,322,123,189,284,301,103,79,8,5
18219,UBE2W,78,34,10,5,68,28,2,0,322,176,260,310,317,10,6,8,5
653,ANAPC5,40,26,9,4,64,34,1,1,322,218,262,312,317,-24,-8,8,3
18429,USP22,50,27,10,8,73,45,2,0,322,199,250,310,314,-23,-18,8,8
18046,TTI2,68,38,8,4,64,28,0,0,322,190,256,314,318,4,10,8,4
4892,ELAVL2,59,36,11,5,86,49,3,0,322,177,237,308,317,-27,-13,8,5
5091,ERFL,111,75,13,2,47,23,5,2,322,164,224,304,318,64,52,8,0
5094,ERGIC1,39,26,9,4,77,38,1,0,322,206,258,312,318,-38,-12,8,4
7421,ICA1L,68,36,8,4,70,38,0,0,322,184,248,314,318,-2,-2,8,4
5096,ERGIC3,52,28,10,7,41,25,2,2,322,229,269,310,313,11,3,8,5
18333,UNC45A,46,24,9,6,52,26,1,0,322,224,272,312,316,-6,-2,8,6
18350,UPF1,37,21,10,7,62,38,2,1,322,223,263,310,314,-25,-17,8,6
4921,ELOVL1,44,23,10,2,81,47,2,0,322,197,252,310,320,-37,-24,8,2
4888,ELANE,42,40,14,3,25,20,6,2,322,255,262,302,317,17,20,8,1
18368,UQCR11,54,35,12,6,53,27,4,1,322,215,260,306,315,1,8,8,5
18384,UROD,39,23,10,9,66,34,2,1,322,217,265,310,312,-27,-11,8,8
18389,USF2,73,41,11,8,42,21,3,2,322,207,260,308,312,31,20,8,6
18394,USHBP1,96,56,14,5,58,24,6,0,322,168,242,302,317,38,32,8,5
4884,EIF6,49,24,10,9,58,36,2,2,322,215,262,310,311,-9,-12,8,7
18282,UFSP2,61,38,16,8,73,42,8,1,322,188,242,298,313,-12,-4,8,7
4895,ELF1,60,42,11,4,64,27,3,1,322,198,253,308,317,-4,15,8,3
5081,ERCC3,55,32,12,4,58,33,4,0,322,209,257,306,318,-3,-1,8,4
5080,ERCC2,50,25,11,6,80,36,3,2,322,192,261,308,314,-30,-11,8,4
7448,IDUA,70,44,17,6,85,55,9,4,322,167,223,296,312,-15,-11,8,2
18268,UCKL1,39,25,12,6,73,39,4,1,322,210,258,306,315,-34,-14,8,5
18266,UCK1,51,30,9,3,56,26,1,0,322,215,266,312,319,-5,4,8,3
18264,UCHL3,51,33,10,7,59,32,2,0,322,212,257,310,315,-8,1,8,7
18261,UBXN7,109,58,12,5,51,25,4,1,322,162,239,306,316,58,33,8,4
4904,ELK4,45,27,8,2,57,29,0,0,322,220,266,314,320,-12,-2,8,2
666,ANGPTL6,71,49,15,4,61,46,7,2,322,190,227,300,316,10,3,8,2
663,ANGPTL3,59,37,11,7,21,8,3,3,322,242,277,308,312,38,29,8,4
7508,IFT20,75,47,9,4,52,20,1,1,322,195,255,312,317,23,27,8,3
556,ALDOA,49,31,13,8,61,31,5,3,322,212,260,304,311,-12,0,8,5
4913,ELMOD3,88,46,8,2,51,34,0,0,322,183,242,314,320,37,12,8,2
7537,IGFBP6,69,42,11,6,57,26,3,1,322,196,254,308,315,12,16,8,5
7540,IGFL1,41,37,13,3,24,20,5,0,322,257,265,304,319,17,17,8,3
8264,KCNMA1,92,56,10,2,60,34,2,0,322,170,232,310,320,32,22,8,2
6988,HDAC1,56,37,8,3,44,25,0,0,322,222,260,314,319,12,12,8,3
6366,GLYATL3,82,53,14,4,36,22,6,0,322,204,247,302,318,46,31,8,4
224,ACTR2,59,41,10,6,58,31,2,0,322,205,250,310,316,1,10,8,6
19026,ZDHHC5,49,33,10,5,63,32,2,0,322,210,257,310,317,-14,1,8,5
235,ACVR1B,47,28,13,4,84,40,5,1,322,191,254,304,317,-37,-12,8,3
19041,ZFAT,95,50,10,1,57,30,2,1,322,170,242,310,320,38,20,8,0
17492,TPI1,51,34,15,7,55,24,7,2,322,216,264,300,313,-4,10,8,5
6573,GPR179,73,33,9,1,37,15,1,0,322,212,274,312,321,36,18,8,1
8543,KMT2D,60,35,10,7,56,28,2,0,322,206,259,310,315,4,7,8,7
846,APIP,55,29,11,4,50,25,3,2,322,217,268,308,316,5,4,8,2
6618,GPRC5A,125,80,9,4,42,14,1,0,322,155,228,312,318,83,66,8,4
6541,GPR108,67,35,13,7,67,34,5,1,322,188,253,304,314,0,1,8,6
6540,GPR107,45,27,9,4,42,17,1,0,322,235,278,312,318,3,10,8,4
8558,KPNA4,58,35,9,4,51,30,1,0,322,213,257,312,318,7,5,8,4
19051,ZFP30,91,58,12,3,58,29,4,1,322,173,235,306,318,33,29,8,2
8562,KPNB1,45,31,10,6,57,28,2,1,322,220,263,310,315,-12,3,8,5
19053,ZFP36L1,86,57,17,8,66,30,9,0,322,170,235,296,314,20,27,8,8
19003,ZCRB1,49,32,10,3,56,30,2,1,322,217,260,310,318,-7,2,8,2
18990,ZCCHC10,72,42,11,2,56,27,3,1,322,194,253,308,319,16,15,8,1
758,ANO10,62,38,12,4,70,35,4,2,322,190,249,306,316,-8,3,8,2
18933,ZBTB20,92,51,13,7,58,40,5,0,322,172,231,304,315,34,11,8,7
17603,TRAP1,42,29,10,6,67,38,2,1,322,213,255,310,315,-25,-9,8,5
8484,KLHL21,74,44,13,8,58,23,5,0,322,190,255,304,314,16,21,8,8
17536,TRAF4,47,32,14,9,94,54,6,4,322,181,236,302,309,-47,-22,8,5
5434,FAM32A,83,34,9,7,31,13,1,1,322,208,275,312,314,52,21,8,6
6676,GRIN2A,78,56,11,3,39,19,3,1,322,205,247,308,318,39,37,8,2
823,AP5M1,79,53,11,6,75,38,3,2,322,168,231,308,314,4,15,8,4
6666,GRID1,39,19,10,4,44,18,2,0,322,239,285,310,318,-5,1,8,4
4644,DUT,55,26,10,4,56,26,2,0,322,211,270,310,318,-1,0,8,4
18944,ZBTB38,66,37,10,4,58,29,2,1,322,198,256,310,317,8,8,8,3
18947,ZBTB40,115,68,9,2,38,21,1,0,322,169,233,312,320,77,47,8,2
17517,TPST2,92,44,12,3,47,28,4,1,322,183,250,306,318,45,16,8,2
18958,ZBTB6,87,48,10,2,46,26,2,0,322,189,248,310,320,41,22,8,2
4651,DXO,52,34,10,4,66,34,2,1,322,204,254,310,317,-14,0,8,3
6649,GRAPL,70,65,31,11,83,64,23,10,322,169,193,268,301,-13,1,8,1
19057,ZFP42,104,51,11,2,52,37,3,0,322,166,234,308,320,52,14,8,2
8567,KRBA2,110,59,9,1,37,16,1,0,322,175,247,312,321,73,43,8,1
849,APLNR,53,30,9,3,35,13,1,0,322,234,279,312,319,18,17,8,3
6396,GNAQ,70,40,10,2,48,27,2,0,322,204,255,310,320,22,13,8,2
6407,GNB5,46,30,9,6,49,24,1,0,322,227,268,312,316,-3,6,8,6
8759,LAMA4,78,53,16,6,64,47,8,1,322,180,222,298,315,14,6,8,5
19136,ZNF121,101,50,10,5,48,33,2,0,322,173,239,310,317,53,17,8,5
17420,TNXB,110,79,21,5,80,58,13,2,322,132,185,288,315,30,21,8,3
17415,TNRC6C,76,43,9,5,59,30,1,0,322,187,249,312,317,17,13,8,5
4577,DRP2,122,79,9,0,34,18,1,1,322,166,225,312,321,88,61,8,-1
19149,ZNF143,77,42,8,4,56,28,0,0,322,189,252,314,318,21,14,8,4
19065,ZFP91,47,24,9,3,54,31,1,0,322,221,267,312,319,-7,-7,8,3
8784,LARGE1,64,34,9,5,37,16,1,0,322,221,272,312,317,27,18,8,5
8786,LARP1,44,27,11,7,68,39,3,1,322,210,256,308,314,-24,-12,8,6
17404,TNNT2,81,63,17,8,47,40,9,0,322,194,219,296,314,34,23,8,8
5576,FBXO2,78,54,13,3,71,43,5,0,322,173,225,304,319,7,11,8,3
19179,ZNF208,99,73,26,16,64,44,18,9,322,159,205,278,297,35,29,8,7
19180,ZNF211,105,56,10,2,42,21,2,1,322,175,245,310,319,63,35,8,1
6411,GNG12,48,29,9,2,45,20,1,1,322,229,273,312,319,3,9,8,1
19118,ZMYM4,69,42,10,2,60,33,2,0,322,193,247,310,320,9,9,8,2
5553,FBRSL1,46,29,10,4,58,23,2,1,322,218,270,310,317,-12,6,8,3
19104,ZKSCAN5,88,42,8,2,32,17,0,0,322,202,263,314,320,56,25,8,2
19096,ZIC5,87,51,8,3,44,18,0,0,322,191,253,314,319,43,33,8,3
5537,FAXDC2,109,72,20,7,55,32,12,6,322,158,218,290,309,54,40,8,1
4600,DTNA,64,42,16,7,56,35,8,1,322,202,245,298,314,8,7,8,6
4601,DTNB,83,46,9,2,54,26,1,0,322,185,250,312,320,29,20,8,2
8721,KRTAP9-6,80,52,12,0,48,38,4,0,322,194,232,306,322,32,14,8,0
6448,GOLGA6L10,131,78,9,2,30,14,1,1,322,161,230,312,319,101,64,8,1
8704,KRTAP5-2,52,50,10,4,16,14,2,0,322,254,258,310,318,36,36,8,4
6454,GOLGA6L9,120,78,11,1,41,22,3,1,322,161,222,308,320,79,56,8,0
6455,GOLGA7,60,33,9,3,48,26,1,1,322,214,263,312,318,12,7,8,2
19082,ZFYVE9,73,47,10,3,31,14,2,0,322,218,261,310,319,42,33,8,3
19077,ZFYVE19,74,41,13,6,57,35,5,0,322,191,246,304,316,17,6,8,6
19073,ZFX,91,55,10,2,56,29,2,1,322,175,238,310,319,35,26,8,1
17464,TP53BP2,87,45,9,3,42,17,1,0,322,193,260,312,319,45,28,8,3
4671,DYNLT2B,76,49,11,8,49,23,3,1,322,197,250,308,313,27,26,8,7
17604,TRAPPC1,65,32,11,9,53,24,3,1,322,204,266,308,312,12,8,8,8
8446,KLF10,135,89,10,5,53,35,2,0,322,134,198,310,317,82,54,8,5
6885,H3C10,101,68,13,10,77,51,5,1,322,144,203,304,311,24,17,8,9
6909,H4C6,40,34,28,23,31,27,20,8,322,251,261,274,291,9,7,8,15
361,ADIPOR1,54,30,9,4,53,27,1,0,322,215,265,312,318,1,3,8,4
8319,KDM4A,65,33,10,4,40,27,2,0,322,217,262,310,318,25,6,8,4
17793,TRIM28,42,29,10,7,77,38,2,2,322,203,255,310,313,-35,-9,8,5
18710,WDR54,50,29,11,8,64,35,3,1,322,208,258,308,313,-14,-6,8,7
18719,WDR70,57,30,8,4,69,33,0,0,322,196,259,314,318,-12,-3,8,4
6883,H3-5,71,59,21,8,69,58,13,1,322,182,205,288,313,2,1,8,7
18794,WRNIP1,63,37,9,4,47,28,1,0,322,212,257,312,318,16,9,8,4
6880,H3-3A,55,35,10,7,59,20,2,1,322,208,267,310,314,-4,15,8,6
18760,WIF1,52,32,12,1,36,24,4,0,322,234,266,306,321,16,8,8,1
18784,WNT6,45,30,13,8,50,31,5,2,322,227,261,304,312,-5,-1,8,6
17788,TRIM23,81,39,10,2,51,29,2,0,322,190,254,310,320,30,10,8,2
6856,H2AZ2,61,35,9,8,46,21,1,0,322,215,266,312,314,15,14,8,8
8342,KHDRBS1,61,35,11,7,56,24,3,0,322,205,263,308,315,5,11,8,7
6926,HAGH,50,36,12,7,67,24,4,2,322,205,262,306,313,-17,12,8,5
374,ADORA3,40,32,8,2,25,15,0,0,322,257,275,314,320,15,17,8,2
4758,EEF1D,58,35,12,8,47,21,4,2,322,217,266,306,312,11,14,8,6
5311,FAM131A,73,43,11,2,54,27,3,0,322,195,252,308,320,19,16,8,2
6956,HAVCR2,122,69,9,2,27,12,1,0,322,173,241,312,320,95,57,8,2
18665,WASL,65,40,9,2,49,29,1,0,322,208,253,312,320,16,11,8,2
8298,KCTD19,102,81,41,22,92,65,33,12,322,128,176,248,288,10,16,8,10
17811,TRIM43B,67,51,12,2,48,40,4,1,322,207,231,306,319,19,11,8,1
5303,FAM120C,121,60,11,4,46,32,3,2,322,155,230,308,316,75,28,8,2
6969,HBS1L,67,38,8,6,46,22,0,0,322,209,262,314,316,21,16,8,6
8294,KCTD15,76,41,14,8,54,30,6,2,322,192,251,302,312,22,11,8,6
6975,HCFC1,39,24,10,5,88,44,2,2,322,195,254,310,315,-49,-20,8,3
771,ANP32E,52,30,10,7,61,31,2,2,322,209,261,310,313,-9,-1,8,5
18656,WASF2,44,31,10,5,52,21,2,1,322,226,270,310,316,-8,10,8,4
17857,TRIO,35,19,9,6,78,39,1,0,322,209,264,312,316,-43,-20,8,6
4776,EFCAB6,75,52,11,4,73,52,3,1,322,174,218,308,317,2,0,8,3
5296,FAM117A,86,47,11,7,45,18,3,0,322,191,257,308,315,41,29,8,7
8347,KHSRP,52,31,10,7,43,23,2,1,322,227,268,310,314,9,8,8,6
8357,KIAA0825,112,64,10,1,49,27,2,1,322,161,231,310,320,63,37,8,0
8445,KLF1,92,60,13,3,59,32,5,1,322,171,230,304,318,33,28,8,2
8418,KIF9,98,58,12,6,38,21,4,0,322,186,243,306,316,60,37,8,6
807,AP2A2,53,27,10,7,53,28,2,1,322,216,267,310,314,0,-1,8,6
8414,KIF5B,41,22,10,3,67,37,2,0,322,214,263,310,319,-26,-15,8,3
6767,GTF2I,41,26,9,5,59,25,1,0,322,222,271,312,317,-18,1,8,5
6761,GTF2H1,74,44,9,3,54,25,1,0,322,194,253,312,319,20,19,8,3
6751,GSX2,61,43,9,2,38,25,1,0,322,223,254,312,320,23,18,8,2
18898,YWHAB,50,28,10,6,49,24,2,1,322,223,270,310,315,1,4,8,5
5405,FAM222B,65,36,10,7,68,34,2,0,322,189,252,310,315,-3,2,8,7
8366,KIAA1328,73,38,9,4,41,19,1,0,322,208,265,312,318,32,19,8,4
8419,KIFAP3,60,28,11,4,51,28,3,0,322,211,266,308,318,9,0,8,4
18901,YWHAH,42,28,10,7,79,39,2,1,322,201,255,310,314,-37,-11,8,6
8423,KIFC3,62,39,16,7,82,51,8,3,322,178,232,298,312,-20,-12,8,4
5411,FAM229B,74,45,14,3,69,34,6,1,322,179,243,302,318,5,11,8,2
4688,E2F5,62,40,12,3,86,36,4,1,322,174,246,306,318,-24,4,8,2
6723,GSK3A,73,42,12,6,60,32,4,2,322,189,248,306,314,13,10,8,4
17732,TRBV9,21,21,21,8,13,13,13,4,322,288,288,288,310,8,8,8,4
8410,KIF3C,50,30,10,6,61,30,2,0,322,211,262,310,316,-11,0,8,6
293,ADAMTSL5,104,59,10,3,44,18,2,0,322,174,245,310,319,60,41,8,3
295,ADAP2,113,79,20,7,78,52,12,0,322,131,191,290,315,35,27,8,7
8397,KIF21B,35,22,12,7,92,49,4,1,322,195,251,306,314,-57,-27,8,6
18876,YIPF3,63,41,10,7,46,21,2,1,322,213,260,310,314,17,20,8,6
8392,KIF1B,50,29,9,4,39,16,1,0,322,233,277,312,318,11,13,8,4
302,ADCK1,71,48,13,6,71,38,5,0,322,180,236,304,316,0,10,8,6
18875,YIPF2,58,31,12,5,72,27,4,2,322,192,264,306,315,-14,4,8,3
18873,YIF1B,45,29,11,5,56,20,3,3,322,221,273,308,314,-11,9,8,2
5379,FAM199X,83,54,9,4,27,18,1,1,322,212,250,312,317,56,36,8,3
4719,ECM1,79,48,12,3,57,33,4,1,322,186,241,306,318,22,15,8,2
18865,YBX1,50,30,10,9,42,16,2,2,322,230,276,310,311,8,14,8,7
310,ADCY5,83,53,14,3,68,33,6,0,322,171,236,302,319,15,20,8,3
5371,FAM186B,90,56,16,3,71,46,8,4,322,161,220,298,315,19,10,8,-1
6833,H2AB2,62,56,38,26,42,38,30,16,322,218,228,254,280,20,18,8,10
18851,XRCC6,42,29,10,7,45,19,2,1,322,235,274,310,314,-3,10,8,6
2389,CCDC197,70,50,10,3,46,34,2,1,322,206,238,310,318,24,16,8,2
4106,DDIT4L,56,35,11,2,55,37,3,0,322,211,250,308,320,1,-2,8,2
12003,PCDH8,64,45,8,5,19,10,0,0,322,239,267,314,317,45,35,8,5
12123,PDE1B,81,43,11,2,49,22,3,0,322,192,257,308,320,32,21,8,2
15544,SMC1A,47,29,10,5,57,32,2,2,322,218,261,310,315,-10,-3,8,3
15543,SMARCE1,58,38,9,5,61,37,1,0,322,203,247,312,317,-3,1,8,5
15539,SMARCC2,41,23,11,7,51,34,3,1,322,230,265,308,314,-10,-11,8,6
15534,SMARCA5,48,26,8,4,49,27,0,0,322,225,269,314,318,-1,-1,8,4
15527,SMAD9,55,31,12,3,77,41,4,1,322,190,250,306,318,-22,-10,8,2
15524,SMAD5,71,42,12,3,63,35,4,4,322,188,245,306,315,8,7,8,-1
12082,PCNX4,40,20,12,6,71,37,4,0,322,211,265,306,316,-31,-17,8,6
1756,C11orf49,59,34,10,6,57,24,2,1,322,206,264,310,315,2,10,8,5
15509,SLMAP,63,30,9,4,42,14,1,0,322,217,278,312,318,21,16,8,4
15500,SLIT2,69,41,12,2,81,45,4,1,322,172,236,306,319,-12,-4,8,1
3287,CMPK1,48,28,10,4,61,24,2,1,322,213,270,310,317,-13,4,8,3
15455,SLC7A7,79,57,10,2,70,39,2,0,322,173,226,310,320,9,18,8,2
14961,SH3GL1,48,29,9,8,67,33,1,1,322,207,260,312,313,-19,-4,8,7
15431,SLC6A16,103,69,22,11,73,48,14,4,322,146,205,286,307,30,21,8,7
12174,PDP1,61,35,12,4,108,66,4,0,322,153,221,306,318,-47,-31,8,4
12176,PDPK1,63,29,9,4,62,20,1,0,322,197,273,312,318,1,9,8,4
15388,SLC47A1,69,38,10,1,70,37,2,0,322,183,247,310,321,-1,1,8,1
3252,CLPB,59,30,10,5,44,21,2,0,322,219,271,310,317,15,9,8,5
12195,PDZD9,98,81,18,8,68,50,10,3,322,156,191,294,311,30,31,8,5
3244,CLN3,74,50,9,7,53,22,1,0,322,195,250,312,315,21,28,8,7
12210,PEF1,60,34,9,6,43,24,1,1,322,219,264,312,315,17,10,8,5
15372,SLC41A3,53,33,11,7,69,38,3,1,322,200,251,308,314,-16,-5,8,6
12213,PELI1,109,52,10,2,52,23,2,0,322,161,247,310,320,57,29,8,2
3230,CLIC4,72,36,9,2,46,30,1,0,322,204,256,312,320,26,6,8,2
12028,PCDHB2,89,56,20,7,80,44,12,8,322,153,222,290,307,9,12,8,-1
3322,CNN1,96,70,20,7,58,37,12,5,322,168,215,290,310,38,33,8,2
11984,PCBD1,114,73,13,6,26,19,5,2,322,182,230,304,314,88,54,8,4
3333,CNOT3,53,33,12,7,60,32,4,1,322,209,257,306,314,-7,1,8,6
3392,COL12A1,53,36,10,2,47,20,2,1,322,222,266,310,319,6,16,8,1
1708,BTF3,66,36,10,8,36,13,2,2,322,220,273,310,312,30,23,8,6
1710,BTG1,85,42,9,6,62,30,1,0,322,175,250,312,316,23,12,8,6
3385,COG6,68,42,14,6,71,41,6,2,322,183,239,302,314,-3,1,8,4
11850,PACS1,66,42,15,7,57,25,7,5,322,199,255,300,310,9,17,8,2
15587,SMIM28,47,42,11,1,23,20,3,0,322,252,260,308,321,24,22,8,1
3376,COASY,63,35,9,5,54,33,1,1,322,205,254,312,316,9,2,8,4
11861,PAF1,63,42,10,5,56,27,2,1,322,203,253,310,316,7,15,8,4
11863,PAFAH1B2,69,34,9,4,50,22,1,1,322,203,266,312,317,19,12,8,3
11869,PAGE2B,49,43,29,13,41,32,21,10,322,232,247,272,299,8,11,8,3
11875,PAICS,41,30,9,4,57,27,1,0,322,224,265,312,318,-16,3,8,4
11881,PAK2,53,29,10,3,51,23,2,0,322,218,270,310,319,2,6,8,3
1718,BTN2A2,103,57,14,6,50,29,6,1,322,169,236,302,315,53,28,8,5
11883,PAK4,44,30,9,6,66,29,1,1,322,212,263,312,315,-22,1,8,5
11894,PAM16,46,29,16,7,62,34,8,4,322,214,259,298,311,-16,-5,8,3
3360,CNTNAP1,50,25,8,3,69,32,0,0,322,203,265,314,319,-19,-7,8,3
11900,PANK3,46,21,9,3,65,29,1,1,322,211,272,312,318,-19,-8,8,2
11912,PAPSS1,49,35,10,5,56,27,2,0,322,217,260,310,317,-7,8,8,5
15563,SMG8,115,65,9,1,39,17,1,0,322,168,240,312,321,76,48,8,1
11922,PARD3B,58,31,9,5,77,46,1,1,322,187,245,312,316,-19,-15,8,4
15552,SMCO1,77,55,9,1,67,31,1,0,322,178,236,312,321,10,24,8,1
11976,PBRM1,55,33,10,4,56,33,2,0,322,211,256,310,318,-1,0,8,4
3335,CNOT6,76,47,8,2,42,21,0,0,322,204,254,314,320,34,26,8,2
12243,PEX5,36,21,12,8,91,54,4,1,322,195,247,306,313,-55,-33,8,7
15346,SLC38A3,74,51,22,11,79,57,14,4,322,169,214,286,307,-5,-6,8,7
12254,PFDN6,59,38,10,2,44,16,2,0,322,219,268,310,320,15,22,8,2
3146,CKS1B,79,43,9,4,32,16,1,1,322,211,263,312,317,47,27,8,3
1868,C1orf146,66,57,17,4,48,34,9,2,322,208,231,296,316,18,23,8,2
12448,PIP5K1C,46,24,9,6,93,44,1,1,322,183,254,312,315,-47,-20,8,5
12470,PJA2,43,23,10,7,79,39,2,0,322,200,260,310,315,-36,-16,8,7
15127,SLC15A2,90,52,11,3,40,18,3,0,322,192,252,308,319,50,34,8,3
12479,PKDCC,114,69,13,5,56,29,5,0,322,152,224,304,317,58,40,8,5
12483,PKIA,66,37,11,4,68,32,3,0,322,188,253,308,318,-2,5,8,4
12504,PLA2G2A,54,50,15,3,29,27,7,1,322,239,245,300,318,25,23,8,2
3109,CIB3,66,53,28,9,36,34,20,5,322,220,235,274,308,30,19,8,4
15084,SKIDA1,78,37,8,0,64,34,0,0,322,180,251,314,322,14,3,8,0
12539,PLCB1,72,41,16,5,84,46,8,3,322,166,235,298,314,-12,-5,8,2
15069,SIRT7,69,38,11,6,46,24,3,1,322,207,260,308,315,23,14,8,5
12550,PLCH2,88,55,11,1,33,20,3,0,322,201,247,308,321,55,35,8,1
15065,SIRT3,51,31,11,7,87,46,3,1,322,184,245,308,314,-36,-15,8,6
15057,SIPA1L3,71,38,12,5,68,28,4,1,322,183,256,306,316,3,10,8,4
15048,SIM1,77,44,8,1,23,13,0,0,322,222,265,314,321,54,31,8,1
15045,SIK3,71,36,10,3,60,34,2,0,322,191,252,310,319,11,2,8,3
15030,SIGLEC10,95,61,9,3,42,17,1,0,322,185,244,312,319,53,44,8,3
15015,SHQ1,81,50,13,4,48,30,5,0,322,193,242,304,318,33,20,8,4
1938,C2CD3,104,51,9,2,26,9,1,1,322,192,262,312,319,78,42,8,1
1944,C2CD6,71,43,9,2,47,24,1,0,322,204,255,312,320,24,19,8,2
14980,SHBG,101,77,26,6,71,52,18,5,322,150,193,278,311,30,25,8,1
14979,SHB,63,33,8,2,55,28,0,0,322,204,261,314,320,8,5,8,2
12646,PLXNA1,44,18,9,6,107,60,1,0,322,171,244,312,316,-63,-42,8,6
12433,PIM3,55,33,12,2,62,31,4,2,322,205,258,306,318,-7,2,8,0
1864,C1orf122,52,31,10,7,53,21,2,1,322,217,270,310,314,-1,10,8,6
12258,PFKFB4,93,59,14,6,83,42,6,0,322,146,221,302,316,10,17,8,6
12403,PIGS,46,29,10,5,77,37,2,0,322,199,256,310,317,-31,-8,8,5
15314,SLC35C2,60,31,10,6,80,46,2,1,322,182,245,310,315,-20,-15,8,5
12273,PGAP1,80,38,10,2,68,35,2,0,322,174,249,310,320,12,3,8,2
15311,SLC35B3,107,55,12,1,45,20,4,1,322,170,247,306,320,62,35,8,0
15265,SLC28A1,70,40,10,2,37,19,2,0,322,215,263,310,320,33,21,8,2
15259,SLC27A1,41,26,11,6,62,34,3,1,322,219,262,308,315,-21,-8,8,5
12303,PGRMC1,44,26,10,4,50,31,2,1,322,228,265,310,317,-6,-5,8,3
15246,SLC25A52,115,88,22,8,72,50,14,2,322,135,184,286,312,43,38,8,6
12320,PHF10,68,40,9,2,43,16,1,0,322,211,266,312,320,25,24,8,2
12322,PHF12,60,22,12,6,79,43,4,1,322,183,257,306,315,-19,-21,8,5
15239,SLC25A44,61,29,9,2,57,20,1,0,322,204,273,312,320,4,9,8,2
12330,PHF21B,70,44,12,3,33,17,4,2,322,219,261,306,317,37,27,8,1
12337,PHF8,133,90,11,6,31,16,3,1,322,158,216,308,315,102,74,8,5
15233,SLC25A39,45,24,9,7,52,25,1,1,322,225,273,312,314,-7,-1,8,6
3178,CLDN20,55,53,15,7,50,40,7,5,322,217,229,300,310,5,13,8,2
12349,PHLDB1,63,37,10,9,72,41,2,0,322,187,244,310,313,-9,-4,8,9
12357,PHOX2B,33,20,10,1,13,6,2,0,322,276,296,310,321,20,14,8,1
15223,SLC25A3,44,28,10,6,62,35,2,1,322,216,259,310,315,-18,-7,8,5
15222,SLC25A29,49,29,13,8,83,52,5,0,322,190,241,304,314,-34,-23,8,8
1858,C1orf100,56,40,13,5,22,20,5,3,322,244,262,304,314,34,20,8,2
12375,PIAS1,69,32,9,6,68,37,1,0,322,185,253,312,316,1,-5,8,6
12380,PICALM,63,28,12,6,48,23,4,0,322,211,271,306,316,15,5,8,6
12387,PIFO,77,49,12,1,73,50,4,0,322,172,223,306,321,4,-1,8,1
12401,PIGQ,60,31,10,7,65,26,2,1,322,197,265,310,314,-5,5,8,6
11816,P2RY11,94,60,13,3,65,38,5,2,322,163,224,304,317,29,22,8,1
1702,BTBD6,58,28,9,3,46,25,1,0,322,218,269,312,319,12,3,8,3
1701,BTBD3,66,38,12,2,60,33,4,2,322,196,251,306,318,6,5,8,0
3680,CSF1,96,60,12,5,70,41,4,1,322,156,221,306,316,26,19,8,4
10809,NKX1-2,31,19,8,5,17,5,0,0,322,274,298,314,317,14,14,8,5
10816,NKX2-8,51,31,9,2,17,11,1,0,322,254,280,312,320,34,20,8,2
16034,SRP9,58,40,13,8,54,37,5,2,322,210,245,304,312,4,3,8,6
10819,NKX6-1,83,54,9,4,13,4,1,0,322,226,264,312,318,70,50,8,4
16023,SRGAP3,69,36,8,5,47,13,0,0,322,206,273,314,317,22,23,8,5
16021,SRGAP2B,83,45,9,5,60,28,1,0,322,179,249,312,317,23,17,8,5
16019,SRGAP1,71,37,8,2,33,14,0,0,322,218,271,314,320,38,23,8,2
16014,SREBF2,50,24,9,7,60,33,1,1,322,212,265,312,314,-10,-9,8,6
16009,SRCIN1,75,49,12,6,55,29,4,1,322,192,244,306,315,20,20,8,5
16003,SQSTM1,79,48,15,8,74,47,7,1,322,169,227,300,313,5,1,8,7
1524,BET1L,49,27,11,10,81,40,3,0,322,192,255,308,312,-32,-13,8,10
3646,CRTC3,56,33,9,4,51,30,1,0,322,215,259,312,318,5,3,8,4
1527,BEX3,47,28,11,7,42,20,3,1,322,233,274,308,314,5,8,8,6
10902,NOMO2,61,28,11,4,57,27,3,1,322,204,267,308,317,4,1,8,3
3634,CRNKL1,76,46,9,2,47,25,1,1,322,199,251,312,319,29,21,8,1
15955,SPPL3,51,25,10,6,73,25,2,0,322,198,272,310,316,-22,0,8,6
10973,NPIPB2,121,64,12,2,35,19,4,0,322,166,239,306,320,86,45,8,2
15926,SPINK6,22,21,18,5,15,15,10,4,322,285,286,294,313,7,6,8,1
3604,CREBBP,100,53,12,8,41,20,4,1,322,181,249,306,313,59,33,8,7
11004,NPY1R,83,65,21,3,59,42,13,3,322,180,215,288,316,24,23,8,0
11011,NR0B1,40,28,11,4,24,14,3,1,322,258,280,308,317,16,14,8,3
3590,CRAT,69,47,19,10,79,42,11,4,322,174,233,292,308,-10,5,8,6
15900,SPEM3,62,40,13,4,40,21,5,1,322,220,261,304,317,22,19,8,3
10803,NKIRAS1,125,64,8,3,42,18,0,0,322,155,240,314,319,83,46,8,3
10796,NKAIN4,87,75,22,6,53,42,14,1,322,182,205,286,315,34,33,8,5
15891,SPECC1,38,28,9,6,65,26,1,0,322,219,268,312,316,-27,2,8,6
10770,NID2,85,53,10,2,44,23,2,1,322,193,246,310,319,41,30,8,1
10656,NEDD8,51,33,10,5,40,15,2,1,322,231,274,310,316,11,18,8,4
10658,NEDD9,95,64,12,4,69,46,4,1,322,158,212,306,317,26,18,8,3
1458,BCAP31,91,52,10,5,43,20,2,2,322,188,250,310,315,48,32,8,3
1459,BCAR1,53,32,12,6,78,39,4,1,322,191,251,306,315,-25,-7,8,5
10668,NEK11,93,58,9,1,56,28,1,1,322,173,236,312,320,37,30,8,0
1461,BCAS1,105,58,9,3,43,18,1,1,322,174,246,312,318,62,40,8,2
1463,BCAS3,66,41,15,5,69,32,7,3,322,187,249,300,314,-3,9,8,2
10684,NEMP1,67,29,8,3,55,25,0,0,322,200,268,314,319,12,4,8,3
10687,NEO1,53,31,8,5,49,18,0,0,322,220,273,314,317,4,13,8,5
10701,NEURL4,42,23,10,6,80,44,2,1,322,200,255,310,315,-38,-21,8,5
16127,ST7,69,37,9,3,35,18,1,0,322,218,267,312,319,34,19,8,3
10711,NF1,50,28,9,7,54,19,1,0,322,218,275,312,315,-4,9,8,7
16091,SSU72,62,35,10,6,48,27,2,0,322,212,260,310,316,14,8,8,6
16085,SST,22,20,14,6,9,9,6,1,322,291,293,302,315,13,11,8,5
16084,SSRP1,56,32,10,6,37,21,2,1,322,229,269,310,315,19,11,8,5
3708,CSNK2A2,75,33,9,4,38,18,1,0,322,209,271,312,318,37,15,8,4
16070,SSBP3,63,39,9,3,64,32,1,0,322,195,251,312,319,-1,7,8,3
16067,SSB,64,36,9,4,33,16,1,0,322,225,270,312,318,31,20,8,4
10729,NFILZ,72,61,11,1,45,36,3,1,322,205,225,308,320,27,25,8,0
3702,CSNK1D,45,27,10,7,60,28,2,2,322,217,267,310,313,-15,-1,8,5
3700,CSNK1A1,57,30,9,5,54,26,1,0,322,211,266,312,317,3,4,8,5
16053,SRSF12,87,56,9,1,47,25,1,0,322,188,241,312,321,40,31,8,1
16052,SRSF11,69,32,10,6,49,31,2,1,322,204,259,310,315,20,1,8,5
11021,NR2C2,72,41,12,4,63,35,4,0,322,187,246,306,318,9,6,8,4
3580,CR1L,42,24,9,0,35,13,1,1,322,245,285,312,321,7,11,8,-1
15613,SMN2,95,62,15,4,53,34,7,2,322,174,226,300,316,42,28,8,2
15738,SOD3,68,52,18,10,54,45,10,4,322,200,225,294,308,14,7,8,6
11256,ODF2,49,25,10,3,65,45,2,0,322,208,252,310,319,-16,-20,8,3
3486,CORO1B,58,42,11,8,58,32,3,1,322,206,248,308,313,0,10,8,7
11260,ODF3L1,68,59,16,6,73,53,8,3,322,181,210,298,313,-5,6,8,3
3484,CORIN,129,79,13,4,29,18,5,1,322,164,225,304,317,100,61,8,3
1652,BRD2,61,31,10,7,61,35,2,1,322,200,256,310,314,0,-4,8,6
15709,SNX21,69,42,12,4,75,40,4,2,322,178,240,306,316,-6,2,8,2
1661,BRF2,112,67,13,7,54,33,5,0,322,156,222,304,315,58,34,8,7
3465,COPS5,50,23,10,3,57,29,2,1,322,215,270,310,318,-7,-6,8,2
3463,COPS3,51,29,13,6,57,35,5,1,322,214,258,304,315,-6,-6,8,5
11378,OR13C9,31,30,11,4,16,16,3,0,322,275,276,308,318,15,14,8,4
15682,SNRPE,70,38,10,7,53,30,2,0,322,199,254,310,315,17,8,8,7
3446,COMMD5,51,36,12,5,77,40,4,0,322,194,246,306,317,-26,-4,8,5
11569,OR52B6,30,29,9,2,16,15,1,0,322,276,278,312,320,14,14,8,2
1670,BRK1,64,40,9,5,49,23,1,1,322,209,259,312,316,15,17,8,4
1671,BRME1,88,66,22,5,84,58,14,2,322,150,198,286,315,4,8,8,3
11663,OR6K3,93,54,10,3,62,28,2,0,322,167,240,310,319,31,26,8,3
11743,OSBPL8,70,34,11,4,65,28,3,0,322,187,260,308,318,5,6,8,4
1680,BRWD1,45,31,10,6,64,27,2,1,322,213,264,310,315,-19,4,8,5
11759,OSTM1,77,46,9,2,53,27,1,0,322,192,249,312,320,24,19,8,2
1683,BSDC1,45,26,9,6,65,36,1,0,322,212,260,312,316,-20,-10,8,6
11782,OTUD7B,67,28,9,2,44,25,1,0,322,211,269,312,320,23,3,8,2
15624,SMPDL3B,57,43,9,3,68,28,1,0,322,197,251,312,319,-11,15,8,3
15614,SMNDC1,65,40,8,3,46,23,0,0,322,211,259,314,319,19,17,8,3
15722,SNX6,53,28,9,5,63,34,1,1,322,206,260,312,316,-10,-6,8,4
11210,NXN,58,38,9,7,55,28,1,0,322,209,256,312,315,3,10,8,7
15875,SPDEF,74,48,12,3,55,28,4,1,322,193,246,306,318,19,20,8,2
11207,NXF2,46,28,10,4,29,15,2,0,322,247,279,310,318,17,13,8,4
3568,CPSF7,61,28,11,6,48,25,3,2,322,213,269,308,314,13,3,8,4
11068,NRXN3,56,25,9,7,52,23,1,0,322,214,274,312,315,4,2,8,7
15864,SPATA9,100,75,17,3,78,52,9,2,322,144,195,296,317,22,23,8,1
15860,SPATA5L1,85,50,16,6,76,37,8,0,322,161,235,298,316,9,13,8,6
11105,NTAN1,70,33,12,6,51,23,4,1,322,201,266,306,315,19,10,8,5
11111,NTMT1,66,30,10,4,42,23,2,0,322,214,269,310,318,24,7,8,4
11112,NTN1,41,27,11,6,62,31,3,0,322,219,264,308,316,-21,-4,8,6
15840,SPATA24,70,42,14,7,87,48,6,1,322,165,232,302,314,-17,-6,8,6
3548,CPNE1,65,31,12,8,45,23,4,2,322,212,268,306,312,20,8,8,6
15828,SPAST,52,28,8,3,86,41,0,0,322,184,253,314,319,-34,-13,8,3
1602,BNC1,107,65,9,2,19,9,1,0,322,196,248,312,320,88,56,8,2
15825,SPARC,76,51,17,10,80,47,9,2,322,166,224,296,310,-4,4,8,8
1611,BOD1,80,40,11,4,49,33,3,0,322,193,249,308,318,31,7,8,4
3541,CPLX1,75,53,12,4,68,38,4,0,322,179,231,306,318,7,15,8,4
3540,CPLANE2,93,70,21,5,79,51,13,2,322,150,201,288,315,14,19,8,3
11137,NUDCD3,41,23,9,3,75,32,1,0,322,206,267,312,319,-34,-9,8,3
15801,SPACA7,64,49,17,6,38,33,9,3,322,220,240,296,313,26,16,8,3
11140,NUDT11,38,21,9,2,26,13,1,1,322,258,288,312,319,12,8,8,1
15780,SP1,57,30,9,2,69,35,1,0,322,196,257,312,320,-12,-5,8,2
11165,NUMA1,52,39,12,9,66,39,4,0,322,204,244,306,313,-14,0,8,9
11166,NUMB,67,39,10,6,40,17,2,0,322,215,266,310,316,27,22,8,6
3508,COX6A1,65,34,11,8,37,19,3,1,322,220,269,308,313,28,15,8,7
11206,NXF1,92,58,12,6,39,22,4,0,322,191,242,306,316,53,36,8,6
1956,C2orf76,78,53,14,5,54,30,6,4,322,190,239,302,313,24,23,8,1
12661,PMF1,50,27,12,8,68,35,4,4,322,204,260,306,310,-18,-8,8,4
10646,NECAB3,69,42,16,11,75,38,8,6,322,178,242,298,305,-6,4,8,5
13613,RAD54L,56,34,9,5,79,44,1,0,322,187,244,312,317,-23,-10,8,5
14447,RUSC2,37,18,11,6,86,49,3,0,322,199,255,308,316,-49,-31,8,6
2228,CASK,72,37,11,6,35,18,3,3,322,215,267,308,313,37,19,8,3
2647,CD99L2,45,29,10,6,72,25,2,1,322,205,268,310,315,-27,4,8,5
13566,RAB5C,73,40,11,6,29,14,3,2,322,220,268,308,314,44,26,8,4
13579,RABEP1,58,29,10,6,56,28,2,0,322,208,265,310,316,2,1,8,6
2248,CAST,46,30,8,3,51,25,0,0,322,225,267,314,319,-5,5,8,3
2250,CASTOR2,78,43,9,7,47,9,1,0,322,197,270,312,315,31,34,8,7
14389,RSPH9,105,75,16,4,73,33,8,2,322,144,214,298,316,32,42,8,2
2255,CATSPER2,105,66,14,4,78,51,6,2,322,139,205,302,316,27,15,8,2
13596,RACK1,46,29,13,8,44,25,5,1,322,232,268,304,313,2,4,8,7
13600,RAD21,48,24,10,5,79,45,2,0,322,195,253,310,317,-31,-21,8,5
13614,RAD54L2,56,32,9,4,50,31,1,0,322,216,259,312,318,6,1,8,4
12698,PNP,57,40,11,6,46,26,3,0,322,219,256,308,316,11,14,8,6
2264,CAV2,45,24,10,4,67,33,2,0,322,210,265,310,318,-22,-9,8,4
14367,RRP36,48,29,11,5,68,33,3,0,322,206,260,308,317,-20,-4,8,5
2269,CAVIN4,125,76,10,0,26,15,2,1,322,171,231,310,321,99,61,8,-1
13628,RAI2,81,51,11,3,34,18,3,1,322,207,253,308,318,47,33,8,2
13650,RANBP3,60,36,12,7,63,36,4,1,322,199,250,306,314,-3,0,8,6
13653,RANBP9,58,33,9,3,46,26,1,0,322,218,263,312,319,12,7,8,3
13657,RAP1B,57,32,12,6,61,29,4,0,322,204,261,306,316,-4,3,8,6
2275,CBLB,74,37,13,6,66,39,5,1,322,182,246,304,315,8,-2,8,5
2591,CD2BP2,71,37,10,7,46,28,2,0,322,205,257,310,315,25,9,8,7
13665,RAPGEF2,85,37,10,8,49,26,2,0,322,188,259,310,314,36,11,8,8
13673,RARA,87,54,11,6,51,33,3,2,322,184,235,308,314,36,21,8,4
13506,RAB11FIP1,56,34,9,4,50,20,1,1,322,216,268,312,317,6,14,8,3
13504,RAB11A,60,32,9,6,55,27,1,1,322,207,263,312,315,5,5,8,5
13495,QTRT1,59,33,14,9,63,33,6,2,322,200,256,302,311,-4,0,8,7
2669,CDC42BPA,38,24,9,1,57,21,1,0,322,227,277,312,321,-19,3,8,1
14520,SAMD3,86,54,13,4,74,45,5,0,322,162,223,304,318,12,9,8,4
2189,CAPN2,54,32,11,5,41,27,3,1,322,227,263,308,316,13,5,8,4
2723,CDIPT,70,33,9,6,42,21,1,0,322,210,268,312,316,28,12,8,6
13386,PTPN14,62,32,8,1,36,19,0,0,322,224,271,314,321,26,13,8,1
2720,CDHR5,90,61,16,1,47,32,8,2,322,185,229,298,319,43,29,8,-1
13389,PTPN20,80,58,14,4,70,46,6,1,322,172,218,302,317,10,12,8,3
2190,CAPN3,112,69,11,3,49,35,3,1,322,161,218,308,318,63,34,8,2
2716,CDHR1,66,37,13,3,41,27,5,1,322,215,258,304,318,25,10,8,2
13392,PTPN23,52,23,11,7,78,43,3,0,322,192,256,308,315,-26,-20,8,7
13406,PTPRG,63,33,8,3,31,14,0,0,322,228,275,314,319,32,19,8,3
2708,CDH26,99,65,12,2,60,32,4,0,322,163,225,306,320,39,33,8,2
13432,PUM2,64,35,10,6,61,31,2,0,322,197,256,310,316,3,4,8,6
14496,SAA1,56,46,24,3,47,40,16,10,322,219,236,282,309,9,6,8,-7
13452,PWWP3B,94,57,8,2,12,3,0,0,322,216,262,314,320,82,54,8,2
2687,CDCA5,72,43,10,4,45,25,2,0,322,205,254,310,318,27,18,8,4
13467,PYDC1,25,20,14,8,13,11,6,5,322,284,291,302,309,12,9,8,3
2210,CARD18,98,57,11,4,63,35,3,1,322,161,230,308,317,35,22,8,3
14487,S100G,20,18,15,6,13,12,7,4,322,289,292,300,312,7,6,8,2
13484,QPCT,68,49,14,4,35,23,6,0,322,219,250,302,318,33,26,8,4
14471,S100A11,44,30,10,3,47,28,2,1,322,231,264,310,318,-3,2,8,2
14466,RYR1,95,64,22,6,50,37,14,4,322,177,221,286,312,45,27,8,2
13492,QSER1,45,24,9,4,72,27,1,0,322,205,271,312,318,-27,-3,8,4
14450,RUVBL2,75,46,13,8,46,26,5,4,322,201,250,304,310,29,20,8,4
13684,RASA4B,97,54,11,4,53,29,3,0,322,172,239,308,318,44,25,8,4
13695,RASGRF2,63,36,11,4,55,24,3,0,322,204,262,308,318,8,12,8,4
14339,RPS8,49,32,11,7,57,25,3,1,322,216,265,308,314,-8,7,8,6
14272,RPL6,55,34,9,7,46,18,1,1,322,221,270,312,314,9,16,8,6
13930,RGMB,51,29,9,3,72,40,1,0,322,199,253,312,319,-21,-11,8,3
14269,RPL4,45,29,12,10,51,25,4,2,322,226,268,306,310,-6,4,8,8
14247,RPL26L1,83,47,12,7,46,27,4,1,322,193,248,306,314,37,20,8,6
13988,RHOC,46,32,11,8,56,33,3,2,322,220,257,308,312,-10,-1,8,6
14009,RIC8B,86,39,10,3,57,27,2,2,322,179,256,310,317,29,12,8,1
14013,RIIAD1,80,64,18,4,37,28,10,2,322,205,230,294,316,43,36,8,2
14019,RIMBP3B,103,79,35,17,77,63,27,9,322,142,180,260,296,26,16,8,8
14021,RIMKLA,71,41,10,1,59,25,2,0,322,192,256,310,321,12,16,8,1
2445,CCDC88B,91,58,11,3,58,28,3,1,322,173,236,308,318,33,30,8,2
2444,CCDC88A,61,34,12,4,63,24,4,0,322,198,264,306,318,-2,10,8,4
14048,RIT1,87,46,10,8,59,34,2,0,322,176,242,310,314,28,12,8,8
14052,RLF,106,49,8,1,47,20,0,0,322,169,253,314,321,59,29,8,1
14064,RMND5A,78,40,9,1,39,17,1,0,322,205,265,312,321,39,23,8,1
14229,RPL11,55,33,11,7,40,19,3,1,322,227,270,308,314,15,14,8,6
2431,CCDC74B,77,47,19,7,79,48,11,4,322,166,227,292,311,-2,-1,8,3
14212,RPAP1,63,35,9,7,56,40,1,1,322,203,247,312,314,7,-5,8,6
14105,RNF13,48,30,8,3,53,26,0,0,322,221,266,314,319,-5,4,8,3
14189,ROCK1,55,31,8,1,49,24,0,0,322,218,267,314,321,6,7,8,1
14186,ROBO2,61,38,12,7,55,38,4,3,322,206,246,306,312,6,0,8,4
14137,RNF187,38,22,9,7,57,27,1,1,322,227,273,312,314,-19,-5,8,6
14138,RNF19A,72,37,9,3,73,39,1,0,322,177,246,312,319,-1,-2,8,3
2404,CCDC38,98,56,12,4,59,30,4,0,322,165,236,306,318,39,26,8,4
2402,CCDC33,61,44,13,4,35,25,5,0,322,226,253,304,318,26,19,8,4
14271,RPL5,52,30,10,7,41,21,2,1,322,229,271,310,314,11,9,8,6
13911,RFTN1,50,27,12,4,64,34,4,0,322,208,261,306,318,-14,-7,8,4
13719,RAX2,81,50,13,1,60,29,5,2,322,181,243,304,319,21,21,8,-1
14276,RPL8,55,34,13,7,36,18,5,1,322,231,270,304,314,19,16,8,6
14316,RPS27A,49,31,11,6,41,21,3,3,322,232,270,308,313,8,10,8,3
14314,RPS26,49,32,10,7,47,17,2,1,322,226,273,310,314,2,15,8,6
2294,CBX1,50,28,9,6,54,31,1,0,322,218,263,312,316,-4,-3,8,6
2564,CD164,59,35,10,7,62,24,2,0,322,201,263,310,315,-3,11,8,7
2296,CBX3,43,23,9,7,56,33,1,1,322,223,266,312,314,-13,-10,8,6
14308,RPS2,50,31,13,7,49,32,5,1,322,223,259,304,314,1,-1,8,6
2301,CBX8,74,47,10,2,81,45,2,0,322,167,230,310,320,-7,2,8,2
2553,CCT8,77,49,10,3,31,16,2,1,322,214,257,310,318,46,33,8,2
2550,CCT6A,86,49,10,4,32,14,2,1,322,204,259,310,317,54,35,8,3
14302,RPS15A,52,33,11,8,44,19,3,2,322,226,270,308,312,8,14,8,6
14301,RPS15,54,30,12,8,45,24,4,1,322,223,268,306,313,9,6,8,7
2543,CCSAP,71,37,11,2,51,26,3,0,322,200,259,308,320,20,11,8,2
2308,CC2D2B,113,86,29,11,73,55,21,3,322,136,181,272,308,40,31,8,8
13792,RBP1,86,56,11,4,44,21,3,1,322,192,245,308,317,42,35,8,3
13798,RBPJ,61,28,10,2,70,31,2,0,322,191,263,310,320,-9,-3,8,2
2528,CCNYL1,62,36,8,2,61,19,0,0,322,199,267,314,320,1,17,8,2
13805,RC3H2,43,29,9,3,66,37,1,0,322,213,256,312,319,-23,-8,8,3
14298,RPS12,50,35,12,7,46,21,4,2,322,226,266,306,313,4,14,8,5
13822,RCOR2,54,34,12,2,70,39,4,1,322,198,249,306,319,-16,-5,8,1
13841,RECQL,69,43,9,3,43,25,1,0,322,210,254,312,319,26,18,8,3
2515,CCNI,50,28,10,4,55,27,2,1,322,217,267,310,317,-5,1,8,3
2507,CCND3,83,58,12,6,44,32,4,1,322,195,232,306,315,39,26,8,5
2322,CCDC115,61,36,9,3,55,21,1,0,322,206,265,312,319,6,15,8,3
14522,SAMD4B,68,40,19,7,65,41,11,6,322,189,241,292,309,3,-1,8,1
2729,CDK13,72,32,9,3,32,15,1,0,322,218,275,312,319,40,17,8,3
13373,PTMS,71,42,12,9,40,19,4,1,322,211,261,306,312,31,23,8,8
12898,PPP1CA,45,31,12,8,51,28,4,1,322,226,263,306,313,-6,3,8,7
12900,PPP1CC,61,32,9,4,61,25,1,1,322,200,265,312,317,0,7,8,3
12907,PPP1R13L,87,56,16,7,79,55,8,5,322,156,211,298,310,8,1,8,2
2936,CFAP52,107,75,32,6,63,49,24,6,322,152,198,266,310,44,26,8,0
14794,SEPTIN3,69,40,10,6,62,29,2,1,322,191,253,310,315,7,11,8,5
2051,C9orf40,94,56,9,2,39,22,1,0,322,189,244,312,320,55,34,8,2
14790,SEPTIN11,45,25,10,6,58,32,2,1,322,219,265,310,315,-13,-7,8,5
12930,PPP1R37,55,38,12,8,70,31,4,1,322,197,253,306,313,-15,7,8,7
2055,C9orf64,62,35,8,3,59,22,0,0,322,201,265,314,319,3,13,8,3
14773,SEMA6D,85,58,26,13,87,58,18,2,322,150,206,278,307,-2,0,8,11
2917,CFAP126,64,56,19,7,52,46,11,5,322,206,220,292,310,12,10,8,2
14770,SEMA6A,63,38,19,15,91,52,11,5,322,168,232,292,302,-28,-14,8,10
2062,CA12,53,35,10,3,60,28,2,0,322,209,259,310,319,-7,7,8,3
14754,SEM1,81,53,11,5,44,20,3,0,322,197,249,308,317,37,33,8,5
12947,PPP2R2A,73,33,9,4,48,21,1,0,322,201,268,312,318,25,12,8,4
14748,SELENOT,48,22,9,5,67,25,1,0,322,207,275,312,317,-19,-3,8,5
14746,SELENOP,86,52,16,8,87,54,8,0,322,149,216,298,314,-1,-2,8,8
2905,CERS6,96,63,9,4,31,19,1,0,322,195,240,312,318,65,44,8,4
2902,CERS3,63,41,16,6,39,21,8,2,322,220,260,298,314,24,20,8,4
14742,SELENOK,86,64,9,6,44,25,1,1,322,192,233,312,315,42,39,8,5
2893,CEP95,65,36,11,5,47,25,3,1,322,210,261,308,316,18,11,8,4
12974,PPP6R2,46,23,10,7,67,35,2,1,322,209,264,310,314,-21,-12,8,6
12975,PPP6R3,48,26,10,7,69,38,2,0,322,205,258,310,315,-21,-12,8,7
14734,SEL1L,77,39,12,1,72,38,4,0,322,173,245,306,321,5,1,8,1
14823,SERPINA7,42,28,8,4,9,6,0,0,322,271,288,314,318,33,22,8,4
14841,SERPINE2,102,67,11,8,44,19,3,1,322,176,236,308,313,58,48,8,7
14726,SEC61B,58,34,11,5,49,25,3,1,322,215,263,308,316,9,9,8,4
12891,PPM1J,80,51,13,6,84,44,5,2,322,158,227,304,314,-4,7,8,4
12706,PNPLA8,66,37,10,1,55,20,2,1,322,201,265,310,320,11,17,8,0
12716,PODNL1,104,65,16,8,69,50,8,1,322,149,207,298,313,35,15,8,7
3024,CHID1,63,45,11,7,55,27,3,1,322,204,250,308,314,8,18,8,6
3023,CHIC2,112,51,13,6,31,19,5,0,322,179,252,304,316,81,32,8,6
3021,CHIA,33,29,9,0,19,14,1,0,322,270,279,312,322,14,15,8,0
12734,POLDIP2,38,26,10,6,61,38,2,1,322,223,258,310,315,-23,-12,8,5
3017,CHGA,81,67,12,2,45,22,4,2,322,196,233,306,318,36,45,8,0
12758,POLR2B,65,36,10,7,53,28,2,0,322,204,258,310,315,12,8,8,7
14919,SGF29,65,40,13,10,77,40,5,1,322,180,242,304,311,-12,0,8,9
12784,POM121C,53,32,11,4,71,46,3,1,322,198,244,308,317,-18,-14,8,3
3007,CHD5,93,58,13,4,58,33,5,1,322,171,231,304,317,35,25,8,3
3004,CHD2,93,38,10,6,67,34,2,2,322,162,250,310,314,26,4,8,4
14910,SFXN3,47,24,8,4,68,32,0,0,322,207,266,314,318,-21,-8,8,4
2997,CHCHD3,75,43,9,4,35,20,1,0,322,212,259,312,318,40,23,8,4
12805,PORCN,66,37,10,6,63,34,2,1,322,193,251,310,315,3,3,8,5
12847,PPAT,52,34,10,4,74,36,2,0,322,196,252,310,318,-22,-2,8,4
14876,SEZ6L,76,43,10,7,27,12,2,0,322,219,267,310,315,49,31,8,7
1999,C5orf24,51,32,8,4,89,39,0,0,322,182,251,314,318,-38,-7,8,4
14875,SEZ6,56,38,17,11,38,29,9,4,322,228,255,296,307,18,9,8,7
14863,SETD2,70,33,8,3,42,21,0,0,322,210,268,314,319,28,12,8,3
2968,CFL2,46,27,12,5,97,46,4,0,322,179,249,306,317,-51,-19,8,5
12872,PPIE,74,43,9,3,37,19,1,0,322,211,260,312,319,37,24,8,3
2958,CFD,90,65,14,6,50,33,6,3,322,182,224,302,313,40,32,8,3
12990,PRAME,56,30,11,3,29,13,3,1,322,237,279,308,318,27,17,8,2
13030,PRDM2,74,45,9,4,57,21,1,0,322,191,256,312,318,17,24,8,4
13368,PTK2,65,37,10,5,49,22,2,0,322,208,263,310,317,16,15,8,5
2811,CEBPZOS,64,40,11,4,66,28,3,1,322,192,254,308,317,-2,12,8,3
2138,CALHM3,60,39,11,2,46,25,3,0,322,216,258,308,320,14,14,8,2
2802,CEACAM6,50,32,13,3,22,17,5,0,322,250,273,304,319,28,15,8,3
14610,SCGB3A1,30,27,19,7,21,16,11,6,322,271,279,292,309,9,11,8,1
13252,PSENEN,64,35,14,6,60,30,6,2,322,198,257,302,314,4,5,8,4
13255,PSG2,79,66,15,9,36,22,7,1,322,207,234,300,312,43,44,8,8
13269,PSMA4,49,32,10,6,58,27,2,1,322,215,263,310,315,-9,5,8,5
13276,PSMB11,81,49,8,1,27,10,0,0,322,214,263,314,321,54,39,8,1
13279,PSMB4,51,31,11,9,47,31,3,2,322,224,260,308,311,4,0,8,7
13285,PSMC1,64,39,9,7,44,20,1,1,322,214,263,312,314,20,19,8,6
13288,PSMC3IP,71,45,12,2,43,23,4,2,322,208,254,306,318,28,22,8,0
13298,PSMD2,50,26,9,7,48,24,1,1,322,224,272,312,314,2,2,8,6
14579,SCAMP3,53,30,10,7,46,24,2,1,322,223,268,310,314,7,6,8,6
14573,SCAF11,73,38,11,3,52,28,3,0,322,197,256,308,319,21,10,8,3
2763,CDKN2AIPNL,56,32,9,3,55,23,1,0,322,211,267,312,319,1,9,8,3
14547,SART1,49,26,10,7,50,26,2,1,322,223,270,310,314,-1,0,8,6
2751,CDK9,52,31,8,4,90,40,0,0,322,180,251,314,318,-38,-9,8,4
13337,PTCRA,49,47,14,3,24,16,6,1,322,249,259,302,318,25,31,8,2
13339,PTDSS2,63,39,12,3,56,22,4,1,322,203,261,306,318,7,17,8,2
13340,PTEN,60,32,9,1,53,24,1,0,322,209,266,312,321,7,8,8,1
2173,CAMTA1,53,31,13,6,64,32,5,2,322,205,259,304,314,-11,-1,8,4
2179,CAP1,71,37,9,6,44,16,1,0,322,207,269,312,316,27,21,8,6
14535,SAP30BP,54,36,9,5,67,34,1,1,322,201,252,312,316,-13,2,8,4
2182,CAPN1,43,27,10,5,61,35,2,0,322,218,260,310,317,-18,-8,8,5
2808,CEBPE,42,34,11,3,25,19,3,0,322,255,269,308,319,17,15,8,3
2814,CELA1,49,48,14,3,38,33,6,1,322,235,241,302,318,11,15,8,2
13042,PRDX6,58,36,10,5,47,30,2,1,322,217,256,310,316,11,6,8,4
13187,PRR5L,79,42,16,7,85,50,8,2,322,158,230,298,313,-6,-8,8,5
13047,PRELID3B,68,35,10,6,45,22,2,0,322,209,265,310,316,23,13,8,6
13050,PREPL,76,37,10,5,39,17,2,0,322,207,268,310,317,37,20,8,5
14716,SEC23B,74,43,12,3,57,33,4,2,322,191,246,306,317,17,10,8,1
2092,CACNA1C,75,44,14,5,53,34,6,2,322,194,244,302,315,22,10,8,3
14710,SEC16A,42,24,10,5,84,44,2,1,322,196,254,310,316,-42,-20,8,4
13071,PRKACA,49,26,9,6,52,21,1,1,322,221,275,312,315,-3,5,8,5
2101,CACNA2D2,67,38,9,2,50,20,1,0,322,205,264,312,320,17,18,8,2
2856,CENPX,53,30,11,6,57,32,3,1,322,212,260,308,315,-4,-2,8,5
14692,SDK2,54,27,10,3,30,19,2,0,322,238,276,310,319,24,8,8,3
13108,PRMT1,54,31,13,7,64,31,5,1,322,204,260,304,314,-10,0,8,6
2849,CENPS-CORT,102,77,27,11,90,63,19,8,322,130,182,276,303,12,14,8,3
13111,PRMT5,69,43,12,5,75,48,4,1,322,178,231,306,316,-6,-5,8,4
13117,PRNP,85,57,11,3,42,20,3,1,322,195,245,308,318,43,37,8,2
14685,SDHAF2,62,46,11,3,70,33,3,0,322,190,243,308,319,-8,13,8,3
13131,PRORP,64,36,10,3,74,44,2,1,322,184,242,310,318,-10,-8,8,2
13148,PRPF40B,54,32,13,6,73,38,5,1,322,195,252,304,315,-19,-6,8,5
13153,PRPH2,60,33,12,5,38,26,4,1,322,224,263,306,316,22,7,8,4
2116,CACTIN,64,34,10,7,50,24,2,1,322,208,264,310,314,14,10,8,6
2117,CACUL1,57,31,8,1,50,20,0,0,322,215,271,314,321,7,11,8,1
2827,CELSR3,78,47,9,2,44,15,1,0,322,200,260,312,320,34,32,8,2
2826,CELSR2,65,36,8,6,49,17,0,0,322,208,269,314,316,16,19,8,6
13178,PRR3,62,27,12,3,76,39,4,0,322,184,256,306,319,-14,-12,8,3
2128,CALB2,70,47,16,11,46,38,8,2,322,206,237,298,309,24,9,8,9
16149,STAR,116,83,11,3,58,26,3,1,322,148,213,308,318,58,57,8,2
9852,MKRN3,88,47,10,2,50,27,2,0,322,184,248,310,320,38,20,8,2
10638,NDUFS8,52,31,11,8,40,20,3,1,322,230,271,308,313,12,11,8,7
16421,SZT2,42,23,9,3,64,24,1,1,322,216,275,312,318,-22,-1,8,2
16378,SYNGR1,65,40,14,7,85,47,6,3,322,172,235,302,312,-20,-7,8,4
16382,SYNJ1,95,49,11,3,61,29,3,1,322,166,244,308,318,34,20,8,2
16394,SYPL2,75,32,8,1,39,16,0,0,322,208,274,314,321,36,16,8,1
16409,SYT5,98,66,12,2,47,25,4,1,322,177,231,306,319,51,41,8,1
3936,CYP2F1,62,46,19,6,45,29,11,6,322,215,247,292,310,17,17,8,0
4235,DERL1,63,35,8,4,61,30,0,0,322,198,257,314,318,2,5,8,4
1329,ATXN2L,59,29,9,7,50,26,1,0,322,213,267,312,315,9,3,8,7
1328,ATXN2,52,32,9,6,54,20,1,1,322,216,270,312,315,-2,12,8,5
9587,MCM3AP,60,29,9,4,60,25,1,1,322,202,268,312,317,0,4,8,3
9588,MCM4,49,31,11,3,75,37,3,0,322,198,254,308,319,-26,-6,8,3
9591,MCM7,52,28,11,6,55,30,3,2,322,215,264,308,314,-3,-2,8,4
1324,ATRX,54,30,10,4,55,34,2,1,322,213,258,310,317,-1,-4,8,3
16781,TEX261,62,31,8,3,59,28,0,0,322,201,263,314,319,3,3,8,3
1174,ASXL1,57,34,12,5,64,34,4,2,322,201,254,306,315,-7,0,8,3
4211,DENND1A,43,27,10,5,46,18,2,1,322,233,277,310,316,-3,9,8,4
16824,TFF2,28,26,13,2,23,21,5,2,322,271,275,304,318,5,5,8,0
9618,MDH2,42,28,10,7,59,34,2,1,322,221,260,310,314,-17,-6,8,6
9621,MDM2,53,30,12,6,84,42,4,0,322,185,250,306,316,-31,-12,8,6
16766,TET3,74,36,10,2,37,16,2,0,322,211,270,310,320,37,20,8,2
9635,MED10,76,42,10,6,53,29,2,1,322,193,251,310,315,23,13,8,5
16429,TAB2,61,33,10,3,60,23,2,0,322,201,266,310,319,1,10,8,3
1180,ATAD2B,85,48,8,4,53,25,0,0,322,184,249,314,318,32,23,8,4
10204,MTCL1,60,36,11,6,83,47,3,0,322,179,239,308,316,-23,-11,8,6
9642,MED15,56,33,10,6,60,33,2,2,322,206,256,310,314,-4,0,8,4
10200,MTARC2,56,34,11,2,77,36,3,0,322,189,252,308,320,-21,-2,8,2
10197,MTA3,58,33,10,7,50,23,2,1,322,214,266,310,314,8,10,8,6
10195,MTA1,53,29,10,6,84,34,2,0,322,185,259,310,316,-31,-5,8,6
9652,MED25,48,33,12,8,57,30,4,2,322,217,259,306,312,-9,3,8,6
16436,TACC3,63,41,9,5,57,21,1,0,322,202,260,312,317,6,20,8,5
1182,ATAD3B,47,27,9,2,90,42,1,0,322,185,253,312,320,-43,-15,8,2
16374,SYNE2,74,39,10,9,64,23,2,0,322,184,260,310,313,10,16,8,9
3919,CYP26A1,86,52,12,3,69,41,4,0,322,167,229,306,319,17,11,8,3
10453,NACA,58,34,11,8,52,18,3,2,322,212,270,308,312,6,16,8,6
10361,MYL6B,64,36,11,8,36,19,3,1,322,222,267,308,313,28,17,8,7
16912,TIA1,68,34,13,5,48,30,5,0,322,206,258,304,317,20,4,8,5
4304,DHX9,50,27,9,4,49,28,1,0,322,223,267,312,318,1,-1,8,4
10429,N4BP2L2,67,45,8,2,71,24,0,0,322,184,253,314,320,-4,21,8,2
1108,ASAH1,49,34,12,6,67,33,4,0,322,206,255,306,316,-18,1,8,6
16907,THUMPD1,53,28,9,2,60,28,1,0,322,209,266,312,320,-7,0,8,2
16906,THTPA,70,39,15,7,65,37,7,2,322,187,246,300,313,5,2,8,5
16266,STXBP2,74,46,11,5,47,18,3,2,322,201,258,308,315,27,28,8,3
4292,DHX30,40,18,9,7,69,44,1,1,322,213,260,312,314,-29,-26,8,6
16275,STYXL2,55,32,9,6,38,24,1,0,322,229,266,312,316,17,8,8,6
9442,MAP3K5,86,49,8,0,63,19,0,0,322,173,254,314,322,23,30,8,0
9448,MAP4,35,22,10,6,91,45,2,1,322,196,255,310,315,-56,-23,8,5
10412,MYPN,87,51,11,4,51,24,3,1,322,184,247,308,317,36,27,8,3
16897,THRA,46,28,9,7,69,42,1,0,322,207,252,312,315,-23,-14,8,7
16306,SUMO2,67,39,9,7,45,23,1,1,322,210,260,312,314,22,16,8,6
9483,MAPRE1,66,33,10,5,43,15,2,1,322,213,274,310,316,23,18,8,4
1142,ASF1B,46,26,11,8,72,39,3,2,322,204,257,308,312,-26,-13,8,6
10359,MYL5,63,47,15,4,111,66,7,3,322,148,209,300,315,-48,-19,8,1
9486,MAPT,72,38,15,7,66,38,7,1,322,184,246,300,314,6,0,8,6
4265,DGUOK,58,37,12,6,44,27,4,2,322,220,258,306,314,14,10,8,4
10352,MYL1,43,37,12,5,32,24,4,2,322,247,261,306,315,11,13,8,3
10342,MYH14,79,44,10,3,54,30,2,0,322,189,248,310,319,25,14,8,3
10339,MYH10,43,30,10,6,68,35,2,0,322,211,257,310,316,-25,-5,8,6
3903,CYGB,92,71,20,8,75,54,12,3,322,155,197,290,311,17,17,8,5
9498,MARCKS,48,21,9,7,72,36,1,0,322,202,265,312,315,-24,-15,8,7
9506,MARK4,49,31,10,7,88,49,2,2,322,185,242,310,313,-39,-18,8,5
10308,MXD4,73,49,9,7,65,27,1,0,322,184,246,312,315,8,22,8,7
16851,TGM1,102,66,16,9,78,51,8,4,322,142,205,298,309,24,15,8,5
9517,MAST2,57,29,10,5,47,19,2,0,322,218,274,310,317,10,10,8,5
1362,AZIN2,77,46,11,5,76,49,3,0,322,169,227,308,317,1,-3,8,5
4247,DGAT1,60,38,10,3,60,29,2,0,322,202,255,310,319,0,9,8,3
1315,ATP9B,74,33,12,6,34,15,4,1,322,214,274,306,315,40,18,8,5
10186,MT1F,78,56,29,19,73,56,21,10,322,171,210,272,293,5,0,8,9
3969,CYSLTR1,52,35,12,6,23,12,4,2,322,247,275,306,314,29,23,8,4
9974,MPI,45,27,10,6,90,42,2,0,322,187,253,310,316,-45,-15,8,6
9808,MIDEAS,64,38,9,4,97,41,1,0,322,161,243,312,318,-33,-3,8,4
1279,ATP5PO,58,34,11,9,59,25,3,2,322,205,263,308,311,-1,9,8,7
10013,MRGPRG,21,18,8,0,3,3,0,0,322,298,301,314,322,18,15,8,0
9819,MIGA2,56,30,10,3,70,39,2,0,322,196,253,310,319,-14,-9,8,3
10007,MRFAP1,50,31,11,8,60,35,3,1,322,212,256,308,313,-10,-4,8,7
1222,ATMIN,55,35,9,2,55,31,1,0,322,212,256,312,320,0,4,8,2
1273,ATP5MG,67,33,10,9,32,15,2,1,322,223,274,310,312,35,18,8,8
9835,MIPOL1,77,41,11,4,35,18,3,0,322,210,263,308,318,42,23,8,4
9996,MPZL1,57,33,12,6,50,31,4,0,322,215,258,306,316,7,2,8,6
16642,TCEA1,58,40,12,8,62,45,4,1,322,202,237,306,313,-4,-5,8,7
16549,TATDN2,44,22,9,5,59,30,1,0,322,219,270,312,317,-15,-8,8,5
16627,TBX21,68,47,9,3,24,9,1,0,322,230,266,312,319,44,38,8,3
9868,MLLT6,40,26,9,5,64,27,1,0,322,218,269,312,317,-24,-1,8,5
4046,DCAF7,78,37,9,4,38,22,1,0,322,206,263,312,318,40,15,8,4
1236,ATP13A2,51,31,11,6,83,40,3,2,322,188,251,308,314,-32,-9,8,4
9669,MEFV,111,67,10,4,35,17,2,0,322,176,238,310,318,76,50,8,4
9875,MLXIPL,61,40,12,1,48,33,4,1,322,213,249,306,320,13,7,8,0
16592,TBC1D5,53,26,11,3,59,25,3,0,322,210,271,308,319,-6,1,8,3
9972,MPHOSPH8,86,44,10,1,56,19,2,0,322,180,259,310,321,30,25,8,1
9964,MPC1L,56,54,22,9,24,23,14,7,322,242,245,286,306,32,31,8,2
4090,DCUN1D5,61,38,13,7,63,40,5,2,322,198,244,304,313,-2,-2,8,5
9898,MMP21,94,71,19,6,54,34,11,5,322,174,217,292,311,40,37,8,1
4079,DCTN1,60,36,10,7,55,23,2,1,322,207,263,310,314,5,13,8,6
4064,DCLK2,87,51,8,7,63,37,0,0,322,172,234,314,315,24,14,8,7
4065,DCLK3,87,54,8,1,13,5,0,0,322,222,263,314,321,74,49,8,1
9926,MOB3A,70,38,10,5,55,26,2,2,322,197,258,310,315,15,12,8,3
16559,TBC1D12,71,37,8,1,50,28,0,0,322,201,257,314,321,21,9,8,1
16575,TBC1D28,79,52,17,4,47,31,9,4,322,196,239,296,314,32,21,8,0
16571,TBC1D23,70,36,10,3,51,25,2,0,322,201,261,310,319,19,11,8,3
9933,MOCS2,65,45,10,3,51,29,2,1,322,206,248,310,318,14,16,8,2
4131,DDX39B,51,29,9,9,54,32,1,1,322,217,261,312,312,-3,-3,8,8
9790,MIB1,59,34,9,3,65,19,1,0,322,198,269,312,319,-6,15,8,3
1280,ATP6AP1,56,33,10,6,49,22,2,1,322,217,267,310,315,7,11,8,5
4021,DBI,49,35,11,8,51,22,3,0,322,222,265,308,314,-2,13,8,8
3971,CYSRT1,88,68,17,8,83,52,9,1,322,151,202,296,313,5,16,8,7
3972,CYSTM1,68,40,14,8,54,24,6,2,322,200,258,302,312,14,16,8,6
16732,TEKT3,102,71,29,7,91,60,21,9,322,129,191,272,306,11,11,8,-2
10173,MT-CO2,65,36,12,6,74,39,4,3,322,183,247,306,313,-9,-3,8,3
4186,DEFB119,9,9,9,4,2,2,1,0,322,311,311,312,318,7,7,8,4
1194,ATF6B,61,38,10,7,53,26,2,0,322,208,258,310,315,8,12,8,7
10170,MT-ATP6,61,37,14,7,79,37,6,4,322,182,248,302,311,-18,0,8,3
16449,TAF11L11,67,56,9,0,45,40,1,0,322,210,226,312,322,22,16,8,0
9703,METAP2,53,35,9,3,61,31,1,1,322,208,256,312,318,-8,4,8,2
16711,TDRKH,67,39,8,2,69,34,0,0,322,186,249,314,320,-2,5,8,2
10152,MSLN,67,42,12,4,60,40,4,1,322,195,240,306,317,7,2,8,3
16493,TALDO1,55,34,10,7,51,24,2,1,322,216,264,310,314,4,10,8,6
16497,TANC2,90,56,13,8,54,25,5,0,322,178,241,304,314,36,31,8,8
16501,TAOK1,44,26,9,4,91,40,1,0,322,187,256,312,318,-47,-14,8,4
16503,TAOK3,75,40,12,4,55,21,4,1,322,192,261,306,317,20,19,8,3
10108,MRPS5,53,34,8,3,50,25,0,0,322,219,263,314,319,3,9,8,3
9734,MEX3D,73,46,12,9,45,28,4,1,322,204,248,306,312,28,18,8,8
16695,TCTN2,64,45,10,3,58,24,2,0,322,200,253,310,319,6,21,8,3
9740,MFAP5,70,40,12,6,67,38,4,1,322,185,244,306,315,3,2,8,5
10071,MRPL47,62,44,11,5,50,22,3,0,322,210,256,308,317,12,22,8,5
10055,MRPL32,56,31,14,7,56,38,6,1,322,210,253,302,314,0,-7,8,6
10052,MRPL28,64,44,14,6,61,35,6,1,322,197,243,302,315,3,9,8,5
4016,DAZAP2,77,47,9,6,42,9,1,0,322,203,266,312,316,35,38,8,6
9742,MFGE8,63,40,13,8,65,34,5,1,322,194,248,304,313,-2,6,8,7
16518,TAS1R3,96,54,11,1,44,26,3,2,322,182,242,308,319,52,28,8,-1
9750,MFSD11,94,53,10,2,34,15,2,0,322,194,254,310,320,60,38,8,2
16519,TAS2R1,57,36,14,8,44,32,6,2,322,221,254,302,312,13,4,8,6
16681,TCOF1,46,26,10,6,51,27,2,0,322,225,269,310,316,-5,-1,8,6
1213,ATG5,95,47,10,4,35,18,2,0,322,192,257,310,318,60,29,8,4
4306,DIAPH1,39,29,10,3,69,32,2,1,322,214,261,310,318,-30,-3,8,2
4072,DCP2,52,28,8,1,57,29,0,0,322,213,265,314,321,-5,-1,8,1
3804,CTSE,99,57,10,3,50,34,2,0,322,173,231,310,319,49,23,8,3
9396,MAN1B1,41,27,14,10,78,41,6,2,322,203,254,302,310,-37,-14,8,8
16201,STK33,71,53,19,2,75,44,11,7,322,176,225,292,313,-4,9,8,-5
1092,ARSF,73,43,8,3,48,17,0,0,322,201,262,314,319,25,26,8,3
10599,NDUFA2,61,30,12,10,47,23,4,2,322,214,269,306,310,14,7,8,8
10562,NCOA2,92,48,11,5,48,24,3,0,322,182,250,308,317,44,24,8,5
16219,STOML2,57,32,11,7,52,19,3,1,322,213,271,308,314,5,13,8,6
9315,MACROD1,61,40,17,8,66,38,9,8,322,195,244,296,306,-5,2,8,0
17023,TM9SF2,61,33,8,4,51,24,0,0,322,210,265,314,318,10,9,8,4
9332,MAFG,85,50,10,1,47,29,2,1,322,190,243,310,320,38,21,8,0
10540,NCBP1,67,35,10,6,43,18,2,0,322,212,269,310,316,24,17,8,6
10621,NDUFB3,77,47,11,7,45,20,3,2,322,200,255,308,313,32,27,8,5
10541,NCBP2,92,63,11,5,37,19,3,0,322,193,240,308,317,55,44,8,5
1420,BAIAP3,74,53,16,8,80,50,8,1,322,168,219,298,313,-6,3,8,7
9322,MAD2L2,40,27,11,7,79,42,3,1,322,203,253,308,314,-39,-15,8,6
16941,TIMM23,46,26,9,5,64,39,1,1,322,212,257,312,316,-18,-13,8,4
4364,DLX4,92,55,10,3,39,18,2,1,322,191,249,310,318,53,37,8,2
16169,STAU2,56,28,10,4,56,23,2,0,322,210,271,310,318,0,5,8,4
9381,MAL,29,27,12,6,21,20,4,0,322,272,275,306,316,8,7,8,6
3827,CUEDC2,44,24,12,7,70,38,4,2,322,208,260,306,313,-26,-14,8,5
10570,NCR1,79,50,12,5,68,40,4,0,322,175,232,306,317,11,10,8,5
3815,CTTN,40,25,12,5,60,29,4,2,322,222,268,306,315,-20,-4,8,3
3790,CTNND1,69,42,13,7,68,33,5,1,322,185,247,304,314,1,9,8,6
17010,TM2D3,58,38,10,5,86,34,2,1,322,178,250,310,316,-28,4,8,4
10584,NDOR1,51,33,11,1,65,36,3,1,322,206,253,308,320,-14,-3,8,0
16993,TLN2,86,46,8,5,43,21,0,0,322,193,255,314,317,43,25,8,5
16212,STMN3,67,34,14,7,87,46,6,4,322,168,242,302,311,-20,-12,8,3
10517,NBPF10,83,44,8,0,50,26,0,0,322,189,252,314,322,33,18,8,0
1437,BAX,68,41,11,5,55,23,3,2,322,199,258,308,315,13,18,8,3
9370,MAGI1,48,25,9,5,61,31,1,0,322,213,266,312,317,-13,-6,8,5
16950,TIMMDC1,70,41,10,7,43,29,2,1,322,209,252,310,314,27,12,8,6
1075,ARPC5,46,29,9,5,56,30,1,0,322,220,263,312,317,-10,-1,8,5
4350,DLGAP1,61,29,11,9,67,33,3,3,322,194,260,308,310,-6,-4,8,6
1063,ARMS2,58,56,20,6,34,32,12,1,322,230,234,290,315,24,24,8,5
10580,NDFIP1,41,20,10,6,62,32,2,0,322,219,270,310,316,-21,-12,8,6
10552,NCK2,55,32,13,5,78,47,5,1,322,189,243,304,316,-23,-15,8,4
4312,DIO1,77,56,20,11,39,30,12,6,322,206,236,290,305,38,26,8,5
10556,NCKAP5L,51,28,9,4,70,32,1,1,322,201,262,312,317,-19,-4,8,3
1089,ARSA,60,33,12,6,58,27,4,2,322,204,262,306,314,2,6,8,4
16232,STRADA,47,28,13,6,70,40,5,2,322,205,254,304,314,-23,-12,8,4
16194,STK25,52,29,11,6,51,22,3,2,322,219,271,308,314,1,7,8,4
10470,NALCN,78,45,12,2,76,44,4,1,322,168,233,306,319,2,1,8,1
17027,TMA7,58,34,11,7,46,25,3,2,322,218,263,308,313,12,9,8,5
16932,TIMD4,29,26,9,1,20,15,1,0,322,273,281,312,321,9,11,8,1
10460,NADSYN1,59,31,11,8,44,24,3,0,322,219,267,308,314,15,7,8,8
3837,CUTC,53,30,9,2,73,40,1,0,322,196,252,312,320,-20,-10,8,2
9228,LTBP3,65,43,14,8,73,38,7,1,322,184,241,301,313,-8,5,7,7
9324,MADD,54,33,10,7,63,33,3,0,322,205,256,309,315,-9,0,7,7
13996,RHOT2,47,26,12,8,78,47,5,1,322,197,249,305,313,-31,-21,7,7
8930,LHX6,83,62,15,1,76,48,8,0,322,163,212,299,321,7,14,7,1
19005,ZCWPW2,125,78,12,4,59,39,5,0,322,138,205,305,318,66,39,7,4
19517,ZNF701,119,75,7,2,40,18,0,0,322,163,229,315,320,79,57,7,2
19016,ZDHHC18,49,23,8,2,55,26,1,0,322,218,273,313,320,-6,-3,7,2
19572,ZNF774,77,42,9,2,67,30,2,1,322,178,250,311,319,10,12,7,1
8878,LENG8,70,35,10,5,58,28,3,1,322,194,259,309,316,12,7,7,4
9671,MEGF11,92,59,22,10,77,54,15,5,322,153,209,285,307,15,5,7,5
5885,FOXRED1,51,37,10,6,73,34,3,1,322,198,251,309,315,-22,3,7,5
14630,SCN4A,65,40,8,1,34,13,1,0,322,223,269,313,321,31,27,7,1
14025,RIMS3,38,23,7,2,115,59,0,0,322,169,240,315,320,-77,-36,7,2
14245,RPL24,58,35,11,9,44,22,4,1,322,220,265,307,312,14,13,7,8
6489,GOT2,43,26,9,5,62,30,2,0,322,217,266,311,317,-19,-4,7,5
14701,SEC11A,70,42,10,4,44,26,3,2,322,208,254,309,316,26,16,7,2
14699,SDSL,68,43,12,8,57,29,5,2,322,197,250,305,312,11,14,7,6
17328,TMSB10,51,33,15,12,47,28,8,1,322,224,261,299,309,4,5,7,11
5946,FTL,65,44,12,9,48,28,5,2,322,209,250,305,311,17,16,7,7
14722,SEC31A,66,38,10,5,42,20,3,1,322,214,264,309,316,24,18,7,4
9788,MIA2,56,33,10,2,73,34,3,0,322,193,255,309,320,-17,-1,7,2
6479,GON4L,43,23,7,3,84,28,0,0,322,195,271,315,319,-41,-5,7,3
13957,RGS5,95,58,13,4,59,38,6,1,322,168,226,303,317,36,20,7,3
5943,FTCDNL1,64,35,10,5,81,44,3,2,322,177,243,309,315,-17,-9,7,3
6640,GPX8,64,41,9,3,81,34,2,0,322,177,247,311,319,-17,7,7,3
9773,MGAT4B,43,28,9,8,83,48,2,1,322,196,246,311,313,-40,-20,7,7
13250,PSEN1,89,46,9,4,42,15,2,0,322,191,261,311,318,47,31,7,4
9772,MGAT4A,83,51,8,3,54,28,1,0,322,185,243,313,319,29,23,7,3
13072,PRKACB,98,51,8,3,65,28,1,1,322,159,243,313,318,33,23,7,2
6485,GOSR1,55,35,9,3,45,25,2,2,322,222,262,311,317,10,10,7,1
13077,PRKAR1A,62,27,10,7,50,26,3,1,322,210,269,309,314,12,1,7,6
6622,GPRC6A,34,18,7,3,13,6,0,0,322,275,298,315,319,21,12,7,3
13080,PRKAR2B,66,39,9,1,65,27,2,1,322,191,256,311,320,1,12,7,0
14231,RPL13,59,32,13,8,51,27,6,2,322,212,263,303,312,8,5,7,6
19022,ZDHHC23,86,53,9,3,52,25,2,0,322,184,244,311,319,34,28,7,3
9688,MEN1,65,32,10,7,64,33,3,1,322,193,257,309,314,1,-1,7,6
13099,PRKRIP1,78,29,8,5,52,33,1,0,322,192,260,313,317,26,-4,7,5
8887,LETMD1,63,37,13,6,64,36,6,1,322,195,249,303,315,-1,1,7,5
6566,GPR161,61,31,8,5,71,26,1,0,322,190,265,313,317,-10,5,7,5
14674,SDC3,44,25,10,8,121,61,3,0,322,157,236,309,314,-77,-36,7,8
17294,TMEM91,94,53,13,3,63,37,6,2,322,165,232,303,317,31,16,7,1
13978,RHEB,64,29,9,5,45,25,2,0,322,213,268,311,317,19,4,7,5
13154,PRPS1,41,24,10,4,93,59,3,3,322,188,239,309,315,-52,-35,7,1
8907,LGI1,95,63,12,2,63,35,5,1,322,164,224,305,319,32,28,7,1
13155,PRPS1L1,26,23,7,3,13,9,0,0,322,283,290,315,319,13,14,7,3
13157,PRPSAP1,56,32,9,3,62,30,2,1,322,204,260,311,318,-6,2,7,2
14011,RIDA,74,40,10,4,55,25,3,2,322,193,257,309,316,19,15,7,2
9726,METTL6,72,39,8,3,49,26,1,0,322,201,257,313,319,23,13,7,3
9715,METTL22,54,27,8,4,62,32,1,1,322,206,263,313,317,-8,-5,7,3
14008,RIC8A,54,29,12,7,75,45,5,2,322,193,248,305,313,-21,-16,7,5
9709,METTL15,103,51,11,1,41,25,4,2,322,178,246,307,319,62,26,7,-1
9705,METRNL,77,45,16,3,74,40,9,0,322,171,237,297,319,3,5,7,3
6528,GPI,59,33,9,5,35,10,2,2,322,228,279,311,315,24,23,7,3
16985,TLE5,46,28,8,7,58,25,1,1,322,218,269,313,314,-12,3,7,6
13176,PRR27,82,42,7,2,49,21,0,0,322,191,259,315,320,33,21,7,2
6507,GPATCH2L,75,40,10,4,66,40,3,1,322,181,242,309,317,9,0,7,3
8897,LGALS3,63,40,11,9,56,37,4,2,322,203,245,307,311,7,3,7,7
6506,GPATCH2,92,40,7,1,58,35,0,0,322,172,247,315,321,34,5,7,1
9733,MEX3C,55,30,11,4,66,36,4,1,322,201,256,307,317,-11,-6,7,3
14235,RPL17,57,37,12,6,44,23,5,2,322,221,262,305,314,13,14,7,4
6524,GPER1,86,60,16,4,78,48,9,2,322,158,214,297,316,8,12,7,2
19031,ZEB1,73,42,9,4,54,33,2,0,322,195,247,311,318,19,9,7,4
13109,PRMT2,49,24,9,7,68,35,2,1,322,205,263,311,314,-19,-11,7,6
14022,RIMKLB,62,35,12,5,73,42,5,0,322,187,245,305,317,-11,-7,7,5
19037,ZFAND3,58,32,11,6,37,18,4,3,322,227,272,307,313,21,14,7,3
14631,SCN4B,66,39,8,2,57,32,1,0,322,199,251,313,320,9,7,7,2
9317,MACROH2A1,43,27,8,7,51,31,1,1,322,228,264,313,314,-8,-4,7,6
13134,PROSER2,90,49,9,1,41,24,2,0,322,191,249,311,321,49,25,7,1
14678,SDCCAG8,62,31,9,4,48,22,2,0,322,212,269,311,318,14,9,7,4
6580,GPR21,68,42,11,2,45,27,4,2,322,209,253,307,318,23,15,7,0
9696,MESD,55,27,7,3,51,32,0,0,322,216,263,315,319,4,-5,7,3
14644,SCP2,58,33,9,6,52,23,2,2,322,212,266,311,314,6,10,7,4
9222,LTA4H,65,37,11,6,44,26,4,1,322,213,259,307,315,21,11,7,5
16706,TDRD3,46,30,9,2,80,43,2,0,322,196,249,311,320,-34,-13,7,2
9789,MIA3,51,24,7,4,68,29,0,0,322,203,269,315,318,-17,-5,7,4
13133,PROSER1,53,25,7,2,60,40,0,0,322,209,257,315,320,-7,-15,7,2
16670,TCF7L2,84,53,25,11,82,62,18,7,322,156,207,279,304,2,-9,7,4
18968,ZC2HC1C,124,70,11,2,43,21,4,0,322,155,231,307,320,81,49,7,2
12859,PPFIBP1,49,21,10,0,68,36,3,0,322,205,265,309,322,-19,-15,7,0
14860,SETBP1,43,21,9,6,52,23,2,0,322,227,278,311,316,-9,-2,7,6
14851,SERTAD3,101,60,12,6,86,40,5,1,322,135,222,305,315,15,20,7,5
14848,SERPINI2,47,41,16,6,26,21,9,2,322,249,260,297,314,21,20,7,4
16589,TBC1D3K,51,48,27,14,41,37,20,12,322,230,237,275,296,10,11,7,2
14842,SERPINE3,65,46,13,8,40,28,6,5,322,217,248,303,309,25,18,7,3
12879,PPIL4,78,43,8,3,42,21,1,0,322,202,258,313,319,36,22,7,3
12886,PPM1D,92,50,11,6,49,26,4,2,322,181,246,307,314,43,24,7,4
19632,ZNF880,93,70,18,8,63,45,11,3,322,166,207,293,311,30,25,7,5
6775,GTF3C4,56,34,7,3,59,27,0,0,322,207,261,315,319,-3,7,7,3
14132,RNF181,68,35,12,8,53,21,5,5,322,201,266,305,309,15,14,7,3
16591,TBC1D4,41,20,7,3,67,37,0,0,322,214,265,315,319,-26,-17,7,3
12894,PPM1M,75,44,13,5,62,37,6,1,322,185,241,303,316,13,7,7,4
12896,PPME1,74,38,9,3,32,9,2,0,322,216,275,311,319,42,29,7,3
19621,ZNF846,63,37,7,3,79,32,0,0,322,180,253,315,319,-16,5,7,3
19618,ZNF843,110,72,9,3,41,23,2,0,322,171,227,311,319,69,49,7,3
16596,TBC1D9,58,32,7,1,33,16,0,0,322,231,274,315,321,25,16,7,1
14808,SERINC1,75,37,8,5,37,18,1,0,322,210,267,313,317,38,19,7,5
18885,YME1L1,61,37,8,3,43,22,1,1,322,218,263,313,318,18,15,7,2
9886,MMP1,70,39,8,3,51,23,1,0,322,201,260,313,319,19,16,7,3
14179,RNMT,70,49,9,1,60,27,2,0,322,192,246,311,321,10,22,7,1
14112,RNF141,39,26,8,3,102,48,1,0,322,181,248,313,319,-63,-22,7,3
8796,LAT,90,57,14,4,62,36,7,1,322,170,229,301,317,28,21,7,3
8795,LASP1,51,31,9,3,49,25,2,1,322,222,266,311,318,2,6,7,2
13040,PRDX4,42,30,12,5,74,40,5,3,322,206,252,305,314,-32,-10,7,2
14868,SETD7,45,26,9,2,52,18,2,0,322,225,278,311,320,-7,8,7,2
19700,ZYG11A,91,51,8,0,46,17,1,0,322,185,254,313,322,45,34,7,0
12816,POTEH,77,53,13,5,66,42,6,0,322,179,227,303,317,11,11,7,5
18822,XIAP,48,28,9,3,78,43,2,0,322,196,251,311,319,-30,-15,7,3
14167,RNF41,41,25,10,5,62,31,3,1,322,219,266,309,316,-21,-6,7,4
12819,POTEM,76,43,7,0,47,18,0,0,322,199,261,315,322,29,25,7,0
18846,XRCC1,54,30,11,5,71,39,4,2,322,197,253,307,315,-17,-9,7,3
12820,POU1F1,42,34,12,3,16,14,5,3,322,264,274,305,316,26,20,7,0
14884,SF3B3,54,27,8,4,64,37,1,0,322,204,258,313,318,-10,-10,7,4
14883,SF3B2,44,34,10,7,53,38,3,1,322,225,250,309,314,-9,-4,7,6
14881,SF3A3,54,33,8,3,57,28,1,0,322,211,261,313,319,-3,5,7,3
12835,POU6F1,77,43,9,1,44,25,2,0,322,201,254,311,321,33,18,7,1
14880,SF3A2,52,33,12,8,62,35,5,1,322,208,254,305,313,-10,-2,7,7
14150,RNF217,119,80,7,1,36,20,0,0,322,167,222,315,321,83,60,7,1
14879,SF3A1,58,35,9,5,73,36,2,1,322,191,251,311,316,-15,-1,7,4
14148,RNF215,48,32,8,3,88,43,1,1,322,186,247,313,318,-40,-11,7,2
16576,TBC1D2B,62,35,7,1,59,21,0,0,322,201,266,315,321,3,14,7,1
19678,ZSCAN32,73,44,10,5,68,41,3,0,322,181,237,309,317,5,3,7,5
17024,TM9SF3,55,29,8,3,64,27,1,0,322,203,266,313,319,-9,2,7,3
6818,GZMB,42,36,19,2,37,35,12,0,322,243,251,291,320,5,1,7,2
17044,TMCO3,56,34,9,5,46,18,2,0,322,220,270,311,317,10,16,7,5
6816,GZF1,68,38,10,2,78,38,3,1,322,176,246,309,319,-10,0,7,1
5850,FOXE1,43,28,8,0,48,28,1,0,322,231,266,313,322,-5,0,7,0
12913,PPP1R15B,94,48,9,3,70,36,2,0,322,158,238,311,319,24,12,7,3
12918,PPP1R1A,47,33,13,5,51,33,6,0,322,224,256,303,317,-4,0,7,5
17051,TMED2,59,33,11,7,54,27,4,2,322,209,262,307,313,5,6,7,5
8849,LDAH,99,53,9,3,37,23,2,0,322,186,246,311,319,62,30,7,3
14227,RPL10A,45,29,12,9,46,24,5,2,322,231,269,305,311,-1,5,7,7
9812,MIEN1,60,35,10,9,55,27,3,0,322,207,260,309,313,5,8,7,9
12958,PPP2R5E,55,24,7,1,46,24,0,0,322,221,274,315,321,9,0,7,1
18929,ZBTB16,52,37,11,4,39,25,4,0,322,231,260,307,318,13,12,7,4
9290,LYSMD3,83,45,7,0,51,29,0,0,322,188,248,315,322,32,16,7,0
12971,PPP5C,45,25,9,5,67,38,2,1,322,210,259,311,316,-22,-13,7,4
16661,TCF20,52,33,10,5,56,32,3,1,322,214,257,309,316,-4,1,7,4
6671,GRIK2,91,55,10,3,61,33,3,0,322,170,234,309,319,30,22,7,3
17340,TMX2,53,36,9,6,48,20,2,1,322,221,266,311,315,5,16,7,5
18940,ZBTB32,82,61,18,9,51,33,11,2,322,189,228,293,311,31,28,7,7
16666,TCF3,50,30,9,7,69,34,2,1,322,203,258,311,314,-19,-4,7,6
14259,RPL36,59,33,13,9,48,20,6,3,322,215,269,303,310,11,13,7,6
14729,SEC63,43,23,10,1,74,30,3,0,322,205,269,309,321,-31,-7,7,1
6661,GRHPR,42,25,10,10,52,29,3,1,322,228,268,309,311,-10,-4,7,9
8859,LDLR,80,43,10,5,75,37,3,2,322,167,242,309,315,5,6,7,3
14728,SEC62,45,28,12,4,79,36,5,2,322,198,258,305,316,-34,-8,7,2
9306,M6PR,54,35,13,7,58,37,6,1,322,210,250,303,314,-4,-2,7,6
6652,GRB2,54,30,9,7,55,35,2,2,322,213,257,311,313,-1,-5,7,5
17339,TMX1,44,23,10,2,70,33,3,0,322,208,266,309,320,-26,-10,7,2
13037,PRDX1,67,34,10,9,43,21,3,2,322,212,267,309,311,24,13,7,7
14213,RPAP2,67,35,8,3,35,9,1,0,322,220,278,313,319,32,26,7,3
6687,GRK2,51,29,9,6,51,24,2,0,322,220,269,311,316,0,5,7,6
6689,GRK4,55,29,8,1,62,24,1,1,322,205,269,313,320,-7,5,7,0
18905,YY1AP1,50,22,8,4,61,40,1,0,322,211,260,313,318,-11,-18,7,4
19603,ZNF816,76,41,10,4,67,34,3,1,322,179,247,309,317,9,7,7,3
16637,TCAF1,43,23,10,6,94,50,3,0,322,185,249,309,316,-51,-27,7,6
6740,GSTM3,64,37,8,7,48,17,1,0,322,210,268,313,315,16,20,7,7
17366,TNFRSF1A,52,28,9,5,85,34,2,1,322,185,260,311,316,-33,-6,7,4
9850,MKRN2,46,25,9,6,57,36,2,0,322,219,261,311,316,-11,-11,7,6
18904,YY1,74,35,8,4,49,20,1,0,322,199,267,313,318,25,15,7,4
6736,GSTCD,82,45,10,3,61,34,3,0,322,179,243,309,319,21,11,7,3
6734,GSTA4,71,55,17,5,79,54,10,5,322,172,213,295,312,-8,1,7,0
6730,GSS,57,36,12,5,48,23,5,1,322,217,263,305,316,9,13,7,4
14772,SEMA6C,105,62,14,8,72,42,7,3,322,145,218,301,311,33,20,7,5
9820,MIIP,58,37,12,6,63,36,5,3,322,201,249,305,313,-5,1,7,3
14106,RNF130,55,32,8,3,49,22,1,0,322,218,268,313,319,6,10,7,3
12936,PPP1R3F,112,62,10,6,54,27,3,1,322,156,233,309,315,58,35,7,5
6707,GRTP1,68,42,10,4,56,25,3,1,322,198,255,309,317,12,17,7,3
17356,TNFRSF10D,139,94,11,4,43,26,4,0,322,140,202,307,318,96,68,7,4
6704,GRPEL2,86,42,10,2,57,38,3,0,322,179,242,309,320,29,4,7,2
18912,ZAR1L,87,61,12,2,56,44,5,1,322,179,217,305,319,31,17,7,1
9846,MKLN1,74,36,8,5,51,18,1,1,322,197,268,313,316,23,18,7,4
14207,RPA1,53,27,7,5,47,20,0,0,322,222,275,315,317,6,7,7,5
9283,LYRM1,89,62,10,5,34,16,3,0,322,199,244,309,317,55,46,7,5
6478,GOLT1B,90,56,18,7,70,51,11,4,322,162,215,293,311,20,5,7,3
13753,RBM23,111,63,10,2,32,15,3,2,322,179,244,309,318,79,48,7,0
14266,RPL39,72,43,13,8,36,20,6,2,322,214,259,303,312,36,23,7,6
13531,RAB2A,49,24,9,3,58,29,2,1,322,215,269,311,318,-9,-5,7,2
14435,RUFY1,55,29,8,3,52,29,1,0,322,215,264,313,319,3,0,7,3
14433,RUBCN,64,29,9,5,48,25,2,1,322,210,268,311,316,16,4,7,4
14420,RTN3,60,34,9,6,49,18,2,0,322,213,270,311,316,11,16,7,6
9093,LRP1,78,35,10,7,76,45,3,1,322,168,242,309,314,2,-10,7,6
6223,GFPT1,66,32,8,4,46,27,1,0,322,210,263,313,318,20,5,7,4
9094,LRP10,40,23,7,5,61,32,0,0,322,221,267,315,317,-21,-9,7,5
14403,RTEL1-TNFRSF6B,92,64,29,14,80,60,22,14,322,150,198,271,294,12,4,7,0
19436,ZNF593,68,41,15,6,47,27,8,6,322,207,254,299,310,21,14,7,0
13580,RABEP2,61,34,9,4,76,39,2,1,322,185,249,311,317,-15,-5,7,3
6211,GET1,59,30,11,7,79,41,4,3,322,184,251,307,312,-20,-11,7,4
19318,ZNF439,101,68,11,4,66,37,4,2,322,155,217,307,316,35,31,7,2
6201,GDPD5,62,34,12,2,67,34,5,0,322,193,254,305,320,-5,0,7,2
14399,RTBDN,103,58,11,3,67,41,4,1,322,152,223,307,318,36,17,7,2
13583,RABGAP1L,71,34,9,4,47,21,2,1,322,204,267,311,317,24,13,7,3
14395,RSRC1,55,28,10,3,55,28,3,1,322,212,266,309,318,0,0,7,2
17168,TMEM205,58,35,13,6,68,32,6,4,322,196,255,303,312,-10,3,7,2
14394,RSPRY1,59,30,10,8,61,34,3,1,322,202,258,309,313,-2,-4,7,7
19435,ZNF592,45,22,9,3,52,27,2,1,322,225,273,311,318,-7,-5,7,2
13584,RABGEF1,55,25,9,4,73,36,2,0,322,194,261,311,318,-18,-11,7,4
19325,ZNF445,63,36,8,3,37,22,1,0,322,222,264,313,319,26,14,7,3
16856,TGM6,23,14,8,3,12,8,1,0,322,287,300,313,319,11,6,7,3
14437,RUFY3,58,33,9,6,82,40,2,0,322,182,249,311,316,-24,-7,7,6
6232,GGA1,49,29,9,7,52,25,2,2,322,221,268,311,313,-3,4,7,5
17190,TMEM230,76,44,13,5,46,22,6,5,322,200,256,303,312,30,22,7,0
13802,RBSN,66,34,9,6,53,34,2,0,322,203,254,311,316,13,0,7,6
6259,GHSR,33,28,10,6,13,9,3,3,322,276,285,309,313,20,19,7,3
19267,ZNF345,83,52,11,3,76,33,4,2,322,163,237,307,317,7,19,7,1
9556,MBOAT2,79,49,10,4,45,19,3,0,322,198,254,309,318,34,30,7,4
13481,QARS1,49,29,10,7,60,34,3,0,322,213,259,309,315,-11,-5,7,7
14291,RPRD1B,74,43,10,5,48,23,3,2,322,200,256,309,315,26,20,7,3
14475,S100A16,53,31,11,5,81,50,4,2,322,188,241,307,315,-28,-19,7,3
14297,RPS11,48,27,12,10,42,20,5,2,322,232,275,305,310,6,7,7,8
6254,GHITM,60,30,9,6,45,24,2,1,322,217,268,311,315,15,6,7,5
13488,QRFPR,79,46,7,1,38,13,0,0,322,205,263,315,321,41,33,7,1
16828,TFPI,65,44,10,7,63,28,3,0,322,194,250,309,315,2,16,7,7
9077,LRCOL1,67,60,13,5,26,23,6,2,322,229,239,303,315,41,37,7,3
19282,ZNF383,91,47,7,1,39,18,0,0,322,192,257,315,321,52,29,7,1
14456,RXFP1,61,30,9,6,24,11,2,0,322,237,281,311,316,37,19,7,6
9195,LRSAM1,43,28,9,5,59,33,2,0,322,220,261,311,317,-16,-5,7,5
9081,LRFN4,46,31,13,8,113,67,6,2,322,163,224,303,312,-67,-36,7,6
16945,TIMM44,51,30,12,6,69,35,5,1,322,202,257,305,315,-18,-5,7,5
9534,MB,78,65,19,5,52,43,12,2,322,192,214,291,315,26,22,7,3
9532,MAX,73,37,10,4,46,20,3,0,322,203,265,309,318,27,17,7,4
6017,GABPA,92,53,7,1,37,12,0,0,322,193,257,315,321,55,41,7,1
14440,RUNDC3A,66,42,12,8,75,48,5,2,322,181,232,305,312,-9,-6,7,6
6028,GABRB3,56,32,9,4,42,20,2,0,322,224,270,311,318,14,12,7,4
6182,GDAP2,83,44,8,2,36,17,1,0,322,203,261,313,320,47,27,7,2
13793,RBP2,25,25,15,6,18,16,8,2,322,279,281,299,314,7,9,7,4
17156,TMEM191C,79,67,27,9,111,83,20,5,322,132,172,275,308,-32,-16,7,4
13590,RABL3,77,35,8,2,41,17,1,0,322,204,270,313,320,36,18,7,2
9453,MAP4K5,50,25,9,3,75,36,2,0,322,197,261,311,319,-25,-11,7,3
17145,TMEM183A,47,31,9,5,53,26,2,1,322,222,265,311,316,-6,5,7,4
16905,THSD8,69,62,34,14,60,53,27,14,322,193,207,261,294,9,9,7,0
13678,RARS1,65,42,15,3,64,32,8,2,322,193,248,299,317,1,10,7,1
6124,GATA4,50,34,9,3,40,20,2,0,322,232,268,311,319,10,14,7,3
13766,RBM42,66,34,11,7,41,23,4,2,322,215,265,307,313,25,11,7,5
13764,RBM4,81,40,12,5,47,25,5,1,322,194,257,305,316,34,15,7,4
16939,TIMM21,76,41,7,1,47,15,0,0,322,199,266,315,321,29,26,7,1
14322,RPS3A,48,32,10,7,48,34,3,3,322,226,256,309,312,0,-2,7,4
13710,RASSF4,75,53,24,11,92,69,17,1,322,155,200,281,310,-17,-16,7,10
17127,TMEM168,53,33,10,1,74,40,3,0,322,195,249,309,321,-21,-7,7,1
6057,GAK,48,31,9,6,57,28,2,1,322,217,263,311,315,-9,3,7,5
9165,LRRC72,23,21,8,4,9,8,1,0,322,290,293,313,318,14,13,7,4
13755,RBM25,77,38,10,5,57,30,3,0,322,188,254,309,317,20,8,7,5
9171,LRRC8A,78,30,11,8,45,23,4,0,322,199,269,307,314,33,7,7,8
6075,GALNT15,112,72,14,8,62,32,7,0,322,148,218,301,314,50,40,7,8
14306,RPS19,56,32,10,8,54,32,3,2,322,212,258,309,312,2,0,7,6
13748,RBM17,49,29,11,7,57,29,4,0,322,216,264,307,315,-8,0,7,7
13752,RBM22,72,58,10,3,51,32,3,0,322,199,232,309,319,21,26,7,3
19392,ZNF549,82,37,8,2,46,19,1,0,322,194,266,313,320,36,18,7,2
16914,TIAL1,55,31,8,4,49,26,1,0,322,218,265,313,318,6,5,7,4
6134,GATD3B,63,41,13,9,74,37,6,2,322,185,244,303,311,-11,4,7,7
19354,ZNF496,36,21,8,4,70,37,1,0,322,216,264,313,318,-34,-16,7,4
19406,ZNF563,77,51,12,4,72,36,5,2,322,173,235,305,316,5,15,7,2
9133,LRRC37A3,58,27,10,5,85,39,3,2,322,179,256,309,315,-27,-12,7,3
17148,TMEM184C,118,80,10,3,41,20,3,0,322,163,222,309,319,77,60,7,3
9109,LRRC10,95,57,11,5,37,15,4,2,322,190,250,307,315,58,42,7,3
9186,LRRN1,65,35,8,1,28,10,1,0,322,229,277,313,321,37,25,7,1
9485,MAPRE3,68,39,13,6,76,38,6,1,322,178,245,303,315,-8,1,7,5
13618,RADX,60,33,7,0,82,34,0,0,322,180,255,315,322,-22,-1,7,0
14380,RSL1D1,53,29,9,5,51,33,2,0,322,218,260,311,317,2,-4,7,5
9119,LRRC23,84,47,10,4,26,13,3,0,322,212,262,309,318,58,34,7,4
19417,ZNF573,73,42,15,4,96,59,8,2,322,153,221,299,316,-23,-17,7,2
19415,ZNF571,105,70,10,2,54,27,3,1,322,163,225,309,319,51,43,7,1
13780,RBMS3,79,46,8,1,65,35,1,0,322,178,241,313,321,14,11,7,1
14361,RRN3,72,32,9,4,56,36,2,0,322,194,254,311,318,16,-4,7,4
16862,THAP1,132,76,11,3,34,22,4,1,322,156,224,307,318,98,54,7,2
13631,RALBP1,49,27,7,2,52,20,0,0,322,221,275,315,320,-3,7,7,2
6141,GBGT1,79,53,23,8,64,45,16,6,322,179,224,283,308,15,8,7,2
13646,RANBP1,43,29,9,7,54,26,2,2,322,225,267,311,313,-11,3,7,5
13649,RANBP2,50,26,10,5,71,34,3,1,322,201,262,309,316,-21,-8,7,4
9475,MAPK8IP2,63,37,9,4,45,26,2,0,322,214,259,311,318,18,11,7,4
16879,THEG,68,60,18,7,46,40,11,2,322,208,222,293,313,22,20,7,5
16885,THEMIS2,67,49,12,4,91,53,5,0,322,164,220,305,318,-24,-4,7,4
14362,RRNAD1,90,48,12,5,57,25,5,2,322,175,249,305,315,33,23,7,3
9067,LPP,74,33,9,3,56,29,2,0,322,192,260,311,319,18,4,7,3
9057,LPCAT1,41,25,10,3,125,61,3,0,322,156,236,309,319,-84,-36,7,3
13266,PSMA1,60,36,9,6,43,23,2,1,322,219,263,311,315,17,13,7,5
13929,RGMA,80,42,10,6,84,46,3,1,322,158,234,309,315,-4,-4,7,5
8962,LIN28B,60,41,11,1,62,38,4,1,322,200,243,307,320,-2,3,7,0
19112,ZMIZ1,38,18,11,5,111,69,4,0,322,173,235,307,317,-73,-51,7,5
6425,GNL3L,52,29,9,3,82,32,2,1,322,188,261,311,318,-30,-3,7,2
5958,FURIN,52,33,10,3,56,30,3,0,322,214,259,309,319,-4,3,7,3
17253,TMEM45A,84,42,8,4,50,28,1,0,322,188,252,313,318,34,14,7,4
6417,GNG5,42,26,9,4,53,26,2,1,322,227,270,311,317,-11,0,7,3
5959,FUS,43,25,9,7,88,47,2,1,322,191,250,311,314,-45,-22,7,6
19116,ZMYM2,55,29,9,6,68,41,2,0,322,199,252,311,316,-13,-12,7,6
14567,SBNO1,65,30,8,1,49,26,1,0,322,208,266,313,321,16,4,7,1
14554,SATB1,102,68,10,5,56,30,3,2,322,164,224,309,315,46,38,7,3
9638,MED12L,94,53,8,2,38,19,1,0,322,190,250,313,320,56,34,7,2
13920,RFX7,70,42,7,1,56,25,0,0,322,196,255,315,321,14,17,7,1
5961,FUT10,109,51,8,4,41,18,1,0,322,172,253,313,318,68,33,7,4
9000,LLGL1,39,23,9,5,59,30,2,0,322,224,269,311,317,-20,-7,7,5
9629,MEAF6,53,29,8,4,44,19,1,0,322,225,274,313,318,9,10,7,4
9628,MEA1,54,29,8,5,47,29,1,1,322,221,264,313,316,7,0,7,4
14540,SAR1B,77,47,11,3,42,22,4,1,322,203,253,307,318,35,25,7,2
6394,GNAL,71,47,10,3,69,37,3,0,322,182,238,309,319,2,10,7,3
13351,PTGES2,42,26,8,4,60,26,1,1,322,220,270,313,317,-18,0,7,3
6387,GNA12,39,26,10,7,81,39,3,0,322,202,257,309,315,-42,-13,7,7
6386,GNA11,51,31,11,8,85,38,4,1,322,186,253,307,313,-34,-7,7,7
13308,PSME3,37,24,9,7,59,36,2,1,322,226,262,311,314,-22,-12,7,6
6429,GNPDA1,53,29,9,8,63,30,2,0,322,206,263,311,314,-10,-1,7,8
13460,PXN,50,22,10,6,60,30,3,0,322,212,270,309,316,-10,-8,7,6
6430,GNPDA2,59,37,9,5,66,31,2,1,322,197,254,311,316,-7,6,7,4
13268,PSMA3,48,28,10,6,56,28,3,2,322,218,266,309,314,-8,0,7,4
8938,LIG4,63,37,7,0,64,29,0,0,322,195,256,315,322,-1,8,7,0
13940,RGR,73,48,14,4,49,32,7,0,322,200,242,301,318,24,16,7,4
13272,PSMA7,47,29,11,7,50,17,4,2,322,225,276,307,313,-3,12,7,5
8943,LILRA6,74,40,11,5,36,20,4,0,322,212,262,307,317,38,20,7,5
9658,MED31,138,85,12,3,32,22,5,1,322,152,215,305,318,106,63,7,2
13282,PSMB7,64,33,11,8,44,19,4,1,322,214,270,307,313,20,14,7,7
16974,TLCD2,54,30,8,3,44,20,1,0,322,224,272,313,319,10,10,7,3
8954,LIME1,77,51,23,14,84,53,16,10,322,161,218,283,298,-7,-2,7,4
13290,PSMC5,51,29,10,6,53,30,3,0,322,218,263,309,316,-2,-1,7,6
6079,GALNT2,45,30,9,2,60,29,2,0,322,217,263,311,320,-15,1,7,2
14584,SCAPER,81,37,9,3,62,37,2,0,322,179,248,311,319,19,0,7,3
14583,SCAP,49,24,9,4,61,33,2,1,322,212,265,311,317,-12,-9,7,3
6446,GOLGA6D,74,52,16,6,54,40,9,3,322,194,230,297,313,20,12,7,3
13299,PSMD3,58,36,9,7,49,30,2,1,322,215,256,311,314,9,6,7,6
6441,GOLGA4,67,39,9,4,47,21,2,0,322,208,262,311,318,20,18,7,4
6437,GNS,52,28,8,4,41,18,1,0,322,229,276,313,318,11,10,7,4
14580,SCAMP4,51,27,8,6,68,33,1,0,322,203,262,313,316,-17,-6,7,6
13305,PSMD9,34,24,8,4,68,38,1,0,322,220,260,313,318,-34,-14,7,4
19098,ZIM2,33,21,9,6,11,7,2,1,322,278,294,311,315,22,14,7,5
19103,ZKSCAN4,99,48,7,2,38,27,0,0,322,185,247,315,320,61,21,7,2
9623,MDN1,47,31,9,4,66,26,2,1,322,209,265,311,317,-19,5,7,3
9012,LMF1,67,47,16,6,104,68,9,0,322,151,207,297,316,-37,-21,7,6
9013,LMF2,47,27,13,5,66,34,6,4,322,209,261,303,313,-19,-7,7,1
13372,PTMA,55,32,8,6,58,29,1,1,322,209,261,313,315,-3,3,7,5
6310,GK5,50,31,9,2,85,41,2,1,322,187,250,311,319,-35,-10,7,1
13425,PTTG1IP,57,27,10,5,52,23,3,2,322,213,272,309,315,5,4,7,3
6309,GK3P,55,35,10,4,37,21,3,3,322,230,266,309,315,18,14,7,1
6307,GK,72,40,11,2,80,48,4,0,322,170,234,307,320,-8,-8,7,2
14505,SAFB,50,31,9,4,53,25,2,0,322,219,266,311,318,-3,6,7,4
16809,TFAP2C,61,34,8,4,73,39,1,0,322,188,249,313,318,-12,-5,7,4
16953,TIMP3,56,37,10,3,79,53,3,1,322,187,232,309,318,-23,-16,7,2
13435,PURB,79,38,8,1,45,21,1,0,322,198,263,313,321,34,17,7,1
19241,ZNF300,71,40,10,4,47,31,3,1,322,204,251,309,317,24,9,7,3
13438,PUS10,68,40,11,4,79,45,4,2,322,175,237,307,316,-11,-5,7,2
6001,G3BP1,74,46,9,3,60,30,2,1,322,188,246,311,318,14,16,7,2
13837,RDX,51,27,9,3,84,38,2,0,322,187,257,311,319,-33,-11,7,3
6289,GJA4,71,52,11,2,25,16,4,1,322,226,254,307,319,46,36,7,1
9560,MBTD1,56,27,7,1,64,28,0,0,322,202,267,315,321,-8,-1,7,1
13825,RCVRN,59,31,7,0,24,8,0,0,322,239,283,315,322,35,23,7,0
13454,PXDC1,106,75,12,7,47,29,5,2,322,169,218,305,313,59,46,7,5
19258,ZNF333,82,47,11,5,49,29,4,0,322,191,246,307,317,33,18,7,5
13455,PXDN,52,26,10,4,66,33,3,0,322,204,263,309,318,-14,-7,7,4
19459,ZNF622,93,64,9,2,41,25,2,0,322,188,233,311,320,52,39,7,2
13457,PXK,69,42,10,3,54,26,3,0,322,199,254,309,319,15,16,7,3
6274,GINM1,44,24,11,7,77,29,4,1,322,201,269,307,314,-33,-5,7,6
9051,LPAR1,63,31,8,1,45,27,1,0,322,214,264,313,321,18,4,7,1
13410,PTPRM,74,43,10,6,54,31,3,1,322,194,248,309,315,20,12,7,5
19205,ZNF248,76,31,9,1,72,30,2,0,322,174,261,311,321,4,1,7,1
9025,LMO7,62,39,7,1,70,39,0,0,322,190,244,315,321,-8,0,7,1
6381,GMPPA,62,32,12,9,61,33,5,2,322,199,257,305,311,1,-1,7,7
9622,MDM4,93,58,9,3,58,26,2,1,322,171,238,311,318,35,32,7,2
9213,LSM7,45,27,14,7,57,35,7,1,322,220,260,301,314,-12,-8,7,6
9619,MDK,50,28,11,7,56,30,4,2,322,216,264,307,313,-6,-2,7,5
6375,GMFB,40,24,9,4,99,45,2,0,322,183,253,311,318,-59,-21,7,4
9342,MAGEA4,32,25,9,3,39,27,2,0,322,251,270,311,319,-7,-2,7,3
13383,PTPN11,51,29,10,6,54,26,3,0,322,217,267,309,316,-3,3,7,6
13887,REV3L,68,35,10,2,31,14,3,0,322,223,273,309,320,37,21,7,2
14278,RPLP0,48,30,13,7,52,28,6,5,322,222,264,303,310,-4,2,7,2
9361,MAGED1,42,27,10,7,67,36,3,1,322,213,259,309,314,-25,-9,7,6
13849,REEP5,52,31,10,7,52,23,3,0,322,218,268,309,315,0,8,7,7
19186,ZNF219,61,37,11,7,66,24,4,0,322,195,261,307,315,-5,13,7,7
9602,MCRS1,60,28,9,9,59,40,2,1,322,203,254,311,312,1,-12,7,8
13390,PTPN21,69,31,8,2,53,28,1,0,322,200,263,313,320,16,3,7,2
9600,MCRIP1,61,36,13,10,53,26,6,1,322,208,260,303,311,8,10,7,9
6357,GLTP,48,28,9,6,49,19,2,0,322,225,275,311,316,-1,9,7,6
19194,ZNF227,121,68,12,5,48,23,5,2,322,153,231,305,315,73,45,7,3
9362,MAGED2,45,26,11,7,70,39,4,2,322,207,257,307,313,-25,-13,7,5
6332,GLIPR2,49,40,13,5,99,59,6,0,322,174,223,303,317,-50,-19,7,5
9930,MOBP,106,58,10,0,36,18,3,0,322,180,246,309,322,70,40,7,0
13403,PTPRD,46,30,13,5,42,27,6,1,322,234,265,303,316,4,3,7,4
6940,HARS1,47,28,9,4,48,31,2,0,322,227,263,311,318,-1,-3,7,4
12802,POPDC2,133,90,17,5,56,31,10,4,322,133,201,295,313,77,59,7,1
18145,TYK2,62,34,9,3,57,28,2,2,322,203,260,311,317,5,6,7,1
15693,SNUPN,64,37,10,5,44,16,3,1,322,214,269,309,316,20,21,7,4
18159,U2AF1L5,77,50,21,11,82,45,14,9,322,163,227,287,302,-5,5,7,2
18164,UAP1L1,48,28,8,3,96,53,1,0,322,178,241,313,319,-48,-25,7,3
15687,SNTB1,51,29,7,1,57,24,0,0,322,214,269,315,321,-6,5,7,1
11338,OR10G4,95,57,11,5,43,20,4,1,322,184,245,307,316,52,37,7,4
7790,IL17RC,55,39,11,3,83,47,4,0,322,184,236,307,319,-28,-8,7,3
11343,OR10H1,103,58,9,2,33,14,2,1,322,186,250,311,319,70,44,7,1
16313,SUOX,73,41,9,6,66,30,2,1,322,183,251,311,315,7,11,7,5
11422,OR2A25,95,55,11,2,77,46,4,2,322,150,221,307,318,18,9,7,0
15685,SNRPN,61,34,10,7,53,31,3,0,322,208,257,309,315,8,3,7,7
7775,IL12RB1,86,53,11,5,49,26,4,1,322,187,243,307,316,37,27,7,4
15684,SNRPG,55,28,10,4,47,24,3,1,322,220,270,309,317,8,4,7,3
11438,OR2C1,56,42,7,3,37,30,0,0,322,229,250,315,319,19,12,7,3
7766,IKZF4,69,37,10,3,73,39,3,0,322,180,246,309,319,-4,-2,7,3
18191,UBE2D4,61,40,10,5,59,26,3,2,322,202,256,309,315,2,14,7,3
11473,OR2T33,95,57,9,2,52,28,2,0,322,175,237,311,320,43,29,7,2
11493,OR4B1,15,15,7,3,12,12,0,0,322,295,295,315,319,3,3,7,3
15680,SNRPD2,64,40,14,12,44,20,7,2,322,214,262,301,308,20,20,7,10
16314,SUPT16H,59,31,8,5,49,25,1,0,322,214,266,313,317,10,6,7,5
7714,IGLV11-55,17,16,15,7,8,8,8,6,322,297,298,299,309,9,8,7,1
18200,UBE2I,49,30,8,4,50,25,1,0,322,223,267,313,318,-1,5,7,4
16319,SUPT4H1,66,39,9,5,40,18,2,0,322,216,265,311,317,26,21,7,5
18204,UBE2L3,59,31,8,5,46,29,1,1,322,217,262,313,316,13,2,7,4
11694,OR8D4,94,64,8,2,58,26,1,0,322,170,232,313,320,36,38,7,2
15672,SNRNP48,102,62,8,1,42,26,1,0,322,178,234,313,321,60,36,7,1
11305,OPA1,80,52,11,4,47,28,4,0,322,195,242,307,318,33,24,7,4
18142,TXNRD1,46,28,8,7,86,40,1,0,322,190,254,313,315,-40,-12,7,7
7865,IMP4,48,31,10,5,68,33,3,1,322,206,258,309,316,-20,-2,7,4
16303,SUMF1,57,24,7,3,57,23,0,0,322,208,275,315,319,0,1,7,3
7856,ILF3,56,37,10,4,49,28,3,3,322,217,257,309,315,7,9,7,1
11173,NUP188,38,25,8,4,68,33,1,1,322,216,264,313,317,-30,-8,7,3
11193,NUS1,38,19,7,1,57,29,0,0,322,227,274,315,321,-19,-10,7,1
7848,IL6ST,102,66,20,5,79,45,13,7,322,141,211,289,310,23,21,7,-2
15754,SOS2,62,32,8,2,53,27,1,0,322,207,263,313,320,9,5,7,2
18122,TWSG1,58,35,8,3,47,20,1,0,322,217,267,313,319,11,15,7,3
8345,KHK,62,34,12,5,81,35,5,1,322,179,253,305,316,-19,-1,7,4
15751,SORL1,49,20,8,4,51,15,1,1,322,222,287,313,317,-2,5,7,3
8353,KIAA0408,92,61,19,11,51,37,12,6,322,179,224,291,305,41,24,7,5
16276,SUB1,66,33,10,6,53,23,3,1,322,203,266,309,315,13,10,7,5
11235,OAZ2,48,29,8,3,66,34,1,0,322,208,259,313,319,-18,-5,7,3
11240,OBSCN,68,33,8,1,74,34,1,0,322,180,255,313,321,-6,-1,7,1
15732,SOCS4,70,33,8,4,40,30,1,0,322,212,259,313,318,30,3,7,4
10414,MYRF,64,38,17,5,69,36,10,7,322,189,248,295,310,-5,2,7,-2
7840,IL3RA,80,66,19,7,59,47,12,7,322,183,209,291,308,21,19,7,0
18127,TXN,53,34,11,6,48,19,4,1,322,221,269,307,315,5,15,7,5
7837,IL36G,64,53,15,6,42,35,8,4,322,216,234,299,312,22,18,7,2
11249,OCM2,14,14,8,3,4,4,1,0,322,304,304,313,319,10,10,7,3
10411,MYOZ3,82,55,10,3,53,29,3,1,322,187,238,309,318,29,26,7,2
16282,SUDS3,57,29,7,2,49,27,0,0,322,216,266,315,320,8,2,7,2
10398,MYOC,44,30,9,4,24,12,2,1,322,254,280,311,317,20,18,7,3
15721,SNX5,36,27,8,4,72,35,1,1,322,214,260,313,317,-36,-8,7,3
7827,IL2RB,85,63,21,8,52,41,14,2,322,185,218,287,312,33,22,7,6
10382,MYO1C,60,31,8,3,59,18,1,0,322,203,273,313,319,1,13,7,3
15712,SNX25,48,26,8,0,81,31,1,0,322,193,265,313,322,-33,-5,7,0
7696,IGLC7,23,19,13,6,15,11,6,5,322,284,292,303,311,8,8,7,1
8405,KIF2A,67,40,13,5,78,46,6,0,322,177,236,303,317,-11,-6,7,5
18207,UBE2M,49,31,11,7,54,25,4,1,322,219,266,307,314,-5,6,7,6
11745,OSCAR,103,66,11,2,61,39,4,0,322,158,217,307,320,42,27,7,2
18242,UBQLN4,48,27,8,4,67,34,1,0,322,207,261,313,318,-19,-7,7,4
10267,MTSS2,57,32,11,8,77,41,4,1,322,188,249,307,313,-20,-9,7,7
8431,KIRREL1,48,21,7,3,47,21,0,0,322,227,280,315,319,1,0,7,3
7520,IGBP1,68,32,9,4,45,25,2,0,322,209,265,311,318,23,7,7,4
11836,PAAF1,48,29,11,5,63,30,4,0,322,211,263,307,317,-15,-1,7,5
7516,IFT80,64,30,9,5,70,29,2,0,322,188,263,311,317,-6,1,7,5
17687,TRBV11-1,9,9,9,7,2,2,2,2,322,311,311,311,313,7,7,7,5
8437,KITLG,107,68,14,6,44,26,7,0,322,171,228,301,316,63,42,7,6
8442,KLC2,47,29,11,7,73,29,4,2,322,202,264,307,313,-26,0,7,5
10261,MTRNR2L5,103,72,12,1,57,30,5,1,322,162,220,305,320,46,42,7,0
11877,PAIP2,79,52,10,5,35,21,3,0,322,208,249,309,317,44,31,7,5
18251,UBTD2,50,31,9,4,73,35,2,0,322,199,256,311,318,-23,-4,7,4
17623,TRAV1-2,8,8,8,2,1,1,1,1,322,313,313,313,319,7,7,7,1
7455,IFFO2,60,32,10,4,86,53,3,0,322,176,237,309,318,-26,-21,7,4
15580,SMIM20,75,49,12,3,52,31,5,0,322,195,242,305,319,23,18,7,3
8459,KLF6,96,56,15,7,94,65,8,0,322,132,201,299,315,2,-9,7,7
11898,PANK1,104,58,9,3,54,25,2,2,322,164,239,311,317,50,33,7,1
8462,KLF9,66,37,9,0,81,48,2,0,322,175,237,311,322,-15,-11,7,0
8465,KLHDC2,43,29,11,3,86,41,4,0,322,193,252,307,319,-43,-12,7,3
8467,KLHDC4,53,28,8,6,44,27,1,1,322,225,267,313,315,9,1,7,5
15558,SMDT1,57,38,12,3,55,23,5,2,322,210,261,305,317,2,15,7,1
11931,PARP1,45,30,9,7,46,27,2,1,322,231,265,311,314,-1,3,7,6
11942,PARP8,86,51,11,4,54,28,4,2,322,182,243,307,316,32,23,7,2
17607,TRAPPC12,39,26,12,7,113,64,5,0,322,170,232,305,315,-74,-38,7,7
7440,IDH3B,51,32,10,6,52,25,3,2,322,219,265,309,314,-1,7,7,4
18236,UBN2,102,53,8,1,42,20,1,0,322,178,249,313,321,60,33,7,1
18235,UBN1,82,51,9,2,55,27,2,0,322,185,244,311,320,27,24,7,2
8422,KIFC2,49,27,10,7,72,38,3,0,322,201,257,309,315,-23,-11,7,7
11778,OTUD5,57,31,11,5,42,20,4,2,322,223,271,307,315,15,11,7,3
7680,IGKV3-15,9,9,9,6,2,2,2,1,322,311,311,311,315,7,7,7,5
11747,OSER1,121,60,9,4,27,10,2,1,322,174,252,311,317,94,50,7,3
11750,OSGIN1,89,60,19,7,91,52,12,6,322,142,210,291,309,-2,8,7,1
15667,SNRNP200,62,32,9,9,43,19,2,0,322,217,271,311,313,19,13,7,9
18211,UBE2Q2,42,26,9,3,79,41,2,0,322,201,255,311,319,-37,-15,7,3
16324,SURF1,54,34,12,5,56,23,5,1,322,212,265,305,316,-2,11,7,4
7640,IGIP,81,47,13,6,92,56,6,1,322,149,219,303,315,-11,-9,7,5
16326,SURF4,41,22,9,6,65,35,2,1,322,216,265,311,315,-24,-13,7,5
18213,UBE2R2,49,28,8,3,43,21,1,0,322,230,273,313,319,6,7,7,3
18215,UBE2T,45,29,12,6,71,41,5,2,322,206,252,305,314,-26,-12,7,4
15643,SNAI3,93,67,16,5,75,42,9,2,322,154,213,297,315,18,25,7,3
18218,UBE2V2,55,32,13,7,67,32,6,1,322,200,258,303,314,-12,0,7,6
11824,P3H1,41,27,10,5,62,34,3,0,322,219,261,309,317,-21,-7,7,5
10298,MUTYH,52,32,12,5,63,38,5,0,322,207,252,305,317,-11,-6,7,5
15622,SMPD4,34,21,9,6,62,43,2,1,322,226,258,311,315,-28,-22,7,5
15616,SMOC1,43,26,9,4,55,21,2,1,322,224,275,311,317,-12,5,7,3
10294,MUL1,61,35,9,4,59,30,2,0,322,202,257,311,318,2,5,7,4
10280,MUC17,32,21,7,4,10,4,0,0,322,280,297,315,318,22,17,7,4
7547,IGHA2,37,33,8,2,17,14,1,0,322,268,275,313,320,20,19,7,2
15607,SMIM7,53,35,9,4,45,19,2,1,322,224,268,311,317,8,16,7,3
17713,TRBV5-3,17,17,17,16,11,11,10,10,322,294,294,295,296,6,6,7,6
7544,IGFLR1,106,73,33,15,97,72,26,11,322,119,177,263,296,9,1,7,4
10277,MUC13,61,32,10,1,47,29,3,0,322,214,261,309,321,14,3,7,1
7535,IGFBP4,63,32,8,2,80,35,1,0,322,179,255,313,320,-17,-3,7,2
10439,NAA35,44,26,7,2,54,22,0,0,322,224,274,315,320,-10,4,7,2
17785,TRIM2,73,39,12,5,67,27,5,1,322,182,256,305,316,6,12,7,4
11964,PAX5,62,42,9,3,57,35,2,1,322,203,245,311,318,5,7,7,2
16182,STIMATE,59,33,12,10,91,47,5,0,322,172,242,305,312,-32,-14,7,10
17974,TSPO2,36,30,15,4,36,30,8,2,322,250,262,299,316,0,0,7,2
8113,JAK2,68,37,9,1,71,32,2,0,322,183,253,311,321,-3,5,7,1
10566,NCOA6,42,26,10,3,58,33,3,2,322,222,263,309,317,-16,-7,7,1
10785,NIPBL,56,30,8,3,58,22,1,0,322,208,270,313,319,-2,8,7,3
10786,NIPSNAP1,52,32,9,6,64,34,2,1,322,206,256,311,315,-12,-2,7,5
16038,SRPRA,55,30,9,2,57,29,2,1,322,210,263,311,319,-2,1,7,1
10795,NKAIN3,58,36,11,6,38,23,4,1,322,226,263,307,315,20,13,7,5
10564,NCOA4,52,24,8,5,59,34,1,1,322,211,264,313,316,-7,-10,7,4
16193,STK24,52,31,8,5,51,28,1,1,322,219,263,313,316,1,3,7,4
17861,TRIP12,68,36,10,6,49,28,3,0,322,205,258,309,316,19,8,7,6
17858,TRIOBP,34,25,9,7,72,33,2,1,322,216,264,311,314,-38,-8,7,6
8090,ITPRID2,73,39,7,4,51,23,0,0,322,198,260,315,318,22,16,7,4
18001,TTBK1,53,19,7,3,35,13,0,0,322,234,290,315,319,18,6,7,3
10818,NKX3-2,126,77,12,2,41,20,5,0,322,155,225,305,320,85,57,7,2
10561,NCOA1,42,23,8,3,66,28,1,0,322,214,271,313,319,-24,-5,7,3
10557,NCKIPSD,51,33,10,6,76,40,3,0,322,195,249,309,316,-25,-7,7,6
16022,SRGAP2C,73,33,10,3,48,22,3,0,322,201,267,309,319,25,11,7,3
10834,NLRP10,87,51,9,2,63,35,2,0,322,172,236,311,320,24,16,7,2
8279,KCNS1,56,35,12,7,25,14,5,1,322,241,273,305,314,31,21,7,6
10852,NME1,43,26,9,5,49,31,2,1,322,230,265,311,316,-6,-5,7,4
8288,KCTD1,95,55,11,2,66,28,4,1,322,161,239,307,319,29,27,7,1
8064,ITGB5,48,29,9,3,77,38,2,0,322,197,255,311,319,-29,-9,7,3
17847,TRIM71,72,36,7,0,18,8,0,0,322,232,278,315,322,54,28,7,0
18015,TTC24,75,43,9,1,52,27,2,0,322,195,252,311,321,23,16,7,1
16007,SRC,54,30,8,4,81,39,1,1,322,187,253,313,317,-27,-9,7,3
10734,NFKBIB,59,32,10,7,39,18,3,2,322,224,272,309,313,20,14,7,5
8134,JMY,65,38,7,2,54,21,0,0,322,203,263,315,320,11,17,7,2
11156,NUDT5,61,34,11,4,45,25,4,1,322,216,263,307,317,16,9,7,3
10727,NFIC,38,27,10,6,100,61,3,1,322,184,234,309,315,-62,-34,7,5
16145,STAMBP,76,51,10,7,37,21,3,2,322,209,250,309,313,39,30,7,5
17924,TSC22D1,83,38,11,7,84,47,4,1,322,155,237,307,314,-1,-9,7,6
8187,KBTBD7,73,38,8,2,66,28,1,0,322,183,256,313,320,7,10,7,2
10629,NDUFC2,56,36,11,9,60,27,4,0,322,206,259,307,313,-4,9,7,9
8189,KCMF1,88,48,8,2,38,19,1,0,322,196,255,313,320,50,29,7,2
8182,KBTBD13,45,21,8,2,15,5,1,0,322,262,296,313,320,30,16,7,2
16140,STAG1,61,32,8,4,51,22,1,0,322,210,268,313,318,10,10,7,4
8179,KAZN,41,21,8,7,80,43,1,0,322,201,258,313,315,-39,-22,7,7
10627,NDUFB9,55,31,9,5,48,23,2,1,322,219,268,311,316,7,8,7,4
10625,NDUFB7,54,39,13,9,34,19,6,2,322,234,264,303,311,20,20,7,7
16139,STAC3,84,53,20,8,79,57,13,2,322,159,212,289,312,5,-4,7,6
10623,NDUFB5,68,36,9,5,48,21,2,1,322,206,265,311,316,20,15,7,4
10680,NELFE,71,46,10,8,54,24,3,1,322,197,252,309,313,17,22,7,7
10682,NELL2,77,60,21,5,67,48,14,2,322,178,214,287,315,10,12,7,3
16165,STAT5B,63,37,8,4,60,28,1,0,322,199,257,313,318,3,9,7,4
17928,TSEN15,76,45,12,4,38,19,5,0,322,208,258,305,318,38,26,7,4
16168,STAU1,58,32,10,5,57,22,3,1,322,207,268,309,316,1,10,7,4
10601,NDUFA4,57,37,9,5,42,18,2,1,322,223,267,311,316,15,19,7,4
16124,ST6GALNAC4,60,37,10,2,55,21,3,0,322,207,264,309,320,5,16,7,2
10598,NDUFA13,53,29,11,9,52,20,4,2,322,217,273,307,311,1,9,7,7
17961,TSPAN2,74,47,11,5,77,45,4,0,322,171,230,307,317,-3,2,7,5
10594,NDUFA1,58,34,11,9,40,21,4,2,322,224,267,307,311,18,13,7,7
10725,NFIA,61,36,10,9,76,40,3,0,322,185,246,309,313,-15,-4,7,9
17904,TRPM4,82,45,12,6,60,24,5,1,322,180,253,305,315,22,21,7,5
17896,TRPC4AP,36,20,11,7,76,36,4,1,322,210,266,307,314,-40,-16,7,6
8289,KCTD10,62,29,11,5,71,33,4,1,322,189,260,307,316,-9,-4,7,4
10856,NME4,51,30,11,7,59,26,4,0,322,212,266,307,315,-8,4,7,7
8055,ITGAV,65,38,9,5,59,25,2,1,322,198,259,311,316,6,13,7,4
17821,TRIM49D2,58,51,9,0,21,15,2,0,322,243,256,311,322,37,36,7,0
18072,TUBA1C,42,27,11,8,78,40,4,3,322,202,255,307,311,-36,-13,7,5
11053,NRIP2,78,33,10,3,70,33,3,1,322,174,256,309,318,8,0,7,2
15868,SPATS2,58,30,9,2,44,19,2,0,322,220,273,311,320,14,11,7,2
15867,SPATS1,83,39,9,1,44,22,2,0,322,195,261,311,321,39,17,7,1
10492,NARS1,77,36,8,6,47,23,1,1,322,198,263,313,315,30,13,7,5
7950,IPO11,62,33,9,4,49,18,2,1,322,211,271,311,317,13,15,7,3
11072,NSD3,67,43,8,2,48,31,1,0,322,207,248,313,320,19,12,7,2
10489,NAPRT,65,47,13,6,65,36,6,3,322,192,239,303,313,0,11,7,3
17798,TRIM33,51,30,8,2,62,41,1,0,322,209,251,313,320,-11,-11,7,2
11086,NSUN2,53,31,8,1,62,37,1,0,322,207,254,313,321,-9,-6,7,1
10485,NAPA,61,41,13,8,49,24,6,3,322,212,257,303,311,12,17,7,5
17795,TRIM3,59,28,8,2,63,27,1,0,322,200,267,313,320,-4,1,7,2
18096,TUBGCP4,80,44,10,3,48,31,3,0,322,194,247,309,319,32,13,7,3
16240,STRN,46,32,8,1,67,26,1,0,322,209,264,313,321,-21,6,7,1
11125,NUAK1,76,42,9,4,48,28,2,0,322,198,252,311,318,28,14,7,4
10468,NAIF1,87,44,8,3,30,15,1,0,322,205,263,313,319,57,29,7,3
8326,KDM5B,66,34,9,3,54,21,2,0,322,202,267,311,319,12,13,7,3
15823,SPANXN4,15,15,10,1,7,6,3,0,322,300,301,309,321,8,9,7,1
8327,KDM5C,51,30,9,6,48,30,2,1,322,223,262,311,315,3,0,7,5
16243,STS,63,35,9,3,42,19,2,0,322,217,268,311,319,21,16,7,3
8338,KHDC1,64,40,15,3,58,30,8,2,322,200,252,299,317,6,10,7,1
16263,STX7,51,27,9,2,53,27,2,0,322,218,268,311,320,-2,0,7,2
7887,INHBB,74,44,7,2,49,18,0,0,322,199,260,315,320,25,26,7,2
7886,INHBA,105,66,10,2,51,36,3,0,322,166,220,309,320,54,30,7,2
15791,SP8,65,45,11,4,58,27,4,1,322,199,250,307,317,7,18,7,3
11043,NRDC,50,33,8,3,43,15,1,0,322,229,274,313,319,7,18,7,3
11033,NR5A1,59,34,10,3,35,24,3,0,322,228,264,309,319,24,10,7,3
8314,KDM1B,75,42,11,3,70,39,4,1,322,177,241,307,318,5,3,7,2
15932,SPINT3,13,13,11,7,5,5,4,2,322,304,304,307,313,8,8,7,5
10877,NNT,50,30,10,5,44,23,3,0,322,228,269,309,317,6,7,7,5
8040,ITGA10,88,50,7,1,38,16,0,0,322,196,256,315,321,50,34,7,1
15986,SPTAN1,77,46,17,12,74,46,10,4,322,171,230,295,306,3,0,7,8
10546,NCDN,38,25,10,6,79,50,3,1,322,205,247,309,315,-41,-25,7,5
8035,ISYNA1,65,40,16,8,95,56,9,3,322,162,226,297,311,-30,-16,7,5
10904,NONO,43,29,8,7,46,23,1,0,322,233,270,313,315,-3,6,7,7
15947,SPOP,75,45,10,5,43,19,3,1,322,204,258,309,316,32,26,7,4
8020,ISG15,82,52,16,11,65,40,9,3,322,175,230,297,308,17,12,7,8
10960,NPHS1,94,58,9,0,24,10,2,0,322,204,254,311,322,70,48,7,0
10970,NPIPB12,100,64,15,8,54,31,8,7,322,168,227,299,307,46,33,7,1
10534,NCAPD2,49,27,11,4,59,33,4,0,322,214,262,307,318,-10,-6,7,4
10999,NPTX2,89,59,14,3,42,21,7,3,322,191,242,301,316,47,38,7,0
15898,SPEM1,78,60,18,3,63,50,11,2,322,181,212,293,317,15,10,7,1
15910,SPIB,97,55,10,2,50,27,3,0,322,175,240,309,320,47,28,7,2
7998,IRF3,89,38,11,7,30,16,4,2,322,203,268,307,313,59,22,7,5
7997,IRF2BPL,84,53,16,7,63,31,9,0,322,175,238,297,315,21,22,7,7
10521,NBPF15,59,25,8,3,48,24,1,0,322,215,273,313,319,11,1,7,3
11014,NR1D2,50,23,7,2,77,36,0,0,322,195,263,315,320,-27,-13,7,2
8303,KCTD4,80,52,18,11,68,45,11,6,322,174,225,293,305,12,7,7,5
7993,IRF1,90,57,15,8,77,50,8,2,322,155,215,299,312,13,7,7,6
7988,IRAK1BP1,57,39,14,5,94,48,7,1,322,171,235,301,316,-37,-9,7,4
7979,IQGAP2,80,48,9,3,90,49,2,0,322,152,225,311,319,-10,-1,7,3
7978,IQGAP1,49,32,8,4,54,27,1,0,322,219,263,313,318,-5,5,7,4
8309,KDELR1,48,31,9,7,47,27,2,1,322,227,264,311,314,1,4,7,6
7439,IDH3A,60,31,11,5,52,30,4,3,322,210,261,307,314,8,1,7,2
8479,KLHL15,147,96,10,4,45,21,3,1,322,130,205,309,317,102,75,7,3
18792,WRAP73,73,46,12,8,55,36,5,2,322,194,240,305,312,18,10,7,6
12435,PIN1,44,29,10,8,67,34,3,1,322,211,259,309,313,-23,-5,7,7
17460,TOX4,83,50,10,5,44,15,3,0,322,195,257,309,317,39,35,7,5
18611,VRK3,57,32,10,7,40,25,3,2,322,225,265,309,313,17,7,7,5
15164,SLC1A4,83,47,9,2,58,21,2,0,322,181,254,311,320,25,26,7,2
15151,SLC17A7,118,66,12,2,65,34,5,4,322,139,222,305,316,53,32,7,-2
12469,PJA1,59,36,11,6,69,42,4,2,322,194,244,307,314,-10,-6,7,4
10032,MROH8,108,73,22,9,73,50,15,4,322,141,199,285,309,35,23,7,5
7070,HGFAC,68,43,8,2,52,25,1,0,322,202,254,313,320,16,18,7,2
18626,VSTM4,87,48,10,1,42,20,3,0,322,193,254,309,321,45,28,7,1
15131,SLC16A1,49,30,9,4,69,20,2,1,322,204,272,311,317,-20,10,7,3
12475,PKD1L3,52,32,11,4,12,10,4,1,322,258,280,307,317,40,22,7,3
18633,VTI1B,60,32,14,7,47,22,7,5,322,215,268,301,310,13,10,7,2
16521,TAS2R13,88,60,12,2,54,41,5,3,322,180,221,305,317,34,19,7,-1
16533,TAS2R41,40,36,8,4,11,9,1,0,322,271,277,313,318,29,27,7,4
12492,PKNOX1,109,61,9,3,34,16,2,1,322,179,245,311,318,75,45,7,2
15113,SLC12A4,56,26,8,5,84,40,1,0,322,182,256,313,317,-28,-14,7,5
18650,WAC,65,39,8,4,57,27,1,0,322,200,256,313,318,8,12,7,4
12515,PLA2G4F,74,44,11,2,51,32,4,2,322,197,246,307,318,23,12,7,0
18651,WAPL,57,32,8,1,63,34,1,0,322,202,256,313,321,-6,-2,7,1
12518,PLA2G7,84,52,9,1,53,28,2,1,322,185,242,311,320,31,24,7,0
15090,SKP2,59,36,7,3,69,24,0,0,322,194,262,315,319,-10,12,7,3
15079,SKA2,56,36,9,4,68,36,2,0,322,198,250,311,318,-12,0,7,4
7020,HECA,80,43,8,2,42,17,1,0,322,200,262,313,320,38,26,7,2
12538,PLBD2,48,27,9,5,49,17,2,1,322,225,278,311,316,-1,10,7,4
10001,MRAP2,80,52,11,4,74,40,4,2,322,168,230,307,316,6,12,7,2
8709,KRTAP5-7,75,60,11,2,45,36,4,0,322,202,226,307,320,30,24,7,2
12443,PIP4K2C,54,33,9,1,67,29,2,0,322,201,260,311,321,-13,4,7,1
8609,KRT6A,63,36,7,3,19,6,0,0,322,240,280,315,319,44,30,7,3
10079,MRPL55,63,35,12,6,64,35,5,1,322,195,252,305,315,-1,0,7,5
10041,MRPL16,52,28,10,7,65,42,3,0,322,205,252,309,315,-13,-14,7,7
10067,MRPL43,59,36,11,7,53,30,4,3,322,210,256,307,312,6,6,7,4
10050,MRPL24,45,26,10,6,53,31,3,1,322,224,265,309,315,-8,-5,7,5
7128,HLA-DQA2,42,33,8,5,19,11,1,0,322,261,278,313,317,23,22,7,5
15201,SLC25A1,46,26,10,8,54,26,3,1,322,222,270,309,313,-8,0,7,7
7125,HLA-DPA1,68,53,15,3,66,42,8,4,322,188,227,299,315,2,11,7,-1
18558,VKORC1,51,26,11,8,54,30,4,2,322,217,266,307,312,-3,-4,7,6
18561,VMA21,60,30,9,3,68,26,2,1,322,194,266,311,318,-8,4,7,2
17472,TP53TG3B,36,32,27,17,30,26,20,14,322,256,264,275,291,6,6,7,3
18571,VOPP1,44,27,9,5,48,21,2,2,322,230,274,311,315,-4,6,7,3
12404,PIGT,60,36,12,9,45,20,5,2,322,217,266,305,311,15,16,7,7
7118,HLA-A,61,33,10,7,40,21,3,1,322,221,268,309,314,21,12,7,6
18579,VPS16,57,27,11,7,59,32,4,2,322,206,263,307,313,-2,-5,7,5
7111,HIVEP3,99,65,9,1,32,18,2,0,322,191,239,311,321,67,47,7,1
12409,PIGZ,62,39,13,9,101,56,6,0,322,159,227,303,313,-39,-17,7,9
7105,HIPK3,65,33,7,2,55,25,0,0,322,202,264,315,320,10,8,7,2
12417,PIK3CA,71,42,10,4,78,39,3,0,322,173,241,309,318,-7,3,7,4
18583,VPS26B,78,45,9,6,40,19,2,0,322,204,258,311,316,38,26,7,6
7102,HIP1R,41,22,8,5,73,37,1,0,322,208,263,313,317,-32,-15,7,5
12425,PIK3R4,72,52,9,3,56,26,2,0,322,194,244,311,319,16,26,7,3
7098,HINT1,54,33,9,4,45,21,2,1,322,223,268,311,317,9,12,7,3
18591,VPS36,40,23,8,1,55,23,1,0,322,227,276,313,321,-15,0,7,1
18593,VPS37B,57,28,9,5,72,32,2,1,322,193,262,311,316,-15,-4,7,4
18596,VPS39,53,30,11,5,58,30,4,0,322,211,262,307,317,-5,0,7,5
18598,VPS45,66,35,9,2,58,36,2,0,322,198,251,311,320,8,-1,7,2
7088,HIF1AN,67,29,9,3,64,29,2,0,322,191,264,311,319,3,0,7,3
18652,WARS1,62,37,9,5,54,26,2,0,322,206,259,311,317,8,11,7,5
9998,MPZL3,101,61,7,2,35,17,0,0,322,186,244,315,320,66,44,7,2
9991,MPST,54,30,9,5,53,27,2,2,322,215,265,311,315,1,3,7,3
12574,PLEKHA8,68,38,7,3,44,24,0,0,322,210,260,315,319,24,14,7,3
12671,PMPCB,58,31,10,5,63,33,3,0,322,201,258,309,317,-5,-2,7,5
18693,WDR33,56,26,8,5,61,32,1,0,322,205,264,313,317,-5,-6,7,5
14957,SH3BP5,50,33,11,4,46,21,4,0,322,226,268,307,318,4,12,7,4
12689,PNMA6E,98,60,7,1,13,8,0,0,322,211,254,315,321,85,52,7,1
9949,MORF4L2,81,46,11,6,42,17,4,2,322,199,259,307,314,39,29,7,4
16555,TBC1D1,45,24,8,4,70,27,1,1,322,207,271,313,317,-25,-3,7,3
18715,WDR61,60,34,9,5,54,31,2,0,322,208,257,311,317,6,3,7,5
9948,MORF4L1,54,33,9,6,67,32,2,2,322,201,257,311,314,-13,1,7,4
16558,TBC1D10C,115,89,17,4,59,40,10,1,322,148,193,295,317,56,49,7,3
8761,LAMB1,78,43,9,4,44,21,2,0,322,200,258,311,318,34,22,7,4
8762,LAMB2,50,28,11,6,64,41,4,1,322,208,253,307,315,-14,-13,7,5
14931,SGSH,54,36,13,7,97,56,6,0,322,171,230,303,315,-43,-20,7,7
12736,POLE,35,25,8,2,72,36,1,0,322,215,261,313,320,-37,-11,7,2
14922,SGK2,117,94,21,7,68,45,14,3,322,137,183,287,312,49,49,7,4
12766,POLR2J,65,35,8,5,42,19,1,1,322,215,268,313,316,23,16,7,4
18758,WHAMM,67,40,8,3,40,19,1,0,322,215,263,313,319,27,21,7,3
12772,POLR3A,53,26,8,3,51,18,1,0,322,218,278,313,319,2,8,7,3
17410,TNPO3,72,31,8,4,45,17,1,0,322,205,274,313,318,27,14,7,4
8780,LAP3,51,31,9,5,57,30,2,0,322,214,261,311,317,-6,1,7,5
18762,WIPF2,87,53,8,5,49,28,1,0,322,186,241,313,317,38,25,7,5
6867,H2BC3,67,56,32,12,73,50,25,7,322,182,216,265,303,-6,6,7,5
8781,LAPTM4A,54,36,10,4,39,19,3,0,322,229,267,309,318,15,17,7,4
18769,WNK2,50,29,9,5,62,32,2,0,322,210,261,311,317,-12,-3,7,5
14913,SGCA,76,62,26,8,66,55,19,3,322,180,205,277,311,10,7,7,5
12791,POMP,66,37,9,7,39,21,2,1,322,217,264,311,314,27,16,7,6
12664,PMIS2,23,20,11,3,9,9,4,0,322,290,293,307,319,14,11,7,3
9951,MORN2,67,48,12,5,50,26,5,0,322,205,248,305,317,17,22,7,5
6919,HACD3,67,35,10,4,39,28,3,0,322,216,259,309,318,28,7,7,4
17421,TOB1,90,50,11,3,68,39,4,0,322,164,233,307,319,22,11,7,3
9989,MPPED2,83,44,11,3,65,32,4,2,322,174,246,307,317,18,12,7,1
12598,PLEKHS1,91,59,11,1,67,32,4,1,322,164,231,307,320,24,27,7,0
16544,TASOR,66,31,8,2,64,27,1,0,322,192,264,313,320,2,4,7,2
17430,TOMM20,49,24,11,4,53,21,4,0,322,220,277,307,318,-4,3,7,4
18658,WASH6P,44,28,10,6,71,34,3,0,322,207,260,309,316,-27,-6,7,6
12606,PLIN3,54,26,8,5,60,28,1,1,322,208,268,313,316,-6,-2,7,4
17425,TOGARAM2,89,61,19,1,88,66,12,0,322,145,195,291,321,1,-5,7,1
15011,SHOX,88,60,11,3,47,24,4,1,322,187,238,307,318,41,36,7,2
6965,HBG2,69,55,25,12,54,44,18,7,322,199,223,279,303,15,11,7,5
18661,WASHC2C,54,38,9,4,42,23,2,0,322,226,261,311,318,12,15,7,4
15009,SHOC1,106,67,9,3,32,14,2,1,322,184,241,311,318,74,53,7,2
14981,SHC1,53,33,8,6,40,29,1,1,322,229,260,313,315,13,4,7,5
6921,HACE1,61,30,10,1,63,44,3,0,322,198,248,309,321,-2,-14,7,1
14974,SH3YL1,80,45,9,3,49,27,2,0,322,193,250,311,319,31,18,7,3
6946,HAT1,64,33,8,3,52,23,1,0,322,206,266,313,319,12,10,7,3
16157,STARD7,49,26,9,4,57,35,2,0,322,216,261,311,318,-8,-9,7,4
14971,SH3RF3,42,19,8,2,63,26,1,0,322,217,277,313,320,-21,-7,7,2
6930,HAND1,46,31,9,2,26,16,2,1,322,250,275,311,319,20,15,7,1
8750,LAD1,56,39,11,6,80,46,4,0,322,186,237,307,316,-24,-7,7,6
12647,PLXNA2,92,49,7,1,28,11,0,0,322,202,262,315,321,64,38,7,1
6927,HAGHL,92,71,40,27,108,68,33,20,322,122,183,249,275,-16,3,7,7
18684,WDR18,65,37,13,9,69,39,6,2,322,188,246,303,311,-4,-2,7,7
14966,SH3KBP1,88,47,8,3,39,20,1,1,322,195,255,313,318,49,27,7,2
18686,WDR20,56,27,8,4,66,37,1,0,322,200,258,313,318,-10,-10,7,4
7141,HM13,67,34,9,3,35,19,2,2,322,220,269,311,317,32,15,7,1
8559,KPNA5,97,44,9,2,30,13,2,0,322,195,265,311,320,67,31,7,2
16419,SYVN1,45,23,10,4,80,36,3,0,322,197,263,309,318,-35,-13,7,4
12060,PCF11,89,53,12,3,60,25,5,1,322,173,244,305,318,29,28,7,2
15536,SMARCAL1,72,45,12,5,68,38,5,0,322,182,239,305,317,4,7,7,5
12064,PCGF5,46,28,7,2,55,23,0,0,322,221,271,315,320,-9,5,7,2
18387,USE1,60,42,10,7,43,19,3,1,322,219,261,309,314,17,23,7,6
12072,PCM1,46,27,8,3,62,35,1,1,322,214,260,313,318,-16,-8,7,2
8487,KLHL24,95,59,8,5,68,34,1,0,322,159,229,313,317,27,25,7,5
15525,SMAD6,82,54,14,3,93,55,7,1,322,147,213,301,318,-11,-1,7,2
18398,USP11,47,24,11,7,66,41,4,1,322,209,257,307,314,-19,-17,7,6
18404,USP17L1,19,15,9,6,18,14,2,0,322,285,293,311,316,1,1,7,6
10203,MTCH2,43,29,8,5,57,32,1,1,322,222,261,313,316,-14,-3,7,4
15521,SMAD2,52,26,10,7,51,26,3,1,322,219,270,309,314,1,0,7,6
15512,SLTM,56,34,11,5,59,31,4,1,322,207,257,307,316,-3,3,7,4
7354,HSPA9,67,38,9,4,43,26,2,1,322,212,258,311,317,24,12,7,3
18427,USP20,35,22,9,7,112,52,2,1,322,175,248,311,314,-77,-30,7,6
8490,KLHL28,100,53,8,2,47,19,1,0,322,175,250,313,320,53,34,7,2
18430,USP24,78,40,9,2,53,23,2,0,322,191,259,311,320,25,17,7,2
15489,SLF1,96,50,10,3,52,29,3,1,322,174,243,309,318,44,21,7,2
8502,KLHL40,49,34,8,3,14,8,1,0,322,259,280,313,319,35,26,7,3
15462,SLC9A1,50,25,8,4,51,24,1,1,322,221,273,313,317,-1,1,7,3
12128,PDE4A,57,37,8,5,90,55,1,0,322,175,230,313,317,-33,-18,7,5
18450,USP42,61,35,8,3,86,43,1,0,322,175,244,313,319,-25,-8,7,3
18455,USP47,39,26,7,2,69,36,0,0,322,214,260,315,320,-30,-10,7,2
12133,PDE5A,102,72,14,6,76,43,7,0,322,144,207,301,316,26,29,7,6
18461,USP53,117,58,9,0,55,31,2,0,322,150,233,311,322,62,27,7,0
17523,TRA2A,108,56,9,3,44,25,2,1,322,170,241,311,318,64,31,7,2
18481,UTP4,54,25,8,5,62,33,1,1,322,206,264,313,316,-8,-8,7,4
7372,HTATSF1,54,37,9,4,47,26,2,2,322,221,259,311,316,7,11,7,2
18369,UQCRB,59,35,9,6,43,18,2,1,322,220,269,311,315,16,17,7,5
17489,TPGS2,39,24,10,9,51,24,3,2,322,232,274,309,311,-12,0,7,7
17599,TRAM1,65,33,8,3,54,33,1,0,322,203,256,313,319,11,0,7,3
18286,UGGT2,46,27,9,4,56,26,2,0,322,220,269,311,318,-10,1,7,4
16420,SZRD1,35,24,9,7,67,36,2,1,322,220,262,311,314,-32,-12,7,6
11978,PBX2,44,23,8,3,71,35,1,1,322,207,264,313,318,-27,-12,7,2
18308,UGT3A2,57,41,16,5,46,26,9,2,322,219,255,297,315,11,15,7,3
15548,SMC4,54,27,9,3,54,38,2,1,322,214,257,311,318,0,-11,7,2
11982,PC,54,38,12,5,87,41,5,1,322,181,243,305,316,-33,-3,7,4
8482,KLHL2,72,39,10,5,58,30,3,0,322,192,253,309,317,14,9,7,5
11995,PCDH11Y,117,65,8,1,27,9,1,0,322,178,248,313,321,90,56,7,1
9270,LYNX1,46,30,11,3,66,51,4,0,322,210,241,307,319,-20,-21,7,3
7403,HYAL1,87,59,17,5,84,48,10,5,322,151,215,295,312,3,11,7,0
15546,SMC2,53,22,9,4,68,34,2,0,322,201,266,311,318,-15,-12,7,4
18311,UHRF1,74,35,9,5,55,31,2,1,322,193,256,311,316,19,4,7,4
10227,MTIF2,74,47,9,7,41,20,2,0,322,207,255,311,315,33,27,7,7
18325,UMODL1,74,49,8,3,16,10,1,0,322,232,263,313,319,58,39,7,3
18330,UNC13B,43,27,7,3,81,31,0,0,322,198,264,315,319,-38,-4,7,3
12038,PCDHGA11,89,52,8,2,57,29,1,1,322,176,241,313,319,32,23,7,1
10224,MTHFR,54,28,10,3,97,51,3,0,322,171,243,309,319,-43,-23,7,3
12052,PCDHGB5,68,40,8,4,57,23,1,0,322,197,259,313,318,11,17,7,4
12054,PCDHGB7,61,31,7,4,59,29,0,0,322,202,262,315,318,2,2,7,4
7394,HTRA2,69,43,12,5,50,34,5,0,322,203,245,305,317,19,9,7,5
7393,HTRA1,57,33,11,6,76,49,4,1,322,189,240,307,315,-19,-16,7,5
7391,HTR6,69,46,13,3,54,33,6,2,322,199,243,303,317,15,13,7,1
15541,SMARCD2,73,47,12,7,53,25,5,0,322,196,250,305,315,20,22,7,7
18360,UPK3BL2,70,41,17,11,85,55,10,2,322,167,226,295,309,-15,-14,7,9
18361,UPP1,107,47,11,6,54,34,4,0,322,161,241,307,316,53,13,7,6
15433,SLC6A18,50,33,7,0,12,3,0,0,322,260,286,315,322,38,30,7,0
7329,HSF4,102,71,22,9,82,48,15,5,322,138,203,285,308,20,23,7,4
12158,PDIA3,74,40,10,6,42,22,3,0,322,206,260,309,316,32,18,7,6
15425,SLC6A1,48,28,9,7,34,18,2,1,322,240,276,311,314,14,10,7,6
15327,SLC35F6,61,37,8,3,50,19,1,0,322,211,266,313,319,11,18,7,3
12265,PFN4,95,60,21,7,86,62,14,3,322,141,200,287,312,9,-2,7,4
12268,PGA5,44,37,13,4,30,27,6,4,322,248,258,303,314,14,10,7,0
16464,TAF1A,94,49,9,1,42,22,2,0,322,186,251,311,321,52,27,7,1
8533,KLRD1,110,69,9,2,44,22,2,1,322,168,231,311,319,66,47,7,1
7223,HOXA2,93,60,13,5,72,34,6,2,322,157,228,303,315,21,26,7,3
15309,SLC35B1,73,51,9,3,51,26,2,0,322,198,245,311,319,22,25,7,3
15268,SLC29A1,44,26,10,5,64,39,3,1,322,214,257,309,316,-20,-13,7,4
7203,HNRNPU,74,54,10,6,45,20,3,1,322,203,248,309,315,29,34,7,5
18545,VGLL3,85,52,9,5,50,19,2,1,322,187,251,311,316,35,33,7,4
8540,KMT2A,53,34,11,8,57,28,4,0,322,212,260,307,314,-4,6,7,8
12304,PGRMC2,32,18,8,3,96,44,1,0,322,194,260,313,319,-64,-26,7,3
12307,PHACTR2,50,36,8,3,88,40,1,0,322,184,246,313,319,-38,-4,7,3
12310,PHAX,53,29,7,2,64,26,0,0,322,205,267,315,320,-11,3,7,2
12311,PHB,56,33,9,6,40,21,2,1,322,226,268,311,315,16,12,7,5
18546,VGLL4,48,26,12,10,86,46,5,0,322,188,250,305,312,-38,-20,7,10
15248,SLC25A6,47,27,12,7,56,24,5,1,322,219,271,305,314,-9,3,7,6
12312,PHB2,48,27,9,6,53,24,2,2,322,221,271,311,314,-5,3,7,4
7188,HNRNPCL1,73,59,13,2,45,41,6,1,322,204,222,303,319,28,18,7,1
15244,SLC25A5,50,32,11,10,51,31,4,1,322,221,259,307,311,-1,1,7,9
12324,PHF14,46,26,8,3,60,37,1,0,322,216,259,313,319,-14,-11,7,3
10098,MRPS25,70,42,9,4,40,24,2,0,322,212,256,311,318,30,18,7,4
10093,MRPS2,44,28,9,9,75,43,2,1,322,203,251,311,312,-31,-15,7,8
12333,PHF3,44,23,11,4,69,35,4,1,322,209,264,307,317,-25,-12,7,3
10090,MRPS18A,52,39,10,6,67,40,3,0,322,203,243,309,316,-15,-1,7,6
17501,TPP2,58,26,8,3,61,27,1,0,322,203,269,313,319,-3,-1,7,3
16447,TAF10,69,42,12,6,42,18,5,4,322,211,262,305,312,27,24,7,2
18521,VCP,56,29,11,5,80,48,4,2,322,186,245,307,315,-24,-19,7,3
7287,HRH4,159,101,8,1,20,8,1,0,322,143,213,313,321,139,93,7,1
15424,SLC66A3,54,36,13,3,76,42,6,4,322,192,244,303,315,-22,-6,7,-1
12167,PDK4,73,46,9,0,55,29,2,0,322,194,247,311,322,18,17,7,0
12171,PDLIM4,74,46,20,15,82,55,13,6,322,166,221,289,301,-8,-9,7,9
7317,HSD17B4,62,32,8,5,43,17,1,0,322,217,273,313,317,19,15,7,5
10189,MT1HL1,19,19,17,13,10,10,10,10,322,293,293,295,299,9,9,7,3
12178,PDPR,38,25,9,3,96,52,2,0,322,188,245,311,319,-58,-27,7,3
7312,HSD17B12,50,29,9,4,69,34,2,0,322,203,259,311,318,-19,-5,7,4
12179,PDRG1,74,43,10,2,37,25,3,1,322,211,254,309,319,37,18,7,1
12186,PDXK,72,42,9,6,42,26,2,1,322,208,254,311,315,30,16,7,5
12188,PDYN,38,25,10,0,23,11,3,0,322,261,286,309,322,15,14,7,0
15377,SLC44A2,44,28,11,10,85,36,4,2,322,193,258,307,310,-41,-8,7,8
15374,SLC43A2,51,31,9,7,65,31,2,0,322,206,260,311,315,-14,0,7,7
12239,PEX19,57,35,12,8,71,38,5,0,322,194,249,305,314,-14,-3,7,8
17509,TPRKB,68,47,10,5,58,22,3,1,322,196,253,309,316,10,25,7,4
18505,VARS2,58,36,10,5,66,34,3,1,322,198,252,309,316,-8,2,7,4
18513,VAV2,35,20,9,5,100,68,2,0,322,187,234,311,317,-65,-48,7,5
7269,HPR,46,43,13,5,27,18,6,3,322,249,261,303,314,19,25,7,2
7263,HPD,75,56,12,1,65,44,5,1,322,182,222,305,320,10,12,7,0
8526,KLLN,86,41,7,2,42,8,0,0,322,194,273,315,320,44,33,7,2
7259,HP1BP3,65,34,10,6,50,23,3,1,322,207,265,309,315,15,11,7,5
12224,PERCC1,47,31,9,1,29,21,2,0,322,246,270,311,321,18,10,7,1
7254,HOXD3,62,36,9,3,27,13,2,1,322,233,273,311,318,35,23,7,2
12231,PEX10,38,26,11,6,89,41,4,2,322,195,255,307,314,-51,-15,7,4
17506,TPRA1,53,32,8,3,57,37,1,0,322,212,253,313,319,-4,-5,7,3
17028,TMBIM1,55,33,11,5,74,40,4,4,322,193,249,307,313,-19,-7,7,1
19704,ZZZ3,64,28,7,3,68,33,0,0,322,190,261,315,319,-4,-5,7,3
2331,CCDC126,66,32,9,3,82,43,2,1,322,174,247,311,318,-16,-11,7,2
2831,CENATAC,103,66,13,4,32,18,6,0,322,187,238,303,318,71,48,7,4
5378,FAM193B,63,32,8,3,76,39,1,1,322,183,251,313,318,-13,-7,7,2
2783,CDV3,58,33,11,7,58,35,4,0,322,206,254,307,315,0,-2,7,7
4793,EFNA5,65,33,9,4,124,71,2,0,322,133,218,311,318,-59,-38,7,4
4798,EFR3B,55,33,7,2,64,25,0,0,322,203,264,315,320,-9,8,7,2
4070,DCP1A,71,38,8,1,41,22,1,0,322,210,262,313,321,30,16,7,1
2801,CEACAM5,88,48,7,3,43,18,0,0,322,191,256,315,319,45,30,7,3
5375,FAM189A2,80,40,8,3,46,14,1,0,322,196,268,313,319,34,26,7,3
4060,DCHS1,69,44,8,6,39,23,1,0,322,214,255,313,316,30,21,7,6
4800,EFTUD2,48,31,10,7,66,36,3,0,322,208,255,309,315,-18,-5,7,7
225,ACTR3,50,28,10,6,52,28,3,0,322,220,266,309,316,-2,0,7,6
5626,FCGR2B,52,38,10,3,49,29,3,0,322,221,255,309,319,3,9,7,3
5374,FAM189A1,40,25,8,1,39,20,1,0,322,243,277,313,321,1,5,7,1
5633,FCHSD1,68,39,11,5,78,42,4,0,322,176,241,307,317,-10,-3,7,5
548,ALDH3B1,49,35,9,5,61,32,2,0,322,212,255,311,317,-12,3,7,5
220,ACTN4,50,27,10,4,63,33,3,1,322,209,262,309,317,-13,-6,7,3
217,ACTN1,42,22,10,8,82,37,3,1,322,198,263,309,313,-40,-15,7,7
2832,CEND1,78,56,15,10,59,43,8,2,322,185,223,299,310,19,13,7,8
4817,EHD2,79,43,9,0,62,31,2,2,322,181,248,311,320,17,12,7,-2
1501,BCR,50,21,8,6,77,32,1,1,322,195,269,313,315,-27,-11,7,5
4822,EHMT1,48,26,8,5,78,37,1,1,322,196,259,313,316,-30,-11,7,4
4825,EID1,43,17,9,5,101,55,2,1,322,178,250,311,316,-58,-38,7,4
208,ACTG1,45,32,10,9,80,40,3,1,322,197,250,309,312,-35,-8,7,8
204,ACTA2,91,64,19,8,85,50,12,1,322,146,208,291,313,6,14,7,7
201,ACSS2,54,34,11,3,79,40,4,1,322,189,248,307,318,-25,-6,7,2
4031,DCAF1,57,35,7,1,43,23,0,0,322,222,264,315,321,14,12,7,1
4831,EIF1AX,39,22,9,5,76,40,2,1,322,207,260,311,316,-37,-18,7,4
237,ACVR2A,97,38,8,2,45,20,1,0,322,180,264,313,320,52,18,7,2
4784,EFHC1,70,34,10,4,53,26,3,1,322,199,262,309,317,17,8,7,3
3156,CLCC1,38,23,9,5,64,26,2,0,322,220,273,311,317,-26,-3,7,5
5604,FBXO7,69,42,10,3,48,26,3,2,322,205,254,309,317,21,16,7,1
268,ADAM9,68,30,8,4,51,19,1,0,322,203,273,313,318,17,11,7,4
4721,ECPAS,55,30,9,5,64,35,2,0,322,203,257,311,317,-9,-5,7,5
4722,ECRG4,30,27,11,3,25,22,4,1,322,267,273,307,318,5,5,7,2
1641,BPNT1,61,35,10,2,49,18,3,0,322,212,269,309,320,12,17,7,2
2698,CDH15,82,54,7,0,29,12,0,0,322,211,256,315,322,53,42,7,0
4136,DDX42,49,29,9,3,70,43,2,0,322,203,250,311,319,-21,-14,7,3
2709,CDH3,72,44,11,2,53,27,4,0,322,197,251,307,320,19,17,7,2
5599,FBXO46,57,32,14,4,77,43,7,1,322,188,247,301,317,-20,-11,7,3
4739,EDF1,53,28,10,7,46,23,3,1,322,223,271,309,314,7,5,7,6
4125,DDX24,60,29,9,4,55,27,2,1,322,207,266,311,317,5,2,7,3
4124,DDX23,52,31,9,7,60,33,2,0,322,210,258,311,315,-8,-2,7,7
250,ADAM11,60,34,8,2,73,37,1,0,322,189,251,313,320,-13,-3,7,2
1615,BOLA1,84,53,17,6,62,37,10,6,322,176,232,295,310,22,16,7,0
2773,CDR2,62,29,11,2,71,39,4,0,322,189,254,307,320,-9,-10,7,2
2741,CDK4,45,33,10,8,71,32,3,1,322,206,257,309,313,-26,1,7,7
538,ALDH18A1,43,24,9,7,58,30,2,0,322,221,268,311,315,-15,-6,7,7
4109,DDOST,61,30,8,5,46,17,1,1,322,215,275,313,316,15,13,7,4
2748,CDK6,46,26,7,2,55,25,0,0,322,221,271,315,320,-9,1,7,2
4099,DDHD1,82,44,8,2,32,17,1,0,322,208,261,313,320,50,27,7,2
4766,EEPD1,65,48,15,8,90,58,8,0,322,167,216,299,314,-25,-10,7,8
5610,FBXW2,57,35,8,5,55,33,1,0,322,210,254,313,317,2,2,7,5
2757,CDKL5,70,41,9,1,54,34,2,1,322,198,247,311,320,16,7,7,0
4096,DDB1,51,28,10,9,54,29,3,1,322,217,265,309,312,-3,-1,7,8
1587,BMP2K,59,31,8,2,55,28,1,0,322,208,263,313,320,4,3,7,2
1582,BMI1,77,47,10,2,84,41,3,1,322,161,234,309,319,-7,6,7,1
545,ALDH2,75,43,10,8,34,14,3,1,322,213,265,309,313,41,29,7,7
4832,EIF1AY,46,37,9,4,38,23,2,1,322,238,262,311,317,8,14,7,3
2857,CEP104,56,29,8,2,42,14,1,0,322,224,279,313,320,14,15,7,2
5649,FDFT1,55,25,9,4,68,38,2,0,322,199,259,311,318,-13,-13,7,4
3876,CXorf58,65,45,14,2,71,51,7,2,322,186,226,301,318,-6,-6,7,0
3038,CHMP4B,51,32,10,6,42,23,3,1,322,229,267,309,315,9,9,7,5
1366,B3GALNT2,67,33,8,1,37,14,1,0,322,218,275,313,321,30,19,7,1
3051,CHPT1,53,28,10,5,55,26,3,0,322,214,268,309,317,-2,2,7,5
3053,CHRD,77,48,8,1,48,28,1,0,322,197,246,313,321,29,20,7,1
647,ANAPC11,56,35,10,7,42,18,3,1,322,224,269,309,314,14,17,7,6
1339,AUP1,41,22,9,7,56,35,2,1,322,225,265,311,314,-15,-13,7,6
648,ANAPC13,50,28,10,5,64,27,3,0,322,208,267,309,317,-14,1,7,5
3086,CHST3,77,41,11,5,54,27,4,0,322,191,254,307,317,23,14,7,5
1336,ATXN7L3B,54,29,8,3,63,38,1,0,322,205,255,313,319,-9,-9,7,3
3093,CHSY1,50,27,10,1,57,34,3,0,322,215,261,309,321,-7,-7,7,1
4955,EML2,80,42,9,6,61,35,2,2,322,181,245,311,314,19,7,7,4
1327,ATXN1L,75,43,7,2,48,29,0,0,322,199,250,315,320,27,14,7,2
4956,EML3,62,33,12,6,75,43,5,4,322,185,246,305,312,-13,-10,7,2
2864,CEP152,64,25,8,3,66,31,1,0,322,192,266,313,319,-2,-6,7,3
3869,CXCR5,57,39,10,4,45,20,3,1,322,220,263,309,317,12,19,7,3
1310,ATP8B1,59,34,10,3,76,43,3,1,322,187,245,309,318,-17,-9,7,2
5307,FAM124A,48,23,7,2,92,46,0,0,322,182,253,315,320,-44,-23,7,2
3127,CISD2,56,36,9,4,31,14,2,1,322,235,272,311,317,25,22,7,3
5710,FGFBP3,77,42,10,2,59,25,3,0,322,186,255,309,320,18,17,7,2
5712,FGFR1OP2,62,34,9,3,58,34,2,0,322,202,254,311,319,4,0,7,3
1294,ATP6V1C1,90,59,8,3,33,18,1,0,322,199,245,313,319,57,41,7,3
119,ACACA,50,29,10,4,60,32,3,1,322,212,261,309,317,-10,-3,7,3
1281,ATP6AP2,58,34,9,4,46,29,2,0,322,218,259,311,318,12,5,7,4
117,ACAA1,50,29,11,9,47,25,4,0,322,225,268,307,313,3,4,7,9
3833,CUL5,54,33,10,5,76,36,3,0,322,192,253,309,317,-22,-3,7,5
1260,ATP5F1A,49,30,12,9,58,30,5,1,322,215,262,305,312,-9,0,7,8
3907,CYLD,75,44,11,3,46,22,4,1,322,201,256,307,318,29,22,7,2
4929,ELP2,76,42,11,5,48,26,4,0,322,198,254,307,317,28,16,7,5
3018,CHGB,53,34,7,2,53,24,0,0,322,216,264,315,320,0,10,7,2
626,AMMECR1L,69,33,9,2,43,24,2,0,322,210,265,311,320,26,9,7,2
2867,CEP170,50,26,11,7,74,37,4,1,322,198,259,307,314,-24,-11,7,6
1485,BCL2L2,39,20,9,5,75,46,2,0,322,208,256,311,317,-36,-26,7,5
189,ACSL3,73,44,10,4,52,22,3,0,322,197,256,309,318,21,22,7,4
4846,EIF2S2,59,35,9,2,47,24,2,1,322,216,263,311,319,12,11,7,1
575,ALKAL1,34,30,15,2,29,24,8,2,322,259,268,299,318,5,6,7,0
2881,CEP57,70,35,10,4,46,27,3,2,322,206,260,309,316,24,8,7,2
1466,BCAT2,45,30,10,4,60,30,3,3,322,217,262,309,315,-15,0,7,1
4859,EIF3J,55,32,9,2,51,27,2,1,322,216,263,311,319,4,5,7,1
5354,FAM171B,63,34,9,6,72,32,2,0,322,187,256,311,316,-9,2,7,6
4001,DAP3,50,33,9,3,55,28,2,1,322,217,261,311,318,-5,5,7,2
4862,EIF3M,61,35,11,6,56,30,4,1,322,205,257,307,315,5,5,7,5
4875,EIF4G1,40,25,9,7,82,38,2,0,322,200,259,311,315,-42,-13,7,7
4877,EIF4G3,49,31,9,6,56,21,2,0,322,217,270,311,316,-7,10,7,6
2924,CFAP251,102,63,8,3,28,11,1,0,322,192,248,313,319,74,52,7,3
3973,CYTH1,49,30,12,8,87,41,5,1,322,186,251,305,313,-38,-11,7,7
4891,ELAVL1,46,24,10,7,56,30,3,1,322,220,268,309,314,-10,-6,7,6
4894,ELAVL4,47,36,10,3,44,27,3,1,322,231,259,309,318,3,9,7,2
168,ACOT8,76,48,12,4,59,27,5,2,322,187,247,305,316,17,21,7,2
4900,ELFN1,35,23,12,5,115,59,5,0,322,172,240,305,317,-80,-36,7,5
2978,CGB7,106,71,14,5,48,27,7,1,322,168,224,301,316,58,44,7,4
1404,BACE1,74,45,7,2,70,34,0,0,322,178,243,315,320,4,11,7,2
2981,CGN,75,49,16,4,90,54,9,2,322,157,219,297,316,-15,-5,7,2
4911,ELMOD1,96,47,8,0,48,19,1,1,322,178,256,313,321,48,28,7,-1
1386,B4GALNT1,75,41,13,5,57,35,6,2,322,190,246,303,315,18,6,7,3
5338,FAM162A,59,34,10,4,47,17,3,1,322,216,271,309,317,12,17,7,3
4148,DDX56,49,26,9,5,72,49,2,1,322,201,247,311,316,-23,-23,7,4
1645,BRAF,70,32,10,3,46,23,3,1,322,206,267,309,318,24,9,7,2
2678,CDC42SE2,68,41,15,4,66,37,8,2,322,188,244,299,316,2,4,7,2
5512,FANCM,84,53,10,2,73,39,3,0,322,165,230,309,320,11,14,7,2
4418,DNAJA2,63,31,9,4,59,33,2,0,322,200,258,311,318,4,-2,7,4
5461,FAM72C,93,67,24,13,68,45,17,9,322,161,210,281,300,25,22,7,4
4402,DNAH11,54,25,9,1,44,22,2,0,322,224,275,311,321,10,3,7,1
4398,DNAAF5,34,19,10,5,92,43,3,1,322,196,260,309,316,-58,-24,7,4
4396,DNAAF3,89,61,15,3,76,46,8,2,322,157,215,299,317,13,15,7,1
369,ADNP2,86,64,14,7,71,41,7,0,322,165,217,301,315,15,23,7,7
364,ADK,49,30,10,6,56,20,3,0,322,217,272,309,316,-7,10,7,6
2305,CC2D1A,45,28,12,7,70,42,5,1,322,207,252,305,314,-25,-14,7,6
363,ADIRF,70,61,36,21,67,56,29,17,322,185,205,257,284,3,5,7,4
1953,C2orf72,60,25,8,6,53,25,1,0,322,209,272,313,316,7,0,7,6
2312,CCDC102A,75,42,8,2,46,21,1,0,322,201,259,313,320,29,21,7,2
2313,CCDC102B,98,76,27,8,81,57,20,5,322,143,189,275,309,17,19,7,3
2328,CCDC122,58,28,9,5,82,32,2,1,322,182,262,311,316,-24,-4,7,4
1896,C1QBP,66,34,10,7,49,22,3,1,322,207,266,309,314,17,12,7,6
4574,DRGX,38,18,7,2,35,19,0,0,322,249,285,315,320,3,-1,7,2
4376,DMKN,68,49,26,9,59,37,19,3,322,195,236,277,310,9,12,7,6
2335,CCDC134,57,33,9,3,65,38,2,1,322,200,251,311,318,-8,-5,7,2
5519,FARS2,68,38,9,5,72,42,2,0,322,182,242,311,317,-4,-4,7,5
2341,CCDC142,60,34,9,6,39,19,2,0,322,223,269,311,316,21,15,7,6
4363,DLX3,87,61,8,0,49,24,1,0,322,186,237,313,322,38,37,7,0
353,ADH4,101,55,9,2,48,21,2,0,322,173,246,311,320,53,34,7,2
4593,DST,47,28,9,8,66,35,2,0,322,209,259,311,314,-19,-7,7,8
1929,C21orf62,101,56,10,3,39,20,3,0,322,182,246,309,319,62,36,7,3
4338,DKK4,34,34,11,5,36,29,4,3,322,252,259,307,314,-2,5,7,2
1917,C2,117,83,15,2,47,31,8,1,322,158,208,299,319,70,52,7,1
2395,CCDC25,55,34,10,3,51,31,3,0,322,216,257,309,319,4,3,7,3
2263,CAV1,73,40,13,6,53,32,6,4,322,196,250,303,312,20,8,7,2
2240,CASP7,101,55,9,2,32,17,2,0,322,189,250,311,320,69,38,7,2
2226,CASC3,49,31,10,4,71,33,3,1,322,202,258,309,317,-22,-2,7,3
2057,C9orf78,58,30,9,6,49,27,2,1,322,215,265,311,315,9,3,7,5
2144,CALM3,48,28,10,7,52,22,3,2,322,222,272,309,313,-4,6,7,5
4489,DOC2A,95,69,20,11,79,54,13,5,322,148,199,289,306,16,15,7,6
2119,CAD,32,17,9,7,102,54,2,0,322,188,251,311,315,-70,-37,7,7
2114,CACNG7,51,38,10,6,31,16,3,1,322,240,268,309,315,20,22,7,5
438,AGPAT3,46,27,12,7,81,45,5,2,322,195,250,305,313,-35,-18,7,5
2152,CALU,59,31,9,7,54,29,2,0,322,209,262,311,315,5,2,7,7
2158,CAMK2B,81,65,20,5,88,43,13,1,322,153,214,289,316,-7,22,7,4
4496,DOCK4,76,35,8,2,70,28,1,0,322,176,259,313,320,6,7,7,2
416,AGAP5,78,45,9,1,63,32,2,2,322,181,245,311,319,15,13,7,-1
4477,DNM2,44,24,10,8,50,26,3,2,322,228,272,309,312,-6,-2,7,6
2111,CACNG4,49,33,10,5,36,12,3,0,322,237,277,309,317,13,21,7,5
5489,FAM90A26,107,59,7,2,40,21,0,0,322,175,242,315,320,67,38,7,2
2159,CAMK2D,63,38,10,4,45,19,3,1,322,214,265,309,317,18,19,7,3
2089,CACHD1,58,31,7,2,46,21,0,0,322,218,270,315,320,12,10,7,2
2171,CAMSAP2,83,46,10,4,50,26,3,1,322,189,250,309,317,33,20,7,3
5475,FAM83G,90,44,9,3,44,24,2,0,322,188,254,311,319,46,20,7,3
4508,DOK6,54,36,18,6,39,28,11,2,322,229,258,293,314,15,8,7,4
2188,CAPN15,64,39,15,5,93,45,8,3,322,165,238,299,314,-29,-6,7,2
2074,CAAP1,49,27,9,1,67,31,2,0,322,206,264,311,321,-18,-4,7,1
5493,FAM91A1,65,38,8,2,46,23,1,0,322,211,261,313,320,19,15,7,2
2198,CAPRIN1,49,29,9,7,62,34,2,1,322,211,259,311,314,-13,-5,7,6
2200,CAPS,83,53,10,2,78,38,3,1,322,161,231,309,319,5,15,7,1
402,AFF2,64,32,7,2,36,12,0,0,322,222,278,315,320,28,20,7,2
2216,CARHSP1,45,25,8,7,75,33,1,0,322,202,264,313,315,-30,-8,7,7
4519,DPEP2,88,56,18,4,65,33,11,5,322,169,233,293,313,23,23,7,-1
486,AK4,50,34,10,6,66,29,3,0,322,206,259,309,316,-16,5,7,6
2407,CCDC42,29,26,8,1,25,23,1,1,322,268,273,313,320,4,3,7,0
2668,CDC42,57,32,9,5,50,28,2,2,322,215,262,311,315,7,4,7,3
2588,CD276,49,32,9,4,64,30,2,2,322,209,260,311,316,-15,2,7,2
4637,DUSP3,52,31,9,4,63,30,2,0,322,207,261,311,318,-11,1,7,4
317,ADD1,51,28,10,7,57,31,3,1,322,214,263,309,314,-6,-3,7,6
4234,DERA,54,35,9,5,69,38,2,0,322,199,249,311,317,-15,-3,7,5
5418,FAM237A,38,34,8,1,15,13,1,0,322,269,275,313,321,23,21,7,1
4650,DVL3,61,33,9,4,51,20,2,0,322,210,269,311,318,10,13,7,4
4652,DYDC1,92,71,23,10,48,39,16,3,322,182,212,283,309,44,32,7,7
2569,CD1A,31,15,7,2,6,1,0,0,322,285,306,315,320,25,14,7,2
514,AKR1B1,65,47,11,6,54,30,4,1,322,203,245,307,315,11,17,7,5
2575,CD200,97,68,20,8,65,43,13,4,322,160,211,289,310,32,25,7,4
5569,FBXL7,46,22,8,5,54,25,1,0,322,222,275,313,317,-8,-3,7,5
314,ADCY9,71,47,11,1,60,34,4,1,322,191,241,307,320,11,13,7,0
4207,DEK,49,26,9,5,71,33,2,0,322,202,263,311,317,-22,-7,7,5
4203,DEFB4A,10,9,9,4,2,2,2,0,322,310,311,311,318,8,7,7,4
5437,FAM3C,48,29,9,5,76,36,2,0,322,198,257,311,317,-28,-7,7,5
1712,BTG3,85,49,12,7,48,26,5,2,322,189,247,305,313,37,23,7,5
1699,BTBD19,106,64,12,4,58,26,5,0,322,158,232,305,318,48,38,7,4
4195,DEFB130B,18,18,16,16,13,11,9,9,322,291,293,297,297,5,7,7,7
5584,FBXO30,64,34,7,1,53,25,0,0,322,205,263,315,321,11,9,7,1
4188,DEFB123,10,10,10,8,3,3,3,2,322,309,309,309,312,7,7,7,6
1674,BROX,82,44,7,2,45,20,0,0,322,195,258,315,320,37,24,7,2
296,ADAR,39,19,9,6,54,36,2,0,322,229,267,311,316,-15,-17,7,6
1672,BRMS1,62,31,11,9,35,22,4,1,322,225,269,307,312,27,9,7,8
5400,FAM219B,57,31,13,8,93,55,6,0,322,172,236,303,314,-36,-24,7,8
2658,CDC23,54,27,12,4,74,48,5,3,322,194,247,305,315,-20,-21,7,1
4167,DEFB1,17,16,16,11,11,10,9,4,322,294,296,297,307,6,6,7,7
2660,CDC25B,42,28,10,7,80,37,3,2,322,200,257,309,313,-38,-9,7,5
5563,FBXL20,77,45,11,5,52,32,4,0,322,193,245,307,317,25,13,7,5
1759,C11orf54,55,37,9,2,71,35,2,1,322,196,250,311,319,-16,2,7,1
4241,DESI2,45,25,8,2,63,30,1,0,322,214,267,313,320,-18,-5,7,2
1765,C11orf86,62,56,11,0,21,17,4,1,322,239,249,307,321,41,39,7,-1
492,AKAIN1,33,23,10,2,22,11,3,0,322,267,288,309,320,11,12,7,2
4607,DTX3,86,50,16,7,76,46,9,0,322,160,226,297,315,10,4,7,7
2425,CCDC7,101,48,9,2,63,37,2,1,322,158,237,311,319,38,11,7,1
1884,C1orf43,63,33,9,3,45,23,2,1,322,214,266,311,318,18,10,7,2
2446,CCDC88C,56,30,9,3,64,28,2,0,322,202,264,311,319,-8,2,7,3
5435,FAM3A,58,37,9,4,73,30,2,1,322,191,255,311,317,-15,7,7,3
5433,FAM25G,38,37,36,28,33,31,29,26,322,251,254,257,268,5,6,7,2
5536,FAXC,83,46,7,2,39,18,0,0,322,200,258,315,320,44,28,7,2
5427,FAM246A,17,16,10,4,10,8,3,1,322,295,298,309,317,7,8,7,3
4286,DHRS9,89,63,11,2,50,34,4,2,322,183,225,307,318,39,29,7,0
2469,CCL16,99,65,15,3,47,23,8,1,322,176,234,299,318,52,42,7,2
2478,CCL24,106,77,17,8,43,26,10,3,322,173,219,295,311,63,51,7,5
1814,C16orf89,98,56,9,2,53,31,2,0,322,171,235,311,320,45,25,7,2
4615,DUS1L,39,26,10,6,75,39,3,1,322,208,257,309,315,-36,-13,7,5
1808,C16orf72,84,43,9,4,49,21,2,0,322,189,258,311,318,35,22,7,4
2495,CCN4,54,39,13,3,42,27,6,1,322,226,256,303,318,12,12,7,2
2501,CCNB1IP1,55,26,9,4,70,35,2,0,322,197,261,311,318,-15,-9,7,4
503,AKAP6,84,52,12,3,54,33,5,2,322,184,237,305,317,30,19,7,1
2502,CCNB2,47,25,8,4,82,45,1,0,322,193,252,313,318,-35,-20,7,4
1806,C16orf70,59,29,8,2,75,40,1,0,322,188,253,313,320,-16,-11,7,2
5552,FBRS,62,23,8,5,53,22,1,1,322,207,277,313,316,9,1,7,4
2512,CCNG1,52,32,11,7,65,28,4,0,322,205,262,307,315,-13,4,7,7
2514,CCNH,55,33,8,3,59,27,1,0,322,208,262,313,319,-4,6,7,3
2520,CCNL1,74,49,9,5,68,35,2,1,322,180,238,311,316,6,14,7,4
319,ADD3,49,30,10,5,54,23,3,1,322,219,269,309,316,-5,7,7,4
109,ABR,40,24,7,4,90,46,0,0,322,192,252,315,318,-50,-22,7,4
4495,DOCK3,55,31,15,4,74,41,8,2,322,193,250,299,316,-19,-10,7,2
3447,COMMD6,64,38,10,8,53,27,3,2,322,205,257,309,312,11,11,7,6
1169,ASS1,64,42,15,4,56,34,8,1,322,202,246,299,317,8,8,7,3
845,API5,65,35,11,4,53,27,4,2,322,204,260,307,316,12,8,7,2
1073,ARPC4,53,28,9,6,53,28,2,1,322,216,266,311,315,0,0,7,5
3458,COPE,58,35,10,8,45,24,3,2,322,219,263,309,312,13,11,7,6
1181,ATAD3A,44,28,9,4,65,42,2,0,322,213,252,311,318,-21,-14,7,4
3783,CTNNA1,47,34,11,6,64,34,4,1,322,211,254,307,315,-17,0,7,5
3781,CTIF,54,23,9,6,76,49,2,0,322,192,250,311,316,-22,-26,7,6
3628,CRKL,81,48,10,5,45,25,3,2,322,196,249,309,315,36,23,7,3
943,ARHGAP19,55,31,9,2,76,48,2,0,322,191,243,311,320,-21,-17,7,2
58,ABCC5,76,45,10,6,51,25,3,1,322,195,252,309,315,25,20,7,5
3776,CTDSPL,46,29,13,8,82,50,6,0,322,194,243,303,314,-36,-21,7,8
5044,EPHX2,68,43,10,6,58,30,3,1,322,196,249,309,315,10,13,7,5
5753,FKBP1A,52,32,8,4,42,23,1,1,322,228,267,313,317,10,9,7,3
5796,FMNL3,68,36,9,4,61,32,2,0,322,193,254,311,318,7,4,7,4
5281,FAIM2,66,48,14,7,49,26,7,1,322,207,248,301,314,17,22,7,6
3298,CMTR1,43,23,10,5,89,42,3,0,322,190,257,309,317,-46,-19,7,5
5050,EPN2,47,30,11,8,77,46,4,1,322,198,246,307,313,-30,-16,7,7
35,ABCA3,77,46,13,6,89,56,6,1,322,156,220,303,315,-12,-10,7,5
78,ABHD11,59,35,9,6,72,31,2,1,322,191,256,311,315,-13,4,7,5
3690,CSH2,29,24,8,2,6,6,1,0,322,287,292,313,320,23,18,7,2
1064,ARMT1,73,37,10,3,52,28,3,1,322,197,257,309,318,21,9,7,2
738,ANKRD54,62,39,9,6,44,19,2,1,322,216,264,311,315,18,20,7,5
3468,COPS7B,77,49,11,6,34,15,4,3,322,211,258,307,313,43,34,7,3
958,ARHGAP33,70,44,14,10,98,57,7,2,322,154,221,301,310,-28,-13,7,8
3469,COPS8,60,35,9,6,55,32,2,0,322,207,255,311,316,5,3,7,6
1189,ATF2,109,61,9,3,35,25,2,1,322,178,236,311,318,74,36,7,2
1052,ARMC9,65,37,11,4,66,40,4,0,322,191,245,307,318,-1,-3,7,4
5734,FIBP,55,32,13,6,50,21,6,2,322,217,269,303,314,5,11,7,4
1050,ARMC7,84,44,10,4,57,28,3,1,322,181,250,309,317,27,16,7,3
791,AOAH,49,34,13,2,64,34,6,1,322,209,254,303,319,-15,0,7,1
83,ABHD14A-ACY1,76,56,26,10,106,67,19,6,322,140,199,277,306,-30,-11,7,4
1039,ARL8A,37,26,11,7,92,44,4,0,322,193,252,307,315,-55,-18,7,7
3772,CTDNEP1,58,31,10,5,50,21,3,1,322,214,270,309,316,8,10,7,4
5289,FAM110B,92,45,8,2,35,17,1,0,322,195,260,313,320,57,28,7,2
1193,ATF6,46,25,8,3,50,21,1,0,322,226,276,313,319,-4,4,7,3
3240,CLK3,109,62,10,7,37,16,3,0,322,176,244,309,315,72,46,7,7
772,ANPEP,95,64,13,4,68,45,6,1,322,159,213,303,317,27,19,7,3
929,ARFIP2,63,36,9,4,42,21,2,0,322,217,265,311,318,21,15,7,4
3255,CLPSL1,35,33,19,12,30,25,12,9,322,257,264,291,301,5,8,7,3
3227,CLIC1,44,26,10,7,66,43,3,1,322,212,253,309,314,-22,-17,7,6
1145,ASH1L,71,35,8,4,53,18,1,0,322,198,269,313,318,18,17,7,4
3234,CLIP1,49,33,9,6,65,24,2,0,322,208,265,311,316,-16,9,7,6
768,ANP32A,54,26,10,7,52,29,3,2,322,216,267,309,313,2,-3,7,5
3565,CPSF4,36,26,11,7,70,38,4,2,322,216,258,307,313,-34,-12,7,5
925,ARFGEF1,43,25,9,6,56,31,2,0,322,223,266,311,316,-13,-6,7,6
67,ABCF1,54,30,9,6,51,30,2,1,322,217,262,311,315,3,0,7,5
5142,ESRP1,67,57,19,12,86,50,12,4,322,169,215,291,306,-19,7,7,8
1137,ASCL3,33,31,14,6,18,16,7,4,322,271,275,301,312,15,15,7,2
1130,ASB8,63,33,9,6,67,33,2,2,322,192,256,311,314,-4,0,7,4
5143,ESRP2,87,59,21,12,93,53,14,3,322,142,210,287,307,-6,6,7,9
914,ARCN1,66,36,8,4,36,21,1,0,322,220,265,313,318,30,15,7,4
911,ARAP2,61,35,9,3,52,24,2,0,322,209,263,311,319,9,11,7,3
70,ABCF3,58,37,12,6,68,35,5,2,322,196,250,305,314,-10,2,7,4
1100,ART3,42,33,14,3,34,27,7,3,322,246,262,301,316,8,6,7,0
17,AAMP,60,42,11,5,43,25,4,1,322,219,255,307,316,17,17,7,4
3258,CLPTM1L,49,30,9,4,54,21,2,1,322,219,271,311,317,-5,9,7,3
3730,CST9,42,30,9,2,17,10,2,0,322,263,282,311,320,25,20,7,2
5744,FIS1,74,43,11,8,45,22,4,2,322,203,257,307,312,29,21,7,6
5773,FLII,48,30,13,8,74,36,6,2,322,200,256,303,312,-26,-6,7,6
5038,EPHB1,79,47,16,6,90,51,9,2,322,153,224,297,314,-11,-4,7,4
1088,ARRDC5,55,42,8,1,27,18,1,0,322,240,262,313,321,28,24,7,1
774,ANTXR1,56,27,8,5,65,36,1,0,322,201,259,313,317,-9,-9,7,5
5158,ETFB,50,29,12,7,48,23,5,4,322,224,270,305,311,2,6,7,3
3767,CTBP2,56,32,10,7,60,35,3,1,322,206,255,309,314,-4,-3,7,6
3707,CSNK2A1,66,34,9,7,49,27,2,0,322,207,261,311,315,17,7,7,7
901,AQP4,34,21,12,4,36,21,5,1,322,252,280,305,317,-2,0,7,3
891,APPL2,54,29,12,3,102,45,5,0,322,166,248,305,319,-48,-16,7,3
1191,ATF4,64,38,12,8,69,50,5,1,322,189,234,305,313,-5,-12,7,7
3397,COL17A1,82,51,14,6,63,29,7,2,322,177,242,301,314,19,22,7,4
3247,CLN8,70,42,9,2,42,20,2,0,322,210,260,311,320,28,22,7,2
981,ARHGEF17,32,18,7,3,116,63,0,0,322,174,241,315,319,-84,-45,7,3
1237,ATP13A3,59,30,8,3,63,21,1,0,322,200,271,313,319,-4,9,7,3
5221,EXT1,46,21,8,5,85,43,1,0,322,191,258,313,317,-39,-22,7,5
5719,FGL1,59,45,8,1,30,19,1,1,322,233,258,313,320,29,26,7,0
1215,ATG9A,60,38,11,6,65,27,4,1,322,197,257,307,315,-5,11,7,5
3671,CRYZL1,57,31,8,2,57,21,1,0,322,208,270,313,320,0,10,7,2
3812,CTSV,80,52,8,3,32,20,1,0,322,210,250,313,319,48,32,7,3
5778,FLOT2,46,29,9,7,64,28,2,1,322,212,265,311,314,-18,1,7,6
691,ANKRD11,44,26,11,6,83,52,4,1,322,195,244,307,315,-39,-26,7,5
4,A3GALT2,52,48,18,2,55,47,11,1,322,215,227,293,319,-3,1,7,1
811,AP3B1,50,32,8,3,41,19,1,0,322,231,271,313,319,9,13,7,3
1011,ARIH2,51,28,8,4,59,32,1,0,322,212,262,313,318,-8,-4,7,4
3368,CNTROB,44,28,10,6,93,44,3,0,322,185,250,309,316,-49,-16,7,6
5012,EP300,62,32,9,2,59,35,2,1,322,201,255,311,319,3,-3,7,1
3498,COX15,73,45,7,3,40,20,0,0,322,209,257,315,319,33,25,7,3
812,AP3B2,78,41,11,4,59,30,4,0,322,185,251,307,318,19,11,7,4
99,ABI2,57,36,9,2,51,22,2,0,322,214,264,311,320,6,14,7,2
7,AAAS,41,26,9,6,61,36,2,1,322,220,260,311,315,-20,-10,7,5
5775,FLNB,65,24,9,2,56,34,2,1,322,201,264,311,319,9,-10,7,1
1195,ATF7,51,32,8,6,77,49,1,0,322,194,241,313,316,-26,-17,7,6
3168,CLDN10,75,43,8,4,53,24,1,0,322,194,255,313,318,22,19,7,4
3499,COX16,68,44,10,6,83,33,3,1,322,171,245,309,315,-15,11,7,5
5295,FAM114A2,78,45,9,4,69,29,2,0,322,175,248,311,318,9,16,7,4
799,AP1G1,67,32,9,6,50,28,2,0,322,205,262,311,316,17,4,7,6
3170,CLDN12,140,74,11,8,45,24,4,3,322,137,224,307,311,95,50,7,5
5297,FAM117B,73,34,7,1,45,17,0,0,322,204,271,315,321,28,17,7,1
5076,ERBIN,52,32,9,5,75,42,2,0,322,195,248,311,317,-23,-10,7,5
966,ARHGAP45,71,43,9,2,61,31,2,1,322,190,248,311,319,10,12,7,1
3375,COA8,77,47,11,6,42,22,4,2,322,203,253,307,314,35,25,7,4
3355,CNTN2,39,28,11,7,27,15,4,2,322,256,279,307,313,12,13,7,5
1000,ARID1A,47,29,11,7,71,35,4,1,322,204,258,307,314,-24,-6,7,6
796,AOX1,109,67,13,4,53,32,6,1,322,160,223,303,317,56,35,7,3
3795,CTR9,74,37,10,1,88,40,3,0,322,160,245,309,321,-14,-3,7,1
3507,COX5B,66,36,10,7,40,15,3,1,322,216,271,309,314,26,21,7,6
1037,ARL6IP5,64,34,7,5,55,28,0,0,322,203,260,315,317,9,6,7,5
3824,CTXND2,34,32,8,4,25,21,1,0,322,263,269,313,318,9,11,7,4
15320,SLC35E3,48,28,7,6,62,22,1,0,322,212,272,314,316,-14,6,6,6
5128,ERVV-1,32,20,10,2,19,11,4,0,322,271,291,308,320,13,9,6,2
15659,SND1,50,27,9,5,39,18,3,1,322,233,277,310,316,11,9,6,4
17296,TMEM94,54,36,11,6,63,34,5,0,322,205,252,306,316,-9,2,6,6
986,ARHGEF26,57,25,6,3,57,24,0,0,322,208,273,316,319,0,1,6,3
7364,HSPBAP1,75,37,6,1,58,24,0,0,322,189,261,316,321,17,13,6,1
8471,KLHDC8B,69,40,12,5,64,37,6,1,322,189,245,304,316,5,3,6,4
7365,HSPBP1,55,31,12,7,52,31,6,2,322,215,260,304,313,3,0,6,5
4610,DTYMK,49,28,8,5,60,30,2,1,322,213,264,312,316,-11,-2,6,4
15653,SNAPC5,73,41,9,1,45,24,3,2,322,204,257,310,319,28,17,6,-1
15652,SNAPC4,44,26,8,5,97,54,2,0,322,181,242,312,317,-53,-28,6,5
17311,TMPO,42,28,8,4,57,34,2,0,322,223,260,312,318,-15,-6,6,4
15271,SLC29A4,53,34,8,3,58,30,2,0,322,211,258,312,319,-5,4,6,3
1696,BTBD16,71,40,10,2,49,21,4,1,322,202,261,308,319,22,19,6,1
4680,DZANK1,73,41,9,3,50,23,3,0,322,199,258,310,319,23,18,6,3
8464,KLHDC10,142,71,6,4,37,18,0,0,322,143,233,316,318,105,53,6,4
15275,SLC2A12,74,43,11,0,46,22,5,1,322,202,257,306,321,28,21,6,-1
1837,C18orf54,94,63,6,1,46,24,0,0,322,182,235,316,321,48,39,6,1
7447,IDS,64,37,9,5,36,14,3,2,322,222,271,310,315,28,23,6,3
15649,SNAPC1,88,53,6,3,45,23,0,0,322,189,246,316,319,43,30,6,3
15648,SNAP91,57,38,11,1,49,28,5,0,322,216,256,306,321,8,10,6,1
1709,BTF3L4,39,23,8,4,71,42,2,1,322,212,257,312,317,-32,-19,6,3
8441,KLC1,46,23,9,6,93,64,3,2,322,183,235,310,314,-47,-41,6,4
7444,IDNK,81,58,9,4,78,39,3,1,322,163,225,310,317,3,19,6,3
15642,SNAI2,92,59,21,13,91,59,15,2,322,139,204,286,307,1,0,6,11
15292,SLC30A5,64,41,10,6,55,24,4,0,322,203,257,308,316,9,17,6,6
15343,SLC38A10,50,23,7,7,80,48,1,0,322,192,251,314,315,-30,-25,6,7
7411,HYOU1,68,41,9,7,57,33,3,1,322,197,248,310,314,11,8,6,6
15369,SLC40A1,50,35,12,5,92,56,6,3,322,180,231,304,314,-42,-21,6,2
17282,TMEM80,67,39,11,4,79,40,5,0,322,176,243,306,318,-12,-1,6,4
15562,SMG7,55,30,8,2,47,26,2,0,322,220,266,312,320,8,4,6,2
15491,SLFN11,98,61,11,1,41,25,5,2,322,183,236,306,319,57,36,6,-1
8550,KNG1,67,34,6,2,23,14,0,0,322,232,274,316,320,44,20,6,2
17199,TMEM238L,51,37,7,1,10,6,1,0,322,261,279,314,321,41,31,6,1
17206,TMEM245,36,21,7,3,77,38,1,0,322,209,263,314,319,-41,-17,6,3
15498,SLIRP,54,31,10,8,45,19,4,3,322,223,272,308,311,9,12,6,5
15262,SLC27A4,41,21,7,5,94,48,1,0,322,187,253,314,317,-53,-27,6,5
5109,ERLIN1,54,32,6,1,70,34,0,0,322,198,256,316,321,-16,-2,6,1
8541,KMT2B,58,38,13,5,110,66,7,3,322,154,218,302,314,-52,-28,6,2
4653,DYDC2,92,60,11,2,66,40,5,0,322,164,222,306,320,26,20,6,2
5100,ERI3,57,35,9,7,59,26,3,1,322,206,261,310,314,-2,9,6,6
7413,IAH1,47,34,10,3,71,43,4,3,322,204,245,308,316,-24,-9,6,0
4647,DUXB,43,40,11,7,26,18,5,0,322,253,264,306,315,17,22,6,7
1747,C10orf90,57,43,10,3,50,30,4,0,322,215,249,308,319,7,13,6,3
962,ARHGAP4,80,62,19,2,80,57,13,5,322,162,203,290,315,0,5,6,-3
15519,SLX4IP,76,31,7,2,42,17,1,1,322,204,274,314,319,34,14,6,1
17220,TMEM258,62,37,11,5,46,22,5,3,322,214,263,306,314,16,15,6,2
8538,KLRK1,54,39,13,3,46,28,7,4,322,222,255,302,315,8,11,6,-1
15515,SLURP2,19,16,9,5,10,9,3,3,322,293,297,310,314,9,7,6,2
4660,DYNC1LI2,72,37,11,8,47,25,5,0,322,203,260,306,314,25,12,6,8
17246,TMEM39B,59,34,11,5,56,27,5,2,322,207,261,306,315,3,7,6,3
8557,KPNA3,49,25,7,5,64,32,1,0,322,209,265,314,317,-15,-7,6,5
17184,TMEM222,49,32,9,7,75,41,3,2,322,198,249,310,313,-26,-9,6,5
7435,ID4,58,41,11,7,35,19,5,0,322,229,262,306,315,23,22,6,7
17276,TMEM70,68,38,8,1,45,31,2,2,322,209,253,312,319,23,7,6,-1
15379,SLC44A4,94,49,9,5,52,28,3,0,322,176,245,310,317,42,21,6,5
1788,C12orf75,72,47,13,8,53,33,7,4,322,197,242,302,310,19,14,6,4
17273,TMEM67,83,52,10,4,63,32,4,1,322,176,238,308,317,20,20,6,3
8584,KRT18,86,37,9,1,50,30,3,0,322,186,255,310,321,36,7,6,1
15430,SLC6A15,80,44,10,4,67,25,4,1,322,175,253,308,317,13,19,6,3
4666,DYNLL2,70,44,7,4,52,26,1,0,322,200,252,314,318,18,18,6,4
4663,DYNC2I2,41,26,12,8,59,31,6,0,322,222,265,304,314,-18,-5,6,8
15571,SMIM11B,86,69,40,25,83,59,34,16,322,153,194,248,281,3,10,6,9
17257,TMEM50B,61,35,10,6,77,37,4,1,322,184,250,308,315,-16,-2,6,5
1779,C12orf50,57,47,14,7,50,40,8,2,322,215,235,300,313,7,7,6,5
15443,SLC6A9,61,39,11,5,89,56,5,4,322,172,227,306,313,-28,-17,6,1
15461,SLC8B1,85,57,7,3,48,17,1,1,322,189,248,314,318,37,40,6,2
15468,SLC9A5,107,73,9,1,60,29,3,0,322,155,220,310,321,47,44,6,1
8492,KLHL3,79,47,11,2,47,23,5,2,322,196,252,306,318,32,24,6,0
17252,TMEM44,55,30,10,6,91,40,4,2,322,176,252,308,314,-36,-10,6,4
7427,ICE1,39,27,6,4,45,30,0,0,322,238,265,316,318,-6,-3,6,4
15582,SMIM22,58,47,27,11,56,44,21,5,322,208,231,274,306,2,3,6,6
16601,TBCCD1,72,47,9,4,52,30,3,0,322,198,245,310,318,20,17,6,4
8668,KRTAP2-2,20,20,11,4,12,11,5,0,322,290,291,306,318,8,9,6,4
825,AP5Z1,95,51,11,3,42,21,5,0,322,185,250,306,319,53,30,6,3
17617,TRAPPC6B,60,37,10,0,75,39,4,0,322,187,246,308,322,-15,-2,6,0
14747,SELENOS,69,42,9,3,54,28,3,0,322,199,252,310,319,15,14,6,3
4512,DONSON,73,42,10,4,43,23,4,0,322,206,257,308,318,30,19,6,4
816,AP3S1,51,30,8,4,57,26,2,0,322,214,266,312,318,-6,4,6,4
17611,TRAPPC2L,77,50,13,10,65,36,7,2,322,180,236,302,310,12,14,6,8
14760,SEMA3F,62,40,11,3,104,57,5,0,322,156,225,306,319,-42,-17,6,3
8898,LGALS3BP,41,28,12,8,79,37,6,0,322,202,257,304,314,-38,-9,6,8
17597,TRAK1,47,23,9,5,78,42,3,0,322,197,257,310,317,-31,-19,6,5
17540,TRAFD1,53,27,10,5,78,42,4,0,322,191,253,308,317,-25,-15,6,5
14763,SEMA4B,60,37,12,4,80,41,6,1,322,182,244,304,317,-20,-4,6,3
14766,SEMA4F,55,32,7,1,83,37,1,0,322,184,253,314,321,-28,-5,6,1
5192,EXD2,54,33,10,3,65,36,4,0,322,203,253,308,319,-11,-3,6,3
14775,SEMG1,32,18,6,0,14,1,0,0,322,276,303,316,322,18,17,6,0
15216,SLC25A23,47,32,10,5,62,26,4,2,322,213,264,308,315,-15,6,6,3
14777,SENP1,115,56,8,2,25,12,2,1,322,182,254,312,319,90,44,6,1
14778,SENP2,50,26,7,5,67,30,1,0,322,205,266,314,317,-17,-4,6,5
8874,LEMD2,41,25,11,5,81,47,5,2,322,200,250,306,315,-40,-22,6,3
2034,C8orf34,94,49,9,0,49,28,3,0,322,179,245,310,322,45,21,6,0
14809,SERINC2,60,35,10,4,69,37,4,4,322,193,250,308,314,-9,-2,6,0
2028,C7orf57,85,62,9,1,66,49,3,0,322,171,211,310,321,19,13,6,1
8860,LDLRAD1,95,48,6,1,56,23,0,0,322,171,251,316,321,39,25,6,1
7241,HOXC11,66,34,10,1,57,28,4,1,322,199,260,308,320,9,6,6,0
14833,SERPINB5,78,57,10,2,66,47,4,0,322,178,218,308,320,12,10,6,2
14850,SERTAD2,63,38,6,2,46,29,0,0,322,213,255,316,320,17,9,6,2
14858,SESTD1,72,40,14,6,80,44,8,3,322,170,238,300,313,-8,-4,6,3
8843,LCOR,92,64,27,11,79,58,21,6,322,151,200,274,305,13,6,6,5
17620,TRARG1,53,35,7,2,15,7,1,0,322,254,280,314,320,38,28,6,2
8909,LGI3,70,45,7,1,47,24,1,0,322,205,253,314,321,23,21,6,1
14740,SELENOH,51,27,8,6,54,21,2,0,322,217,274,312,316,-3,6,6,6
14739,SELENOF,59,31,8,4,57,22,2,0,322,206,269,312,318,2,9,6,4
14647,SCRG1,96,53,8,4,45,20,2,1,322,181,249,312,317,51,33,6,3
2126,CAGE1,97,52,7,1,53,19,1,0,322,172,251,314,321,44,33,6,1
2123,CADM4,54,39,12,7,73,33,6,3,322,195,250,304,312,-19,6,6,4
14660,SCYGR1,10,10,9,8,3,3,3,1,322,309,309,310,313,7,7,6,7
810,AP2S1,44,30,10,6,52,25,4,2,322,226,267,308,314,-8,5,6,4
7185,HNRNPA3,56,31,8,5,41,20,2,0,322,225,271,312,317,15,11,6,5
7186,HNRNPAB,50,34,8,7,66,37,2,1,322,206,251,312,314,-16,-3,6,6
17684,TRBV10-1,6,6,6,0,1,0,0,0,322,315,316,316,322,5,6,6,0
14667,SCYGR8,29,27,7,0,5,4,1,1,322,288,291,314,321,24,23,6,-1
7192,HNRNPD,43,26,9,6,59,32,3,1,322,220,264,310,315,-16,-6,6,5
8964,LIN52,58,29,9,3,54,29,3,0,322,210,264,310,319,4,0,6,3
5211,EXOSC10,45,19,9,3,75,47,3,0,322,202,256,310,319,-30,-28,6,3
7196,HNRNPH2,72,52,7,4,48,19,1,1,322,202,251,314,317,24,33,6,3
5210,EXOSC1,62,35,10,4,55,24,4,1,322,205,263,308,317,7,11,6,3
8957,LIMS1,46,25,7,2,41,21,1,0,322,235,276,314,320,5,4,6,2
4499,DOCK7,68,39,12,6,55,30,6,1,322,199,253,304,315,13,9,6,5
8946,LILRB3,105,60,7,1,41,19,1,1,322,176,243,314,320,64,41,6,0
14703,SEC13,66,37,8,6,53,29,2,0,322,203,256,312,316,13,8,6,6
14714,SEC22C,44,25,11,4,82,41,5,0,322,196,256,306,318,-38,-16,6,4
14718,SEC24A,72,51,6,2,48,22,0,0,322,202,249,316,320,24,29,6,2
14720,SEC24C,67,41,9,7,48,24,3,0,322,207,257,310,315,19,17,6,7
2090,CACNA1A,75,44,12,4,75,48,6,3,322,172,230,304,315,0,-4,6,1
7202,HNRNPR,48,32,9,4,63,40,3,0,322,211,250,310,318,-15,-8,6,4
2087,CABYR,85,56,16,9,72,47,10,5,322,165,219,296,308,13,9,6,4
814,AP3M1,67,34,7,2,32,18,1,0,322,223,270,314,320,35,16,6,2
2007,C5orf63,81,43,9,1,48,28,3,1,322,193,251,310,320,33,15,6,0
840,APELA,75,51,15,5,62,38,9,0,322,185,233,298,317,13,13,6,5
14864,SETD3,35,18,8,3,64,33,2,0,322,223,271,312,319,-29,-15,6,3
15005,SHLD2,37,23,7,6,99,45,1,1,322,186,254,314,315,-62,-22,6,5
1937,C2CD2L,56,26,7,2,63,27,1,0,322,203,269,314,320,-7,-1,6,2
1932,C22orf23,94,65,18,3,99,69,12,4,322,129,188,292,315,-5,-4,6,-1
17391,TNK2,76,37,14,10,68,37,8,1,322,178,248,300,311,8,0,6,9
1927,C20orf96,63,38,8,1,68,38,2,2,322,191,246,312,319,-5,0,6,-1
15060,SIRPB2,88,45,9,1,68,34,3,0,322,166,243,310,321,20,11,6,1
1920,C20orf173,39,32,10,8,22,20,4,0,322,261,270,308,314,17,12,6,8
8731,KTN1,75,45,12,5,63,34,6,1,322,184,243,304,316,12,11,6,4
1913,C1QTNF9B,61,54,14,1,53,45,8,4,322,208,223,300,317,8,9,6,-3
15091,SLA,62,39,9,2,68,41,3,1,322,192,242,310,319,-6,-2,6,1
15097,SLAMF7,85,49,8,0,62,30,2,1,322,175,243,312,321,23,19,6,-1
909,ARAF,38,21,10,5,68,34,4,1,322,216,267,308,316,-30,-13,6,4
5153,ETDA,21,20,15,4,12,10,9,2,322,289,292,298,316,9,10,6,2
8712,KRTAP6-1,16,16,14,2,11,10,8,2,322,295,296,300,318,5,6,6,0
4606,DTX2,74,39,11,3,71,42,5,3,322,177,241,306,316,3,-3,6,0
918,ARF3,37,22,7,5,80,49,1,0,322,205,251,314,317,-43,-27,6,5
7332,HSFX2,55,47,29,16,34,32,23,11,322,233,243,270,295,21,15,6,5
1878,C1orf21,59,33,6,3,51,24,0,0,322,212,265,316,319,8,9,6,3
1876,C1orf194,47,40,22,10,38,32,16,9,322,237,250,284,303,9,8,6,1
920,ARF5,46,31,11,7,64,32,5,5,322,212,259,306,310,-18,-1,6,2
1860,C1orf109,60,26,9,4,61,34,3,1,322,201,262,310,317,-1,-8,6,3
17337,TMUB1,55,36,11,4,54,25,5,2,322,213,261,306,316,1,11,6,2
15206,SLC25A14,76,48,7,1,51,20,1,0,322,195,254,314,321,25,28,6,1
8677,KRTAP21-3,11,11,9,9,7,7,3,3,322,304,304,310,310,4,4,6,6
15211,SLC25A19,59,33,10,3,77,41,4,0,322,186,248,308,319,-18,-8,6,3
5145,ESRRB,50,28,7,1,94,44,1,1,322,178,250,314,320,-44,-16,6,0
15010,SHOC2,40,24,10,2,100,55,4,0,322,182,243,308,320,-60,-31,6,2
886,APOO,64,38,9,2,54,24,3,2,322,204,260,310,318,10,14,6,0
2004,C5orf51,74,39,7,1,52,28,1,0,322,196,255,314,321,22,11,6,1
17413,TNRC6A,72,42,8,4,45,19,2,0,322,205,261,312,318,27,23,6,4
2002,C5orf47,61,41,7,1,37,17,1,0,322,224,264,314,321,24,24,6,1
841,APEX1,40,27,9,6,59,35,3,2,322,223,260,310,314,-19,-8,6,4
1990,C4orf48,79,54,23,12,87,54,17,12,322,156,214,282,298,-8,0,6,0
14891,SFN,68,47,17,6,78,52,11,5,322,176,223,294,311,-10,-5,6,1
5183,EVI5,54,26,8,3,50,22,2,0,322,218,274,312,319,4,4,6,3
14894,SFRP1,58,28,7,2,50,18,1,1,322,214,276,314,319,8,10,6,1
4562,DRAP1,53,31,9,8,53,22,3,2,322,216,269,310,312,0,9,6,6
14916,SGCE,57,32,8,3,45,25,2,2,322,220,265,312,317,12,7,6,1
17494,TPM1,60,35,10,6,52,25,4,1,322,210,262,308,315,8,10,6,5
1979,C4B,100,71,28,13,86,65,22,9,322,136,186,272,300,14,6,6,4
8798,LATS1,77,40,7,1,48,23,1,0,322,197,259,314,321,29,17,6,1
1957,C2orf78,39,27,8,4,41,18,2,0,322,242,277,312,318,-2,9,6,4
852,APMAP,41,20,9,6,61,40,3,3,322,220,262,310,313,-20,-20,6,3
17453,TOR1B,72,47,8,2,49,29,2,0,322,201,246,312,320,23,18,6,2
17444,TOP2B,50,26,9,6,66,33,3,0,322,206,263,310,316,-16,-7,6,6
17439,TOMM70,55,32,7,2,47,27,1,0,322,220,263,314,320,8,5,6,2
1951,C2orf68,51,30,9,7,59,35,3,1,322,212,257,310,314,-8,-5,6,6
17434,TOMM40,45,28,11,5,71,32,5,1,322,206,262,306,316,-26,-4,6,4
17417,TNS2,60,34,8,2,103,53,2,0,322,159,235,312,320,-43,-19,6,2
8772,LAMTOR1,58,33,11,7,58,25,5,2,322,206,264,306,313,0,8,6,5
7288,HRK,104,54,6,2,34,16,0,0,322,184,252,316,320,70,38,6,2
8771,LAMP5,46,32,8,6,41,31,2,0,322,235,259,312,316,5,1,6,6
8770,LAMP3,76,42,8,1,68,27,2,0,322,178,253,312,321,8,15,6,1
8768,LAMP1,63,38,9,7,47,23,3,1,322,212,261,310,314,16,15,6,6
8767,LAMC3,87,50,8,1,52,20,2,1,322,183,252,312,320,35,30,6,0
15671,SNRNP40,60,30,7,4,62,32,1,0,322,200,260,314,318,-2,-2,6,4
15734,SOCS6,98,50,8,1,53,32,2,0,322,171,240,312,321,45,18,6,1
15676,SNRPB,46,28,10,6,46,20,4,2,322,230,274,308,314,0,8,6,4
1397,B4GAT1,42,24,9,5,114,55,3,0,322,166,243,310,317,-72,-31,6,5
1390,B4GALT1,46,32,9,2,69,27,3,0,322,207,263,310,320,-23,5,6,2
16281,SUCO,47,22,7,2,56,31,1,0,322,219,269,314,320,-9,-9,6,2
16749,TEP1,73,39,9,4,82,46,3,0,322,167,237,310,318,-9,-7,6,4
1185,ATAT1,71,32,10,7,51,27,4,0,322,200,263,308,315,20,5,6,7
7963,IQCC,48,31,9,6,101,54,3,1,322,173,237,310,315,-53,-23,6,5
16289,SULF2,78,59,16,7,69,36,10,3,322,175,227,296,312,9,23,6,4
4919,ELOC,75,41,9,4,31,18,3,0,322,216,263,310,318,44,23,6,4
16290,SULT1A1,71,52,14,5,88,55,8,2,322,163,215,300,315,-17,-3,6,3
16295,SULT1C2,107,68,10,2,50,28,4,0,322,165,226,308,320,57,40,6,2
7956,IPO9,33,24,9,5,76,40,3,0,322,213,258,310,317,-43,-16,6,5
7955,IPO8,58,30,12,2,78,45,6,1,322,186,247,304,319,-20,-15,6,1
7954,IPO7,50,32,9,3,73,37,3,0,322,199,253,310,319,-23,-5,6,3
1188,ATF1,59,28,8,1,52,33,2,1,322,211,261,312,320,7,-5,6,0
7953,IPO5,48,30,9,5,57,24,3,0,322,217,268,310,317,-9,6,6,5
7949,IPMK,78,45,7,1,48,22,1,0,322,196,255,314,321,30,23,6,1
16307,SUMO3,44,28,8,3,56,23,2,1,322,222,271,312,318,-12,5,6,2
16311,SUN3,72,54,12,1,52,33,6,2,322,198,235,304,319,20,21,6,-1
7937,INTS5,56,34,10,4,132,82,4,0,322,134,206,308,318,-76,-48,6,4
4928,ELP1,44,24,7,4,42,22,1,0,322,236,276,314,318,2,2,6,4
7934,INTS2,72,43,7,1,46,15,1,0,322,204,264,314,321,26,28,6,1
7929,INTS10,45,28,11,5,74,43,5,0,322,203,251,306,317,-29,-15,6,5
16315,SUPT20H,72,36,8,2,53,29,2,0,322,197,257,312,320,19,7,6,2
16318,SUPT3H,70,36,7,1,57,30,1,0,322,195,256,314,321,13,6,6,1
16320,SUPT5H,56,36,9,7,64,39,3,3,322,202,247,310,312,-8,-3,6,4
7922,INSM2,67,34,7,2,27,18,1,0,322,228,270,314,320,40,16,6,2
16265,STXBP1,76,44,13,6,43,26,7,4,322,203,252,302,312,33,18,6,2
1403,BABAM2,52,30,8,4,59,32,2,0,322,211,260,312,318,-7,-2,6,4
16325,SURF2,57,31,12,6,57,31,6,3,322,208,260,304,313,0,0,6,3
1177,ASZ1,30,22,8,1,31,24,2,1,322,261,276,312,320,-1,-2,6,0
8087,ITPR2,53,32,10,4,69,39,4,1,322,200,251,308,317,-16,-7,6,3
16800,TEX52,86,79,12,3,50,40,6,3,322,186,203,304,316,36,39,6,0
5027,EPG5,83,35,6,1,32,11,0,0,322,207,276,316,321,51,24,6,1
8085,ITPKC,46,31,11,5,90,49,5,2,322,186,242,306,315,-44,-18,6,3
4860,EIF3K,49,28,10,9,47,22,4,1,322,226,272,308,312,2,6,6,8
8077,ITLN2,41,38,10,2,21,17,4,0,322,260,267,308,320,20,21,6,2
1453,BBS9,83,40,8,2,58,24,2,0,322,181,258,312,320,25,16,6,2
16161,STAT2,121,75,8,3,38,18,2,0,322,163,229,312,319,83,57,6,3
1163,ASPHD2,75,36,8,2,59,30,2,2,322,188,256,312,318,16,6,6,0
8054,ITGAM,62,40,14,5,44,24,8,0,322,216,258,300,317,18,16,6,5
1432,BARX2,66,37,7,1,39,15,1,1,322,217,270,314,320,27,22,6,0
8038,ITFG2,71,41,16,8,60,31,10,6,322,191,250,296,308,11,10,6,2
16202,STK35,56,26,8,3,50,31,2,1,322,216,265,312,318,6,-5,6,2
16207,STK4,67,38,10,2,44,24,4,1,322,211,260,308,319,23,14,6,1
16787,TEX35,106,66,8,1,66,34,2,0,322,150,222,312,321,40,32,6,1
8026,ISLR2,93,58,9,3,72,44,3,0,322,157,220,310,319,21,14,6,3
16208,STK40,70,30,11,5,54,25,5,1,322,198,267,306,316,16,5,6,4
16214,STMND1,112,81,18,7,68,43,12,1,322,142,198,292,314,44,38,6,6
1168,ASRGL1,73,37,8,5,46,20,2,1,322,203,265,312,316,27,17,6,4
1424,BANF2,21,19,14,7,16,14,8,1,322,285,289,300,314,5,5,6,6
8015,IRX5,98,60,11,3,47,27,5,5,322,177,235,306,314,51,33,6,-2
16225,STOX2,77,53,14,7,63,41,8,0,322,182,228,300,315,14,12,6,7
16235,STRBP,52,30,10,4,45,19,4,0,322,225,273,308,318,7,11,6,4
16239,STRIT1,78,64,23,4,69,51,17,5,322,175,207,282,313,9,13,6,-1
1175,ASXL2,99,58,8,3,40,21,2,0,322,183,243,312,319,59,37,6,3
7920,INSL6,94,60,12,3,58,41,6,3,322,170,221,304,316,36,19,6,0
16728,TEFM,84,49,9,2,56,35,3,1,322,182,238,310,319,28,14,6,1
16805,TF,141,81,10,1,21,13,4,0,322,160,228,308,321,120,68,6,1
16437,TACO1,55,30,8,2,52,31,2,0,322,215,261,312,320,3,-1,6,2
16445,TADA3,55,31,8,2,40,17,2,1,322,227,274,312,319,15,14,6,1
4974,ENDOV,83,47,15,10,64,36,9,6,322,175,239,298,306,19,11,6,4
1307,ATP7B,56,34,9,1,80,41,3,0,322,186,247,310,321,-24,-7,6,1
16471,TAF4,49,28,9,3,76,35,3,1,322,197,259,310,318,-27,-7,6,2
16475,TAF6,56,31,8,5,49,19,2,1,322,217,272,312,316,7,12,6,4
16678,TCL1B,70,56,10,2,50,33,4,0,322,202,233,308,320,20,23,6,2
1306,ATP7A,61,31,9,2,86,31,3,0,322,175,260,310,320,-25,0,6,2
4984,ENOPH1,38,23,8,4,72,31,2,0,322,212,268,312,318,-34,-8,6,4
16487,TAGAP,65,43,6,3,45,23,0,0,322,212,256,316,319,20,20,6,3
16489,TAGLN2,45,32,13,7,67,30,7,2,322,210,260,302,313,-22,2,6,5
7808,IL1RL2,48,36,11,0,32,22,5,0,322,242,264,306,322,16,14,6,0
16500,TANK,58,32,8,4,59,29,2,2,322,205,261,312,316,-1,3,6,2
1283,ATP6V0A2,47,26,7,3,50,24,1,0,322,225,272,314,319,-3,2,6,3
16646,TCEAL2,25,20,6,1,22,12,0,0,322,275,290,316,321,3,8,6,1
1278,ATP5PF,56,36,10,7,45,29,4,2,322,221,257,308,313,11,7,6,5
7792,IL17RE,77,44,9,1,76,41,3,1,322,169,237,310,320,1,3,6,0
1276,ATP5PB,46,29,11,6,57,33,5,1,322,219,260,306,315,-11,-4,6,5
7737,IGLV5-48,8,8,8,3,2,2,2,0,322,312,312,312,319,6,6,6,3
7786,IL17D,93,58,20,10,82,52,14,2,322,147,212,288,310,11,6,6,8
1268,ATP5MC3,50,27,10,10,50,34,4,1,322,222,261,308,311,0,-7,6,9
1266,ATP5MC1,51,27,11,7,60,29,5,2,322,211,266,306,313,-9,-2,6,5
7772,IL11RA,74,37,9,0,61,29,3,1,322,187,256,310,321,13,8,6,-1
7764,IKZF2,102,55,11,3,56,31,5,0,322,164,236,306,319,46,24,6,3
16562,TBC1D15,70,40,6,1,53,24,0,0,322,199,258,316,321,17,16,6,1
5007,ENY2,47,29,8,4,67,26,2,0,322,208,267,312,318,-20,3,6,4
16439,TACR2,83,59,9,2,73,41,3,1,322,166,222,310,319,10,18,6,1
1316,ATPAF1,47,25,8,3,56,26,2,0,322,219,271,312,319,-9,-1,6,3
16327,SURF6,53,35,7,1,57,29,1,1,322,212,258,314,320,-4,6,6,0
16434,TACC1,57,34,9,4,89,41,3,0,322,176,247,310,318,-32,-7,6,4
4936,EMC1,53,28,7,4,46,32,1,1,322,223,262,314,317,7,-4,6,3
16340,SVBP,57,34,9,3,67,35,3,1,322,198,253,310,318,-10,-1,6,2
7903,INPP4B,83,44,7,0,66,28,1,0,322,173,250,314,322,17,16,6,0
1358,AXL,50,24,9,8,54,25,3,1,322,218,273,310,313,-4,-1,6,7
1351,AVPR1B,81,48,6,1,9,6,0,0,322,232,268,316,321,72,42,6,1
1348,AVP,23,18,12,2,13,12,6,1,322,286,292,304,319,10,6,6,1
4946,EMD,52,31,10,7,60,29,4,2,322,210,262,308,313,-8,2,6,5
16370,SYNCRIP,39,22,8,3,73,40,2,0,322,210,260,312,319,-34,-18,6,3
7686,IGKV3D-7,8,8,6,6,0,0,0,0,322,314,314,316,316,8,8,6,6
16719,TECPR2,68,35,6,5,52,24,0,0,322,202,263,316,317,16,11,6,5
7874,INAFM1,78,44,13,7,74,44,7,2,322,170,234,302,313,4,0,6,5
16385,SYNJ2BP-COX16,69,41,20,14,66,44,14,10,322,187,237,288,298,3,-3,6,4
1197,ATF7IP,67,42,11,3,60,37,5,1,322,195,243,306,318,7,5,6,2
7870,IMPDH2,44,29,12,6,52,24,6,2,322,226,269,304,314,-8,5,6,4
7869,IMPDH1,39,20,10,4,100,57,4,1,322,183,245,308,317,-61,-37,6,3
16397,SYT1,94,55,17,4,56,34,11,3,322,172,233,294,315,38,21,6,1
16696,TCTN3,40,22,8,3,69,30,2,1,322,213,270,312,318,-29,-8,6,2
7858,ILKAP,56,33,8,4,66,40,2,0,322,200,249,312,318,-10,-7,6,4
1332,ATXN7,58,33,6,1,54,31,0,0,322,210,258,316,321,4,2,6,1
16693,TCTEX1D4,85,76,22,5,92,71,16,3,322,145,175,284,314,-7,5,6,2
7852,IL9R,66,43,8,0,92,56,2,1,322,164,223,312,321,-26,-13,6,-1
16690,TCTA,56,32,8,3,57,17,2,0,322,209,273,312,319,-1,15,6,3
1208,ATG3,63,36,9,4,47,21,3,0,322,212,265,310,318,16,15,6,4
16686,TCP11L1,44,28,8,1,69,24,2,0,322,209,270,312,321,-25,4,6,1
1320,ATRAID,41,22,10,6,67,35,4,2,322,214,265,308,314,-26,-13,6,4
7638,IGHV7-81,14,11,7,2,3,2,1,1,322,305,309,314,319,11,9,6,1
16121,ST6GALNAC1,54,37,20,8,53,36,14,7,322,215,249,288,307,1,1,6,1
17147,TMEM184B,50,27,10,6,65,37,4,3,322,207,258,308,313,-15,-10,6,3
17075,TMEM116,110,74,12,6,59,32,6,3,322,153,216,304,313,51,42,6,3
8349,KIAA0100,48,25,10,9,60,26,4,4,322,214,271,308,309,-12,-1,6,5
15755,SOST,84,48,11,0,35,15,5,2,322,203,259,306,320,49,33,6,-2
4730,EDARADD,73,37,9,1,60,32,3,0,322,189,253,310,321,13,5,6,1
4733,EDDM13,42,40,19,10,38,31,13,8,322,242,251,290,304,4,9,6,2
15761,SOX1,25,14,6,2,22,10,0,0,322,275,298,316,320,3,4,6,2
17072,TMEM11,58,31,15,5,51,35,9,4,322,213,256,298,313,7,-4,6,1
4736,EDEM1,54,25,6,1,90,31,0,0,322,178,266,316,321,-36,-6,6,1
1036,ARL6IP4,57,36,9,7,46,23,3,2,322,219,263,310,313,11,13,6,5
1627,BORCS8,61,36,7,5,63,43,1,0,322,198,243,314,317,-2,-7,6,5
15775,SOX5,74,45,12,6,74,51,6,2,322,174,226,304,314,0,-6,6,4
4738,EDEM3,95,58,8,1,76,37,2,1,322,151,227,312,320,19,21,6,0
7500,IFNL4,29,26,6,1,10,8,0,0,322,283,288,316,321,19,18,6,1
17059,TMED9,54,27,12,4,59,29,6,0,322,209,266,304,318,-5,-2,6,4
15786,SP3,45,23,6,3,57,34,0,0,322,220,265,316,319,-12,-11,6,3
15790,SP7,71,42,7,1,44,27,1,1,322,207,253,314,320,27,15,6,0
1058,ARMCX6,81,41,9,5,50,29,3,1,322,191,252,310,316,31,12,6,4
4751,EEF1AKMT1,77,48,15,3,63,42,9,1,322,182,232,298,318,14,6,6,2
15811,SPAG7,44,31,8,5,60,33,2,1,322,218,258,312,316,-16,-2,6,4
1610,BOC,73,51,13,6,102,62,7,4,322,147,209,302,312,-29,-11,6,2
1607,BNIP3L,55,37,9,6,64,24,3,1,322,203,261,310,315,-9,13,6,5
1603,BNC2,82,47,8,4,72,39,2,1,322,168,236,312,317,10,8,6,3
7527,IGF2BP1,74,38,7,2,55,35,1,0,322,193,249,314,320,19,3,6,2
17014,TM4SF19-DYNLT2B,65,59,33,16,71,66,27,13,322,186,197,262,293,-6,-7,6,3
15838,SPATA21,105,83,15,4,73,53,9,2,322,144,186,298,316,32,30,6,2
16997,TLR2,69,43,10,4,46,31,4,0,322,207,248,308,318,23,12,6,4
15740,SOGA3,65,52,23,16,82,62,17,6,322,175,208,282,300,-17,-10,6,10
15739,SOGA1,53,28,8,3,72,26,2,1,322,197,268,312,318,-19,2,6,2
8286,KCNV2,53,32,8,4,15,10,2,2,322,254,280,312,316,38,22,6,2
4726,ECT2L,84,46,10,7,45,20,4,1,322,193,256,308,314,39,26,6,6
4705,EBNA1BP2,54,29,10,7,54,26,4,0,322,214,267,308,315,0,3,6,7
4706,EBP,48,27,12,6,62,33,6,2,322,212,262,304,314,-14,-6,6,4
15679,SNRPD1,56,39,10,6,63,38,4,2,322,203,245,308,314,-7,1,6,4
15692,SNU13,64,41,11,10,42,24,5,2,322,216,257,306,310,22,17,6,8
15695,SNW1,59,32,8,3,56,33,2,0,322,207,257,312,319,3,-1,6,3
7451,IER3IP1,60,35,9,1,48,20,3,1,322,214,267,310,320,12,15,6,0
1662,BRI3,59,33,8,7,35,9,2,1,322,228,280,312,314,24,24,6,6
17138,TMEM178A,60,43,15,3,70,56,9,2,322,192,223,298,317,-10,-13,6,1
8393,KIF1C,48,23,8,4,36,20,2,0,322,238,279,312,318,12,3,6,4
15705,SNX18,55,26,11,5,68,39,5,0,322,199,257,306,317,-13,-13,6,5
4717,ECI1,47,30,8,6,57,27,2,1,322,218,265,312,315,-10,3,6,5
15707,SNX2,66,39,8,3,64,38,2,0,322,192,245,312,319,2,1,6,3
1657,BRD8,66,34,12,5,79,40,6,0,322,177,248,304,317,-13,-6,6,5
15713,SNX27,59,28,7,4,48,24,1,0,322,215,270,314,318,11,4,6,4
8377,KIAA2013,52,29,10,7,63,35,4,1,322,207,258,308,314,-11,-6,6,6
17133,TMEM174,33,22,6,0,17,6,0,0,322,272,294,316,322,16,16,6,0
8376,KIAA2012,56,31,10,5,42,20,4,0,322,224,271,308,317,14,11,6,5
8375,KIAA1958,65,30,7,1,57,23,1,0,322,200,269,314,321,8,7,6,1
7464,IFI6,81,48,11,6,51,23,5,3,322,190,251,306,313,30,25,6,3
15723,SNX7,47,33,7,2,43,20,1,0,322,232,269,314,320,4,13,6,2
7472,IFITM10,94,57,8,1,57,26,2,0,322,171,239,312,321,37,31,6,1
1031,ARL5A,55,29,7,3,101,55,1,0,322,166,238,314,319,-46,-26,6,3
8368,KIAA1549,64,37,6,1,45,14,0,0,322,213,271,316,321,19,23,6,1
1032,ARL5B,62,31,7,1,54,27,1,0,322,206,264,314,321,8,4,6,1
7492,IFNE,97,83,9,2,45,28,3,1,322,180,211,310,319,52,55,6,1
15855,SPATA4,85,65,14,6,72,50,8,0,322,165,207,300,316,13,15,6,6
1595,BMPER,74,32,8,3,80,43,2,0,322,168,247,312,319,-6,-11,6,3
4858,EIF3I,51,31,7,4,30,10,1,1,322,241,281,314,317,21,21,6,3
16025,SRI,50,29,10,8,82,49,4,0,322,190,244,308,314,-32,-20,6,8
16868,THAP4,34,20,9,7,75,46,3,1,322,213,256,310,314,-41,-26,6,6
1500,BCORL1,80,43,9,4,71,37,3,1,322,171,242,310,317,9,6,6,3
16847,TGIF2,56,26,10,4,81,42,4,1,322,185,254,308,317,-25,-16,6,3
16051,SRSF10,54,27,8,4,48,26,2,0,322,220,269,312,318,6,1,6,4
16838,TGFB2,54,32,9,5,79,41,3,0,322,189,249,310,317,-25,-9,6,5
8154,KANK2,52,30,9,7,80,38,3,2,322,190,254,310,313,-28,-8,6,5
1491,BCL7B,45,26,8,3,49,24,2,0,322,228,272,312,319,-4,2,6,3
1490,BCL7A,70,41,7,2,58,26,1,0,322,194,255,314,320,12,15,6,2
1144,ASGR2,63,50,8,1,30,21,2,0,322,229,251,312,321,33,29,6,1
16827,TFIP11,86,43,11,3,41,21,5,1,322,195,258,306,318,45,22,6,2
4833,EIF1B,71,42,9,4,44,23,3,2,322,207,257,310,316,27,19,6,2
4835,EIF2AK1,59,31,8,3,61,33,2,0,322,202,258,312,319,-2,-2,6,3
16823,TFF1,29,24,19,11,27,23,13,3,322,266,275,290,308,2,1,6,8
4836,EIF2AK2,63,32,7,3,36,15,1,0,322,223,275,314,319,27,17,6,3
16066,SS18L2,48,26,8,4,64,32,2,0,322,210,264,312,318,-16,-6,6,4
16818,TFDP2,58,34,11,8,58,33,5,0,322,206,255,306,314,0,1,6,8
4840,EIF2B2,76,43,10,3,50,32,4,0,322,196,247,308,319,26,11,6,3
4842,EIF2B4,50,34,10,5,60,33,4,2,322,212,255,308,315,-10,1,6,3
16812,TFAP4,58,35,10,2,86,52,4,1,322,178,235,308,319,-28,-17,6,1
16080,SSR1,51,28,9,5,62,29,3,0,322,209,265,310,317,-11,-1,6,5
16082,SSR3,46,26,9,4,53,28,3,0,322,223,268,310,318,-7,-2,6,4
16105,SSX4B,8,8,6,4,0,0,0,0,322,314,314,316,318,8,8,6,4
4851,EIF3C,66,40,12,8,45,27,6,5,322,211,255,304,309,21,13,6,3
16807,TFAP2A,73,43,9,2,81,43,3,1,322,168,236,310,319,-8,0,6,1
8981,LIPA,38,22,7,4,80,45,1,0,322,204,255,314,318,-42,-23,6,4
16869,THAP5,57,25,9,5,72,35,3,1,322,193,262,310,316,-15,-10,6,4
16024,SRGN,88,62,13,3,68,47,7,3,322,166,213,302,316,20,15,6,0
15857,SPATA46,47,37,13,4,24,18,7,5,322,251,267,302,313,23,19,6,-1
1510,BECN1,76,47,8,5,42,18,2,0,322,204,257,312,317,34,29,6,5
15862,SPATA6L,74,42,6,1,55,27,0,0,322,193,253,316,321,19,15,6,1
1590,BMP5,54,16,6,2,39,16,0,0,322,229,290,316,320,15,0,6,2
16989,TLK2,56,29,8,5,68,31,2,0,322,198,262,312,317,-12,-2,6,5
1083,ARRB2,47,31,11,8,72,32,5,1,322,203,259,306,313,-25,-1,6,7
4787,EFHD2,41,19,8,4,65,34,2,1,322,216,269,312,317,-24,-15,6,3
1578,BLVRB,56,38,12,9,58,26,6,3,322,208,258,304,310,-2,12,6,6
1084,ARRDC1,57,31,12,7,84,41,6,0,322,181,250,304,315,-27,-10,6,7
8236,KCNJ12,80,44,7,4,53,19,1,1,322,189,259,314,317,27,25,6,3
1537,BHLHB9,105,61,12,5,44,23,6,3,322,173,238,304,314,61,38,6,2
1087,ARRDC4,114,71,11,4,64,39,5,1,322,144,212,306,317,50,32,6,3
16969,TKFC,56,37,10,5,66,33,4,0,322,200,252,308,317,-10,4,6,5
16966,TJP3,71,43,15,9,77,54,9,4,322,174,225,298,309,-6,-11,6,5
15967,SPRR2E,16,16,6,1,5,5,0,0,322,301,301,316,321,11,11,6,1
8212,KCNE2,75,66,13,3,57,49,7,1,322,190,207,302,318,18,17,6,2
16964,TJP1,48,34,8,3,72,34,2,0,322,202,254,312,319,-24,0,6,3
5039,EPHB2,43,23,7,2,87,46,1,0,322,192,253,314,320,-44,-23,6,2
15992,SPTLC1,61,32,8,4,49,25,2,1,322,212,265,312,317,12,7,6,3
16000,SPZ1,31,22,8,2,20,11,2,0,322,271,289,312,320,11,11,6,2
8197,KCNA7,96,52,7,1,40,17,1,0,322,186,253,314,321,56,35,6,1
16008,SRCAP,46,28,11,7,87,43,5,1,322,189,251,306,314,-41,-15,6,6
1101,ART4,102,58,6,0,37,16,0,0,322,183,248,316,322,65,42,6,0
16010,SRD5A1,60,36,9,4,52,26,3,2,322,210,260,310,316,8,10,6,2
16892,THOC5,61,34,12,4,47,21,6,2,322,214,267,304,316,14,13,6,2
16878,THBS4,67,42,9,7,59,27,3,0,322,196,253,310,315,8,15,6,7
1514,BEND3,70,40,7,2,36,19,1,0,322,216,263,314,320,34,21,6,2
16115,ST3GAL3,69,37,9,3,53,27,3,2,322,200,258,310,317,16,10,6,1
5823,FNTA,57,28,8,5,61,35,2,0,322,204,259,312,317,-4,-7,6,5
14643,SCOC,43,27,9,3,98,52,3,1,322,181,243,310,318,-55,-25,6,2
14636,SCNM1,56,31,8,4,44,20,2,1,322,222,271,312,317,12,11,6,3
3841,CWC15,66,41,7,3,51,27,1,1,322,205,254,314,318,15,14,6,2
3149,CLASP2,64,37,8,6,61,25,2,0,322,197,260,312,316,3,12,6,6
3150,CLASRP,77,40,12,8,59,35,6,2,322,186,247,304,312,18,5,6,6
3831,CUL4A,44,21,9,5,55,32,3,0,322,223,269,310,317,-11,-11,6,5
10496,NAT10,57,33,8,3,73,36,2,1,322,192,253,312,318,-16,-3,6,2
12416,PIK3C3,71,38,9,4,58,24,3,1,322,193,260,310,317,13,14,6,3
10501,NAT8L,68,42,6,6,103,46,0,0,322,151,234,316,316,-35,-4,6,6
12411,PIH1D2,92,62,11,0,90,55,5,1,322,140,205,306,321,2,7,6,-1
10509,NBAS,83,41,7,6,50,22,1,0,322,189,259,314,316,33,19,6,6
10510,NBDY,60,40,15,4,52,26,9,4,322,210,256,298,314,8,14,6,0
10511,NBEA,44,22,7,1,47,20,1,0,322,231,280,314,321,-3,2,6,1
12393,PIGG,72,45,10,5,49,28,4,1,322,201,249,308,316,23,17,6,4
10526,NBPF4,57,40,14,4,47,30,8,1,322,218,252,300,317,10,10,6,3
3820,CTXN1,65,44,15,9,82,48,9,3,322,175,230,298,310,-17,-4,6,6
3819,CTU2,59,35,14,5,67,37,8,5,322,196,250,300,312,-8,-2,6,0
10480,NAP1L1,46,26,8,6,53,30,2,1,322,223,266,312,315,-7,-4,6,5
10476,NANOS2,76,54,9,4,12,8,3,0,322,234,260,310,318,64,46,6,4
12437,PINK1,42,22,11,7,60,33,5,3,322,220,267,306,312,-18,-11,6,4
10443,NAA60,70,47,9,5,44,26,3,0,322,208,249,310,317,26,21,6,5
3102,CIAO2A,56,29,9,7,50,24,3,3,322,216,269,310,312,6,5,6,4
10418,MYT1,90,54,14,4,54,33,8,3,322,178,235,300,315,36,21,6,1
12529,PLAC9,62,51,23,11,55,42,17,11,322,205,229,282,300,7,9,6,0
3867,CXCR3,50,39,9,2,31,17,3,2,322,241,266,310,318,19,22,6,0
12498,PLA1A,48,36,10,5,29,18,4,0,322,245,268,308,317,19,18,6,5
12495,PKP2,57,32,7,2,37,13,1,1,322,228,277,314,319,20,19,6,1
3126,CISD1,43,33,7,6,53,26,1,1,322,226,263,314,315,-10,7,6,5
12446,PIP5K1A,55,32,8,6,55,24,2,0,322,212,266,312,316,0,8,6,6
12478,PKD2L2,101,57,12,4,57,33,6,2,322,164,232,304,316,44,24,6,2
3134,CIZ1,51,27,8,5,43,23,2,2,322,228,272,312,315,8,4,6,3
12458,PITPNM1,77,48,10,3,55,31,4,1,322,190,243,308,318,22,17,6,2
10464,NAGK,57,30,8,5,63,38,2,0,322,202,254,312,317,-6,-8,6,5
12455,PITPNA,49,32,8,3,61,34,2,0,322,212,256,312,319,-12,-2,6,3
3137,CKAP4,44,27,9,3,69,40,3,1,322,209,255,310,318,-25,-13,6,2
12376,PIAS2,62,38,12,3,59,28,6,0,322,201,256,304,319,3,10,6,3
12366,PHYKPL,49,29,13,8,69,41,7,0,322,204,252,302,314,-20,-12,6,8
3809,CTSL,51,33,8,3,46,21,2,0,322,225,268,312,319,5,12,6,3
3203,CLEC19A,88,53,9,1,54,30,3,2,322,180,239,310,319,34,23,6,-1
12334,PHF5A,67,33,8,4,48,22,2,0,322,207,267,312,318,19,11,6,4
10589,NDRG4,79,54,16,10,98,56,10,5,322,145,212,296,307,-19,-2,6,5
10595,NDUFA10,60,36,10,5,50,22,4,0,322,212,264,308,317,10,14,6,5
3191,CLDND1,58,31,10,7,48,27,4,2,322,216,264,308,313,10,4,6,5
3773,CTDP1,52,36,11,3,120,57,5,0,322,150,229,306,319,-68,-21,6,3
12306,PHACTR1,94,61,14,6,69,39,8,4,322,159,222,300,312,25,22,6,2
12287,PGK1,80,43,9,6,39,13,3,2,322,203,266,310,314,41,30,6,4
10581,NDFIP2,49,27,7,4,80,34,1,1,322,193,261,314,317,-31,-7,6,3
12285,PGGHG,84,49,8,3,76,39,2,1,322,162,234,312,318,8,10,6,2
12281,PGBD5,77,36,7,5,54,25,1,0,322,191,261,314,317,23,11,6,5
10626,NDUFB8,60,36,11,8,43,19,5,2,322,219,267,306,312,17,17,6,6
10632,NDUFS2,48,30,9,5,59,24,3,0,322,215,268,310,317,-11,6,6,5
12274,PGAP2,45,28,11,4,72,44,5,1,322,205,250,306,317,-27,-16,6,3
10636,NDUFS6,48,35,10,6,54,23,4,1,322,220,264,308,315,-6,12,6,5
10582,NDN,26,17,6,5,32,18,0,0,322,264,287,316,317,-6,-1,6,5
12335,PHF6,69,38,9,2,50,19,3,1,322,203,265,310,319,19,19,6,1
12360,PHTF1,67,44,7,2,68,34,1,0,322,187,244,314,320,-1,10,6,2
10559,NCLN,51,31,8,2,78,32,2,0,322,193,259,312,320,-27,-1,6,2
3807,CTSH,63,35,9,4,49,21,3,0,322,210,266,310,318,14,14,6,4
3805,CTSF,56,34,10,7,48,25,4,2,322,218,263,308,313,8,9,6,5
3803,CTSD,54,32,13,7,60,30,7,2,322,208,260,302,313,-6,2,6,5
3801,CTSB,49,25,8,5,50,26,2,0,322,223,271,312,317,-1,-1,6,5
3800,CTSA,56,37,9,5,40,15,3,2,322,226,270,310,315,16,22,6,3
10558,NCL,44,29,9,7,58,37,3,2,322,220,256,310,313,-14,-8,6,5
3799,CTRL,92,65,18,7,80,45,12,6,322,150,212,292,309,12,20,6,1
10578,NDE1,49,30,8,3,66,35,2,0,322,207,257,312,319,-17,-5,6,3
12347,PHLDA2,119,70,13,4,40,20,7,1,322,163,232,302,317,79,50,6,3
10563,NCOA3,68,32,7,3,45,27,1,1,322,209,263,314,318,23,5,6,2
12345,PHKG2,45,25,9,2,57,33,3,0,322,220,264,310,320,-12,-8,6,2
3177,CLDN2,62,45,12,5,42,37,6,0,322,218,240,304,317,20,8,6,5
3791,CTNND2,43,22,7,6,31,16,1,0,322,248,284,314,316,12,6,6,6
12341,PHKA1,57,24,6,1,59,26,0,0,322,206,272,316,321,-2,-2,6,1
3098,CHUK,58,30,8,1,61,34,2,0,322,203,258,312,321,-3,-4,6,1
10410,MYOZ2,53,36,7,1,35,18,1,0,322,234,268,314,321,18,18,6,1
10408,MYOT,49,33,9,5,32,16,3,0,322,241,273,310,317,17,17,6,5
10243,MTNR1A,64,52,11,3,37,29,5,2,322,221,241,306,317,27,23,6,1
12810,POTEB3,54,27,6,3,54,26,0,0,322,214,269,316,319,0,1,6,3
2994,CHCHD1,59,32,9,3,57,38,3,0,322,206,252,310,319,2,-6,6,3
3944,CYP3A43,89,65,13,3,63,42,7,3,322,170,215,302,316,26,23,6,0
10235,MTMR14,61,37,10,5,83,47,4,2,322,178,238,308,315,-22,-10,6,3
12788,POMGNT1,38,24,9,8,70,31,3,1,322,214,267,310,313,-32,-7,6,7
12783,POM121,33,18,8,4,73,36,2,1,322,216,268,312,317,-40,-18,6,3
3010,CHD8,57,38,9,5,68,40,3,0,322,197,244,310,317,-11,-2,6,5
12821,POU2AF1,97,64,11,1,46,29,5,0,322,179,229,306,321,51,35,6,1
10253,MTRF1L,74,36,7,2,41,20,1,0,322,207,266,314,320,33,16,6,2
12771,POLR2M,84,46,10,4,72,32,4,2,322,166,244,308,316,12,14,6,2
12768,POLR2J3,64,35,8,6,50,32,2,1,322,208,255,312,315,14,3,6,5
12762,POLR2F,65,42,11,6,34,15,5,2,322,223,265,306,314,31,27,6,4
3927,CYP2A7,42,33,10,4,24,20,4,2,322,256,269,308,316,18,13,6,2
12749,POLR1A,40,25,8,3,73,33,2,0,322,209,264,312,319,-33,-8,6,3
12817,POTEI,76,44,8,3,46,23,2,0,322,200,255,312,319,30,21,6,3
10221,MTHFD1L,60,41,8,4,62,36,2,1,322,200,245,312,317,-2,5,6,3
10273,MTX2,65,41,8,5,47,24,2,0,322,210,257,312,317,18,17,6,5
12881,PPIP5K1,95,54,12,4,53,29,6,1,322,174,239,304,317,42,25,6,3
10158,MSR1,57,36,20,10,54,34,14,7,322,211,252,288,305,3,2,6,3
12911,PPP1R14D,59,47,20,9,59,51,14,3,322,204,224,288,310,0,-4,6,6
12902,PPP1R11,66,36,7,4,45,20,1,1,322,211,266,314,317,21,16,6,3
10175,MT-CYB,73,42,12,5,63,37,6,2,322,186,243,304,315,10,5,6,3
12885,PPM1B,53,30,9,6,50,19,3,0,322,219,273,310,316,3,11,6,6
10184,MT1B,24,23,21,5,16,16,15,4,322,282,283,286,313,8,7,6,1
10191,MT1X,57,33,18,11,102,56,12,4,322,163,233,292,307,-45,-23,6,7
12827,POU3F3,39,23,7,7,34,13,1,1,322,249,286,314,314,5,10,6,6
2963,CFHR3,82,47,9,2,61,37,3,1,322,179,238,310,319,21,10,6,1
12862,PPIA,43,29,9,9,51,25,3,3,322,228,268,310,310,-8,4,6,6
3954,CYP4F2,55,37,12,3,61,41,6,4,322,206,244,304,315,-6,-4,6,-1
10208,MTERF2,80,47,15,3,66,40,9,2,322,176,235,298,317,14,7,6,1
10216,MTFR1L,46,25,9,6,55,26,3,1,322,221,271,310,315,-9,-1,6,5
12832,POU5F1,103,57,10,2,43,24,4,0,322,176,241,308,320,60,33,6,2
12740,POLG,56,34,16,8,82,58,10,4,322,184,230,296,310,-26,-24,6,4
12718,PODXL2,47,29,11,8,71,45,5,1,322,204,248,306,313,-24,-16,6,7
10401,MYOD1,29,15,6,2,16,8,0,0,322,277,299,316,320,13,7,6,2
10379,MYO19,35,18,9,7,86,44,3,0,322,201,260,310,315,-51,-26,6,7
10355,MYL12B,64,34,11,7,43,21,5,0,322,215,267,306,315,21,13,6,7
3889,CYB5D2,63,33,10,8,57,28,4,1,322,202,261,308,313,6,5,6,7
12614,PLLP,75,33,10,5,68,38,4,0,322,179,251,308,317,7,-5,6,5
12613,PLK5,97,67,12,4,57,33,6,1,322,168,222,304,317,40,34,6,3
3075,CHRND,32,26,10,3,30,14,4,2,322,260,282,308,317,2,12,6,1
12579,PLEKHF2,126,59,8,3,46,33,2,0,322,150,230,312,319,80,26,6,3
10381,MYO1B,56,33,10,3,42,25,4,0,322,224,264,308,319,14,8,6,3
12628,PLPP7,91,56,9,1,67,37,3,1,322,164,229,310,320,24,19,6,0
12576,PLEKHB2,63,37,7,3,39,10,1,1,322,220,275,314,318,24,27,6,2
12572,PLEKHA6,79,55,17,3,83,47,11,2,322,160,220,294,317,-4,8,6,1
10390,MYO5A,47,27,7,4,58,21,1,0,322,217,274,314,318,-11,6,6,4
12554,PLCXD2,95,46,7,2,47,22,1,1,322,180,254,314,319,48,24,6,1
12552,PLCL2,73,36,8,1,51,22,2,0,322,198,264,312,321,22,14,6,1
10399,MYOCD,73,42,8,1,27,22,2,0,322,222,258,312,321,46,20,6,1
10354,MYL12A,44,28,12,6,51,28,6,2,322,227,266,304,314,-7,0,6,4
10351,MYH9,51,34,10,7,82,42,4,2,322,189,246,308,313,-31,-8,6,5
10290,MUC6,50,38,15,2,37,24,9,4,322,235,260,298,316,13,14,6,-2
12673,PMS2,43,24,7,3,56,22,1,0,322,223,276,314,319,-13,2,6,3
12711,POC1A,39,30,11,6,97,48,5,1,322,186,244,306,315,-58,-18,6,5
3030,CHM,85,51,8,2,37,13,2,1,322,200,258,312,319,48,38,6,1
3031,CHML,68,36,8,2,49,20,2,0,322,205,266,312,320,19,16,6,2
12693,PNMA8C,86,43,7,2,40,18,1,0,322,196,261,314,320,46,25,6,2
3036,CHMP3,42,26,7,4,58,25,1,0,322,222,271,314,318,-16,1,6,4
3037,CHMP4A,55,33,7,6,42,24,1,0,322,225,265,314,316,13,9,6,6
3048,CHP2,71,36,7,1,55,31,1,0,322,196,255,314,321,16,5,6,1
12634,PLRG1,72,45,9,5,67,39,3,0,322,183,238,310,317,5,6,6,5
3049,CHPF,50,25,8,5,99,57,2,2,322,173,240,312,315,-49,-32,6,3
12651,PLXNB2,67,40,17,5,74,45,11,1,322,181,237,294,316,-7,-5,6,4
10343,MYH15,57,32,6,2,33,11,0,0,322,232,279,316,320,24,21,6,2
12642,PLTP,66,40,8,3,87,40,2,2,322,169,242,312,317,-21,0,6,1
12635,PLS1,66,38,10,5,55,25,4,0,322,201,259,308,317,11,13,6,5
10349,MYH7B,74,54,17,6,64,37,11,3,322,184,231,294,313,10,17,6,3
12261,PFKP,37,23,9,4,86,39,3,0,322,199,260,310,318,-49,-16,6,4
10648,NECAP2,78,41,12,6,54,32,6,3,322,190,249,304,313,24,9,6,3
10650,NECTIN2,43,28,10,6,78,45,4,1,322,201,249,308,315,-35,-17,6,5
11464,OR2S2,46,40,10,3,30,29,4,0,322,246,253,308,319,16,11,6,3
11592,OR56A4,83,39,8,1,51,27,2,0,322,188,256,312,321,32,12,6,1
11582,OR52L1,64,62,8,2,12,9,2,0,322,246,251,312,320,52,53,6,2
3584,CRACD,71,50,18,8,77,50,12,2,322,174,222,292,312,-6,0,6,6
11027,NR2F6,49,25,10,5,72,41,4,3,322,201,256,308,314,-23,-16,6,2
11029,NR3C2,96,44,6,0,42,17,0,0,322,184,261,316,322,54,27,6,0
11552,OR51E2,95,56,8,1,61,33,2,0,322,166,233,312,321,34,23,6,1
3450,COMMD9,61,28,8,7,37,15,2,0,322,224,279,312,315,24,13,6,7
11606,OR5B12,37,36,6,2,13,8,0,0,322,272,278,316,320,24,28,6,2
3451,COMP,74,39,6,0,45,24,0,0,322,203,259,316,322,29,15,6,0
11060,NRP1,67,37,12,5,72,37,6,1,322,183,248,304,316,-5,0,6,4
11411,OR1M1,69,42,6,0,49,21,0,0,322,204,259,316,322,20,21,6,0
11403,OR1J2,31,31,6,0,12,12,0,0,322,279,279,316,322,19,19,6,0
11074,NSF,58,31,8,2,57,25,2,0,322,207,266,312,320,1,6,6,2
11391,OR1A1,88,44,9,3,37,19,3,2,322,197,259,310,317,51,25,6,1
11013,NR1D1,83,55,13,5,76,32,7,3,322,163,235,302,314,7,23,6,2
3441,COMMD10,55,31,8,5,59,34,2,0,322,208,257,312,317,-4,-3,6,5
11081,NSMCE2,71,41,9,6,52,30,3,1,322,199,251,310,315,19,11,6,5
11732,OS9,52,28,9,7,44,25,3,0,322,226,269,310,315,8,3,6,7
11777,OTUD4,52,28,6,1,85,37,0,0,322,185,257,316,321,-33,-9,6,1
3422,COL6A1,60,29,8,8,48,21,2,2,322,214,272,312,312,12,8,6,6
3425,COL6A5,36,24,6,3,12,5,0,0,322,274,293,316,319,24,19,6,3
3430,COL9A1,64,45,7,3,50,26,1,0,322,208,251,314,319,14,19,6,3
11735,OSBPL10,45,29,9,6,46,21,3,1,322,231,272,310,315,-1,8,6,5
11733,OSBP,54,27,7,2,49,33,1,0,322,219,262,314,320,5,-6,6,2
11725,ORC5,72,41,9,4,61,36,3,1,322,189,245,310,317,11,5,6,3
11003,NPY,22,21,13,6,22,19,7,2,322,278,282,302,314,0,2,6,4
11684,OR7G2,85,52,7,0,47,17,1,0,322,190,253,314,322,38,35,6,0
10982,NPLOC4,42,24,8,4,55,31,2,1,322,225,267,312,317,-13,-7,6,3
10987,NPPA,59,52,15,4,38,30,9,6,322,225,240,298,312,21,22,6,-2
3608,CREG1,56,33,9,2,51,22,3,0,322,215,267,310,320,5,11,6,2
10993,NPRL2,55,37,10,6,54,26,4,1,322,213,259,308,315,1,11,6,5
11639,OR5P3,38,32,9,2,34,26,3,1,322,250,264,310,319,4,6,6,1
3454,COP1,58,30,8,3,56,30,2,0,322,208,262,312,319,2,0,6,3
11082,NSMCE3,70,35,6,1,45,20,0,0,322,207,267,316,321,25,15,6,1
3629,CRLF1,85,54,21,4,67,45,15,3,322,170,223,286,315,18,9,6,1
11219,NXPH3,73,44,11,1,75,40,5,2,322,174,238,306,319,-2,4,6,-1
3526,CPA5,81,67,29,15,72,56,23,6,322,169,199,270,301,9,11,6,9
11237,OBI1,74,46,7,0,55,36,1,0,322,193,240,314,322,19,10,6,0
3497,COX14,59,34,12,8,51,25,6,3,322,212,263,304,311,8,9,6,5
3519,COX8A,57,35,11,8,51,27,5,2,322,214,260,306,312,6,8,6,6
11225,NYNRIN,48,25,7,1,86,40,1,0,322,188,257,314,321,-38,-15,6,1
3518,COX7C,59,35,13,9,33,19,7,6,322,230,268,302,307,26,16,6,3
11176,NUP210L,90,59,11,5,32,13,5,2,322,200,250,306,315,58,46,6,3
11254,ODC1,52,29,10,6,59,36,4,0,322,211,257,308,316,-7,-7,6,6
3503,COX20,52,39,10,6,69,39,4,2,322,201,244,308,314,-17,0,6,4
11185,NUP62,42,23,9,6,67,38,3,3,322,213,261,310,313,-25,-15,6,3
11186,NUP62CL,70,48,8,0,53,30,2,0,322,199,244,312,322,17,18,6,0
11204,NWD1,87,59,9,1,29,13,3,0,322,206,250,310,321,58,46,6,1
11203,NVL,76,37,8,5,50,21,2,1,322,196,264,312,316,26,16,6,4
3514,COX7A2,54,36,9,5,41,22,3,2,322,227,264,310,315,13,14,6,3
11244,OCEL1,63,37,13,9,86,45,7,2,322,173,240,302,311,-23,-8,6,7
11265,OGA,50,27,10,5,95,51,4,0,322,177,244,308,317,-45,-24,6,5
11084,NSMF,48,29,12,9,89,44,6,2,322,185,249,304,311,-41,-15,6,7
11106,NTAQ1,48,24,9,2,80,40,3,0,322,194,258,310,320,-32,-16,6,2
3456,COPB1,66,41,8,4,49,24,2,0,322,207,257,312,318,17,17,6,4
3457,COPB2,74,40,8,5,54,25,2,0,322,194,257,312,317,20,15,6,5
3459,COPG1,41,22,10,7,63,34,4,0,322,218,266,308,315,-22,-12,6,7
11337,OR10G3,112,61,7,2,34,15,1,0,322,176,246,314,320,78,46,6,2
11096,NT5C2,51,27,6,3,72,32,0,0,322,199,263,316,319,-21,-5,6,3
11100,NT5DC2,49,31,10,7,66,26,4,2,322,207,265,308,313,-17,5,6,5
11302,OOSP3,57,52,19,10,57,47,13,0,322,208,223,290,312,0,5,6,10
11273,OGG1,52,29,9,6,73,29,3,0,322,197,264,310,316,-21,0,6,6
11120,NTRK2,65,33,8,1,47,16,2,0,322,210,273,312,321,18,17,6,1
11122,NTS,53,46,9,3,32,20,3,2,322,237,256,310,317,21,26,6,1
11129,NUBP2,51,22,11,6,48,22,5,5,322,223,278,306,311,3,0,6,1
11133,NUCKS1,37,26,10,4,75,34,4,1,322,210,262,308,317,-38,-8,6,3
11278,OLA1,48,30,7,2,50,23,1,0,322,224,269,314,320,-2,7,6,2
11275,OGT,56,35,8,4,70,36,2,1,322,196,251,312,317,-14,-1,6,3
11779,OTUD6A,129,84,14,3,44,30,8,2,322,149,208,300,317,85,54,6,1
3402,COL20A1,82,52,10,1,54,30,4,0,322,186,240,308,321,28,22,6,1
12220,PEPD,52,30,10,9,75,39,4,1,322,195,253,308,312,-23,-9,6,8
10756,NHLH2,51,30,6,2,18,5,0,0,322,253,287,316,320,33,25,6,2
10731,NFKB1,55,28,7,3,61,34,1,0,322,206,260,314,319,-6,-6,6,3
12127,PDE3B,30,18,6,1,59,24,0,0,322,233,280,316,321,-29,-6,6,1
3282,CMC1,61,35,12,9,50,28,6,2,322,211,259,304,311,11,7,6,7
12121,PDE12,53,27,8,2,45,22,2,0,322,224,273,312,320,8,5,6,2
12111,PDCD5,41,29,10,6,53,30,4,2,322,228,263,308,314,-12,-1,6,4
12106,PDCD11,44,26,7,2,58,36,1,0,322,220,260,314,320,-14,-10,6,2
12079,PCNX1,61,30,8,5,59,30,2,0,322,202,262,312,317,2,0,6,5
3703,CSNK1E,40,21,10,8,59,33,4,4,322,223,268,308,310,-19,-12,6,4
12073,PCMT1,74,46,9,3,44,25,3,1,322,204,251,310,318,30,21,6,2
3691,CSHL1,24,24,9,4,9,9,3,2,322,289,289,310,316,15,15,6,2
3308,CNGA1,100,69,12,5,77,42,6,2,322,145,211,304,315,23,27,6,3
10780,NIPA2,61,34,8,4,57,38,2,0,322,204,250,312,318,4,-4,6,4
10783,NIPAL3,72,40,6,1,44,18,0,0,322,206,264,316,321,28,22,6,1
3689,CSH1,25,25,11,5,15,14,5,0,322,282,283,306,317,10,11,6,5
10730,NFIX,50,28,8,6,91,47,2,1,322,181,247,312,315,-41,-19,6,5
3705,CSNK1G2,55,24,11,6,89,47,5,1,322,178,251,306,315,-34,-23,6,5
10798,NKAPD1,68,40,7,3,62,33,1,0,322,192,249,314,319,6,7,6,3
3733,CSTB,60,37,10,7,40,19,4,3,322,222,266,308,312,20,18,6,4
12212,PEG3,25,19,7,7,21,12,1,0,322,276,291,314,315,4,7,6,7
3742,CT45A3,60,53,28,12,48,42,22,5,322,214,227,272,305,12,11,6,7
10673,NEK6,33,17,10,9,88,56,4,0,322,201,249,308,313,-55,-39,6,9
3737,CSTF3,60,34,12,6,73,31,6,2,322,189,257,304,314,-13,3,6,4
10678,NELFB,46,30,10,7,61,32,4,3,322,215,260,308,312,-15,-2,6,4
3736,CSTF2T,78,41,7,2,58,27,1,0,322,186,254,314,320,20,14,6,2
12190,PDZD2,59,25,6,0,35,11,0,0,322,228,286,316,322,24,14,6,0
10715,NFAT5,97,58,8,1,28,13,2,0,322,197,251,312,321,69,45,6,1
3250,CLOCK,47,26,7,2,52,22,1,1,322,223,274,314,319,-5,4,6,1
12180,PDS5A,72,43,8,4,42,20,2,0,322,208,259,312,318,30,23,6,4
10693,NEU1,83,40,11,7,31,16,5,0,322,208,266,306,315,52,24,6,7
12169,PDLIM2,74,32,11,7,81,42,5,2,322,167,248,306,313,-7,-10,6,5
10703,NEUROD2,84,45,8,4,60,35,2,1,322,178,242,312,317,24,10,6,3
12166,PDK3,55,28,8,2,56,18,2,1,322,211,276,312,319,-1,10,6,1
3314,CNIH1,67,36,8,4,39,21,2,0,322,216,265,312,318,28,15,6,4
12009,PCDHA13,46,29,6,3,34,14,0,0,322,242,279,316,319,12,15,6,3
10918,NOSTRIN,92,64,17,8,74,44,11,5,322,156,214,294,309,18,20,6,3
3370,COA3,58,36,9,8,57,31,3,3,322,207,255,310,311,1,5,6,5
10870,NMT1,44,27,9,7,58,26,3,1,322,220,269,310,314,-14,1,6,6
10871,NMT2,48,27,6,1,54,17,0,0,322,220,278,316,321,-6,10,6,1
3644,CRTC1,46,24,10,5,108,69,4,1,322,168,229,308,316,-62,-45,6,4
3643,CRTAP,43,29,7,5,51,20,1,0,322,228,273,314,317,-8,9,6,5
11879,PAK1,64,31,7,4,56,28,1,0,322,202,263,314,318,8,3,6,4
3369,COA1,39,25,9,6,54,26,3,0,322,229,271,310,316,-15,-1,6,6
11853,PACSIN2,46,26,11,4,51,24,5,2,322,225,272,306,316,-5,2,6,2
3362,CNTNAP3,42,20,6,1,49,22,0,0,322,231,280,316,321,-7,-2,6,1
10892,NOL3,62,36,14,10,89,53,8,3,322,171,233,300,309,-27,-17,6,7
10894,NOL4L,67,38,12,6,83,49,6,3,322,172,235,304,313,-16,-11,6,3
3383,COG4,69,41,10,4,48,27,4,2,322,205,254,308,316,21,14,6,2
10905,NOP10,74,44,10,9,43,26,4,1,322,205,252,308,312,31,18,6,8
11835,PA2G4,40,23,8,4,53,35,2,1,322,229,264,312,317,-13,-12,6,3
10912,NOP9,54,26,9,5,81,45,3,0,322,187,251,310,317,-27,-19,6,5
11893,PAM,58,35,10,6,60,31,4,1,322,204,256,308,315,-2,4,6,5
3657,CRYBB2,66,44,12,7,52,26,6,1,322,204,252,304,314,14,18,6,6
12007,PCDHA11,48,32,13,6,69,43,7,3,322,205,247,302,313,-21,-11,6,3
3668,CRYL1,59,35,6,3,62,24,0,0,322,201,263,316,319,-3,11,6,3
3678,CSDE1,47,35,8,6,63,34,2,2,322,212,253,312,314,-16,1,6,4
3319,CNKSR2,38,24,8,3,33,19,2,1,322,251,279,312,318,5,5,6,2
3320,CNKSR3,110,56,9,2,30,19,3,0,322,182,247,310,320,80,37,6,2
10808,NKX1-1,20,15,6,1,3,2,0,0,322,299,305,316,321,17,13,6,1
10813,NKX2-4,43,35,9,4,16,9,3,2,322,263,278,310,316,27,26,6,2
3327,CNNM3,55,32,7,2,55,19,1,0,322,212,271,314,320,0,13,6,2
10823,NLGN1,58,39,14,4,84,65,8,1,322,180,218,300,317,-26,-26,6,3
11926,PARG,52,28,7,2,55,35,1,0,322,215,259,314,320,-3,-7,6,2
10826,NLGN4X,32,23,10,6,36,23,4,1,322,254,276,308,315,-4,0,6,5
3338,CNOT8,73,37,10,4,51,28,4,0,322,198,257,308,318,22,9,6,4
11965,PAX6,94,58,16,7,77,57,10,4,322,151,207,296,311,17,1,6,3
11947,PARVB,67,33,7,3,42,19,1,0,322,213,270,314,319,25,14,6,3
11946,PARVA,53,26,7,2,57,25,1,0,322,212,271,314,320,-4,1,6,2
3347,CNR2,78,40,8,2,43,23,2,0,322,201,259,312,320,35,17,6,2
2918,CFAP157,88,61,14,4,62,45,8,3,322,172,216,300,315,26,16,6,1
12941,PPP1R9A,68,37,10,2,72,30,4,0,322,182,255,308,320,-4,7,6,2
12943,PPP2CA,62,33,7,5,56,28,1,1,322,204,261,314,316,6,5,6,4
2452,CCDC93,69,34,7,2,37,19,1,1,322,216,269,314,319,32,15,6,1
9400,MAN2B1,58,37,11,5,55,36,5,1,322,209,249,306,316,3,1,6,4
4309,DICER1,58,36,9,2,72,34,3,0,322,192,252,310,320,-14,2,6,2
9417,MAP1LC3B,104,62,13,4,31,21,7,0,322,187,239,302,318,73,41,6,4
2451,CCDC92,59,38,10,3,76,34,4,0,322,187,250,308,319,-17,4,6,3
4299,DHX38,71,41,10,7,53,29,4,4,322,198,252,308,311,18,12,6,3
9430,MAP3K10,88,45,12,6,48,30,6,1,322,186,247,304,315,40,15,6,5
2460,CCK,49,42,19,10,36,29,13,2,322,237,251,290,310,13,13,6,8
2432,CCDC77,68,42,7,4,69,41,1,0,322,185,239,314,318,-1,1,6,4
13987,RHOBTB3,61,32,9,6,58,25,3,2,322,203,265,310,314,3,7,6,4
9445,MAP3K7CL,104,65,11,4,37,16,5,4,322,181,241,306,314,67,49,6,0
4290,DHX16,45,27,12,5,59,38,6,0,322,218,257,304,317,-14,-11,6,5
13981,RHNO1,49,26,7,3,111,55,1,0,322,162,241,314,319,-62,-29,6,3
13976,RHCG,55,45,8,6,21,11,2,0,322,246,266,312,316,34,34,6,6
2472,CCL19,24,23,13,6,15,13,7,3,322,283,286,302,313,9,10,6,3
14070,RNASE13,47,32,7,3,24,20,1,0,322,251,270,314,319,23,12,6,3
14090,RNF103,59,36,7,2,73,37,1,0,322,190,249,314,320,-14,-1,6,2
9466,MAPK14,65,33,9,6,55,31,3,1,322,202,258,310,315,10,2,6,5
14177,RNH1,46,27,10,7,53,29,4,1,322,223,266,308,314,-7,-2,6,6
9285,LYRM4,53,35,9,3,42,23,3,1,322,227,264,310,318,11,12,6,2
14234,RPL15,48,32,10,9,37,19,4,2,322,237,271,308,311,11,13,6,7
14190,ROCK2,44,26,8,1,84,33,2,0,322,194,263,312,321,-40,-7,6,1
9325,MAEA,40,19,10,7,73,35,4,2,322,209,268,308,313,-33,-16,6,5
2377,CCDC184,74,39,8,2,50,32,2,1,322,198,251,312,319,24,7,6,1
14182,RNPEPL1,57,35,9,7,71,30,3,0,322,194,257,310,315,-14,5,6,7
14175,RNFT2,67,28,6,3,43,18,0,0,322,212,276,316,319,24,10,6,3
9387,MAMDC2,94,60,8,0,40,24,2,1,322,188,238,312,321,54,36,6,-1
14156,RNF227,100,54,9,7,33,14,3,0,322,189,254,310,315,67,40,6,7
2406,CCDC40,70,46,12,6,92,46,6,2,322,160,230,304,314,-22,0,6,4
14135,RNF185,89,52,7,3,37,18,1,0,322,196,252,314,319,52,34,6,3
14121,RNF152,99,54,8,1,41,22,2,0,322,182,246,312,321,58,32,6,1
9367,MAGEF1,54,27,8,3,68,45,2,0,322,200,250,312,319,-14,-18,6,3
9371,MAGI2,70,32,10,5,54,24,4,1,322,198,266,308,316,16,8,6,4
13966,RHBDD1,72,43,9,2,60,27,3,0,322,190,252,310,320,12,16,6,2
13944,RGS12,51,27,10,7,83,57,4,0,322,188,238,308,315,-32,-30,6,7
14255,RPL32,58,33,10,9,38,14,4,2,322,226,275,308,311,20,19,6,7
9578,MCF2L2,67,40,7,3,63,31,1,0,322,192,251,314,319,4,9,6,3
9550,MBLAC1,77,51,13,7,81,48,7,2,322,164,223,302,313,-4,3,6,5
9557,MBOAT4,60,42,9,1,49,25,3,0,322,213,255,310,321,11,17,6,1
13782,RBMX2,71,43,8,2,45,26,2,0,322,206,253,312,320,26,17,6,2
13781,RBMX,38,24,10,7,75,40,4,1,322,209,258,308,314,-37,-16,6,6
13777,RBM8A,47,27,9,5,60,33,3,1,322,215,262,310,316,-13,-6,6,4
13775,RBM6,62,35,7,3,56,33,1,0,322,204,254,314,319,6,2,6,3
9580,MCHR1,55,32,6,5,38,16,0,0,322,229,274,316,317,17,16,6,5
4245,DFFA,63,37,7,3,38,13,1,1,322,221,272,314,318,25,24,6,2
2554,CCT8L2,83,42,7,0,29,14,1,0,322,210,266,314,322,54,28,6,0
13750,RBM19,50,27,7,4,53,24,1,1,322,219,271,314,317,-3,3,6,3
13727,RBBP7,51,27,8,4,69,39,2,1,322,202,256,312,317,-18,-12,6,3
13725,RBBP5,82,43,6,3,29,12,0,0,322,211,267,316,319,53,31,6,3
13718,RAX,25,18,7,5,7,3,1,0,322,290,301,314,317,18,15,6,5
2572,CD1D,62,27,8,3,45,22,2,0,322,215,273,312,319,17,5,6,3
4244,DEXI,44,28,13,7,75,41,7,0,322,203,253,302,315,-31,-13,6,7
2525,CCNT1,76,37,10,4,54,31,4,0,322,192,254,308,318,22,6,6,4
9476,MAPK8IP3,53,28,10,6,74,48,4,4,322,195,246,308,312,-21,-20,6,2
13883,RETREG2,48,27,9,5,60,32,3,1,322,214,263,310,316,-12,-5,6,4
4274,DHPS,63,41,13,6,62,36,7,4,322,197,245,302,312,1,5,6,2
2490,CCM2,46,26,10,3,68,34,4,0,322,208,262,308,319,-22,-8,6,3
2493,CCN2,103,61,19,2,75,52,13,6,322,144,209,290,314,28,9,6,-4
13902,RFLNB,51,30,6,2,66,27,0,0,322,205,265,316,320,-15,3,6,2
4263,DGKZ,72,48,12,7,64,38,6,2,322,186,236,304,313,8,10,6,5
13893,RFC1,52,31,9,4,66,32,3,0,322,204,259,310,318,-14,-1,6,4
2508,CCNDBP1,47,27,9,2,48,26,3,1,322,227,269,310,319,-1,1,6,1
13817,RCL1,36,25,12,7,93,50,6,0,322,193,247,304,315,-57,-25,6,7
13874,RERG,89,63,16,8,58,41,10,4,322,175,218,296,310,31,22,6,4
13869,REPIN1,48,24,10,7,81,45,4,1,322,193,253,308,314,-33,-21,6,6
13846,REEP2,66,41,12,8,87,50,6,1,322,169,231,304,313,-21,-9,6,7
13844,REELD1,106,67,13,2,54,27,7,1,322,162,228,302,319,52,40,6,1
9522,MAT2A,63,37,10,4,104,57,4,0,322,155,228,308,318,-41,-20,6,4
13839,REC8,104,66,17,9,61,40,11,2,322,157,216,294,311,43,26,6,7
14254,RPL31,51,31,10,7,47,23,4,2,322,224,268,308,313,4,8,6,5
9280,LYPLA1,55,36,10,6,91,53,4,0,322,176,233,308,316,-36,-17,6,6
2582,CD24,68,47,11,6,60,31,5,1,322,194,244,306,315,8,16,6,5
14524,SAMD7,65,42,6,5,41,19,0,0,322,216,261,316,317,24,23,6,5
9062,LPIN1,51,34,8,6,88,47,2,0,322,183,241,312,316,-37,-13,6,6
2172,CAMSAP3,69,35,9,2,45,29,3,0,322,208,258,310,320,24,6,6,2
2174,CAMTA2,52,24,8,4,67,39,2,0,322,203,259,312,318,-15,-15,6,4
2175,CAND1,44,24,7,5,54,35,1,0,322,224,263,314,317,-10,-11,6,5
14539,SAR1A,71,46,9,5,50,23,3,0,322,201,253,310,317,21,23,6,5
14528,SAMHD1,72,40,7,2,45,22,1,1,322,205,260,314,319,27,18,6,1
14516,SAMD12,70,33,11,6,46,21,5,3,322,206,268,306,313,24,12,6,3
4469,DNASE2,52,32,7,4,69,26,1,1,322,201,264,314,317,-17,6,6,3
2194,CAPN8,76,51,26,20,52,39,20,15,322,194,232,276,287,24,12,6,5
9095,LRP11,49,27,9,2,57,26,3,0,322,216,269,310,320,-8,1,6,2
2209,CARD14,113,68,10,2,54,27,4,1,322,155,227,308,319,59,41,6,1
14486,S100B,58,51,16,5,65,55,10,1,322,199,216,296,316,-7,-4,6,4
2217,CARM1,44,27,9,8,56,33,3,2,322,222,262,310,312,-12,-6,6,6
2219,CARMIL2,71,48,19,9,78,56,13,4,322,173,218,290,309,-7,-8,6,5
14553,SAT2,52,28,10,7,55,36,4,1,322,215,258,308,314,-3,-8,6,6
14562,SBF1,39,17,9,4,87,52,3,1,322,196,253,310,317,-48,-35,6,3
2225,CARTPT,19,18,7,1,11,9,1,0,322,292,295,314,321,8,9,6,1
2150,CALR,68,37,11,7,44,31,5,3,322,210,254,306,312,24,6,6,4
14628,SCN3A,75,44,7,0,31,15,1,1,322,216,263,314,321,44,29,6,-1
14619,SCML1,95,46,7,4,30,18,1,1,322,197,258,314,317,65,28,6,3
14604,SCGB1D1,16,16,16,5,10,10,10,3,322,296,296,296,314,6,6,6,2
4488,DNTTIP2,86,43,9,4,37,23,3,1,322,199,256,310,317,49,20,6,3
14603,SCGB1C2,18,17,11,6,9,9,5,3,322,295,296,306,313,9,8,6,3
9009,LMBRD1,55,31,11,5,51,24,5,3,322,216,267,306,314,4,7,6,2
2154,CAMK1,59,34,12,6,70,38,6,2,322,193,250,304,314,-11,-4,6,4
9038,LONP1,49,33,8,6,69,33,2,1,322,204,256,312,315,-20,0,6,5
14578,SCAMP2,46,30,8,3,62,28,2,1,322,214,264,312,318,-16,2,6,2
4475,DNM1,57,29,10,6,68,36,4,1,322,197,257,308,315,-11,-7,6,5
9028,LMOD3,106,55,8,1,25,9,2,1,322,191,258,312,320,81,46,6,0
4471,DND1,81,49,15,7,74,49,9,6,322,167,224,298,309,7,0,6,1
14575,SCAF8,46,28,8,4,65,31,2,0,322,211,263,312,318,-19,-3,6,4
14572,SCAF1,65,42,14,11,49,26,8,3,322,208,254,300,308,16,16,6,8
14461,RXRB,46,21,10,6,73,40,4,0,322,203,261,308,316,-27,-19,6,6
2232,CASP10,85,52,7,0,52,15,1,1,322,185,255,314,321,33,37,6,-1
9278,LYPD6B,89,60,17,4,43,33,11,1,322,190,229,294,317,46,27,6,3
14287,RPP30,71,35,7,2,45,23,1,1,322,206,264,314,319,26,12,6,1
14315,RPS27,62,31,12,9,36,20,6,3,322,224,271,304,310,26,11,6,6
9231,LTC4S,78,58,31,21,71,58,25,8,322,173,206,266,293,7,0,6,13
9234,LTN1,77,44,8,3,49,29,2,1,322,196,249,312,318,28,15,6,2
2307,CC2D2A,56,33,9,4,50,23,3,1,322,216,266,310,317,6,10,6,3
2310,CCAR2,52,37,11,7,80,47,5,1,322,190,238,306,314,-28,-10,6,6
2311,CCBE1,78,52,8,3,39,17,2,0,322,205,253,312,319,39,35,6,3
802,AP1M2,70,47,17,4,58,36,11,4,322,194,239,294,314,12,11,6,0
14319,RPS28,62,29,10,7,36,17,4,1,322,224,276,308,314,26,12,6,6
2334,CCDC130,71,37,12,6,53,35,6,2,322,198,250,304,314,18,2,6,4
4373,DMC1,89,42,7,2,57,30,1,1,322,176,250,314,319,32,12,6,1
4370,DMAP1,64,40,11,8,57,37,5,2,322,201,245,306,312,7,3,6,6
9273,LYPD2,24,22,12,8,18,15,6,4,322,280,285,304,310,6,7,6,4
14260,RPL36A,58,35,12,7,40,23,6,2,322,224,264,304,313,18,12,6,5
14258,RPL35A,55,32,11,9,37,16,5,1,322,230,274,306,312,18,16,6,8
2292,CBWD5,50,29,7,1,80,38,1,1,322,192,255,314,320,-30,-9,6,0
4393,DNA2,46,21,8,4,79,47,2,0,322,197,254,312,318,-33,-26,6,4
4435,DNAJC11,49,26,8,2,66,36,2,1,322,207,260,312,319,-17,-10,6,1
4411,DNAH8,45,28,7,1,21,11,1,1,322,256,283,314,320,24,17,6,0
14412,RTL5,72,46,7,3,38,11,1,1,322,212,265,314,318,34,35,6,2
2244,CASQ1,90,58,15,7,75,45,9,3,322,157,219,298,312,15,13,6,4
4423,DNAJB12,35,24,8,2,81,41,2,0,322,206,257,312,320,-46,-17,6,2
14396,RSRC2,139,83,11,1,39,23,5,0,322,144,216,306,321,100,60,6,1
2249,CASTOR1,73,59,27,14,126,87,21,9,322,123,176,274,299,-53,-28,6,5
2252,CAT,61,35,9,4,54,30,3,0,322,207,257,310,318,7,5,6,4
14351,RRAGC,54,32,7,1,56,32,1,0,322,212,258,314,321,-2,0,6,1
9217,LSP1,81,39,9,4,48,23,3,0,322,193,260,310,318,33,16,6,4
14331,RPS6KA4,40,23,9,5,90,51,3,2,322,192,248,310,315,-50,-28,6,3
9208,LSM2,75,45,8,4,34,14,2,1,322,213,263,312,317,41,31,6,3
9209,LSM3,61,36,8,2,42,16,2,0,322,219,270,312,320,19,20,6,2
14327,RPS6,47,31,13,9,48,26,7,3,322,227,265,302,310,-1,5,6,6
2285,CBR3,66,42,11,3,90,48,5,2,322,166,232,306,317,-24,-6,6,1
9214,LSM8,43,29,11,4,95,48,5,1,322,184,245,306,317,-52,-19,6,3
2576,CD200R1,68,45,9,0,56,33,3,0,322,198,244,310,322,12,12,6,0
13686,RASAL2,72,28,6,2,32,13,0,0,322,218,281,316,320,40,15,6,2
12950,PPP2R2D,49,28,12,6,80,52,6,1,322,193,242,304,315,-31,-24,6,5
4045,DCAF6,40,27,9,2,80,34,3,0,322,202,261,310,320,-40,-7,6,2
2809,CEBPG,111,67,10,3,43,26,4,1,322,168,229,308,318,68,41,6,2
9960,MOV10,41,21,10,9,66,32,4,0,322,215,269,308,313,-25,-11,6,9
4053,DCBLD2,58,35,6,1,73,29,0,0,322,191,258,316,321,-15,6,6,1
9963,MPC1,60,40,9,2,63,31,3,2,322,199,251,310,318,-3,9,6,0
9967,MPDZ,99,67,12,3,36,22,6,1,322,187,233,304,318,63,45,6,2
13163,PRR14L,55,32,9,3,57,28,3,1,322,210,262,310,318,-2,4,6,2
13162,PRR14,53,31,9,6,49,26,3,1,322,220,265,310,315,4,5,6,5
13230,PRTFDC1,62,39,10,3,81,46,4,1,322,179,237,308,318,-19,-7,6,2
13161,PRR13,94,60,9,4,52,23,3,1,322,176,239,310,317,42,37,6,3
13159,PRR11,47,30,7,4,84,43,1,0,322,191,249,314,318,-37,-13,6,4
2833,CENPA,68,38,9,1,79,39,3,0,322,175,245,310,321,-11,-1,6,1
13152,PRPH,75,55,16,5,76,54,10,2,322,171,213,296,315,-1,1,6,3
13150,PRPF6,56,32,10,7,54,29,4,2,322,212,261,308,313,2,3,6,5
9994,MPV17L2,59,40,12,4,55,26,6,1,322,208,256,304,317,4,14,6,3
2807,CEBPD,107,75,19,3,61,40,13,4,322,154,207,290,315,46,35,6,-1
2797,CEACAM20,75,46,7,0,33,20,1,0,322,214,256,314,322,42,26,6,0
13144,PRPF38B,112,64,8,4,44,29,2,0,322,166,229,312,318,68,35,6,4
13292,PSMD1,64,29,9,5,48,23,3,1,322,210,270,310,316,16,6,6,4
13300,PSMD4,53,32,9,7,55,20,3,2,322,214,270,310,313,-2,12,6,5
9901,MMP24OS,72,39,8,4,63,23,2,1,322,187,260,312,317,9,16,6,3
2770,CDON,55,27,9,2,85,40,3,1,322,182,255,310,319,-30,-13,6,1
9905,MMP28,56,41,17,6,61,46,11,7,322,205,235,294,309,-5,-5,6,-1
13295,PSMD12,73,39,6,3,47,22,0,0,322,202,261,316,319,26,17,6,3
2774,CDR2L,56,37,8,2,51,30,2,0,322,215,255,312,320,5,7,6,2
13289,PSMC4,41,27,9,5,49,20,3,2,322,232,275,310,315,-8,7,6,3
9927,MOB3B,52,19,7,2,60,26,1,0,322,210,277,314,320,-8,-7,6,2
9916,MNAT1,70,40,9,3,57,34,3,0,322,195,248,310,319,13,6,6,3
13286,PSMC2,59,34,9,7,57,30,3,2,322,206,258,310,313,2,4,6,5
2780,CDS2,50,28,9,5,73,40,3,1,322,199,254,310,316,-23,-12,6,4
13281,PSMB6,45,27,10,8,53,27,4,1,322,224,268,308,313,-8,0,6,7
9922,MOAP1,68,32,8,5,80,41,2,0,322,174,249,312,317,-12,-9,6,5
9923,MOB1A,49,26,8,2,56,30,2,0,322,217,266,312,320,-7,-4,6,2
13147,PRPF40A,61,38,8,3,50,27,2,0,322,211,257,312,319,11,11,6,3
13143,PRPF38A,78,46,7,2,26,14,1,1,322,218,262,314,319,52,32,6,1
4089,DCUN1D4,42,26,8,5,91,47,2,0,322,189,249,312,317,-49,-21,6,5
12978,PPT2,46,21,8,6,81,42,2,1,322,195,259,312,315,-35,-21,6,5
10081,MRPL58,54,30,11,5,66,37,5,1,322,202,255,306,316,-12,-7,6,4
10088,MRPS16,40,21,7,4,72,35,1,0,322,210,266,314,318,-32,-14,6,4
2885,CEP70,54,34,11,7,88,50,5,1,322,180,238,306,314,-34,-16,6,6
4003,DAPK2,93,60,11,4,67,40,5,1,322,162,222,306,317,26,20,6,3
13019,PRCC,46,26,11,6,60,31,5,1,322,216,265,306,315,-14,-5,6,5
10102,MRPS30,66,32,12,5,63,41,6,1,322,193,249,304,316,3,-9,6,4
12977,PPT1,37,23,11,9,53,27,5,1,322,232,272,306,312,-16,-4,6,8
10078,MRPL54,53,35,15,8,76,35,9,4,322,193,252,298,310,-23,0,6,4
12965,PPP4R1,59,33,10,8,63,32,4,1,322,200,257,308,313,-4,1,6,7
2898,CERK,38,19,7,5,87,38,1,1,322,197,265,314,316,-49,-19,6,4
12959,PPP3CA,64,36,7,2,62,27,1,0,322,196,259,314,320,2,9,6,2
12956,PPP2R5C,41,25,9,6,71,36,3,2,322,210,261,310,314,-30,-11,6,4
3992,DAD1,71,45,10,9,43,15,4,2,322,208,262,308,311,28,30,6,7
10135,MSANTD3,67,39,8,3,57,30,2,1,322,198,253,312,318,10,9,6,2
4007,DARS1,52,32,11,6,54,26,5,1,322,216,264,306,315,-2,6,6,5
10074,MRPL50,59,36,7,5,57,29,1,0,322,206,257,314,317,2,7,6,5
10002,MRAS,99,58,15,6,62,47,9,2,322,161,217,298,314,37,11,6,4
13074,PRKAG1,62,37,8,6,55,22,2,0,322,205,263,312,316,7,15,6,6
13140,PRPF19,41,27,9,6,57,29,3,1,322,224,266,310,315,-16,-2,6,5
2841,CENPK,56,31,11,4,54,32,5,1,322,212,259,306,317,2,-1,6,3
10021,MRM2,65,42,13,6,58,38,7,2,322,199,242,302,314,7,4,6,4
2862,CEP131,53,33,8,3,82,38,2,1,322,187,251,312,318,-29,-5,6,2
13082,PRKCB,43,27,8,1,59,34,2,0,322,220,261,312,321,-16,-7,6,1
10039,MRPL14,51,24,9,4,87,56,3,1,322,184,242,310,317,-36,-32,6,3
4015,DAZAP1,44,26,7,6,54,22,1,1,322,224,274,314,315,-10,4,6,5
13039,PRDX3,47,28,8,6,59,25,2,2,322,216,269,312,314,-12,3,6,4
10051,MRPL27,47,26,11,7,62,33,5,4,322,213,263,306,311,-15,-7,6,3
10059,MRPL36,52,36,13,6,69,40,7,2,322,201,246,302,314,-17,-4,6,4
10060,MRPL37,51,28,8,6,49,24,2,1,322,222,270,312,315,2,4,6,5
13054,PRG2,75,59,12,3,65,46,6,0,322,182,217,304,319,10,13,6,3
13044,PRELID1,42,30,12,7,50,27,6,4,322,230,265,304,311,-8,3,6,3
2876,CEP350,66,38,7,3,57,30,1,0,322,199,254,314,319,9,8,6,3
9896,MMP2,62,51,13,10,74,39,7,1,322,186,232,302,311,-12,12,6,9
4092,DCXR,51,36,16,8,71,30,10,4,322,200,256,296,310,-20,6,6,4
2586,CD27,51,41,8,3,25,22,2,1,322,246,259,312,318,26,19,6,2
9699,MEST,56,37,7,5,67,27,1,1,322,199,258,314,316,-11,10,6,4
9680,MEIOC,91,61,10,4,56,26,4,1,322,175,235,308,317,35,35,6,3
13589,RABL2B,65,31,9,4,54,33,3,1,322,203,258,310,317,11,-2,6,3
13587,RABIF,59,28,8,1,50,25,2,0,322,213,269,312,321,9,3,6,1
13576,RAB9A,55,31,11,3,87,45,5,1,322,180,246,306,318,-32,-14,6,2
2645,CD96,96,58,15,6,74,42,9,2,322,152,222,298,314,22,16,6,4
13564,RAB5A,58,33,7,3,67,31,1,0,322,197,258,314,319,-9,2,6,3
13552,RAB3IP,88,51,9,2,56,31,3,1,322,178,240,310,319,32,20,6,1
13595,RACGAP1,52,30,12,7,77,49,6,1,322,193,243,304,314,-25,-19,6,6
13549,RAB3GAP1,51,28,8,5,69,29,2,0,322,202,265,312,317,-18,-1,6,5
13521,RAB21,78,42,6,1,22,11,0,0,322,222,269,316,321,56,31,6,1
13518,RAB1A,62,34,8,4,51,21,2,1,322,209,267,312,317,11,13,6,3
13517,RAB19,82,52,7,1,59,29,1,0,322,181,241,314,321,23,23,6,1
9727,METTL7A,67,34,6,3,70,38,0,0,322,185,250,316,319,-3,-4,6,3
13503,RAB10,56,29,7,4,39,21,1,0,322,227,272,314,318,17,8,6,4
13591,RABL6,39,27,7,7,67,30,1,0,322,216,265,314,315,-28,-3,6,7
13603,RAD23B,43,25,8,3,60,32,2,0,322,219,265,312,319,-17,-7,6,3
13499,R3HDM1,59,33,8,4,60,30,2,0,322,203,259,312,318,-1,3,6,4
13641,RAMACL,105,82,17,3,73,51,11,4,322,144,189,294,315,32,31,6,-1
9626,ME2,62,36,7,1,36,18,1,0,322,224,268,314,321,26,18,6,1
9636,MED11,47,30,11,5,98,50,5,1,322,177,242,306,316,-51,-20,6,4
13656,RAP1A,66,36,7,2,43,29,1,0,322,213,257,314,320,23,7,6,2
9641,MED14,59,29,8,1,45,21,2,1,322,218,272,312,320,14,8,6,0
9643,MED16,43,29,9,8,85,40,3,2,322,194,253,310,312,-42,-11,6,6
9644,MED17,62,29,7,2,69,35,1,1,322,191,258,314,319,-7,-6,6,1
13638,RALY,53,30,8,4,45,18,2,1,322,224,274,312,317,8,12,6,3
13604,RAD50,68,29,7,4,59,26,1,0,322,195,267,314,318,9,3,6,4
4194,DEFB129,13,13,8,6,8,8,2,0,322,301,301,312,316,5,5,6,6
13636,RALGPS1,51,32,11,3,84,42,5,1,322,187,248,306,318,-33,-10,6,2
13630,RALB,59,31,9,3,54,34,3,1,322,209,257,310,318,5,-3,6,2
13627,RAI14,41,25,9,4,85,39,3,0,322,196,258,310,318,-44,-14,6,4
9665,MEF2A,67,38,7,3,57,26,1,0,322,198,258,314,319,10,12,6,3
2619,CD53,49,28,10,6,44,28,4,1,322,229,266,308,315,5,0,6,5
9735,MFAP1,84,49,10,3,62,33,4,0,322,176,240,308,319,22,16,6,3
13497,R3HCC1,87,51,14,6,73,44,8,3,322,162,227,300,313,14,7,6,3
13313,PSMG2,63,37,9,5,58,29,3,2,322,201,256,310,315,5,8,6,3
9841,MITD1,98,63,10,4,54,29,4,2,322,170,230,308,316,44,34,6,2
9810,MIEF1,57,25,8,3,52,32,2,1,322,213,265,312,318,5,-7,6,2
13388,PTPN2,54,32,9,2,50,24,3,1,322,218,266,310,319,4,8,6,1
9818,MIGA1,49,30,6,2,91,24,0,0,322,182,268,316,320,-42,6,6,2
9832,MIOX,86,62,11,2,63,28,5,3,322,173,232,306,317,23,34,6,-1
13370,PTK6,63,38,7,3,57,29,1,0,322,202,255,314,319,6,9,6,3
2734,CDK18,68,37,10,2,70,41,4,2,322,184,244,308,318,-2,-4,6,0
9849,MKRN1,68,34,9,3,49,20,3,2,322,205,268,310,317,19,14,6,1
13412,PTPRN2,58,36,7,5,76,40,1,0,322,188,246,314,317,-18,-4,6,5
13357,PTGIR,95,72,13,4,68,42,7,2,322,159,208,302,316,27,30,6,2
9858,MLF1,99,60,9,4,46,19,3,0,322,177,243,310,318,53,41,6,4
2742,CDK5,71,42,11,5,63,24,5,4,322,188,256,306,313,8,18,6,1
9860,MLH1,85,52,9,4,58,37,3,2,322,179,233,310,316,27,15,6,2
9880,MMADHC,71,47,7,6,41,20,1,1,322,210,255,314,315,30,27,6,5
9883,MME,64,42,8,0,52,25,2,1,322,206,255,312,321,12,17,6,-1
13397,PTPN7,74,55,10,3,52,34,4,1,322,196,233,308,318,22,21,6,2
4137,DDX43,67,44,12,8,26,15,6,1,322,229,263,304,313,41,29,6,7
2677,CDC42SE1,61,35,8,3,56,39,2,0,322,205,248,312,319,5,-4,6,3
9770,MGAT2,55,27,8,4,77,46,2,1,322,190,249,312,317,-22,-19,6,3
13486,QPRT,79,43,8,7,51,27,2,1,322,192,252,312,314,28,16,6,6
9749,MFSD10,64,33,11,7,53,30,5,3,322,205,259,306,312,11,3,6,4
2683,CDC73,71,28,8,4,52,25,2,0,322,199,269,312,318,19,3,6,4
13462,PXYLP1,74,44,10,5,63,23,4,0,322,185,255,308,317,11,21,6,5
9765,MGA,60,35,7,3,51,21,1,0,322,211,266,314,319,9,14,6,3
13458,PXMP2,68,40,10,6,54,25,4,1,322,200,257,308,315,14,15,6,5
13444,PVALEF,43,31,8,2,20,15,2,0,322,259,276,312,320,23,16,6,2
4138,DDX46,59,34,8,4,54,31,2,0,322,209,257,312,318,5,3,6,4
4143,DDX51,44,28,7,3,66,24,1,0,322,212,270,314,319,-22,4,6,3
9777,MGAT5B,52,31,10,2,68,26,4,0,322,202,265,308,320,-16,5,6,2
13430,PUF60,44,30,11,7,74,39,5,1,322,204,253,306,314,-30,-9,6,6
9781,MGP,78,57,16,5,44,30,10,2,322,200,235,296,315,34,27,6,3
9782,MGRN1,44,27,8,7,97,53,2,1,322,181,242,312,314,-53,-26,6,6
13419,PTPRZ1,47,28,9,6,39,23,3,1,322,236,271,310,315,8,5,6,5
7180,HNRNPA0,42,23,7,4,60,35,1,0,322,220,264,314,318,-18,-12,6,4
3510,COX6B1,50,28,11,6,46,14,5,3,322,226,280,306,313,4,14,6,3
801,AP1M1,47,26,10,4,74,39,4,1,322,201,257,308,317,-27,-13,6,3
18978,ZC3H15,61,32,11,4,65,34,5,2,322,196,256,306,316,-4,-2,6,2
249,ADAM10,64,39,12,5,76,38,6,1,322,182,245,304,316,-12,1,6,4
5605,FBXO8,69,37,8,3,59,32,2,0,322,194,253,312,319,10,5,6,3
248,ADAL,65,41,13,5,68,32,7,4,322,189,249,302,313,-3,9,6,1
246,ADAD1,21,16,6,2,19,11,0,0,322,282,295,316,320,2,5,6,2
6292,GJA9,57,34,13,7,28,18,7,5,322,237,270,302,310,29,16,6,2
6284,GIT1,47,29,10,6,85,43,4,0,322,190,250,308,316,-38,-14,6,6
18042,TTC9C,72,32,8,4,40,25,2,1,322,210,265,312,317,32,7,6,3
5614,FBXW8,58,24,6,1,53,24,0,0,322,211,274,316,321,5,0,6,1
6276,GINS2,53,30,8,3,54,38,2,2,322,215,254,312,317,-1,-8,6,1
236,ACVR1C,82,47,9,3,56,27,3,0,322,184,248,310,319,26,20,6,3
19029,ZDHHC8,50,32,13,5,72,39,7,1,322,200,251,302,316,-22,-7,6,4
19030,ZDHHC9,50,32,10,2,67,36,4,1,322,205,254,308,319,-17,-4,6,1
6261,GID8,39,19,7,3,62,34,1,1,322,221,269,314,318,-23,-15,6,2
5629,FCGR3B,32,22,7,5,30,20,1,0,322,260,280,314,317,2,2,6,5
5644,FCRL6,45,33,10,6,32,20,4,1,322,245,269,308,315,13,13,6,5
19079,ZFYVE26,42,20,9,7,60,31,3,0,322,220,271,310,315,-18,-11,6,7
684,ANKLE1,111,72,9,1,41,21,3,1,322,170,229,310,320,70,51,6,0
19088,ZHX1,61,37,8,1,41,17,2,0,322,220,268,312,321,20,20,6,1
19094,ZIC3,47,23,6,3,25,11,0,0,322,250,288,316,319,22,12,6,3
18020,TTC29,40,24,8,4,30,14,2,0,322,252,284,312,318,10,10,6,4
19102,ZKSCAN3,73,37,7,3,70,27,1,0,322,179,258,314,319,3,10,6,3
190,ACSL4,84,48,8,2,48,21,2,1,322,190,253,312,319,36,27,6,1
5652,FDX2,59,33,12,6,65,37,6,1,322,198,252,304,315,-6,-4,6,5
6213,GET3,56,29,9,7,42,23,3,1,322,224,270,310,314,14,6,6,6
19106,ZKSCAN8,58,25,7,4,69,37,1,0,322,195,260,314,318,-11,-12,6,4
6986,HCRTR2,32,20,6,0,16,8,0,0,322,274,294,316,322,16,12,6,0
19109,ZMAT3,62,34,8,3,65,32,2,0,322,195,256,312,319,-3,2,6,3
18981,ZC3H4,40,28,10,5,138,64,4,1,322,144,230,308,316,-98,-36,6,4
18969,ZC3H10,65,41,10,3,83,50,4,0,322,174,231,308,319,-18,-9,6,3
19113,ZMIZ2,45,27,9,6,63,37,3,0,322,214,258,310,316,-18,-10,6,6
6315,GLB1,51,26,9,7,87,42,3,0,322,184,254,310,315,-36,-16,6,7
6408,GNE,44,23,6,1,66,38,0,0,322,212,261,316,321,-22,-15,6,1
6406,GNB4,60,36,8,5,63,30,2,0,322,199,256,312,317,-3,6,6,5
5559,FBXL17,41,22,6,2,61,27,0,0,322,220,273,316,320,-20,-5,6,2
6401,GNAZ,51,26,8,3,94,34,2,1,322,177,262,312,318,-43,-8,6,2
18832,XKR9,91,38,8,5,35,13,2,0,322,196,271,312,317,56,25,6,5
638,AMY1A,90,77,14,4,64,56,8,5,322,168,189,300,313,26,21,6,-1
6395,GNAO1,69,39,10,6,71,28,4,1,322,182,255,308,315,-2,11,6,5
6392,GNAI2,50,27,7,3,52,31,1,0,322,220,264,314,319,-2,-4,6,3
18112,TUT7,83,60,9,3,59,28,3,0,322,180,234,310,319,24,32,6,3
5323,FAM149B1,57,37,12,4,62,32,6,1,322,203,253,304,317,-5,5,6,3
18111,TUT4,56,34,12,6,78,49,6,0,322,188,239,304,316,-22,-15,6,6
5320,FAM13B,66,35,9,2,69,41,3,0,322,187,246,310,320,-3,-6,6,2
18850,XRCC5,41,28,9,7,60,36,3,1,322,221,258,310,314,-19,-8,6,6
6931,HAND2,44,22,7,2,35,18,1,1,322,243,282,314,319,9,4,6,1
6359,GLUD1,41,29,9,7,57,34,3,0,322,224,259,310,315,-16,-5,6,7
6934,HAP1,96,55,15,7,34,23,9,0,322,192,244,298,315,62,32,6,7
5316,FAM135A,59,29,9,2,68,34,3,0,322,195,259,310,320,-9,-5,6,2
6351,GLS,63,30,8,2,51,32,2,0,322,208,260,312,320,12,-2,6,2
6347,GLRX,82,39,14,3,49,28,8,6,322,191,255,300,313,33,11,6,-3
18895,YTHDF1,50,27,9,3,60,39,3,1,322,212,256,310,318,-10,-12,6,2
18903,YWHAZ,58,31,8,7,46,28,2,0,322,218,263,312,315,12,3,6,7
6338,GLO1,50,31,9,4,54,32,3,0,322,218,259,310,318,-4,-1,6,4
6331,GLIPR1L2,100,55,13,5,51,27,7,4,322,171,240,302,313,49,28,6,1
662,ANGPTL2,69,41,7,1,57,30,1,0,322,196,251,314,321,12,11,6,1
6323,GLE1,47,30,9,3,53,26,3,0,322,222,266,310,319,-6,4,6,3
18951,ZBTB44,56,33,6,2,74,35,0,0,322,192,254,316,320,-18,-2,6,2
18960,ZBTB7B,45,30,6,2,66,29,0,0,322,211,263,316,320,-21,1,6,2
6991,HDAC2,58,29,7,5,49,29,1,0,322,215,264,314,317,9,0,6,5
18010,TTC21A,91,60,15,6,61,31,9,3,322,170,231,298,313,30,29,6,3
19460,ZNF623,57,29,6,1,61,25,0,0,322,204,268,316,321,-4,4,6,1
7045,HERC4,108,67,7,2,45,23,1,0,322,169,232,314,320,63,44,6,2
125,ACADL,55,33,11,5,29,17,5,2,322,238,272,306,315,26,16,6,3
6089,GALP,33,29,11,5,17,16,5,1,322,272,277,306,316,16,13,6,4
123,ACAD8,59,34,11,6,64,36,5,1,322,199,252,306,315,-5,-2,6,5
733,ANKRD46,52,36,11,3,95,54,5,0,322,175,232,306,319,-43,-18,6,3
5278,FAHD2A,44,27,11,7,74,40,5,3,322,204,255,306,312,-30,-13,6,4
5713,FGFR2,74,48,12,6,63,30,6,2,322,185,244,304,314,11,18,6,4
17914,TRPV4,62,34,9,1,44,20,3,0,322,216,268,310,321,18,14,6,1
19357,ZNF501,66,34,8,4,47,26,2,0,322,209,262,312,318,19,8,6,4
749,ANKS1A,55,23,9,3,83,37,3,1,322,184,262,310,318,-28,-14,6,2
6058,GAL,54,40,14,2,46,28,8,1,322,222,254,300,319,8,12,6,1
19377,ZNF526,50,29,11,2,103,56,5,2,322,169,237,306,318,-53,-27,6,0
6046,GAGE1,65,38,10,3,48,28,4,0,322,209,256,308,319,17,10,6,3
6041,GADD45A,97,63,9,4,66,34,3,1,322,159,225,310,317,31,29,6,3
19388,ZNF544,51,24,8,6,66,32,2,0,322,205,266,312,316,-15,-8,6,6
19393,ZNF550,77,46,7,1,62,34,1,1,322,183,242,314,320,15,12,6,0
19405,ZNF562,94,45,9,3,44,24,3,1,322,184,253,310,318,50,21,6,2
19408,ZNF565,78,51,10,2,78,41,4,1,322,166,230,308,319,0,10,6,1
19414,ZNF570,91,51,9,3,49,23,3,1,322,182,248,310,318,42,28,6,2
6019,GABPB2,85,42,6,1,34,12,0,0,322,203,268,316,321,51,30,6,1
6018,GABPB1,104,59,9,3,35,18,3,0,322,183,245,310,319,69,41,6,3
19422,ZNF578,97,54,6,1,30,17,0,0,322,195,251,316,321,67,37,6,1
7074,HHAT,73,36,8,2,44,18,2,0,322,205,268,312,320,29,18,6,2
5262,FABP2,73,40,7,3,42,21,1,0,322,207,261,314,319,31,19,6,3
6000,G2E3,106,55,11,2,49,22,5,2,322,167,245,306,318,57,33,6,0
19447,ZNF608,57,37,11,4,109,77,5,0,322,156,208,306,318,-52,-40,6,4
17878,TRMT2A,57,36,10,3,87,53,4,2,322,178,233,308,317,-30,-17,6,1
19454,ZNF616,91,56,8,4,63,39,2,0,322,168,227,312,318,28,17,6,4
7046,HERC5,60,34,6,0,45,19,0,0,322,217,269,316,322,15,15,6,0
17932,TSFM,51,30,7,5,64,32,1,0,322,207,260,314,317,-13,-2,6,5
18009,TTC19,54,29,9,4,57,33,3,0,322,211,260,310,318,-3,-4,6,4
134,ACAT1,52,34,9,4,60,26,3,1,322,210,262,310,317,-8,8,6,3
6995,HDAC6,55,32,13,5,92,56,7,3,322,175,234,302,314,-37,-24,6,2
7001,HDDC3,54,31,8,1,84,41,2,1,322,184,250,312,320,-30,-10,6,0
5661,FER1L5,56,38,12,6,23,16,6,1,322,243,268,304,315,33,22,6,5
19138,ZNF131,84,42,9,2,36,17,3,1,322,202,263,310,319,48,25,6,1
7004,HDGFL2,58,33,9,7,67,35,3,1,322,197,254,310,314,-9,-2,6,6
6184,GDF1,22,20,17,14,23,18,11,11,322,277,284,294,297,-1,2,6,3
19158,ZNF169,66,37,9,1,50,21,3,1,322,206,264,310,320,16,16,6,0
7006,HDHD2,74,39,7,2,54,27,1,1,322,194,256,314,319,20,12,6,1
19178,ZNF207,55,30,9,7,55,36,3,1,322,212,256,310,314,0,-6,6,6
6162,GCK,73,52,9,3,40,17,3,0,322,209,253,310,319,33,35,6,3
17996,TSSK6,117,83,19,3,65,39,13,3,322,140,200,290,316,52,44,6,0
19210,ZNF254,52,31,12,6,76,43,6,2,322,194,248,304,314,-24,-12,6,4
700,ANKRD18B,95,63,25,15,87,55,19,8,322,140,204,278,299,8,8,6,7
157,ACO1,47,25,7,4,41,13,1,0,322,234,284,314,318,6,12,6,4
6157,GCFC2,47,24,10,1,88,55,4,0,322,187,243,308,321,-41,-31,6,1
5677,FFAR4,71,37,8,1,42,24,2,0,322,209,261,312,321,29,13,6,1
19226,ZNF280A,103,52,7,5,32,9,1,0,322,187,261,314,317,71,43,6,5
7023,HECTD3,44,23,9,6,62,32,3,2,322,216,267,310,314,-18,-9,6,4
5287,FAM107B,83,52,11,3,54,31,5,2,322,185,239,306,317,29,21,6,1
5681,FGD2,74,44,7,2,60,32,1,0,322,188,246,314,320,14,12,6,2
19256,ZNF330,63,40,9,3,55,27,3,1,322,204,255,310,318,8,13,6,2
19261,ZNF337,52,31,10,2,84,42,4,1,322,186,249,308,319,-32,-11,6,1
145,ACE2,86,46,7,2,37,21,1,0,322,199,255,314,320,49,25,6,2
19273,ZNF354B,53,22,10,7,91,50,4,1,322,178,250,308,314,-38,-28,6,6
6115,GAS6,44,31,8,4,78,50,2,0,322,200,241,312,318,-34,-19,6,4
6108,GARS1,58,32,9,4,76,42,3,0,322,188,248,310,318,-18,-10,6,4
19293,ZNF398,55,28,8,2,56,31,2,0,322,211,263,312,320,-1,-3,6,2
320,ADGB,54,28,11,6,43,24,5,1,322,225,270,306,315,11,4,6,5
18809,XAB2,52,28,9,7,59,36,3,0,322,211,258,310,315,-7,-8,6,7
6911,H4C8,94,62,16,10,76,49,10,1,322,152,211,296,311,18,13,6,9
18438,USP31,61,30,9,4,70,43,3,2,322,191,249,310,316,-9,-13,6,2
6669,GRIFIN,12,10,7,0,5,5,1,0,322,305,307,314,322,7,5,6,0
6665,GRIA4,75,51,15,7,57,34,9,4,322,190,237,298,311,18,17,6,3
483,AK1,56,34,9,6,45,11,3,0,322,221,277,310,316,11,23,6,6
18444,USP37,59,28,8,0,41,19,2,0,322,222,275,312,322,18,9,6,0
18445,USP38,89,46,6,2,33,12,0,0,322,200,264,316,320,56,34,6,2
18465,USP7,56,30,11,5,74,28,5,1,322,192,264,306,316,-18,2,6,4
6653,GRB7,90,69,19,2,78,54,13,3,322,154,199,290,317,12,15,6,-1
6808,GYG1,47,32,7,4,57,21,1,1,322,218,269,314,317,-10,11,6,3
5383,FAM205A,35,21,6,1,13,4,0,0,322,274,297,316,321,22,17,6,1
547,ALDH3A2,52,26,8,5,61,25,2,0,322,209,271,312,317,-9,1,6,5
472,AIFM3,89,57,12,4,67,34,6,3,322,166,231,304,315,22,23,6,1
18483,UTRN,80,45,10,6,47,21,4,1,322,195,256,308,315,33,24,6,5
6634,GPX2,78,61,20,7,73,65,14,7,322,171,196,288,308,5,-4,6,0
6629,GPSM2,47,22,7,3,77,41,1,0,322,198,259,314,319,-30,-19,6,3
18493,VAMP1,56,36,8,0,85,45,2,0,322,181,241,312,322,-29,-9,6,0
6626,GPS1,55,33,13,8,52,30,7,5,322,215,259,302,309,3,3,6,3
18494,VAMP2,34,24,8,8,104,57,2,1,322,184,241,312,313,-70,-33,6,7
18497,VAMP5,76,50,13,3,56,37,7,0,322,190,235,302,319,20,13,6,3
18502,VAPA,55,26,8,4,52,28,2,0,322,215,268,312,318,3,-2,6,4
18506,VASH1,43,26,8,4,103,48,2,0,322,176,248,312,318,-60,-22,6,4
18509,VASP,40,29,9,6,86,48,3,2,322,196,245,310,314,-46,-19,6,4
18511,VAT1L,59,39,6,3,23,13,0,0,322,240,270,316,319,36,26,6,3
457,AHDC1,60,35,9,3,70,28,3,0,322,192,259,310,319,-10,7,6,3
453,AHCTF1,89,53,7,1,50,21,1,0,322,183,248,314,321,39,32,6,1
18517,VBP1,57,34,10,5,50,30,4,1,322,215,258,308,316,7,4,6,4
18519,VCAN,58,32,8,5,79,32,2,1,322,185,258,312,316,-21,0,6,4
18527,VCX3B,49,46,17,9,27,24,11,4,322,246,252,294,309,22,22,6,5
6798,GUCY2C,35,17,6,0,27,17,0,0,322,260,288,316,322,8,0,6,0
18436,USP3,50,31,11,5,65,41,5,0,322,207,250,306,317,-15,-10,6,5
6418,GNG7,71,46,9,3,81,38,3,0,322,170,238,310,319,-10,8,6,3
488,AK6,62,32,10,4,63,34,4,2,322,197,256,308,316,-1,-2,6,2
6749,GSTZ1,66,41,15,7,67,30,9,2,322,189,251,298,313,-1,11,6,5
5406,FAM227A,117,69,7,1,27,11,1,0,322,178,242,314,321,90,58,6,1
521,AKR1C8P,43,36,12,2,42,37,6,0,322,237,249,304,320,1,-1,6,2
18329,UNC13A,71,34,6,3,36,14,0,0,322,215,274,316,319,35,20,6,3
6743,GSTO1,37,27,8,5,63,30,2,1,322,222,265,312,316,-26,-3,6,4
6759,GTF2F1,58,31,10,7,44,28,4,3,322,220,263,308,312,14,3,6,4
18314,UHRF2,64,31,8,4,54,34,2,0,322,204,257,312,318,10,-3,6,4
6768,GTF2IRD1,51,26,9,6,58,28,3,1,322,213,268,310,315,-7,-2,6,5
6729,GSR,43,29,7,3,56,21,1,0,322,223,272,314,319,-13,8,6,3
528,AKT1S1,69,41,7,3,45,21,1,1,322,208,260,314,318,24,20,6,2
18365,UQCC2,42,26,12,6,60,29,6,5,322,220,267,304,311,-18,-3,6,1
18366,UQCC3,60,29,7,6,49,23,1,0,322,213,270,314,316,11,6,6,6
510,AKIRIN2,63,34,8,4,45,20,2,2,322,214,268,312,316,18,14,6,2
18370,UQCRC1,48,28,11,7,58,38,5,1,322,216,256,306,314,-10,-10,6,6
18373,UQCRH,60,32,9,7,38,16,3,3,322,224,274,310,312,22,16,6,4
6713,GSC2,86,50,6,0,30,14,0,0,322,206,258,316,322,56,36,6,0
18375,UQCRQ,68,38,10,9,36,19,4,3,322,218,265,308,310,32,19,6,6
6779,GTPBP10,60,34,11,3,56,33,5,0,322,206,255,306,319,4,1,6,3
507,AKAP9,41,24,7,2,73,24,1,0,322,208,274,314,320,-32,0,6,2
5422,FAM240C,25,23,14,3,21,19,8,6,322,276,280,300,313,4,4,6,-3
18386,USB1,38,21,8,4,57,29,2,0,322,227,272,312,318,-19,-8,6,4
18388,USF1,54,29,11,10,73,44,5,2,322,195,249,306,310,-19,-15,6,8
6784,GTPBP8,65,34,10,4,62,31,4,0,322,195,257,308,318,3,3,6,4
18392,USH1G,59,38,7,1,65,30,1,0,322,198,254,314,321,-6,8,6,1
6696,GRM4,65,43,7,0,50,21,1,0,322,207,258,314,322,15,22,6,0
18280,UFM1,67,38,10,2,36,24,4,1,322,219,260,308,319,31,14,6,1
18410,USP17L17,43,35,13,3,17,14,7,4,322,262,273,302,315,26,21,6,-1
18532,VDAC3,43,32,9,3,65,38,3,2,322,214,252,310,317,-22,-6,6,1
551,ALDH5A1,47,28,6,3,43,15,0,0,322,232,279,316,319,4,13,6,3
442,AGR2,55,37,8,6,28,17,2,1,322,239,268,312,315,27,20,6,5
18549,VIL1,107,70,12,7,51,35,6,4,322,164,217,304,311,56,35,6,3
6492,GP2,97,66,9,0,52,30,3,1,322,173,226,310,321,45,36,6,-1
5518,FARP2,46,25,8,5,88,41,2,0,322,188,256,312,317,-42,-16,6,5
18709,WDR53,113,66,12,2,63,47,6,1,322,146,209,304,319,50,19,6,1
18711,WDR55,60,34,7,3,32,18,1,0,322,230,270,314,319,28,16,6,3
18713,WDR5B,60,33,7,1,75,34,1,0,322,187,255,314,321,-15,-1,6,1
6480,GON7,88,62,12,4,55,31,6,1,322,179,229,304,317,33,31,6,3
18194,UBE2E3,55,24,9,6,57,32,3,1,322,210,266,310,315,-2,-8,6,5
5524,FASN,71,45,20,9,100,66,14,6,322,151,211,288,307,-29,-21,6,3
5526,FASTKD1,70,43,7,4,53,29,1,1,322,199,250,314,317,17,14,6,3
6879,H3-2,91,48,12,9,51,30,6,0,322,180,244,304,313,40,18,6,9
6881,H3-3B,43,29,10,7,68,38,4,1,322,211,255,308,314,-25,-9,6,6
6473,GOLM1,68,40,9,5,32,17,3,1,322,222,265,310,316,36,23,6,4
601,ALS2,45,23,8,3,60,24,2,0,322,217,275,312,319,-15,-1,6,3
18179,UBAP2L,42,28,11,6,69,37,5,1,322,211,257,306,315,-27,-9,6,5
18755,WFIKKN1,91,67,13,1,84,50,7,1,322,147,205,302,320,7,17,6,0
338,ADGRG1,77,51,14,8,74,39,8,1,322,171,232,300,313,3,12,6,7
5531,FAT2,122,81,9,4,15,10,3,1,322,185,231,310,317,107,71,6,3
5532,FAT3,69,32,7,4,35,14,1,1,322,218,276,314,317,34,18,6,3
610,AMBRA1,59,40,14,6,99,58,8,2,322,164,224,300,314,-40,-18,6,4
18779,WNT3,133,70,7,1,35,20,1,1,322,154,232,314,320,98,50,6,0
6440,GOLGA3,57,30,10,3,64,24,4,0,322,201,268,308,319,-7,6,6,3
18149,TYRO3,49,23,8,4,68,35,2,0,322,205,264,312,318,-19,-12,6,4
18796,WSB2,45,28,11,8,67,34,5,0,322,210,260,306,314,-22,-6,6,8
5331,FAM156B,104,72,24,12,81,55,18,10,322,137,195,280,300,23,17,6,2
325,ADGRB2,73,45,14,9,67,35,8,2,322,182,242,300,311,6,10,6,7
324,ADGRB1,67,43,8,3,30,8,2,0,322,225,271,312,319,37,35,6,3
6419,GNG8,46,45,37,37,42,39,31,27,322,234,238,254,258,4,6,6,10
18703,WDR45B,42,28,9,7,57,27,3,2,322,223,267,310,313,-15,1,6,5
18197,UBE2G1,63,35,10,4,65,34,4,1,322,194,253,308,317,-2,1,6,3
18203,UBE2K,50,28,9,4,61,32,3,0,322,211,262,310,318,-11,-4,6,4
413,AGAP2,79,50,17,7,83,51,11,0,322,160,221,294,315,-4,-1,6,7
555,ALDH9A1,38,23,7,5,58,31,1,0,322,226,268,314,317,-20,-8,6,5
427,AGGF1,54,32,9,5,83,46,3,1,322,185,244,310,316,-29,-14,6,4
18575,VPS13A,81,45,10,5,65,33,4,0,322,176,244,308,317,16,12,6,5
559,ALG1,37,23,7,4,70,32,1,1,322,215,267,314,317,-33,-9,6,3
18585,VPS28,59,31,9,7,38,16,3,1,322,225,275,310,314,21,15,6,6
5488,FAM90A23P,45,41,10,5,27,24,4,1,322,250,257,308,316,18,17,6,4
18594,VPS37C,54,32,8,5,75,38,2,0,322,193,252,312,317,-21,-6,6,5
5491,FAM90A8P,19,18,7,3,8,5,1,0,322,295,299,314,319,11,13,6,3
18595,VPS37D,125,92,15,4,60,34,9,5,322,137,196,298,313,65,58,6,-1
18597,VPS41,64,37,9,6,43,23,3,0,322,215,262,310,316,21,14,6,6
6562,GPR156,51,29,9,1,81,49,3,1,322,190,244,310,320,-30,-20,6,0
564,ALG13,63,39,10,4,53,26,4,2,322,206,257,308,316,10,13,6,2
566,ALG1L,58,38,15,8,89,57,9,2,322,175,227,298,312,-31,-19,6,6
368,ADNP,73,36,7,3,42,17,1,1,322,207,269,314,318,31,19,6,2
408,AFMID,64,34,7,4,50,21,1,1,322,208,267,314,317,14,13,6,3
18226,UBE4B,63,38,7,5,48,23,1,0,322,211,261,314,317,15,15,6,5
18225,UBE4A,65,43,8,3,47,26,2,0,322,210,253,312,319,18,17,6,3
18224,UBE3D,74,37,13,6,58,29,7,3,322,190,256,302,313,16,8,6,3
6537,GPNMB,59,37,9,3,41,18,3,1,322,222,267,310,318,18,19,6,2
383,ADRA2A,85,50,6,0,33,19,0,0,322,204,253,316,322,52,31,6,0
18214,UBE2S,58,38,11,8,55,36,5,3,322,209,248,306,311,3,2,6,5
6525,GPHA2,42,38,25,8,50,46,19,12,322,230,238,278,302,-8,-8,6,-4
18673,WDFY1,50,28,9,5,61,35,3,0,322,211,259,310,317,-11,-7,6,5
6518,GPC5,80,54,14,7,78,49,8,2,322,164,219,300,313,2,5,6,5
583,ALKBH7,71,38,13,7,62,34,7,3,322,189,250,302,312,9,4,6,4
18680,WDR11,54,26,7,5,52,23,1,0,322,216,273,314,317,2,3,6,5
19455,ZNF618,49,25,9,6,83,40,3,0,322,190,257,310,316,-34,-15,6,6
18996,ZCCHC2,110,81,9,3,56,31,3,0,322,156,210,310,319,54,50,6,3
5854,FOXG1,69,41,8,7,30,17,2,1,322,223,264,312,314,39,24,6,6
19612,ZNF835,87,50,9,1,52,34,3,0,322,183,238,310,321,35,16,6,1
5972,FXN,38,28,7,2,57,28,1,0,322,227,266,314,320,-19,0,6,2
7151,HMGB1,61,33,10,7,49,30,4,1,322,212,259,308,314,12,3,6,6
7161,HMGN2,48,29,9,7,49,30,3,1,322,225,263,310,314,-1,-1,6,6
19606,ZNF823,85,50,12,5,76,47,6,1,322,161,225,304,316,9,3,6,4
8,AACS,60,35,8,2,60,33,2,0,322,202,254,312,320,0,2,6,2
7163,HMGN4,46,31,9,3,66,39,3,1,322,210,252,310,318,-20,-8,6,2
19653,ZP3,88,54,11,4,45,24,5,2,322,189,244,306,316,43,30,6,2
19552,ZNF74,51,27,8,3,76,42,2,2,322,195,253,312,317,-25,-15,6,1
798,AP1B1,61,40,9,7,48,26,3,1,322,213,256,310,314,13,14,6,6
5908,FRMD4A,88,66,28,8,86,69,22,9,322,148,187,272,305,2,-3,6,-1
5860,FOXJ2,45,24,8,1,54,31,2,0,322,223,267,312,321,-9,-7,6,1
7145,HMCN1,74,50,12,2,52,29,6,0,322,196,243,304,320,22,21,6,2
17796,TRIM31,61,32,10,3,69,26,4,2,322,192,264,308,317,-8,6,6,1
5938,FSTL1,56,38,15,9,72,44,9,1,322,194,240,298,312,-16,-6,6,8
7090,HIGD1A,49,25,8,4,58,32,2,1,322,215,265,312,317,-9,-7,6,3
763,ANO6,66,29,7,1,37,16,1,0,322,219,277,314,321,29,13,6,1
5852,FOXF1,114,69,14,2,40,20,8,0,322,168,233,300,320,74,49,6,2
779,ANXA11,52,32,7,3,46,22,1,1,322,224,268,314,318,6,10,6,2
17745,TRDV3,17,17,13,5,12,10,7,2,322,293,295,302,315,5,7,6,3
19565,ZNF766,57,35,10,4,79,41,4,0,322,186,246,308,318,-22,-6,6,4
19502,ZNF683,56,45,14,4,57,40,8,6,322,209,237,300,312,-1,5,6,-2
19566,ZNF768,53,35,9,7,50,29,3,0,322,219,258,310,315,3,6,6,7
5881,FOXP4,68,39,11,3,45,25,5,1,322,209,258,306,318,23,14,6,2
19568,ZNF770,54,22,8,1,96,47,2,1,322,172,253,312,320,-42,-25,6,0
19620,ZNF845,69,30,7,0,55,31,1,1,322,198,261,314,321,14,-1,6,-1
7134,HLA-E,42,29,7,5,58,21,1,1,322,222,272,314,316,-16,8,6,4
19619,ZNF844,99,59,10,3,29,11,4,0,322,194,252,308,319,70,48,6,3
37,ABCA5,73,39,10,6,77,46,4,1,322,172,237,308,315,-4,-7,6,5
7114,HK1,48,29,9,5,48,23,3,1,322,226,270,310,316,0,6,6,4
7158,HMGCS1,89,57,12,7,75,43,6,1,322,158,222,304,314,14,14,6,6
19560,ZNF76,45,25,9,5,85,47,3,1,322,192,250,310,316,-40,-22,6,4
17859,TRIP10,48,29,9,5,71,43,3,1,322,203,250,310,316,-23,-14,6,4
5814,FNDC3A,58,28,7,2,53,22,1,0,322,211,272,314,320,5,6,6,2
19574,ZNF776,82,42,9,5,71,34,3,1,322,169,246,310,316,11,8,6,4
5799,FMO3,39,25,6,1,25,15,0,0,322,258,282,316,321,14,10,6,1
5807,FN3KRP,43,23,12,2,80,47,6,4,322,199,252,304,316,-37,-24,6,-2
19476,ZNF652,47,24,7,1,75,43,1,0,322,200,255,314,321,-28,-19,6,1
7126,HLA-DPB1,80,54,9,2,58,37,3,1,322,184,231,310,319,22,17,6,1
769,ANP32B,51,33,7,7,43,23,1,1,322,228,266,314,314,8,10,6,6
5232,EZH2,65,35,7,2,49,26,1,0,322,208,261,314,320,16,9,6,2
5782,FLT1,106,67,8,1,44,23,2,1,322,172,232,312,320,62,44,6,0
17779,TRIM11,57,27,8,4,50,34,2,0,322,215,261,312,318,7,-7,6,4
5901,FRG1,63,37,10,5,60,35,4,1,322,199,250,308,316,3,2,6,4
19636,ZNF91,71,40,10,6,55,34,4,0,322,196,248,308,316,16,6,6,6
19588,ZNF790,69,35,9,3,75,49,3,0,322,178,238,310,319,-6,-14,6,3
17806,TRIM4,67,43,13,7,56,35,7,0,322,199,244,302,315,11,8,6,7
7109,HIVEP1,62,36,8,1,69,28,2,2,322,191,258,312,319,-7,8,6,-1
17844,TRIM68,50,28,8,2,68,34,2,0,322,204,260,312,320,-18,-6,6,2
19703,ZZEF1,63,31,7,3,51,29,1,0,322,208,262,314,319,12,2,6,3
14349,RRAGA,41,26,9,2,89,54,4,1,322,192,242,309,319,-48,-28,5,1
14353,RRAS,69,43,12,6,58,35,7,2,322,195,244,303,314,11,8,5,4
386,ADRB1,83,42,9,1,61,26,4,0,322,178,254,309,321,22,16,5,1
9187,LRRN2,67,32,9,7,90,49,4,2,322,165,241,309,313,-23,-17,5,5
2271,CBFA2T2,65,32,7,3,43,21,2,1,322,214,269,313,318,22,11,5,2
4470,DNASE2B,41,33,8,4,29,19,3,0,322,252,270,311,318,12,14,5,4
14368,RRP7A,62,33,7,6,55,32,2,1,322,205,257,313,315,7,1,5,5
14559,SAXO2,132,90,29,13,73,57,24,11,322,117,175,269,298,59,33,5,2
6530,GPKOW,59,41,12,9,72,37,7,2,322,191,244,303,311,-13,4,5,7
14555,SATB2,60,31,7,1,54,27,2,0,322,208,264,313,321,6,4,5,1
11036,NRAP,55,37,6,0,11,6,1,0,322,256,279,315,322,44,31,5,0
18600,VPS4B,66,42,8,4,85,48,3,0,322,171,232,311,318,-19,-6,5,4
14391,RSPO2,97,54,10,1,41,21,5,0,322,184,247,307,321,56,33,5,1
2278,CBLL1,58,31,9,2,58,33,4,0,322,206,258,309,320,0,-2,5,2
5501,FAN1,41,16,7,1,85,48,2,0,322,196,258,313,321,-44,-32,5,1
18655,WASF1,66,34,9,3,51,32,4,0,322,205,256,309,319,15,2,5,3
11038,NRAS,56,33,7,4,54,28,2,1,322,212,261,313,317,2,5,5,3
11041,NRBP2,40,26,7,4,85,43,2,1,322,197,253,313,317,-45,-17,5,3
4425,DNAJB14,85,51,11,6,64,35,6,3,322,173,236,305,313,21,16,5,3
14346,RPUSD3,58,36,8,3,62,28,3,2,322,202,258,311,317,-4,8,5,1
11057,NRM,37,23,9,4,77,38,4,1,322,208,261,309,317,-40,-15,5,3
5876,FOXO4,92,49,8,4,42,23,3,1,322,188,250,311,317,50,26,5,3
9238,LUC7L2,65,34,8,6,60,35,3,1,322,197,253,311,315,5,-1,5,5
2302,CBY1,55,36,12,4,58,28,7,1,322,209,258,303,317,-3,8,5,3
6505,GPATCH11,63,35,6,2,71,32,1,0,322,188,255,315,320,-8,3,5,2
14311,RPS23,45,29,11,7,47,22,6,2,322,230,271,305,313,-2,7,5,5
14571,SC5D,64,36,8,2,73,30,3,0,322,185,256,311,320,-9,6,5,2
9229,LTBP4,66,41,11,7,73,34,6,2,322,183,247,305,313,-7,7,5,5
14313,RPS25,61,40,13,11,40,21,8,3,322,221,261,301,308,21,19,5,8
366,ADM2,73,47,7,1,72,33,2,1,322,177,242,313,320,1,14,5,0
11560,OR51M1,94,56,5,0,42,23,0,0,322,186,243,317,322,52,33,5,0
14318,RPS27L,60,26,7,1,58,25,2,1,322,204,271,313,320,2,1,5,0
2290,CBWD2,50,25,7,2,50,30,2,1,322,222,267,313,319,0,-5,5,1
11058,NRN1,71,43,10,4,83,49,5,0,322,168,230,307,318,-12,-6,5,4
9041,LONRF2,81,52,9,3,49,29,4,0,322,192,241,309,319,32,23,5,3
6513,GPBP1L1,49,25,6,4,57,32,1,0,322,216,265,315,318,-8,-7,5,4
9219,LSS,45,30,10,9,86,50,5,2,322,191,242,307,311,-41,-20,5,7
18675,WDFY3,92,54,13,7,65,40,8,2,322,165,228,301,313,27,14,5,5
9043,LORICRIN,35,28,8,0,12,10,3,1,322,275,284,311,321,23,18,5,-1
19633,ZNF888,79,50,6,1,46,16,1,1,322,197,256,315,320,33,34,5,0
11545,OR51B2,36,27,5,0,27,25,0,0,322,259,270,317,322,9,2,5,0
18668,WBP1L,63,29,7,3,56,23,2,0,322,203,270,313,319,7,6,5,3
9204,LSM11,40,21,6,0,67,32,1,0,322,215,269,315,322,-27,-11,5,0
14414,RTL8A,47,26,10,4,53,34,5,2,322,222,262,307,316,-6,-8,5,2
9060,LPCAT4,55,23,8,4,75,32,3,0,322,192,267,311,318,-20,-9,5,4
11444,OR2G2,10,9,5,0,6,6,0,0,322,306,307,317,322,4,3,5,0
14418,RTN1,59,34,7,6,66,27,2,0,322,197,261,313,316,-7,7,5,6
2235,CASP2,44,22,6,2,42,27,1,0,322,236,273,315,320,2,-5,5,2
14470,S100A10,63,39,10,2,47,27,5,1,322,212,256,307,319,16,12,5,1
2183,CAPN10,50,31,13,7,86,55,8,1,322,186,236,301,314,-36,-24,5,6
2186,CAPN13,66,32,7,0,61,32,2,0,322,195,258,313,322,5,0,5,0
9112,LRRC14B,84,57,10,2,32,23,5,1,322,206,242,307,319,52,34,5,1
14473,S100A13,58,29,10,5,61,31,5,1,322,203,262,307,316,-3,-2,5,4
5497,FAM98C,70,48,13,4,67,36,8,2,322,185,238,301,316,3,12,5,2
9106,LRPPRC,47,33,9,4,58,29,4,0,322,217,260,309,318,-11,4,5,4
9105,LRPAP1,40,21,8,6,58,26,3,0,322,224,275,311,316,-18,-5,5,6
14485,S100A9,35,25,13,6,21,20,8,4,322,266,277,301,312,14,5,5,2
6542,GPR119,32,27,6,1,17,8,1,0,322,273,287,315,321,15,19,5,1
14503,SACS,38,22,7,3,102,43,2,0,322,182,257,313,319,-64,-21,5,3
403,AFF3,83,52,14,5,58,29,9,0,322,181,241,299,317,25,23,5,5
5494,FAM95C,81,48,11,3,67,36,6,1,322,174,238,305,318,14,12,5,2
9097,LRP1B,39,21,7,3,37,18,2,0,322,246,283,313,319,2,3,5,3
4461,DNAJC9,46,24,7,2,69,45,2,0,322,207,253,313,320,-23,-21,5,2
2195,CAPN9,39,16,7,4,38,17,2,1,322,245,289,313,317,1,-1,5,3
2191,CAPN5,52,35,10,4,101,63,5,3,322,169,224,307,315,-49,-28,5,1
5878,FOXP1,76,39,8,1,65,25,3,0,322,181,258,311,321,11,14,5,1
4460,DNAJC8,57,33,7,7,53,23,2,1,322,212,266,313,314,4,10,5,6
14529,SAMM50,49,29,10,6,55,29,5,2,322,218,264,307,314,-6,0,5,4
9086,LRIG1,70,43,9,7,52,24,4,0,322,200,255,309,315,18,19,5,7
4456,DNAJC5B,43,29,8,3,33,16,3,1,322,246,277,311,318,10,13,5,2
11455,OR2L2,95,42,8,3,32,18,3,0,322,195,262,311,319,63,24,5,3
14465,RYK,59,29,7,3,52,29,2,0,322,211,264,313,319,7,0,5,3
395,AEBP2,59,34,8,4,60,23,3,1,322,203,265,311,317,-1,11,5,3
14534,SAP30,64,35,7,5,63,38,2,0,322,195,249,313,317,1,-3,5,5
9136,LRRC39,101,76,11,2,75,45,6,1,322,146,201,305,319,26,31,5,1
6551,GPR142,29,20,6,4,16,10,1,0,322,277,292,315,318,13,10,5,4
14424,RTN4RL1,46,23,5,1,85,53,0,0,322,191,246,317,321,-39,-30,5,1
5499,FAM9B,92,52,11,1,53,32,6,1,322,177,238,305,320,39,20,5,0
9148,LRRC4B,57,33,10,7,61,39,5,1,322,204,250,307,314,-4,-6,5,6
9146,LRRC47,54,28,7,4,66,37,2,0,322,202,257,313,318,-12,-9,5,4
9145,LRRC46,87,48,11,5,76,47,6,0,322,159,227,305,317,11,1,5,5
9144,LRRC45,65,46,12,6,70,39,7,5,322,187,237,303,311,-5,7,5,1
9141,LRRC41,48,23,9,4,64,38,4,0,322,210,261,309,318,-16,-15,5,4
18601,VPS50,63,30,8,3,46,26,3,1,322,213,266,311,318,17,4,5,2
9137,LRRC3B,24,14,8,5,28,20,3,2,322,270,288,311,315,-4,-6,5,3
4438,DNAJC14,56,30,8,4,72,31,3,0,322,194,261,311,318,-16,-1,5,4
14460,RXRA,45,26,9,4,106,55,4,0,322,171,241,309,318,-61,-29,5,4
2168,CAMLG,52,31,7,3,50,22,2,1,322,220,269,313,318,2,9,5,2
18603,VPS52,53,31,8,4,44,25,3,0,322,225,266,311,318,9,6,5,4
18604,VPS53,60,33,7,3,35,20,2,1,322,227,269,313,318,25,13,5,2
9132,LRRC37A2,47,24,6,2,81,40,1,0,322,194,258,315,320,-34,-16,5,2
6536,GPN3,60,39,13,7,60,31,8,4,322,202,252,301,311,0,8,5,3
3448,COMMD7,44,29,10,5,73,38,5,3,322,205,255,307,314,-29,-9,5,2
9239,LUC7L3,78,41,10,7,50,29,5,0,322,194,252,307,315,28,12,5,7
14449,RUVBL1,38,25,7,3,55,30,2,1,322,229,267,313,318,-17,-5,5,2
11447,OR2H1,31,25,6,0,13,9,1,0,322,278,288,315,322,18,16,5,0
14455,RWDD4,58,35,13,5,81,43,8,3,322,183,244,301,314,-23,-8,5,2
19468,ZNF630,108,69,8,1,40,29,3,2,322,174,224,311,319,68,40,5,-1
2332,CCDC127,72,34,9,2,47,26,4,1,322,203,262,309,319,25,8,5,1
4386,DMRTC1B,75,47,10,2,56,41,5,3,322,191,234,307,317,19,6,5,-1
3437,COLGALT1,36,17,8,5,66,36,3,1,322,220,269,311,316,-30,-19,5,4
19602,ZNF814,58,36,10,5,76,44,5,1,322,188,242,307,316,-18,-8,5,4
4287,DHRSX,56,31,10,5,82,43,5,1,322,184,248,307,316,-26,-12,5,4
13982,RHO,88,55,7,0,18,9,2,0,322,216,258,313,322,70,46,5,0
9450,MAP4K2,52,36,8,3,65,27,3,0,322,205,259,311,319,-13,9,5,3
9449,MAP4K1,101,66,9,2,51,27,4,4,322,170,229,309,316,50,39,5,-2
4289,DHX15,55,26,6,3,53,35,1,0,322,214,261,315,319,2,-9,5,3
9444,MAP3K7,69,38,7,2,48,23,2,0,322,205,261,313,320,21,15,5,2
4291,DHX29,63,33,7,1,51,30,2,0,322,208,259,313,321,12,3,5,1
13997,RHOU,78,45,9,2,31,16,4,1,322,213,261,309,319,47,29,5,1
5538,FBF1,86,54,11,4,52,23,6,2,322,184,245,305,316,34,31,5,2
3612,CREM,87,52,10,2,45,19,5,1,322,190,251,307,319,42,33,5,1
18772,WNT1,58,37,7,1,35,24,2,1,322,229,261,313,320,23,13,5,0
4297,DHX36,50,26,7,3,86,48,2,0,322,186,248,313,319,-36,-22,5,3
14020,RIMBP3C,66,46,15,5,52,35,10,1,322,204,241,297,316,14,11,5,4
2450,CCDC91,58,35,11,4,83,52,6,2,322,181,235,305,316,-25,-17,5,2
10981,NPL,62,30,7,2,59,34,2,0,322,201,258,313,320,3,-4,5,2
18767,WLS,57,35,11,7,51,26,6,0,322,214,261,305,315,6,9,5,7
30,ABCA1,47,24,8,6,82,50,3,2,322,193,248,311,314,-35,-26,5,4
14032,RINT1,68,41,12,6,53,37,7,3,322,201,244,303,313,15,4,5,3
14047,RIPPLY3,75,43,8,4,57,29,3,0,322,190,250,311,318,18,14,5,4
14049,RIT2,46,33,7,0,41,31,2,0,322,235,258,313,322,5,2,5,0
9406,MANEAL,63,43,11,7,85,49,6,0,322,174,230,305,315,-22,-6,5,7
18765,WIPI2,43,27,9,7,52,32,4,0,322,227,263,309,315,-9,-5,5,7
4315,DIP2A,51,29,6,3,57,24,1,1,322,214,269,315,318,-6,5,5,2
14094,RNF112,82,50,9,1,60,23,4,1,322,180,249,309,320,22,27,5,0
10983,NPM1,46,32,9,7,59,30,4,2,322,217,260,309,313,-13,2,5,5
9386,MALT1,55,23,7,1,52,24,2,0,322,215,275,313,321,3,-1,5,1
13980,RHEX,56,45,7,2,31,19,2,0,322,235,258,313,320,25,26,5,2
9457,MAP7D1,42,24,7,7,90,51,2,1,322,190,247,313,314,-48,-27,5,6
5511,FANCL,62,31,7,3,59,31,2,0,322,201,260,313,319,3,0,5,3
13973,RHBDL3,78,42,9,3,76,45,4,0,322,168,235,309,319,2,-3,5,3
18813,XAGE2,37,31,9,6,26,20,4,1,322,259,271,309,315,11,11,5,5
4255,DGKB,93,59,7,2,38,18,2,0,322,191,245,313,320,55,41,5,2
11736,OSBPL11,69,31,6,2,49,30,1,0,322,204,261,315,320,20,1,5,2
13856,REL,55,30,7,2,56,23,2,0,322,211,269,313,320,-1,7,5,2
9510,MARVELD2,88,44,6,1,46,20,1,0,322,188,258,315,321,42,24,5,1
10962,NPIPA1,72,36,12,6,71,36,7,2,322,179,250,303,314,1,0,5,4
4256,DGKD,49,23,9,2,65,39,4,0,322,208,260,309,320,-16,-16,5,2
11731,ORMDL3,60,33,9,7,79,35,4,1,322,183,254,309,314,-19,-2,5,6
13884,RETREG3,67,42,11,6,74,33,6,1,322,181,247,305,315,-7,9,5,5
13890,REXO2,54,31,8,3,59,32,3,2,322,209,259,311,317,-5,-1,5,1
18801,WTIP,68,43,10,3,47,31,5,3,322,207,248,307,316,21,12,5,0
11724,ORC4,56,35,7,1,57,22,2,1,322,209,265,313,320,-1,13,5,0
326,ADGRB3,49,23,7,4,56,26,2,1,322,217,273,313,317,-7,-3,5,3
10972,NPIPB15,96,52,8,2,51,35,3,0,322,175,235,311,320,45,17,5,2
6428,GNPAT,55,29,8,3,54,27,3,1,322,213,266,311,318,1,2,5,2
10974,NPIPB3,82,58,20,13,67,43,15,6,322,173,221,287,303,15,15,5,7
13925,RGL1,79,47,5,2,48,22,0,0,322,195,253,317,320,31,25,5,2
9481,MAPKAPK5,46,27,6,3,52,21,1,0,322,224,274,315,319,-6,6,5,3
13934,RGPD2,80,53,11,3,52,33,6,2,322,190,236,305,317,28,20,5,1
6433,GNPTG,84,53,10,4,39,22,5,0,322,199,247,307,318,45,31,5,4
10976,NPIPB5,66,40,7,4,64,33,2,0,322,192,249,313,318,2,7,5,4
4275,DHRS1,50,30,8,4,62,34,3,1,322,210,258,311,317,-12,-4,5,3
9473,MAPK8,55,27,9,2,52,37,4,1,322,215,258,309,319,3,-10,5,1
13948,RGS17,67,38,5,2,59,21,0,0,322,196,263,317,320,8,17,5,2
2476,CCL22,77,40,6,1,52,23,1,0,322,193,259,315,321,25,17,5,1
9464,MAPK12,65,37,13,10,84,45,8,2,322,173,240,301,310,-19,-8,5,8
6438,GOLGA1,44,30,7,3,74,40,2,0,322,204,252,313,319,-30,-10,5,3
9385,MALSU1,52,31,7,2,67,38,2,1,322,203,253,313,319,-15,-7,5,1
14098,RNF115,51,27,6,1,35,14,1,0,322,236,281,315,321,16,13,5,1
2420,CCDC63,66,30,5,1,24,11,0,0,322,232,281,317,321,42,19,5,1
9379,MAK,77,45,6,1,45,20,1,0,322,200,257,315,321,32,25,5,1
14250,RPL28,53,37,13,7,49,23,8,3,322,220,262,301,312,4,14,5,4
2344,CCDC148,101,58,8,3,42,24,3,0,322,179,240,311,319,59,34,5,3
14252,RPL3,44,30,13,9,54,25,8,2,322,224,267,301,311,-10,5,5,7
19617,ZNF841,77,43,6,3,62,28,1,1,322,183,251,315,318,15,15,5,2
11608,OR5B2,47,24,7,1,35,16,2,0,322,240,282,313,321,12,8,5,1
24,AASDH,47,21,6,2,78,37,1,0,322,197,264,315,320,-31,-16,5,2
9282,LYPLAL1,67,36,9,3,70,38,4,0,322,185,248,309,319,-3,-2,5,3
11010,NQO2,55,31,8,5,78,34,3,1,322,189,257,311,316,-23,-3,5,4
18712,WDR59,55,28,6,3,51,26,1,0,322,216,268,315,319,4,2,5,3
9277,LYPD6,56,27,8,1,94,40,3,1,322,172,255,311,320,-38,-13,5,0
3594,CRBN,67,30,11,5,77,34,6,3,322,178,258,305,314,-10,-4,5,2
11015,NR1H2,68,31,10,4,61,33,5,3,322,193,258,307,315,7,-2,5,1
4372,DMBX1,93,58,8,1,46,21,3,2,322,183,243,311,319,47,37,5,-1
14265,RPL38,67,34,10,8,40,20,5,2,322,215,268,307,312,27,14,5,6
18704,WDR46,57,35,9,5,56,34,4,1,322,209,253,309,316,1,1,5,4
11577,OR52I1,82,39,6,2,52,28,1,0,322,188,255,315,320,30,11,5,2
14270,RPL41,48,29,9,8,41,19,4,3,322,233,274,309,311,7,10,5,5
3452,COMT,45,24,9,3,56,29,4,2,322,221,269,309,317,-11,-5,5,1
3586,CRACR2A,56,34,8,0,44,19,3,1,322,222,269,311,321,12,15,5,-1
14275,RPL7L1,37,23,7,4,84,38,2,1,322,201,261,313,317,-47,-15,5,3
14279,RPLP1,64,39,14,7,32,18,9,1,322,226,265,299,314,32,21,5,6
9255,LY6G6F,51,47,7,0,28,25,2,2,322,243,250,313,320,23,22,5,-2
4378,DMPK,70,34,8,4,62,32,3,1,322,190,256,311,317,8,2,5,3
9251,LY6G5C,107,76,21,8,71,49,16,7,322,144,197,285,307,36,27,5,1
4382,DMRTA1,80,41,6,1,27,16,1,0,322,215,265,315,321,53,25,5,1
19629,ZNF875,58,33,8,5,52,26,3,2,322,212,263,311,315,6,7,5,3
14295,RPS10,50,28,10,8,39,15,5,2,322,233,279,307,312,11,13,5,6
2345,CCDC149,52,25,5,0,64,34,0,0,322,206,263,317,322,-12,-9,5,0
14243,RPL23,49,32,11,8,51,24,6,2,322,222,266,305,312,-2,8,5,6
25,AASDHPPT,42,27,10,4,89,42,5,0,322,191,253,307,318,-47,-15,5,4
342,ADGRG5,47,28,6,2,40,24,1,0,322,235,270,315,320,7,4,5,2
9374,MAGOH,75,48,7,2,42,19,2,1,322,205,255,313,319,33,29,5,1
2414,CCDC58,62,35,10,2,50,28,5,2,322,210,259,307,318,12,7,5,0
14119,RNF150,69,38,5,0,33,20,0,0,322,220,264,317,322,36,18,5,0
2409,CCDC47,54,31,6,4,53,22,1,0,322,215,269,315,318,1,9,5,4
4327,DIS3L,50,27,7,2,73,31,2,1,322,199,264,313,319,-23,-4,5,1
4329,DISC1,58,36,7,2,61,28,2,1,322,203,258,313,319,-3,8,5,1
19608,ZNF829,61,33,7,1,43,17,2,1,322,218,272,313,320,18,16,5,0
14134,RNF183,84,57,12,3,49,32,7,1,322,189,233,303,318,35,25,5,2
14139,RNF19B,76,29,6,2,63,33,1,0,322,183,260,315,320,13,-4,5,2
14140,RNF2,53,29,7,5,60,34,2,0,322,209,259,313,317,-7,-5,5,5
2403,CCDC34,58,34,8,3,40,15,3,0,322,224,273,311,319,18,19,5,3
2400,CCDC30,118,53,7,2,42,16,2,0,322,162,253,313,320,76,37,5,2
14172,RNF7,46,29,8,4,46,24,3,0,322,230,269,311,318,0,5,5,4
9297,LYZL4,37,33,9,2,20,17,4,0,322,265,272,309,320,17,16,5,2
6469,GOLGA8S,44,29,8,2,31,25,3,0,322,247,268,311,320,13,4,5,2
10997,NPTN,49,33,8,6,71,37,3,2,322,202,252,311,314,-22,-4,5,4
11000,NPTXR,54,28,6,2,65,20,1,1,322,203,274,315,319,-11,8,5,1
2376,CCDC183,84,57,11,4,86,61,6,3,322,152,204,305,315,-2,-4,5,1
18724,WDR76,62,30,6,2,48,23,1,0,322,212,269,315,320,14,7,5,2
14195,ROPN1B,69,56,16,2,61,50,11,0,322,192,216,295,320,8,6,5,2
2372,CCDC18,77,38,8,1,63,33,3,0,322,182,251,311,321,14,5,5,1
4351,DLGAP2,38,23,12,4,32,22,7,0,322,252,277,303,318,6,1,5,4
11627,OR5K2,17,16,8,2,21,16,3,1,322,284,290,311,319,-4,0,5,1
14218,RPF1,56,31,8,4,48,25,3,1,322,218,266,311,317,8,6,5,3
14221,RPGRIP1,77,59,26,12,83,48,21,5,322,162,215,275,305,-6,11,5,7
9299,LZIC,77,50,6,4,48,25,1,0,322,197,247,315,318,29,25,5,4
9035,LNPK,42,24,8,2,91,49,3,0,322,189,249,311,320,-49,-25,5,2
18577,VPS13C,44,24,6,2,71,27,1,0,322,207,271,315,320,-27,-3,5,2
11066,NRXN1,54,33,9,7,51,26,4,2,322,217,263,309,313,3,7,5,5
11171,NUP155,75,45,6,2,50,21,1,0,322,197,256,315,320,25,24,5,2
8626,KRT83,52,36,7,1,42,26,2,0,322,228,260,313,321,10,10,5,1
15330,SLC35G3,90,50,7,0,35,15,2,0,322,197,257,313,322,55,35,5,0
6698,GRM6,70,41,6,1,39,13,1,0,322,213,268,315,321,31,28,5,1
1815,C16orf90,34,32,7,1,14,14,2,1,322,274,276,313,320,20,18,5,0
3495,COX10,61,29,7,4,52,31,2,0,322,209,262,313,318,9,-2,5,4
15363,SLC39A6,83,50,8,3,36,18,3,1,322,203,254,311,318,47,32,5,2
11234,OAZ1,80,52,11,7,35,16,6,1,322,207,254,305,314,45,36,5,6
14,AAGAB,52,31,8,6,52,33,3,0,322,218,258,311,316,0,-2,5,6
5423,FAM241A,68,37,7,2,37,18,2,1,322,217,267,313,319,31,19,5,1
15373,SLC43A1,72,47,8,3,68,34,3,0,322,182,241,311,319,4,13,5,3
11170,NUP153,52,29,6,3,69,37,1,0,322,201,256,315,319,-17,-8,5,3
8593,KRT27,46,32,6,2,16,8,1,0,322,260,282,315,320,30,24,5,2
8592,KRT26,43,28,5,1,7,4,0,0,322,272,290,317,321,36,24,5,1
8583,KRT17,82,49,15,6,72,44,10,1,322,168,229,297,315,10,5,5,5
11255,ODF1,24,23,10,4,18,18,5,2,322,280,281,307,316,6,5,5,2
1783,C12orf60,98,58,11,2,76,38,6,1,322,148,226,305,319,22,20,5,1
505,AKAP8,39,25,6,2,74,36,1,1,322,209,261,315,319,-35,-11,5,1
15446,SLC7A11,71,41,8,4,102,52,3,0,322,149,229,311,318,-31,-11,5,4
8570,KRCC1,127,79,8,1,47,27,3,0,322,148,216,311,321,80,52,5,1
15454,SLC7A6OS,72,34,11,4,40,25,6,4,322,210,263,305,314,32,9,5,0
4626,DUSP15,75,57,21,11,80,51,16,6,322,167,214,285,305,-5,6,5,5
1772,C11orf98,47,33,12,4,68,36,7,5,322,207,253,303,313,-21,-3,5,-1
19687,ZSWIM4,72,42,9,2,87,50,4,2,322,163,230,309,318,-15,-8,5,0
19692,ZSWIM9,94,51,8,5,41,21,3,2,322,187,250,311,315,53,30,5,3
18371,UQCRC2,58,37,9,4,57,32,4,1,322,207,253,309,317,1,5,5,3
15499,SLIT1,49,27,8,3,60,31,3,1,322,213,264,311,318,-11,-4,5,2
19693,ZUP1,93,48,9,4,62,36,4,1,322,167,238,309,317,31,12,5,3
15513,SLU7,88,51,7,3,41,16,2,1,322,193,255,313,318,47,35,5,2
15305,SLC35A2,83,45,8,4,40,21,3,2,322,199,256,311,316,43,24,5,2
15293,SLC30A6,52,31,7,1,59,28,2,0,322,211,263,313,321,-7,3,5,1
18396,USP1,46,23,5,1,65,39,0,0,322,211,260,317,321,-19,-16,5,1
18397,USP10,48,26,9,5,69,43,4,2,322,205,253,309,315,-21,-17,5,3
19660,ZRANB2,59,31,8,3,60,34,3,0,322,203,257,311,319,-1,-3,5,3
15093,SLAIN1,68,41,14,7,71,43,9,3,322,183,238,299,312,-3,-2,5,4
15098,SLAMF8,60,40,6,2,23,19,1,0,322,239,263,315,320,37,21,5,2
3490,CORO6,77,51,15,1,89,62,10,1,322,156,209,297,320,-12,-11,5,0
5813,FNDC11,78,58,13,0,66,52,8,2,322,178,212,301,320,12,6,5,-2
1892,C1orf87,42,32,5,0,11,7,0,0,322,269,283,317,322,31,25,5,0
15125,SLC14A2,96,55,7,2,39,20,2,0,322,187,247,313,320,57,35,5,2
15133,SLC16A11,53,34,8,2,46,28,3,1,322,223,260,311,319,7,6,5,1
15137,SLC16A2,63,34,7,2,44,18,2,2,322,215,270,313,318,19,16,5,0
18424,USP18,61,39,8,2,84,43,3,2,322,177,240,311,318,-23,-4,5,0
15154,SLC18A1,27,17,5,4,18,11,0,0,322,277,294,317,318,9,6,5,4
494,AKAP10,82,43,11,6,66,33,6,1,322,174,246,305,315,16,10,5,5
495,AKAP11,36,15,6,2,98,46,1,0,322,188,261,315,320,-62,-31,5,2
1867,C1orf141,74,59,18,2,49,42,13,4,322,199,221,291,316,25,17,5,-2
15202,SLC25A10,51,32,7,2,72,36,2,1,322,199,254,313,319,-21,-4,5,1
6682,GRINA,54,29,9,8,69,31,4,2,322,199,262,309,312,-15,-2,5,6
15210,SLC25A18,78,46,14,10,64,43,9,5,322,180,233,299,307,14,3,5,5
497,AKAP13,69,37,9,2,71,35,4,0,322,182,250,309,320,-2,2,5,2
15213,SLC25A20,71,41,6,2,53,20,1,1,322,198,261,315,319,18,21,5,1
15215,SLC25A22,49,30,9,4,94,49,4,1,322,179,243,309,317,-45,-19,5,3
15219,SLC25A26,43,28,7,5,67,25,2,0,322,212,269,313,317,-24,3,5,5
18402,USP15,45,23,7,3,59,41,2,1,322,218,258,313,318,-14,-18,5,2
15241,SLC25A46,52,28,6,1,51,30,1,0,322,219,264,315,321,1,-2,5,1
15245,SLC25A51,50,32,8,1,64,36,3,0,322,208,254,311,321,-14,-4,5,1
15247,SLC25A53,65,35,5,0,33,12,0,0,322,224,275,317,322,32,23,5,0
1844,C19orf44,82,37,11,2,61,28,6,2,322,179,257,305,318,21,9,5,0
15252,SLC26A3,41,27,9,4,21,11,4,1,322,260,284,309,317,20,16,5,3
509,AKIRIN1,51,26,9,3,54,32,4,0,322,217,264,309,319,-3,-6,5,3
11217,NXPH1,49,33,10,2,38,18,5,0,322,235,271,307,320,11,15,5,2
8539,KMO,73,37,11,2,50,32,6,2,322,199,253,305,318,23,5,5,0
4669,DYNLT1,38,28,10,6,77,41,5,2,322,207,253,307,314,-39,-13,5,4
4672,DYNLT3,52,30,10,6,61,24,5,1,322,209,268,307,315,-9,6,5,5
15586,SMIM27,76,48,16,6,72,39,11,8,322,174,235,295,308,4,9,5,-2
1713,BTG4,55,50,13,2,43,39,8,1,322,224,233,301,319,12,11,5,1
18343,UNC93A,53,30,8,0,18,8,3,0,322,251,284,311,322,35,22,5,0
5410,FAM229A,104,76,22,11,78,56,17,7,322,140,190,283,304,26,20,5,4
15600,SMIM4,68,47,12,6,68,26,7,6,322,186,249,303,310,0,21,5,0
3516,COX7B,59,32,9,5,49,26,4,3,322,214,264,309,314,10,6,5,2
15602,SMIM41,80,54,13,2,79,43,8,4,322,163,225,301,316,1,11,5,-2
18338,UNC5C,79,45,6,2,33,19,1,0,322,210,258,315,320,46,26,5,2
11190,NUP98,57,34,10,6,55,32,5,0,322,210,256,307,316,2,2,5,6
15619,SMPD1,66,39,10,6,69,39,5,1,322,187,244,307,315,-3,0,5,5
8460,KLF7,83,51,10,5,79,43,5,0,322,160,228,307,317,4,8,5,5
4683,DZIP3,57,37,10,1,56,32,5,1,322,209,253,307,320,1,5,5,0
8456,KLF3,70,39,10,5,63,36,5,0,322,189,247,307,317,7,3,5,5
15623,SMPDL3A,56,27,7,1,78,37,2,1,322,188,258,313,320,-22,-10,5,0
11201,NUTM2F,42,21,6,1,34,19,1,1,322,246,282,315,320,8,2,5,0
1688,BSPRY,52,28,5,0,61,18,0,0,322,209,276,317,322,-9,10,5,0
15633,SMUG1,59,34,8,4,53,31,3,2,322,210,257,311,316,6,3,5,2
15635,SMURF2,48,25,7,2,60,26,2,0,322,214,271,313,320,-12,-1,5,2
8448,KLF12,47,25,5,2,45,20,0,0,322,230,277,317,320,2,5,5,2
15636,SMYD1,31,12,6,2,16,9,1,0,322,275,301,315,320,15,3,5,2
5407,FAM227B,72,44,10,3,87,45,5,0,322,163,233,307,319,-15,-1,5,3
1682,BSCL2,101,67,16,5,60,29,11,2,322,161,226,295,315,41,38,5,3
15647,SNAP47,47,28,9,7,75,45,4,0,322,200,249,309,315,-28,-17,5,7
19702,ZYX,50,30,11,7,80,39,6,1,322,192,253,305,314,-30,-9,5,6
11194,NUSAP1,45,28,11,1,68,36,6,2,322,209,258,305,319,-23,-8,5,-1
15651,SNAPC3,44,24,9,4,55,30,4,1,322,223,268,309,317,-11,-6,5,3
1720,BTN3A2,60,34,8,1,62,25,3,0,322,200,263,311,321,-2,9,5,1
8485,KLHL22,54,28,11,6,120,83,6,2,322,148,211,305,314,-66,-55,5,4
11180,NUP42,64,34,10,5,75,40,5,2,322,183,248,307,315,-11,-6,5,3
18347,UNK,44,31,9,5,104,62,4,1,322,174,229,309,316,-60,-31,5,4
3505,COX4I2,24,22,14,9,27,22,9,0,322,271,278,299,313,-3,0,5,9
6724,GSK3B,83,47,13,9,90,45,8,0,322,149,230,301,313,-7,2,5,9
513,AKR1A1,42,25,10,7,68,37,5,1,322,212,260,307,314,-26,-12,5,6
19694,ZW10,50,25,6,3,60,38,1,0,322,212,259,315,319,-10,-13,5,3
15533,SMARCA4,44,27,9,6,49,20,4,4,322,229,275,309,312,-5,7,5,2
6727,GSPT1,48,31,7,3,50,34,2,1,322,224,257,313,318,-2,-3,5,2
8523,KLK8,40,35,19,10,49,34,14,4,322,233,253,289,308,-9,1,5,6
19696,ZWINT,40,24,8,4,65,35,3,1,322,217,263,311,317,-25,-11,5,3
4654,DYM,64,34,8,3,55,22,3,1,322,203,266,311,318,9,12,5,2
8519,KLK4,79,64,16,1,72,54,11,1,322,171,204,295,320,7,10,5,0
4655,DYNAP,109,68,7,3,52,31,2,0,322,161,223,313,319,57,37,5,3
4658,DYNC1I2,66,37,9,4,54,31,4,1,322,202,254,309,317,12,6,5,3
19698,ZXDB,47,26,6,2,73,42,1,1,322,202,254,315,319,-26,-16,5,1
15537,SMARCB1,47,27,10,7,78,40,5,2,322,197,255,307,313,-31,-13,5,5
15538,SMARCC1,39,28,8,4,52,25,3,0,322,231,269,311,318,-13,3,5,4
3512,COX6C,62,32,12,7,48,24,7,3,322,212,266,303,312,14,8,5,4
1734,BVES,73,33,5,0,58,22,0,0,322,191,267,317,322,15,11,5,0
19699,ZXDC,46,22,10,4,81,46,5,0,322,195,254,307,318,-35,-24,5,4
1730,BUB3,44,23,9,4,58,37,4,0,322,220,262,309,318,-14,-14,5,4
8504,KLHL42,64,29,10,3,53,28,5,0,322,205,265,307,319,11,1,5,3
15555,SMCO4,53,31,12,5,78,41,7,1,322,191,250,303,316,-25,-10,5,4
15557,SMCR8,83,49,6,2,29,13,1,0,322,210,260,315,320,54,36,5,2
18352,UPF3A,41,21,6,4,59,31,1,0,322,222,270,315,318,-18,-10,5,4
8499,KLHL36,44,24,7,2,92,48,2,0,322,186,250,313,320,-48,-24,5,2
18351,UPF2,48,30,6,1,56,20,1,0,322,218,272,315,321,-8,10,5,1
15572,SMIM12,52,28,7,3,79,47,2,0,322,191,247,313,319,-27,-19,5,3
15573,SMIM13,49,24,7,3,61,31,2,1,322,212,267,313,318,-12,-7,5,2
1905,C1QTNF3,105,64,9,2,59,33,4,0,322,158,225,309,320,46,31,5,2
15083,SKI,69,41,10,6,108,40,5,0,322,145,241,307,316,-39,1,5,6
3569,CPT1A,72,41,8,3,52,19,3,1,322,198,262,311,318,20,22,5,2
451,AGXT,83,48,7,1,53,27,2,0,322,186,247,313,321,30,21,5,1
2107,CACNB4,102,62,7,2,45,24,2,1,322,175,236,313,319,57,38,5,1
8950,LIMA1,42,27,12,4,63,31,7,2,322,217,264,303,316,-21,-4,5,2
14680,SDF2,74,37,9,6,85,40,4,1,322,163,245,309,315,-11,-3,5,5
11373,OR13C2,25,23,7,1,18,16,2,0,322,279,283,313,321,7,7,5,1
14682,SDF4,56,31,9,7,41,27,4,1,322,225,264,309,314,15,4,5,6
2105,CACNB2,101,58,8,3,55,30,3,0,322,166,234,311,319,46,28,5,3
14697,SDR9C7,59,30,8,2,60,25,3,0,322,203,267,311,320,-1,5,5,2
14700,SEBOX,22,18,12,5,17,13,7,3,322,283,291,303,314,5,5,5,2
14708,SEC14L5,84,49,7,1,27,14,2,0,322,211,259,313,321,57,35,5,1
14715,SEC23A,48,29,7,3,51,26,2,0,322,223,267,313,319,-3,3,5,3
447,AGTPBP1,40,27,6,1,79,33,1,0,322,203,262,315,321,-39,-6,5,1
11089,NSUN5,48,28,9,3,67,41,4,0,322,207,253,309,319,-19,-13,5,3
8929,LHX5,42,28,6,0,36,20,1,0,322,244,274,315,322,6,8,5,0
8925,LHX1,71,50,12,0,69,35,7,0,322,182,237,303,322,2,15,5,0
8725,KRTCAP2,56,33,10,8,49,20,5,1,322,217,269,307,313,7,13,5,7
3461,COPRS,40,30,9,4,57,33,4,3,322,225,259,309,315,-17,-3,5,1
5858,FOXI3,100,52,6,0,42,24,1,1,322,180,246,315,321,58,28,5,-1
14741,SELENOI,59,31,7,1,72,33,2,0,322,191,258,313,321,-13,-2,5,1
11316,OPN3,88,65,11,0,61,29,6,2,322,173,228,305,320,27,36,5,-2
6617,GPRASP2,92,53,13,3,66,32,8,1,322,164,237,301,318,26,21,5,2
19652,ZP2,54,28,5,2,32,6,0,0,322,236,288,317,320,22,22,5,2
4516,DPAGT1,55,33,8,2,59,29,3,2,322,208,260,311,318,-4,4,5,0
11109,NTHL1,69,42,12,8,59,30,7,2,322,194,250,303,312,10,12,5,6
3554,CPNE7,104,74,19,6,76,48,14,7,322,142,200,289,309,28,26,5,-1
14776,SEMG2,29,19,5,1,10,6,0,0,322,283,297,317,321,19,13,5,1
3551,CPNE4,53,37,12,2,47,34,7,2,322,222,251,303,318,6,3,5,0
14782,SENP6,51,29,9,6,60,39,4,0,322,211,254,309,316,-9,-10,5,6
14787,SEPSECS,67,32,8,1,59,24,3,0,322,196,266,311,321,8,8,5,1
4498,DOCK6,68,50,22,7,95,66,17,7,322,159,206,283,308,-27,-16,5,0
4497,DOCK5,61,35,6,0,55,24,1,1,322,206,263,315,321,6,11,5,-1
8960,LIMS4,37,37,18,13,30,27,13,7,322,255,258,291,302,7,10,5,6
441,AGPS,56,30,7,3,58,27,2,0,322,208,265,313,319,-2,3,5,3
11069,NSA2,70,40,8,3,37,19,3,1,322,215,263,311,318,33,21,5,2
14577,SCAMP1,39,27,9,5,83,39,4,0,322,200,256,309,317,-44,-12,5,5
9023,LMO3,53,38,11,2,45,32,6,2,322,224,252,305,318,8,6,5,0
9019,LMNTD1,99,63,10,3,61,38,5,2,322,162,221,307,317,38,25,5,1
2155,CAMK1D,73,31,5,2,47,17,0,0,322,202,274,317,320,26,14,5,2
18582,VPS26A,51,26,7,3,54,27,2,0,322,217,269,313,319,-3,-1,5,3
9016,LMNA,50,33,10,7,63,40,5,2,322,209,249,307,313,-13,-7,5,5
18578,VPS13D,52,26,5,1,71,31,0,0,322,199,265,317,321,-19,-5,5,1
9530,MAU2,42,21,11,5,68,39,6,1,322,212,262,305,316,-26,-18,5,4
9010,LMBRD2,77,49,7,1,51,18,2,0,322,194,255,313,321,26,31,5,1
9008,LMBR1L,80,50,18,11,89,55,13,2,322,153,217,291,309,-9,-5,5,9
2148,CALML6,60,53,17,4,53,46,12,6,322,209,223,293,312,7,7,5,-2
5871,FOXN3,64,39,10,5,69,30,5,2,322,189,253,307,315,-5,9,5,3
11388,OR14J1,74,42,7,0,38,20,2,0,322,210,260,313,322,36,22,5,0
424,AGER,92,51,15,6,82,48,10,4,322,148,223,297,312,10,3,5,2
9002,LLPH,73,42,5,1,35,19,0,0,322,214,261,317,321,38,23,5,1
14606,SCGB1D4,7,7,7,1,5,5,2,0,322,310,310,313,321,2,2,5,1
8997,LIX1L,57,36,6,3,44,22,1,0,322,221,264,315,319,13,14,5,3
6587,GPR32,47,39,8,6,19,16,3,0,322,256,267,311,316,28,23,5,6
2132,CALCOCO2,60,35,10,6,39,18,5,3,322,223,269,307,313,21,17,5,3
11078,NSL1,68,37,8,3,61,37,3,1,322,193,248,311,318,7,0,5,2
8976,LINGO1,65,35,7,3,46,25,2,1,322,211,262,313,318,19,10,5,2
8972,LINC00672,105,61,8,1,36,23,3,1,322,181,238,311,320,69,38,5,0
5481,FAM8A1,61,28,6,1,71,37,1,0,322,190,257,315,321,-10,-9,5,1
11079,NSMAF,50,33,7,0,61,28,2,0,322,211,261,313,322,-11,5,5,0
2115,CACNG8,75,43,7,3,33,14,2,0,322,214,265,313,319,42,29,5,3
19645,ZNHIT6,42,22,5,2,81,39,0,0,322,199,261,317,320,-39,-17,5,2
4530,DPH7,47,27,8,3,66,43,3,1,322,209,252,311,318,-19,-16,5,2
14788,SEPTIN1,68,41,8,2,79,37,3,1,322,175,244,311,319,-11,4,5,1
4531,DPM1,75,52,8,2,46,23,3,1,322,201,247,311,319,29,29,5,1
3476,COQ3,70,47,9,3,43,20,4,1,322,209,255,309,318,27,27,5,2
18467,USP9X,46,25,7,3,45,20,2,1,322,231,277,313,318,1,5,5,2
14982,SHC2,75,46,10,7,59,39,5,0,322,188,237,307,315,16,7,5,7
3479,COQ6,65,43,10,6,53,28,5,1,322,204,251,307,315,12,15,5,5
14991,SHH,61,38,6,1,34,13,1,0,322,227,271,315,321,27,25,5,1
5805,FN1,83,39,6,2,44,26,1,1,322,195,257,315,319,39,13,5,1
11135,NUDCD1,71,34,8,1,39,19,3,0,322,212,269,311,321,32,15,5,1
6656,GREM1,89,41,10,3,49,32,5,1,322,184,249,307,318,40,9,5,2
1939,C2CD4A,85,39,6,1,45,21,1,0,322,192,262,315,321,40,18,5,1
477,AIP,64,36,10,7,50,28,5,2,322,208,258,307,313,14,8,5,5
4584,DSE,74,35,7,0,47,25,2,0,322,201,262,313,322,27,10,5,0
479,AIRE,74,44,5,1,47,17,0,0,322,201,261,317,321,27,27,5,1
15016,SHROOM1,64,38,6,1,35,19,1,1,322,223,265,315,320,29,19,5,0
15020,SHTN1,39,27,5,2,79,37,0,0,322,204,258,317,320,-40,-10,5,2
15026,SIDT1,65,37,5,0,39,22,0,0,322,218,263,317,322,26,15,5,0
15031,SIGLEC11,114,67,7,1,26,10,2,0,322,182,245,313,321,88,57,5,1
3533,CPEB1,76,43,7,4,53,28,2,0,322,193,251,313,318,23,15,5,4
19658,ZPR1,73,35,10,8,34,21,5,0,322,215,266,307,314,39,14,5,8
8742,L3MBTL2,45,28,13,5,81,46,8,0,322,196,248,301,317,-36,-18,5,5
15049,SIM2,54,30,10,3,79,37,5,1,322,189,255,307,318,-25,-7,5,2
15052,SIN3B,37,18,8,5,50,21,3,2,322,235,283,311,315,-13,-3,5,3
1925,C20orf27,44,30,13,4,85,45,8,1,322,193,247,301,317,-41,-15,5,3
8737,L1CAM,69,41,12,1,81,45,7,2,322,172,236,303,319,-12,-4,5,-1
19659,ZRANB1,60,41,6,3,43,22,1,0,322,219,259,315,319,17,19,5,3
15063,SIRT1,63,33,5,1,56,29,0,0,322,203,260,317,321,7,4,5,1
484,AK2,53,28,8,4,59,34,3,3,322,210,260,311,315,-6,-6,5,1
18439,USP32,55,35,8,3,51,21,3,2,322,216,266,311,317,4,14,5,1
11262,ODF4,28,27,11,8,15,12,6,2,322,279,283,305,312,13,15,5,6
8789,LARP4B,67,43,8,4,57,25,3,0,322,198,254,311,318,10,18,5,4
14968,SH3PXD2B,42,27,14,8,110,74,9,2,322,170,221,299,312,-68,-47,5,6
14799,SEPTIN8,41,25,7,2,71,38,2,1,322,210,259,313,319,-30,-13,5,1
14959,SH3D19,40,26,10,1,88,55,5,2,322,194,241,307,319,-48,-29,5,-1
3549,CPNE2,53,32,13,7,71,36,8,4,322,198,254,301,311,-18,-4,5,3
8865,LDOC1,35,20,5,2,39,14,0,0,322,248,288,317,320,-4,6,5,2
2033,C8orf33,47,25,9,5,54,27,4,1,322,221,270,309,316,-7,-2,5,4
2022,C7,64,28,5,0,28,7,0,0,322,230,287,317,322,36,21,5,0
2021,C6orf89,48,22,8,3,60,29,3,0,322,214,271,311,319,-12,-7,5,3
8853,LDHA,39,26,10,4,66,35,5,1,322,217,261,307,317,-27,-9,5,3
8852,LDB3,72,34,8,0,68,27,3,0,322,182,261,311,322,4,7,5,0
2010,C6orf120,48,29,8,2,76,34,3,1,322,198,259,311,319,-28,-5,5,1
8839,LCN6,27,25,7,2,9,5,2,0,322,286,292,313,320,18,20,5,2
6639,GPX7,36,31,9,1,64,41,4,0,322,222,250,309,321,-28,-10,5,1
3546,CPN1,40,28,7,3,24,17,2,0,322,258,277,313,319,16,11,5,3
4555,DPYSL3,52,36,10,6,59,41,5,2,322,211,245,307,314,-7,-5,5,4
4561,DRAM2,84,44,8,2,44,25,3,0,322,194,253,311,320,40,19,5,2
2001,C5orf46,37,29,20,5,33,27,15,7,322,252,266,287,310,4,2,5,-2
1988,C4orf46,47,25,6,0,74,33,1,0,322,201,264,315,322,-27,-8,5,0
6643,GRAMD1C,73,39,7,1,67,27,2,0,322,182,256,313,321,6,12,5,1
14892,SFPQ,58,30,7,7,50,30,2,1,322,214,262,313,314,8,0,5,6
8818,LCE2A,14,12,9,1,6,6,4,0,322,302,304,309,321,8,6,5,1
1984,C4orf3,71,42,7,2,63,34,2,0,322,188,246,313,320,8,8,5,2
14908,SFXN1,55,32,6,3,43,20,1,0,322,224,270,315,319,12,12,5,3
11126,NUAK2,77,48,8,4,57,35,3,1,322,188,239,311,317,20,13,5,3
1982,C4orf17,36,20,5,2,23,13,0,0,322,263,289,317,320,13,7,5,2
11128,NUBP1,51,31,13,5,79,43,8,3,322,192,248,301,314,-28,-12,5,2
6646,GRAMD4,73,48,20,8,112,71,15,4,322,137,203,287,310,-39,-23,5,4
14928,SGPL1,60,30,8,3,60,32,3,0,322,202,260,311,319,0,-2,5,3
14940,SH2D1A,28,17,6,2,23,11,1,0,322,271,294,315,320,5,6,5,2
18472,UTP11,50,33,8,4,58,31,3,1,322,214,258,311,317,-8,2,5,3
13834,RDH5,100,63,19,5,69,52,14,3,322,153,207,289,314,31,11,5,2
11757,OSTC,59,37,8,5,50,24,3,1,322,213,261,311,316,9,13,5,4
4250,DGCR2,30,21,10,7,128,71,5,1,322,164,230,307,314,-98,-50,5,6
10772,NIFK,62,43,10,6,55,36,5,0,322,205,243,307,316,7,7,5,6
6116,GAS7,58,33,5,1,87,47,0,0,322,177,242,317,321,-29,-14,5,1
136,ACBD3,68,40,7,4,61,32,2,0,322,193,250,313,318,7,8,5,4
3074,CHRNB4,72,50,10,3,77,37,5,3,322,173,235,307,316,-5,13,5,0
12617,PLOD2,86,52,8,0,45,29,3,0,322,191,241,311,322,41,23,5,0
3888,CYB5D1,45,29,8,3,83,43,3,0,322,194,250,311,319,-38,-14,5,3
12623,PLPP2,57,29,12,5,53,32,7,1,322,212,261,303,316,4,-3,5,4
138,ACBD5,54,36,6,2,51,23,1,0,322,217,263,315,320,3,13,5,2
139,ACBD6,51,30,9,5,67,33,4,0,322,204,259,309,317,-16,-3,5,5
6121,GATA1,25,22,8,0,41,32,3,1,322,256,268,311,321,-16,-10,5,-1
3893,CYB5R4,75,40,7,1,44,22,2,0,322,203,260,313,321,31,18,5,1
6122,GATA2,95,55,7,1,37,16,2,0,322,190,251,313,321,58,39,5,1
3305,CNDP2,47,31,9,7,68,32,4,1,322,207,259,309,314,-21,-1,5,6
10347,MYH6,40,25,5,3,10,4,0,0,322,272,293,317,319,30,21,5,3
3052,CHRAC1,38,21,6,4,66,30,1,1,322,218,271,315,317,-28,-9,5,3
12497,PKP4,53,36,10,4,60,32,5,1,322,209,254,307,317,-7,4,5,3
6131,GATC,55,30,7,4,62,24,2,1,322,205,268,313,317,-7,6,5,3
12665,PML,52,30,9,6,68,46,4,2,322,202,246,309,314,-16,-16,5,4
10330,MYCT1,79,61,11,2,53,28,6,1,322,190,233,305,319,26,33,5,1
12669,PMP22,67,34,7,1,58,32,2,1,322,197,256,313,320,9,2,5,0
10326,MYCBP2,56,35,7,5,63,32,2,0,322,203,255,313,317,-7,3,5,5
3901,CYFIP1,42,25,11,7,78,44,6,2,322,202,253,305,313,-36,-19,5,5
10323,MYBPHL,83,70,10,1,68,45,5,0,322,171,207,307,321,15,25,5,1
10317,MYBL1,65,33,6,0,59,28,1,0,322,198,261,315,322,6,5,5,0
12677,PNKD,49,36,9,6,54,30,4,1,322,219,256,309,315,-5,6,5,5
10314,MYADML2,61,38,6,2,21,8,1,0,322,240,276,315,320,40,30,5,2
12690,PNMA6F,33,22,5,1,13,9,0,0,322,276,291,317,321,20,13,5,1
146,ACER1,86,44,8,1,61,28,3,2,322,175,250,311,319,25,16,5,-1
12055,PCDHGC3,42,27,10,9,100,59,5,3,322,180,236,307,310,-58,-32,5,6
12608,PLIN5,76,46,10,3,72,42,5,1,322,174,234,307,318,4,4,5,2
5960,FUT1,92,51,7,2,52,22,2,0,322,178,249,313,320,40,29,5,2
12588,PLEKHH1,49,29,6,2,77,42,1,0,322,196,251,315,320,-28,-13,5,2
12585,PLEKHG5,93,66,13,5,77,52,8,4,322,152,204,301,313,16,14,5,1
3293,CMTM4,49,26,10,1,97,57,5,0,322,176,239,307,321,-48,-31,5,1
12091,PCSK4,87,55,15,2,79,58,10,2,322,156,209,297,318,8,-3,5,0
10427,N4BP2,50,29,6,1,90,35,1,0,322,182,258,315,321,-40,-6,5,1
12088,PCSK1,55,32,7,2,50,27,2,1,322,217,263,313,319,5,5,5,1
12502,PLA2G15,37,23,10,9,107,43,5,1,322,178,256,307,312,-70,-20,5,8
12522,PLAAT2,67,57,19,7,61,42,14,1,322,194,223,289,314,6,15,5,6
127,ACADS,53,33,13,5,95,55,8,1,322,174,234,301,316,-42,-22,5,4
129,ACADVL,70,30,10,8,53,32,5,0,322,199,260,307,314,17,-2,5,8
12544,PLCD3,54,32,7,3,51,29,2,0,322,217,261,313,319,3,3,5,3
19302,ZNF417,102,60,7,2,40,14,2,2,322,180,248,313,318,62,46,5,0
3097,CHTOP,56,29,8,5,56,31,3,0,322,210,262,311,317,0,-2,5,5
10407,MYORG,53,25,7,3,61,30,2,0,322,208,267,313,319,-8,-5,5,3
12546,PLCE1,70,37,6,2,43,18,1,0,322,209,267,315,320,27,19,5,2
3096,CHTF8,56,33,10,6,47,30,5,5,322,219,259,307,311,9,3,5,1
19297,ZNF41,98,46,7,3,56,32,2,1,322,168,244,313,318,42,14,5,2
12078,PCNT,44,20,7,1,62,27,2,1,322,216,275,313,320,-18,-7,5,0
10396,MYO9A,70,37,8,2,85,49,3,0,322,167,236,311,320,-15,-12,5,2
10395,MYO7B,85,55,11,5,58,31,6,1,322,179,236,305,316,27,24,5,4
3303,CNBP,66,34,9,6,47,26,4,2,322,209,262,309,314,19,8,5,4
3879,CXXC1,46,25,10,6,67,32,5,1,322,209,265,307,315,-21,-7,5,5
3692,CSK,44,23,9,5,77,40,4,1,322,201,259,309,316,-33,-17,5,4
12566,PLEK2,60,38,14,10,54,30,9,6,322,208,254,299,306,6,8,5,4
3089,CHST6,67,39,6,1,36,13,1,0,322,219,270,315,321,31,26,5,1
12570,PLEKHA4,69,44,13,7,98,50,8,4,322,155,228,301,311,-29,-6,5,3
19290,ZNF395,70,48,15,4,85,47,10,3,322,167,227,297,315,-15,1,5,1
19289,ZNF394,121,60,6,2,37,16,1,0,322,164,246,315,320,84,44,5,2
12581,PLEKHG2,54,34,10,7,98,44,5,2,322,170,244,307,313,-44,-10,5,5
12695,PNN,55,33,7,3,48,26,2,0,322,219,263,313,319,7,7,5,3
3033,CHMP1B,73,36,6,3,42,24,1,0,322,207,262,315,319,31,12,5,3
10301,MVD,66,45,15,8,76,37,10,2,322,180,240,297,312,-10,8,5,6
12039,PCDHGA12,93,51,7,3,44,19,2,0,322,185,252,313,319,49,32,5,3
10232,MTMR10,41,19,6,1,70,35,1,1,322,211,268,315,320,-29,-16,5,0
10231,MTMR1,51,26,9,4,95,54,4,1,322,176,242,309,317,-44,-28,5,3
10788,NIPSNAP3A,48,27,8,3,57,29,3,1,322,217,266,311,318,-9,-2,5,2
12016,PCDHA8,45,22,5,1,29,18,0,0,322,248,282,317,321,16,4,5,1
12803,POPDC3,88,55,14,2,55,37,9,2,322,179,230,299,318,33,18,5,0
6160,GCH1,71,43,11,0,68,24,6,2,322,183,255,305,320,3,19,5,-2
12814,POTEF,53,29,6,0,47,24,1,0,322,222,269,315,322,6,5,5,0
19207,ZNF250,68,40,8,5,68,31,3,0,322,186,251,311,317,0,9,5,5
19513,ZNF699,64,27,6,4,49,25,1,0,322,209,270,315,318,15,2,5,4
12822,POU2F1,75,35,9,3,50,31,4,0,322,197,256,309,319,25,4,5,3
5673,FEZF2,40,29,10,4,36,24,5,2,322,246,269,307,316,4,5,5,2
12839,PPA2,59,32,8,5,55,27,3,0,322,208,263,311,317,4,5,5,5
12853,PPEF1,66,41,14,2,54,38,9,5,322,202,243,299,315,12,3,5,-3
2974,CGB1,54,51,31,18,42,38,26,10,322,226,233,265,294,12,13,5,8
12005,PCDHA1,47,24,6,2,53,23,1,1,322,222,275,315,319,-6,1,5,1
6175,GCOM1,106,64,10,4,69,44,5,0,322,147,214,307,318,37,20,5,4
19171,ZNF195,62,34,9,4,74,41,4,0,322,186,247,309,318,-12,-7,5,4
12888,PPM1F,45,25,7,4,75,40,2,1,322,202,257,313,317,-30,-15,5,3
2951,CFAP97,43,26,7,3,83,37,2,0,322,196,259,313,319,-40,-11,5,3
10177,MT-ND2,74,39,10,6,74,32,5,0,322,174,251,307,316,0,7,5,6
19163,ZNF18,57,32,11,5,80,40,6,1,322,185,250,305,316,-23,-8,5,4
3975,CYTH3,54,27,7,4,56,30,2,0,322,212,265,313,318,-2,-3,5,4
12905,PPP1R12C,44,21,9,7,62,36,4,2,322,216,265,309,313,-18,-15,5,5
12004,PCDH9,120,60,8,1,31,13,3,0,322,171,249,311,321,89,47,5,1
2938,CFAP54,85,43,8,2,30,15,3,1,322,207,264,311,319,55,28,5,1
19515,ZNF70,42,20,7,2,67,31,2,0,322,213,271,313,320,-25,-11,5,2
12923,PPP1R26,61,28,9,2,54,33,4,0,322,207,261,309,320,7,-5,5,2
5954,FUCA2,42,28,7,3,47,26,2,0,322,233,268,313,319,-5,2,5,3
5955,FUNDC1,43,28,8,4,83,41,3,1,322,196,253,311,317,-40,-13,5,3
3032,CHMP1A,43,23,11,7,81,42,6,1,322,198,257,305,314,-38,-19,5,6
10236,MTMR2,45,23,6,1,45,24,1,0,322,232,275,315,321,0,-1,5,1
10293,MUCL3,57,34,7,1,28,11,2,0,322,237,277,313,321,29,23,5,1
19251,ZNF322,86,42,9,2,55,35,4,0,322,181,245,309,320,31,7,5,2
3022,CHIC1,65,40,9,2,80,47,4,1,322,177,235,309,319,-15,-7,5,1
3916,CYP20A1,49,24,7,2,54,24,2,0,322,219,274,313,320,-5,0,5,2
12729,POLB,71,40,11,8,57,35,6,5,322,194,247,305,309,14,5,5,3
12733,POLD4,65,38,9,5,72,38,4,2,322,185,246,309,315,-7,0,5,3
6144,GBP3,111,75,13,2,62,41,8,1,322,149,206,301,319,49,34,5,1
3016,CHFR,53,38,12,6,73,38,7,0,322,196,246,303,316,-20,0,5,6
19247,ZNF318,48,28,6,1,64,35,1,1,322,210,259,315,320,-16,-7,5,0
19245,ZNF316,78,46,10,5,64,32,5,0,322,180,244,307,317,14,14,5,5
12744,POLK,80,48,8,2,57,25,3,2,322,185,249,311,318,23,23,5,0
19242,ZNF302,65,46,12,6,79,45,7,2,322,178,231,303,314,-14,1,5,4
12048,PCDHGB1,67,38,5,1,61,31,0,0,322,194,253,317,321,6,7,5,1
19235,ZNF286A,51,27,8,4,59,38,3,1,322,212,257,311,317,-8,-11,5,3
12046,PCDHGA8,79,42,6,0,38,14,1,0,322,205,266,315,322,41,28,5,0
12759,POLR2C,59,28,8,6,56,28,3,1,322,207,266,311,315,3,0,5,5
12761,POLR2E,42,27,7,5,47,18,2,1,322,233,277,313,316,-5,9,5,4
12763,POLR2G,52,29,12,8,49,27,7,3,322,221,266,303,311,3,2,5,5
5824,FNTB,47,29,9,5,49,28,4,0,322,226,265,309,317,-2,1,5,5
155,ACLY,48,31,10,9,71,34,5,0,322,203,257,307,313,-23,-3,5,9
12045,PCDHGA7,72,33,6,1,41,18,1,0,322,209,271,315,321,31,15,5,1
3941,CYP2W1,88,59,5,0,55,25,0,0,322,179,238,317,322,33,34,5,0
12776,POLR3E,41,26,8,3,103,62,3,1,322,178,234,311,318,-62,-36,5,2
10246,MTOR,38,27,9,4,81,33,4,0,322,203,262,309,318,-43,-6,5,4
5957,FUOM,50,29,12,5,79,47,7,4,322,193,246,303,313,-29,-18,5,1
3006,CHD4,50,32,8,6,70,31,3,1,322,202,259,311,315,-20,1,5,5
10237,MTMR3,68,44,10,7,46,23,5,1,322,208,255,307,314,22,21,5,6
12500,PLA2G12A,58,30,6,1,56,32,1,1,322,208,260,315,320,2,-2,5,0
10434,NAA15,50,27,7,2,55,27,2,0,322,217,268,313,320,-5,0,5,2
9533,MAZ,48,29,9,7,54,29,4,1,322,220,264,309,314,-6,0,5,6
12329,PHF21A,90,48,7,4,65,36,2,1,322,167,238,313,317,25,12,5,3
10618,NDUFB10,50,32,10,7,53,26,5,1,322,219,264,307,314,-3,6,5,6
3770,CTCF,43,30,6,2,73,39,1,1,322,206,253,315,319,-30,-9,5,1
19428,ZNF584,59,33,9,4,72,42,4,2,322,191,247,309,316,-13,-9,5,2
3771,CTCFL,101,68,8,1,47,25,3,0,322,174,229,311,321,54,43,5,1
10609,NDUFAF1,54,29,8,5,73,41,3,0,322,195,252,311,317,-19,-12,5,5
10606,NDUFA8,76,49,10,5,45,24,5,3,322,201,249,307,314,31,25,5,2
12301,PGPEP1L,75,62,17,2,70,53,12,0,322,177,207,293,320,5,9,5,2
12156,PDHX,44,23,8,4,69,38,3,3,322,209,261,311,315,-25,-15,5,1
5736,FIG4,45,27,8,2,60,27,3,0,322,217,268,311,320,-15,0,5,2
3775,CTDSP2,44,25,9,5,100,48,4,0,322,178,249,309,317,-56,-23,5,5
12309,PHACTR4,58,37,6,2,65,27,1,1,322,199,258,315,319,-7,10,5,1
12150,PDGFRA,85,61,16,9,85,57,11,4,322,152,204,295,309,0,4,5,5
12328,PHF20L1,48,30,10,3,67,41,5,2,322,207,251,307,317,-19,-11,5,1
12331,PHF23,59,28,10,8,104,59,5,0,322,159,235,307,314,-45,-31,5,8
10438,NAA30,64,30,8,1,68,34,3,1,322,190,258,311,320,-4,-4,5,0
10713,NFAM1,76,43,6,1,39,21,1,0,322,207,258,315,321,37,22,5,1
3714,CSPP1,54,27,7,2,70,26,2,0,322,198,269,313,320,-16,1,5,2
12135,PDE6B,82,49,13,5,57,36,8,1,322,183,237,301,316,25,13,5,4
12340,PHIP,50,34,6,2,64,24,1,0,322,208,264,315,320,-14,10,5,2
3788,CTNNBIP1,80,42,11,7,62,30,6,0,322,180,250,305,315,18,12,5,7
10574,NCS1,39,20,9,5,91,51,4,1,322,192,251,309,316,-52,-31,5,4
3277,CLVS2,39,23,6,2,40,23,1,0,322,243,276,315,320,-1,0,5,2
10568,NCOR1,59,36,10,2,64,39,5,2,322,199,247,307,318,-5,-3,5,0
3710,CSNK2B,50,30,9,5,52,21,4,1,322,220,271,309,316,-2,9,5,4
6037,GABRR2,87,41,5,1,40,16,0,0,322,195,265,317,321,47,25,5,1
6039,GAD1,98,68,17,8,68,44,12,3,322,156,210,293,311,30,24,5,5
12130,PDE4C,108,64,11,2,39,25,6,2,322,175,233,305,318,69,39,5,0
19378,ZNF527,71,35,7,1,52,25,2,0,322,199,262,313,321,19,10,5,1
19429,ZNF585A,80,50,7,2,54,23,2,1,322,188,249,313,319,26,27,5,1
10620,NDUFB2,57,37,8,4,39,16,3,2,322,226,269,311,316,18,21,5,2
3207,CLEC2A,21,19,8,2,27,24,3,2,322,274,279,311,318,-6,-5,5,0
10624,NDUFB6,74,47,9,5,42,21,4,2,322,206,254,309,315,32,26,5,3
5983,FYB1,54,41,13,7,59,38,8,2,322,209,243,301,313,-5,3,5,5
19457,ZNF620,77,40,5,1,49,26,0,0,322,196,256,317,321,28,14,5,1
12177,PDPN,69,37,10,3,76,47,5,2,322,177,238,307,317,-7,-10,5,1
12173,PDLIM7,39,19,12,9,114,73,7,1,322,169,230,303,312,-75,-54,5,8
5993,FZD5,83,49,6,1,56,20,1,0,322,183,253,315,321,27,29,5,1
12197,PDZK1IP1,52,48,12,1,33,30,7,1,322,237,244,303,320,19,18,5,0
10675,NEK8,59,35,11,4,77,42,6,4,322,186,245,305,314,-18,-7,5,0
5749,FKBP10,53,31,11,7,64,44,6,0,322,205,247,305,315,-11,-13,5,7
12204,PEBP1,47,31,10,9,52,30,5,1,322,223,261,307,312,-5,1,5,8
19449,ZNF610,116,80,7,2,32,20,2,0,322,174,222,313,320,84,60,5,2
3744,CT45A6,24,24,18,11,28,24,13,10,322,270,274,291,301,-4,0,5,1
12168,PDLIM1,62,35,6,2,45,21,1,1,322,215,266,315,319,17,14,5,1
19446,ZNF607,76,50,10,1,82,39,5,2,322,164,233,307,319,-6,11,5,-1
3233,CLINT1,71,39,6,4,47,25,1,0,322,204,258,315,318,24,14,5,4
12230,PEX1,38,18,8,3,101,48,3,0,322,183,256,311,319,-63,-30,5,3
3231,CLIC5,67,45,5,0,38,18,0,0,322,217,259,317,322,29,27,5,0
10702,NEUROD1,89,50,8,0,49,24,3,0,322,184,248,311,322,40,26,5,0
12241,PEX26,47,28,7,4,48,23,2,1,322,227,271,313,317,-1,5,5,3
12250,PFDN1,46,28,10,6,61,34,5,2,322,215,260,307,314,-15,-6,5,4
3224,CLECL1,36,32,11,5,18,18,6,3,322,268,272,305,314,18,14,5,2
64,ABCD3,45,22,8,3,78,39,3,1,322,199,261,311,318,-33,-17,5,2
3758,CTAG1B,42,38,16,3,36,32,11,3,322,244,252,295,316,6,6,5,0
19437,ZNF594,107,59,6,1,42,27,1,0,322,173,236,315,321,65,32,5,1
10633,NDUFS3,56,31,7,3,43,23,2,2,322,223,268,313,317,13,8,5,1
10631,NDUFS1,57,30,9,6,68,36,4,2,322,197,256,309,314,-11,-6,5,4
19431,ZNF586,84,40,8,6,36,21,3,1,322,202,261,311,315,48,19,5,5
6010,GAB3,68,50,21,3,80,47,16,5,322,174,225,285,314,-12,3,5,-2
3176,CLDN19,98,65,8,0,48,27,3,0,322,176,230,311,322,50,38,5,0
3175,CLDN18,68,41,6,0,41,15,1,0,322,213,266,315,322,27,26,5,0
6045,GADL1,92,40,7,1,24,9,2,0,322,206,273,313,321,68,31,5,1
19338,ZNF471,116,54,8,1,38,13,3,0,322,168,255,311,321,78,41,5,1
6070,GALNT10,41,20,6,1,58,27,1,0,322,223,275,315,321,-17,-7,5,1
3832,CUL4B,51,30,7,2,45,15,2,1,322,226,277,313,319,6,15,5,1
6071,GALNT11,49,39,10,6,105,65,5,1,322,168,218,307,315,-56,-26,5,5
12420,PIK3CG,39,23,5,2,38,16,0,0,322,245,283,317,320,1,7,5,2
19335,ZNF468,88,46,6,2,50,25,1,1,322,184,251,315,319,38,21,5,1
12428,PIKFYVE,47,27,8,3,74,31,3,0,322,201,264,311,319,-27,-4,5,3
5715,FGFR4,68,42,9,7,69,27,4,0,322,185,253,309,315,-1,15,5,7
3141,CKLF-CMTM1,101,66,24,12,67,50,19,9,322,154,206,279,301,34,16,5,3
12114,PDCD6IP,54,26,9,6,55,28,4,0,322,213,268,309,316,-1,-2,5,6
3138,CKAP5,49,28,9,5,87,50,4,3,322,186,244,309,314,-38,-22,5,2
10473,NANOGNB,90,76,19,7,54,41,14,4,322,178,205,289,311,36,35,5,3
10472,NANOG,97,50,11,2,35,22,6,1,322,190,250,305,319,62,28,5,1
6080,GALNT3,80,54,12,3,56,32,7,2,322,186,236,303,317,24,22,5,1
3284,CMC4,65,40,15,6,55,34,10,6,322,202,248,297,310,10,6,5,0
12447,PIP5K1B,86,52,9,3,50,29,4,1,322,186,241,309,318,36,23,5,2
12456,PITPNB,55,35,9,4,70,35,4,1,322,197,252,309,317,-15,0,5,3
3850,CXADR,73,35,8,2,43,19,3,2,322,206,268,311,318,30,16,5,0
12110,PDCD4,58,28,9,4,90,46,4,1,322,174,248,309,317,-32,-18,5,3
10459,NADK2,59,33,11,5,83,41,6,1,322,180,248,305,316,-24,-8,5,4
3289,CMSS1,50,31,7,3,57,25,2,1,322,215,266,313,318,-7,6,5,2
10452,NABP2,65,30,7,5,38,17,2,1,322,219,275,313,316,27,13,5,4
124,ACAD9,48,29,7,6,53,29,2,0,322,221,264,313,316,-5,0,5,6
12097,PCYOX1,60,35,8,4,51,17,3,0,322,211,270,311,318,9,18,5,4
10445,NAAA,80,45,9,5,46,21,4,2,322,196,256,309,315,34,24,5,3
12484,PKIB,90,60,11,4,52,29,6,1,322,180,233,305,317,38,31,5,3
12485,PKIG,46,32,13,5,79,35,8,1,322,197,255,301,316,-33,-3,5,4
10440,NAA38,52,28,9,7,47,20,4,1,322,223,274,309,314,5,8,5,6
10498,NAT16,111,82,11,1,47,31,6,3,322,164,209,305,318,64,51,5,-2
12414,PIK3C2B,62,36,7,3,59,26,2,0,322,201,260,313,319,3,10,5,3
10550,NCF4,65,56,9,2,37,28,4,0,322,220,238,309,320,28,28,5,2
19344,ZNF483,100,42,8,2,50,24,3,0,322,172,256,311,320,50,18,5,2
3706,CSNK1G3,52,27,8,2,61,33,3,1,322,209,262,311,319,-9,-6,5,1
19478,ZNF654,98,50,5,1,43,13,0,0,322,181,259,317,321,55,37,5,1
19373,ZNF519,94,48,5,1,41,20,0,0,322,187,254,317,321,53,28,5,1
12361,PHTF2,43,22,6,3,51,21,1,0,322,228,279,315,319,-8,1,5,3
19367,ZNF513,128,81,13,7,43,26,8,3,322,151,215,301,312,85,55,5,4
12362,PHYH,78,53,7,4,46,18,2,1,322,198,251,313,317,32,35,5,3
101,ABI3BP,93,72,26,9,73,51,21,7,322,156,199,275,306,20,21,5,2
12365,PHYHIPL,49,30,8,4,32,17,3,1,322,241,275,311,317,17,13,5,3
19364,ZNF511-PRAP1,10,10,10,3,18,17,5,2,322,294,295,307,317,-8,-7,5,1
12368,PI16,99,54,9,6,48,26,4,1,322,175,242,309,315,51,28,5,5
12372,PI4KA,52,28,10,6,58,27,5,2,322,212,267,307,314,-6,1,5,4
3161,CLCN4,87,45,6,3,40,13,1,1,322,195,264,315,318,47,32,5,2
3817,CTTNBP2NL,76,37,7,3,49,29,2,1,322,197,256,313,318,27,8,5,2
12382,PID1,103,63,9,3,36,17,4,1,322,183,242,309,318,67,46,5,2
10524,NBPF26,70,38,10,3,66,35,5,0,322,186,249,307,319,4,3,5,3
3160,CLCN3,54,27,8,5,61,26,3,0,322,207,269,311,317,-7,1,5,5
19482,ZNF660,84,40,8,2,49,31,3,0,322,189,251,311,320,35,9,5,2
10518,NBPF11,56,26,7,1,52,25,2,0,322,214,271,313,321,4,1,5,1
12395,PIGK,58,31,5,3,53,33,0,0,322,211,258,317,319,5,-2,5,3
10739,NFRKB,61,40,9,4,70,41,4,0,322,191,241,309,318,-9,-1,5,4
19345,ZNF484,65,32,10,0,60,33,5,0,322,197,257,307,322,5,-1,5,0
10508,NAXE,48,24,10,4,62,21,5,1,322,212,277,307,317,-14,3,5,3
10507,NAXD,63,31,10,5,64,37,5,0,322,195,254,307,317,-1,-6,5,5
12116,PDCL,56,32,11,7,55,27,6,2,322,211,263,305,313,1,5,5,5
12405,PIGU,53,34,7,3,72,34,2,0,322,197,254,313,319,-19,0,5,3
12408,PIGX,53,31,8,5,53,25,3,1,322,216,266,311,316,0,6,5,4
6066,GALK2,76,45,9,6,44,31,4,2,322,202,246,309,314,32,14,5,4
3677,CSDC2,60,40,15,3,82,51,10,5,322,180,231,297,314,-22,-11,5,-2
12002,PCDH7,69,38,7,1,80,51,2,0,322,173,233,313,321,-11,-13,5,1
10150,MSL2,89,48,11,5,62,30,6,0,322,171,244,305,317,27,18,5,5
18910,ZAP70,73,51,12,1,70,35,7,0,322,179,236,303,321,3,16,5,1
10903,NOMO3,86,60,13,3,65,38,8,2,322,171,224,301,317,21,22,5,1
18942,ZBTB34,115,61,12,4,46,25,7,0,322,161,236,303,318,69,36,5,4
13449,PWWP2A,86,46,8,4,54,32,3,0,322,182,244,311,318,32,14,5,4
9771,MGAT3,64,39,18,5,79,44,13,2,322,179,239,291,315,-15,-5,5,3
18934,ZBTB21,133,88,10,2,31,17,5,1,322,158,217,307,319,102,71,5,1
18926,ZBTB11,157,81,6,1,28,11,1,0,322,137,230,315,321,129,70,5,1
19575,ZNF777,66,31,13,3,63,41,8,0,322,193,250,301,319,3,-10,5,3
9751,MFSD12,44,22,10,8,70,38,5,1,322,208,262,307,313,-26,-16,5,7
10906,NOP14,41,25,7,3,60,31,2,1,322,221,266,313,318,-19,-6,5,2
2680,CDC5L,41,18,7,2,72,34,2,0,322,209,270,313,320,-31,-16,5,2
9747,MFRP,34,25,8,3,17,10,3,1,322,271,287,311,318,17,15,5,2
9743,MFHAS1,83,43,6,2,29,18,1,0,322,210,261,315,320,54,25,5,2
4154,DEAF1,58,36,9,7,98,53,4,2,322,166,233,309,313,-40,-17,5,5
18906,YY2,58,28,8,2,67,32,3,1,322,197,262,311,319,-9,-4,5,1
2911,CES5A,57,32,7,0,33,17,2,0,322,232,273,313,322,24,15,5,0
10909,NOP53,56,37,9,8,65,36,4,1,322,201,249,309,313,-9,1,5,7
10911,NOP58,97,63,8,2,45,24,3,1,322,180,235,311,319,52,39,5,1
2665,CDC37,59,33,9,5,44,25,4,1,322,219,264,309,316,15,8,5,4
13511,RAB12,53,30,9,3,74,35,4,0,322,195,257,309,319,-21,-5,5,3
13514,RAB15,55,26,7,2,67,20,2,0,322,200,276,313,320,-12,6,5,2
3393,COL13A1,63,28,6,3,63,39,1,0,322,196,255,315,319,0,-11,5,3
6345,GLRA3,67,35,5,2,39,19,0,0,322,216,268,317,320,28,16,5,2
4169,DEFB103B,20,19,18,7,13,13,13,5,322,289,290,291,310,7,6,5,2
2653,CDC14B,55,35,7,2,53,21,2,0,322,214,266,313,320,2,14,5,2
11828,P3R3URF,16,15,13,4,8,8,8,3,322,298,299,301,315,8,7,5,1
13561,RAB4A,51,23,7,1,52,28,2,0,322,219,271,313,321,-1,-5,5,1
6350,GLRX5,58,37,10,6,51,25,5,1,322,213,260,307,315,7,12,5,5
11825,P3H2,98,60,14,3,43,25,9,4,322,181,237,299,315,55,35,5,-1
6318,GLB1L3,85,53,8,2,72,38,3,0,322,165,231,311,320,13,15,5,2
11842,PABPC4,49,31,10,8,63,33,5,1,322,210,258,307,313,-14,-2,5,7
6316,GLB1L,71,39,9,8,71,32,4,2,322,180,251,309,312,0,7,5,6
10899,NOLC1,46,32,7,3,52,31,2,1,322,224,259,313,318,-6,1,5,2
2738,CDK2AP1,58,32,9,6,51,31,4,1,322,213,259,309,315,7,1,5,5
13355,PTGFR,74,52,10,0,50,26,5,1,322,198,244,307,321,24,26,5,-1
13356,PTGFRN,40,20,9,3,61,22,4,2,322,221,280,309,317,-21,-2,5,1
11866,PAG1,93,56,6,2,62,30,1,0,322,167,236,315,320,31,26,5,2
9845,MKKS,90,36,8,3,61,39,3,1,322,171,247,311,318,29,-3,5,2
13361,PTGS1,94,62,8,0,53,31,3,0,322,175,229,311,322,41,31,5,0
18989,ZC4H2,40,24,8,0,72,37,3,0,322,210,261,311,322,-32,-13,5,0
9840,MISP3,104,75,19,11,75,45,14,4,322,143,202,289,307,29,30,5,7
13371,PTK7,52,23,8,2,65,34,3,2,322,205,265,311,318,-13,-11,5,0
13374,PTN,56,42,9,6,59,38,4,0,322,207,242,309,316,-3,4,5,6
2728,CDK12,45,26,7,6,77,34,2,0,322,200,262,313,316,-32,-8,5,6
10889,NOL10,72,35,6,1,51,23,1,0,322,199,264,315,321,21,12,5,1
18983,ZC3H7A,57,28,8,2,58,32,3,2,322,207,262,311,318,-1,-4,5,0
2725,CDK10,77,49,12,5,76,42,7,1,322,169,231,303,316,1,7,5,4
9824,MINDY1,57,34,7,4,67,35,2,0,322,198,253,313,318,-10,-1,5,4
9823,MINAR2,103,57,6,1,55,22,1,0,322,164,243,315,321,48,35,5,1
13384,PTPN12,67,38,10,5,62,38,5,1,322,193,246,307,316,5,0,5,4
11849,PACRGL,85,49,13,5,49,28,8,4,322,188,245,301,313,36,21,5,1
13387,PTPN18,36,19,6,2,69,32,1,0,322,217,271,315,320,-33,-13,5,2
9813,MIER1,52,22,7,2,79,40,2,0,322,191,260,313,320,-27,-18,5,2
9805,MID1,88,38,8,4,48,28,3,1,322,186,256,311,317,40,10,5,3
13398,PTPN9,42,23,7,2,79,43,2,0,322,201,256,313,320,-37,-20,5,2
2711,CDH5,66,39,10,1,66,38,5,2,322,190,245,307,319,0,1,5,-1
9800,MICOS10-NBL1,75,50,23,10,89,58,18,9,322,158,214,281,303,-14,-8,5,1
2710,CDH4,42,21,9,8,51,21,4,1,322,229,280,309,313,-9,0,5,7
13409,PTPRK,62,38,6,5,40,23,1,0,322,220,261,315,317,22,15,5,5
11845,PABPN1,56,30,10,7,40,19,5,2,322,226,273,307,313,16,11,5,5
9693,MEPCE,48,27,10,7,95,54,5,3,322,179,241,307,312,-47,-27,5,4
2643,CD9,44,28,9,5,64,31,4,2,322,214,263,309,315,-20,-3,5,3
13575,RAB8B,57,34,9,3,65,32,4,0,322,200,256,309,319,-8,2,5,3
4210,DENND11,43,22,7,2,69,36,2,0,322,210,264,313,320,-26,-14,5,2
3409,COL27A1,77,42,5,2,43,19,0,0,322,202,261,317,320,34,23,5,2
4212,DENND1B,54,22,6,0,92,49,1,0,322,176,251,315,322,-38,-27,5,0
18844,XPOT,70,39,7,3,48,30,2,0,322,204,253,313,319,22,9,5,3
9609,MCUR1,42,25,7,2,47,22,2,2,322,233,275,313,318,-5,3,5,0
18841,XPO5,38,20,6,2,83,45,1,0,322,201,257,315,320,-45,-25,5,2
13724,RBBP4,63,29,8,4,45,24,3,2,322,214,269,311,316,18,5,5,2
5781,FLRT3,101,44,6,2,27,11,1,0,322,194,267,315,320,74,33,5,2
13740,RBM10,41,24,9,7,60,37,4,1,322,221,261,309,314,-19,-13,5,6
2546,CCT2,85,52,11,6,31,17,6,1,322,206,253,305,315,54,35,5,5
9574,MCEE,58,37,12,6,75,39,7,0,322,189,246,303,316,-17,-2,5,6
13760,RBM33,76,39,9,3,60,35,4,0,322,186,248,309,319,16,4,5,3
5564,FBXL22,81,55,12,2,106,68,7,1,322,135,199,303,319,-25,-13,5,1
6398,GNAT1,67,44,10,1,43,31,5,0,322,212,247,307,321,24,13,5,1
9564,MC2R,59,35,6,1,46,24,1,0,322,217,263,315,321,13,11,5,1
11776,OTUD3,79,36,9,1,44,26,4,0,322,199,260,309,321,35,10,5,1
11767,OTOP1,69,49,11,3,35,24,6,3,322,218,249,305,316,34,25,5,0
11763,OTOF,35,20,6,0,30,17,1,0,322,257,285,315,322,5,3,5,0
5986,FYN,59,33,8,7,72,28,3,0,322,191,261,311,315,-13,5,5,7
13784,RBMXL2,55,28,6,0,57,29,1,0,322,210,265,315,322,-2,-1,5,0
11756,OST4,62,32,8,7,49,26,3,1,322,211,264,311,314,13,6,5,6
2532,CCR10,84,49,17,3,89,52,12,4,322,149,221,293,315,-5,-3,5,-1
9547,MBD6,105,58,14,9,41,25,9,4,322,176,239,299,309,64,33,5,5
2527,CCNY,41,25,7,4,67,26,2,1,322,214,271,313,317,-26,-1,5,3
5558,FBXL16,70,43,12,2,66,31,7,4,322,186,248,303,316,4,12,5,-2
318,ADD2,81,43,10,4,45,28,5,2,322,196,251,307,316,36,15,5,2
11738,OSBPL2,51,28,9,6,71,34,4,1,322,200,260,309,315,-20,-6,5,5
18817,XCL1,52,43,10,3,44,34,5,1,322,226,245,307,318,8,9,5,2
2584,CD247,76,48,10,0,64,36,5,2,322,182,238,307,320,12,12,5,-2
18849,XRCC4,76,50,6,2,50,26,1,0,322,196,246,315,320,26,24,5,2
2641,CD8B,36,22,5,1,16,16,0,0,322,270,284,317,321,20,6,5,1
11796,OXCT2,64,39,11,2,97,57,6,1,322,161,226,305,319,-33,-18,5,1
13582,RABGAP1,67,34,8,5,62,34,3,0,322,193,254,311,317,5,0,5,5
9686,MELTF,66,41,6,2,78,45,1,0,322,178,236,315,320,-12,-4,5,2
10921,NOTCH2NLA,54,28,13,8,79,46,8,1,322,189,248,301,313,-25,-18,5,7
290,ADAMTSL2,71,37,6,0,38,16,1,1,322,213,269,315,321,33,21,5,-1
6356,GLT8D2,72,43,10,1,72,42,5,0,322,178,237,307,321,0,1,5,1
13597,RAD1,53,29,6,2,52,28,1,0,322,217,265,315,320,1,1,5,2
13599,RAD18,57,26,8,3,58,39,3,1,322,207,257,311,318,-1,-13,5,2
11808,P2RX3,84,69,20,6,71,50,15,7,322,167,203,287,309,13,19,5,-1
303,ADCK2,52,32,7,2,49,23,2,0,322,221,267,313,320,3,9,5,2
2620,CD55,67,28,5,2,42,23,0,0,322,213,271,317,320,25,5,5,2
2616,CD48,28,20,5,2,16,12,0,0,322,278,290,317,320,12,8,5,2
13617,RADIL,84,45,8,0,36,20,3,0,322,202,257,311,322,48,25,5,0
2614,CD46,56,33,6,4,50,28,1,0,322,216,261,315,318,6,5,5,4
6364,GLYATL1B,19,19,10,5,24,20,5,2,322,279,283,307,315,-5,-1,5,3
4191,DEFB126,18,17,13,3,12,11,8,0,322,292,294,301,319,6,6,5,3
3405,COL23A1,76,52,18,7,56,31,13,6,322,190,239,291,309,20,21,5,1
9656,MED29,55,29,9,6,79,38,4,2,322,188,255,309,314,-24,-9,5,4
9655,MED28,63,37,8,5,48,29,3,0,322,211,256,311,317,15,8,5,5
18871,YES1,45,26,7,1,48,22,2,0,322,229,274,313,321,-3,4,5,1
13640,RAMAC,59,27,9,3,68,34,4,0,322,195,261,309,319,-9,-7,5,3
18867,YBX3,44,30,8,3,51,36,3,1,322,227,256,311,318,-7,-6,5,2
5578,FBXO22,58,28,8,4,75,40,3,1,322,189,254,311,317,-17,-12,5,3
18856,XYLB,44,21,8,3,59,28,3,0,322,219,273,311,319,-15,-7,5,3
9634,MED1,45,32,5,5,79,43,0,0,322,198,247,317,317,-34,-11,5,5
13663,RAP2C,37,23,9,3,81,37,4,1,322,204,262,309,318,-44,-14,5,2
13667,RAPGEF4,84,48,8,2,68,43,3,0,322,170,231,311,320,16,5,5,2
9627,ME3,62,36,7,2,80,49,2,0,322,180,237,313,320,-18,-13,5,2
5606,FBXO9,38,22,6,5,68,39,1,0,322,216,261,315,317,-30,-17,5,5
18995,ZCCHC18,73,39,8,1,47,15,3,3,322,202,268,311,318,26,24,5,-2
6750,GSX1,32,20,6,2,10,6,1,0,322,280,296,315,320,22,14,5,2
3330,CNOT10,63,24,7,3,45,28,2,1,322,214,270,313,318,18,-4,5,2
11981,PBXIP1,62,34,10,7,81,31,5,2,322,179,257,307,313,-19,3,5,5
3664,CRYGC,29,27,11,2,12,10,6,1,322,281,285,305,319,17,17,5,1
2878,CEP43,59,30,6,2,54,27,1,0,322,209,265,315,320,5,3,5,2
10068,MRPL44,76,48,6,3,50,32,1,0,322,196,242,315,319,26,16,5,3
19108,ZMAT2,62,31,8,3,62,36,3,0,322,198,255,311,319,0,-5,5,3
10065,MRPL41,49,26,11,7,60,32,6,2,322,213,264,305,313,-11,-6,5,5
10063,MRPL4,41,25,10,5,54,30,5,1,322,227,267,307,316,-13,-5,5,4
10062,MRPL39,49,25,9,2,72,48,4,2,322,201,249,309,318,-23,-23,5,0
19542,ZNF726,77,40,10,3,60,26,5,2,322,185,256,307,317,17,14,5,1
3341,CNPPD1,42,27,11,5,74,42,6,5,322,206,253,305,312,-32,-15,5,0
10057,MRPL34,48,30,9,5,58,31,4,3,322,216,261,309,314,-10,-1,5,2
13062,PRICKLE4,118,77,18,4,75,42,13,5,322,129,203,291,313,43,35,5,-1
13065,PRIMA1,28,17,6,0,43,17,1,1,322,251,288,315,321,-15,0,5,-1
11951,PATE1,26,19,6,3,13,8,1,0,322,283,295,315,319,13,11,5,3
13070,PRKAB2,61,22,6,1,52,34,1,0,322,209,266,315,321,9,-12,5,1
11939,PARP3,60,28,9,4,53,33,4,2,322,209,261,309,316,7,-5,5,2
13075,PRKAG2,55,36,6,2,82,37,1,0,322,185,249,315,320,-27,-1,5,2
2865,CEP162,76,33,6,1,60,32,1,0,322,186,257,315,321,16,1,5,1
13078,PRKAR1B,69,41,12,6,81,50,7,1,322,172,231,303,315,-12,-9,5,5
4023,DBNDD1,49,31,13,6,82,42,8,3,322,191,249,301,313,-33,-11,5,3
13079,PRKAR2A,52,28,6,3,70,28,1,0,322,200,266,315,319,-18,0,5,3
11937,PARP16,45,27,7,2,59,29,2,0,322,218,266,313,320,-14,-2,5,2
10847,NLRP9,44,26,5,1,19,10,0,0,322,259,286,317,321,25,16,5,1
13081,PRKCA,56,28,6,2,51,16,1,0,322,215,278,315,320,5,12,5,2
11930,PARN,37,23,8,2,70,35,3,1,322,215,264,311,319,-33,-12,5,1
4025,DBNL,50,30,6,6,76,39,1,0,322,196,253,315,316,-26,-9,5,6
13100,PRKX,49,33,7,2,75,19,2,0,322,198,270,313,320,-26,14,5,2
19114,ZMPSTE24,74,38,6,2,50,29,1,0,322,198,255,315,320,24,9,5,2
10075,MRPL51,51,26,11,9,47,24,6,1,322,224,272,305,312,4,2,5,8
13106,PRM2,15,14,8,1,10,9,3,1,322,297,299,311,320,5,5,5,0
2879,CEP44,76,45,7,3,68,28,2,1,322,178,249,313,318,8,17,5,2
3988,DACH2,70,43,6,1,70,27,1,1,322,182,252,315,320,0,16,5,0
2908,CES2,51,28,8,4,67,33,3,1,322,204,261,311,317,-16,-5,5,3
10134,MSANTD2,109,53,7,3,42,30,2,0,322,171,239,313,319,67,23,5,3
19145,ZNF14,89,46,8,2,71,35,3,1,322,162,241,311,319,18,11,5,1
10131,MS4A7,81,47,6,1,53,25,1,0,322,188,250,315,321,28,22,5,1
12963,PPP3R2,26,13,7,3,10,7,2,1,322,286,302,313,318,16,6,5,2
11996,PCDH12,60,37,12,2,27,12,7,1,322,235,273,303,319,33,25,5,1
10812,NKX2-3,51,26,6,0,53,21,1,0,322,218,275,315,322,-2,5,5,0
12967,PPP4R3A,57,35,9,1,47,30,4,2,322,218,257,309,319,10,5,5,-1
10121,MS4A14,23,11,5,1,10,3,0,0,322,289,308,317,321,13,8,5,1
2894,CEP97,71,36,5,1,69,35,0,0,322,182,251,317,321,2,1,5,1
5768,FLAD1,54,33,7,3,45,27,2,1,322,223,262,313,318,9,6,5,2
10118,MS4A10,92,59,7,3,57,32,2,0,322,173,231,313,319,35,27,5,3
2892,CEP89,60,35,7,4,48,28,2,2,322,214,259,313,316,12,7,5,2
2891,CEP85L,62,30,6,1,71,32,1,0,322,189,260,315,321,-9,-2,5,1
6195,GDI2,49,30,9,3,46,31,4,0,322,227,261,309,319,3,-1,5,3
10106,MRPS35,66,38,9,3,66,33,4,1,322,190,251,309,318,0,5,5,2
12984,PRAC1,41,34,26,17,27,24,21,13,322,254,264,275,292,14,10,5,4
13018,PRC1,50,31,10,7,60,34,5,0,322,212,257,307,315,-10,-3,5,7
175,ACP2,28,19,10,8,103,56,5,0,322,191,247,307,314,-75,-37,5,8
10094,MRPS21,48,26,7,5,42,27,2,2,322,232,269,313,315,6,-1,5,3
19134,ZNF117,65,30,7,2,59,35,2,0,322,198,257,313,320,6,-5,5,2
5769,FLCN,80,46,10,7,52,28,5,2,322,190,248,307,313,28,18,5,5
10089,MRPS17,55,32,7,5,55,31,2,0,322,212,259,313,317,0,1,5,5
13029,PRDM16,36,26,11,6,86,34,6,2,322,200,262,305,314,-50,-8,5,4
19132,ZNF112,93,65,9,2,57,34,4,2,322,172,223,309,318,36,31,5,0
13034,PRDM7,111,61,9,2,51,23,4,0,322,160,238,309,320,60,38,5,2
13102,PRLH,11,9,8,6,3,3,3,3,322,308,310,311,313,8,6,5,3
11925,PARD6G,55,34,8,2,59,28,3,0,322,208,260,311,320,-4,6,5,2
3642,CRTAM,70,38,6,1,60,30,1,0,322,192,254,315,321,10,8,5,1
9937,MOGAT2,32,22,5,3,17,8,0,0,322,273,292,317,319,15,14,5,3
4076,DCSTAMP,39,28,8,0,24,19,3,1,322,259,275,311,321,15,9,5,-1
11889,PALM,61,38,12,9,67,35,7,5,322,194,249,303,308,-6,3,5,4
3363,CNTNAP3B,69,29,6,1,58,28,1,0,322,195,265,315,321,11,1,5,1
19027,ZDHHC6,79,45,5,1,39,27,0,0,322,204,250,317,321,40,18,5,1
238,ACVR2B,51,29,7,2,94,48,2,0,322,177,245,313,320,-43,-19,5,2
4080,DCTN2,44,30,9,6,63,31,4,1,322,215,261,309,315,-19,-1,5,5
19018,ZDHHC2,81,53,17,3,72,41,12,4,322,169,228,293,315,9,12,5,-1
10874,NMUR2,69,36,6,1,16,6,1,0,322,237,280,315,321,53,30,5,1
19015,ZDHHC17,72,30,9,2,67,37,4,0,322,183,255,309,320,5,-7,5,2
4083,DCTN5,71,41,8,5,47,24,3,1,322,204,257,311,316,24,17,5,4
13304,PSMD8,42,27,9,6,60,31,4,0,322,220,264,309,316,-18,-4,5,6
4086,DCUN1D1,47,31,7,2,87,38,2,1,322,188,253,313,319,-40,-7,5,1
19561,ZNF761,103,64,10,2,37,29,5,3,322,182,229,307,317,66,35,5,-1
13306,PSME1,51,26,8,4,55,27,3,2,322,216,269,311,316,-4,-1,5,2
4087,DCUN1D2,85,52,7,4,34,20,2,1,322,203,250,313,317,51,32,5,3
4091,DCX,50,25,7,6,32,11,2,0,322,240,286,313,316,18,14,5,6
19007,ZDHHC1,57,35,7,5,96,56,2,0,322,169,231,313,317,-39,-21,5,5
13310,PSME4,43,24,5,1,62,30,0,0,322,217,268,317,321,-19,-6,5,1
243,ACYP2,97,42,10,3,45,26,5,0,322,180,254,307,319,52,16,5,3
5922,FRY,74,43,9,3,83,51,4,0,322,165,228,309,319,-9,-8,5,3
4097,DDB2,55,30,11,5,70,37,6,3,322,197,255,305,314,-15,-7,5,2
9878,MMAB,42,28,10,5,63,32,5,0,322,217,262,307,317,-21,-4,5,5
13326,PTAR1,56,24,8,5,81,42,3,0,322,185,256,311,317,-25,-18,5,5
9872,MLST8,49,30,11,7,72,29,6,2,322,201,263,305,313,-23,1,5,5
4103,DDIAS,95,63,9,1,50,24,4,1,322,177,235,309,320,45,39,5,0
2746,CDK5RAP2,51,33,9,4,63,35,4,0,322,208,254,309,318,-12,-2,5,4
5608,FBXW11,58,36,9,3,58,30,4,0,322,206,256,309,319,0,6,5,3
13254,PSG11,78,62,11,1,39,31,6,1,322,205,229,305,320,39,31,5,0
5620,FCER2,57,43,8,0,27,14,3,1,322,238,265,311,321,30,29,5,-1
13124,PROK1,63,46,8,4,41,31,3,1,322,218,245,311,317,22,15,5,3
5621,FCF1,71,44,7,4,46,22,2,0,322,205,256,313,318,25,22,5,4
13128,PROM1,53,33,7,1,58,33,2,0,322,211,256,313,321,-5,0,5,1
11917,PAQR6,65,43,13,7,120,70,8,2,322,137,209,301,313,-55,-27,5,5
13139,PRPF18,81,53,9,2,61,33,4,0,322,180,236,309,320,20,20,5,2
4032,DCAF10,65,35,6,2,36,19,1,0,322,221,268,315,320,29,16,5,2
4034,DCAF12,65,31,6,2,50,26,1,0,322,207,265,315,320,15,5,5,2
19075,ZFYVE1,54,30,9,3,105,51,4,0,322,163,241,309,319,-51,-21,5,3
2837,CENPF,41,26,7,3,106,51,2,1,322,175,245,313,318,-65,-25,5,2
13149,PRPF4B,59,35,6,2,60,36,1,0,322,203,251,315,320,-1,-1,5,2
19063,ZFP82,59,34,8,1,45,22,3,0,322,218,266,311,321,14,12,5,1
6238,GGH,48,28,7,6,66,36,2,1,322,208,258,313,315,-18,-8,5,5
19056,ZFP41,51,29,10,2,63,31,5,3,322,208,262,307,317,-12,-2,5,-1
9977,MPLKIP,62,34,5,2,44,15,0,0,322,216,273,317,320,18,19,5,2
2823,CELF5,87,46,11,3,84,49,6,0,322,151,227,305,319,3,-3,5,3
4050,DCAKD,79,49,11,7,40,23,6,1,322,203,250,305,314,39,26,5,6
9973,MPHOSPH9,50,31,9,3,78,37,4,2,322,194,254,309,317,-28,-6,5,1
13180,PRR32,23,22,6,2,12,8,1,0,322,287,292,315,320,11,14,5,2
6249,GGTLC2,84,65,30,14,82,56,25,9,322,156,201,267,299,2,9,5,5
9966,MPDU1,61,28,6,2,37,19,1,1,322,224,275,315,319,24,9,5,1
10866,NMRAL1,70,55,18,9,113,67,13,7,322,139,200,291,306,-43,-12,5,2
2815,CELA2A,42,40,12,3,14,14,7,2,322,266,268,303,317,28,26,5,1
5628,FCGR3A,43,22,8,4,15,7,3,0,322,264,293,311,318,28,15,5,4
19042,ZFC3H1,70,38,6,2,76,26,1,0,322,176,258,315,320,-6,12,5,2
4055,DCD,34,29,17,6,25,21,12,4,322,263,272,293,312,9,8,5,2
13213,PRSS33,47,26,6,2,40,20,1,1,322,235,276,315,319,7,6,5,1
4057,DCDC2,77,38,11,3,62,38,6,3,322,183,246,305,316,15,0,5,0
2804,CEACAM8,95,60,9,2,64,34,4,1,322,163,228,309,319,31,26,5,1
13227,PRSS57,35,29,8,3,32,24,3,1,322,255,269,311,318,3,5,5,2
8435,KISS1R,86,63,15,3,58,40,10,7,322,178,219,297,312,28,23,5,-4
1736,BZW1,59,35,7,5,49,23,2,1,322,214,264,313,316,10,12,5,4
16570,TBC1D22B,64,37,6,2,70,40,1,0,322,188,245,315,320,-6,-3,5,2
18162,UACA,50,25,6,1,72,34,1,0,322,200,263,315,321,-22,-9,5,1
7758,IK,64,42,8,4,39,19,3,0,322,219,261,311,318,25,23,5,4
8029,ISOC1,60,39,10,3,52,27,5,0,322,210,256,307,319,8,12,5,3
15881,SPDYE16,101,70,14,7,59,38,9,4,322,162,214,299,311,42,32,5,3
1186,ATCAY,79,41,8,4,47,22,3,1,322,196,259,311,317,32,19,5,3
7877,INCA1,91,57,13,9,71,39,8,2,322,160,226,301,311,20,18,5,7
17250,TMEM42,81,56,13,4,72,38,8,4,322,169,228,301,314,9,18,5,0
1492,BCL7C,48,35,7,7,39,18,2,1,322,235,269,313,314,9,17,5,6
4912,ELMOD2,49,27,10,4,111,54,5,1,322,162,241,307,317,-62,-27,5,3
5116,ERN2,92,55,15,4,86,49,10,1,322,144,218,297,317,6,6,5,3
17863,TRIP4,59,37,10,4,76,41,5,1,322,187,244,307,317,-17,-4,5,3
16204,STK38,76,43,6,1,43,23,1,0,322,203,256,315,321,33,20,5,1
16286,SUGP2,39,25,7,4,62,42,2,2,322,221,255,313,316,-23,-17,5,2
7760,IKBKB,59,33,9,5,63,44,4,0,322,200,245,309,317,-4,-11,5,5
15872,SPCS1,54,36,8,3,63,26,3,0,322,205,260,311,319,-9,10,5,3
15869,SPATS2L,65,42,9,6,39,16,4,0,322,218,264,309,316,26,26,5,6
17256,TMEM50A,48,28,7,4,56,29,2,0,322,218,265,313,318,-8,-1,5,4
7378,HTR1D,126,72,5,1,36,14,0,0,322,160,236,317,321,90,58,5,1
18193,UBE2E2,78,38,11,6,51,25,6,1,322,193,259,305,315,27,13,5,5
18158,U2AF1L4,92,63,13,10,66,45,8,4,322,164,214,301,308,26,18,5,6
6841,H2AC17,87,59,26,12,73,50,21,5,322,162,213,275,305,14,9,5,7
4918,ELOB,55,33,11,9,49,24,6,2,322,218,265,305,311,6,9,5,7
680,ANKHD1,67,34,8,5,58,31,3,0,322,197,257,311,317,9,3,5,5
17293,TMEM9,36,18,9,5,80,50,4,1,322,206,254,309,316,-44,-32,5,4
18156,TYW5,61,26,5,1,39,20,0,0,322,222,276,317,321,22,6,5,1
765,ANO8,66,35,8,5,66,31,3,1,322,190,256,311,316,0,4,5,4
5002,ENTPD5,46,25,8,1,88,40,3,0,322,188,257,311,321,-42,-15,5,1
16990,TLL1,58,33,10,0,63,35,5,0,322,201,254,307,322,-5,-2,5,0
8266,KCNMB2,56,43,18,11,67,53,13,4,322,199,226,291,307,-11,-10,5,7
1391,B4GALT2,47,26,10,6,80,32,5,2,322,195,264,307,314,-33,-6,5,4
17849,TRIM73,69,42,11,5,74,36,6,2,322,179,244,305,315,-5,6,5,3
17245,TMEM39A,81,41,9,4,44,30,4,0,322,197,251,309,318,37,11,5,4
18189,UBE2D2,43,27,9,6,60,32,4,1,322,219,263,309,315,-17,-5,5,5
17871,TRMT10B,59,27,8,5,68,30,3,0,322,195,265,311,317,-9,-3,5,5
17225,TMEM263,74,40,9,4,59,28,4,0,322,189,254,309,318,15,12,5,4
15897,SPEGNB,71,59,26,11,66,57,21,10,322,185,206,275,301,5,2,5,1
1394,B4GALT5,37,20,8,1,93,44,3,2,322,192,258,311,319,-56,-24,5,-1
15896,SPEG,59,39,15,5,92,61,10,4,322,171,222,297,313,-33,-22,5,1
16740,TENM3,61,35,10,2,60,34,5,3,322,201,253,307,317,1,1,5,-1
7533,IGFBP2,62,42,17,8,72,42,12,2,322,188,238,293,312,-10,0,5,6
16269,STXBP5,83,50,8,2,60,29,3,1,322,179,243,311,319,23,21,5,1
16581,TBC1D3B,107,67,19,7,52,31,14,1,322,163,224,289,314,55,36,5,6
17869,TRMT1,56,27,12,5,65,41,7,1,322,201,254,303,316,-9,-14,5,4
16572,TBC1D24,59,27,6,1,72,34,1,0,322,191,261,315,321,-13,-7,5,1
5108,ERLEC1,46,30,8,2,100,45,3,0,322,176,247,311,320,-54,-15,5,2
17231,TMEM270,60,48,11,0,34,27,6,2,322,228,247,305,320,26,21,5,-2
7752,IGSF6,91,63,6,0,39,13,1,0,322,192,246,315,322,52,50,5,0
16814,TFB2M,62,40,8,1,66,33,3,1,322,194,249,311,320,-4,7,5,0
8260,KCNK5,48,22,7,3,37,22,2,1,322,237,278,313,318,11,0,5,2
5111,ERMAP,67,33,7,1,63,37,2,0,322,192,252,313,321,4,-4,5,1
1187,ATE1,37,22,7,3,72,36,2,0,322,213,264,313,319,-35,-14,5,3
16569,TBC1D22A,47,33,8,6,52,26,3,1,322,223,263,311,315,-5,7,5,5
18033,TTC39C,47,32,8,2,68,37,3,0,322,207,253,311,320,-21,-5,5,2
8159,KANSL2,70,35,7,4,58,36,2,1,322,194,251,313,317,12,-1,5,3
17236,TMEM30A,59,31,9,5,83,43,4,0,322,180,248,309,317,-24,-12,5,5
17244,TMEM38B,71,43,7,2,54,27,2,0,322,197,252,313,320,17,16,5,2
5114,ERMP1,55,23,9,2,68,36,4,1,322,199,263,309,319,-13,-13,5,1
7387,HTR3D,35,28,5,5,22,21,0,0,322,265,273,317,317,13,7,5,5
16561,TBC1D14,37,23,9,6,110,63,4,0,322,175,236,309,316,-73,-40,5,6
16988,TLK1,55,28,7,3,81,29,2,0,322,186,265,313,319,-26,-1,5,3
1594,BMP8B,65,36,8,4,72,36,3,0,322,185,250,311,318,-7,0,5,4
17219,TMEM256-PLSCR3,84,67,43,24,92,74,38,16,322,146,181,241,282,-8,-7,5,8
1380,B3GNT5,73,42,10,1,63,33,5,0,322,186,247,307,321,10,9,5,1
7110,HIVEP2,47,21,5,2,78,42,0,0,322,197,259,317,320,-31,-21,5,2
16304,SUMF2,40,30,6,3,52,19,1,1,322,230,273,315,318,-12,11,5,2
17333,TMTC1,65,37,7,4,63,25,2,0,322,194,260,313,318,2,12,5,4
16065,SS18L1,56,30,7,2,56,30,2,1,322,210,262,313,319,0,0,5,1
4755,EEF1AKMT4-ECE2,32,17,5,3,19,7,0,0,322,271,298,317,319,13,10,5,3
1269,ATP5MD,55,36,11,7,52,25,6,1,322,215,261,305,314,3,11,5,6
725,ANKRD36C,71,43,10,6,71,45,5,0,322,180,234,307,316,0,-2,5,6
1271,ATP5MF,56,37,10,6,50,27,5,2,322,216,258,307,314,6,10,5,4
16186,STK10,42,23,7,2,93,42,2,0,322,187,257,313,320,-51,-19,5,2
16961,TIPRL,47,33,7,2,59,34,2,0,322,216,255,313,320,-12,-1,5,2
6972,HCAR2,44,27,11,5,33,24,6,2,322,245,271,305,315,11,3,5,3
7662,IGKV1D-33,34,29,27,11,28,26,22,4,322,260,267,273,307,6,3,5,7
17829,TRIM56,64,38,8,3,45,17,3,0,322,213,267,311,319,19,21,5,3
17341,TMX3,50,27,8,3,70,28,3,0,322,202,267,311,319,-20,-1,5,3
7940,INTS7,70,40,6,4,66,39,1,0,322,186,243,315,318,4,1,5,4
4839,EIF2B1,68,39,6,3,50,32,1,0,322,204,251,315,319,18,7,5,3
18274,UCP2,56,30,11,6,79,34,6,5,322,187,258,305,311,-23,-4,5,1
7789,IL17RB,102,59,15,7,66,33,10,8,322,154,230,297,307,36,26,5,-1
773,ANTKMT,64,37,12,8,84,46,7,3,322,174,239,303,311,-20,-9,5,5
7325,HSDL2,44,24,7,3,69,39,2,0,322,209,259,313,319,-25,-15,5,3
17817,TRIM49,42,34,6,4,31,19,1,1,322,249,269,315,317,11,15,5,3
8047,ITGA6,58,31,8,3,66,29,3,2,322,198,262,311,317,-8,2,5,1
16951,TIMP1,63,43,15,8,51,27,10,3,322,208,252,297,311,12,16,5,5
7938,INTS6,111,61,9,3,51,26,4,1,322,160,235,309,318,60,35,5,2
536,ALCAM,41,21,6,1,70,33,1,0,322,211,268,315,321,-29,-12,5,1
18048,TTL,40,23,6,1,44,14,1,0,322,238,285,315,321,-4,9,5,1
7661,IGKV1D-17,14,14,9,2,11,10,4,2,322,297,298,309,318,3,4,5,0
8305,KCTD6,75,43,12,9,77,46,7,0,322,170,233,303,313,-2,-3,5,9
8302,KCTD3,46,27,8,4,69,34,3,1,322,207,261,311,317,-23,-7,5,3
1383,B3GNT8,91,62,13,4,84,60,8,2,322,147,200,301,316,7,2,5,2
16545,TASOR2,54,30,11,6,78,40,6,1,322,190,252,305,315,-24,-10,5,5
16557,TBC1D10B,44,25,8,2,66,38,3,1,322,212,259,311,319,-22,-13,5,1
17298,TMEM97,83,48,8,4,46,28,3,0,322,193,246,311,318,37,20,5,4
1082,ARRB1,49,26,11,5,106,74,6,2,322,167,222,305,315,-57,-48,5,3
17308,TMOD2,68,37,8,3,72,35,3,0,322,182,250,311,319,-4,2,5,3
5134,ESD,46,30,10,6,67,36,5,1,322,209,256,307,315,-21,-6,5,5
1263,ATP5F1D,56,31,12,6,53,26,7,2,322,213,265,303,314,3,5,5,4
5001,ENTPD4,50,23,6,2,53,22,1,1,322,219,277,315,319,-3,1,5,1
540,ALDH1A2,83,60,19,4,50,39,14,4,322,189,223,289,314,33,21,5,0
17309,TMOD3,54,29,6,2,45,21,1,0,322,223,272,315,320,9,8,5,2
17927,TSC22D4,49,31,11,8,68,40,6,1,322,205,251,305,313,-19,-9,5,7
4882,EIF5AL1,82,46,6,1,43,14,1,1,322,197,262,315,320,39,32,5,0
16552,TAX1BP3,46,28,11,4,83,46,6,6,322,193,248,305,312,-37,-18,5,-2
1598,BMPR2,71,37,6,3,36,10,1,0,322,215,275,315,319,35,27,5,3
4767,EFCAB1,77,51,15,5,50,37,10,1,322,195,234,297,316,27,14,5,4
6802,GUK1,48,26,9,7,50,24,4,2,322,224,272,309,313,-2,2,5,5
18139,TXNL1,67,37,8,6,45,25,3,1,322,210,260,311,315,22,12,5,5
17318,TMPRSS12,88,51,10,1,46,29,5,1,322,188,242,307,320,42,22,5,0
1599,BMS1,58,32,6,1,46,25,1,0,322,218,265,315,321,12,7,5,1
16551,TAX1BP1,74,44,7,3,43,23,2,0,322,205,255,313,319,31,21,5,3
8296,KCTD17,50,31,9,5,68,32,4,1,322,204,259,309,316,-18,-1,5,4
15827,SPART,72,42,6,3,48,31,1,0,322,202,249,315,319,24,11,5,3
7108,HIRIP3,47,30,6,4,68,33,1,0,322,207,259,315,318,-21,-3,5,4
7776,IL12RB2,83,45,10,3,56,26,5,0,322,183,251,307,319,27,19,5,3
5144,ESRRA,50,32,13,6,82,47,8,1,322,190,243,301,315,-32,-15,5,5
4920,ELOF1,74,51,9,5,34,17,4,1,322,214,254,309,316,40,34,5,4
16970,TKT,54,34,10,7,50,29,5,1,322,218,259,307,314,4,5,5,6
1606,BNIP3,61,37,9,3,49,26,4,0,322,212,259,309,319,12,11,5,3
15899,SPEM2,73,56,8,3,60,39,3,0,322,189,227,311,319,13,17,5,3
15906,SPHK1,130,72,10,4,48,30,5,3,322,144,220,307,315,82,42,5,1
6794,GUCD1,33,19,9,5,95,51,4,2,322,194,252,309,315,-62,-32,5,3
17109,TMEM14C,48,32,11,9,58,24,6,3,322,216,266,305,310,-10,8,5,6
18019,TTC28,58,31,9,4,67,25,4,1,322,197,266,309,317,-9,6,5,3
8186,KBTBD6,53,34,5,2,72,34,0,0,322,197,254,317,320,-19,0,5,2
17050,TMED10,48,26,6,4,46,17,1,0,322,228,279,315,318,2,9,5,4
15980,SPRYD7,48,26,7,2,53,20,2,0,322,221,276,313,320,-5,6,5,2
18173,UBAC2,53,35,9,4,79,41,4,0,322,190,246,309,318,-26,-6,5,4
1509,BEAN1,82,57,9,6,66,36,4,0,322,174,229,309,316,16,21,5,6
7718,IGLV2-23,12,11,11,6,11,10,6,1,322,299,301,305,315,1,1,5,5
5376,FAM189B,54,32,7,4,59,24,2,1,322,209,266,313,317,-5,8,5,3
5270,FADS1,36,28,7,4,79,43,2,2,322,207,251,313,316,-43,-15,5,2
8002,IRF7,64,46,15,5,63,37,10,4,322,195,239,297,313,1,9,5,1
8218,KCNG2,32,28,7,1,34,25,2,0,322,256,269,313,321,-2,3,5,1
6997,HDAC8,52,27,7,3,44,22,2,1,322,226,273,313,318,8,5,5,2
1217,ATIC,49,30,7,5,62,40,2,1,322,211,252,313,316,-13,-10,5,4
4815,EHBP1L1,55,35,6,2,63,29,1,0,322,204,258,315,320,-8,6,5,2
562,ALG11,48,23,7,4,42,21,2,0,322,232,278,313,318,6,2,5,4
18172,UBAC1,68,34,8,4,56,27,3,1,322,198,261,311,317,12,7,5,3
17131,TMEM170B,48,22,6,1,70,32,1,0,322,204,268,315,321,-22,-10,5,1
16659,TCF15,40,30,5,0,27,16,0,0,322,255,276,317,322,13,14,5,0
1405,BACE2,59,37,6,1,28,16,1,1,322,235,269,315,320,31,21,5,0
16658,TCF12,82,49,10,4,51,25,5,1,322,189,248,307,317,31,24,5,3
16650,TCEAL6,28,26,6,1,28,26,1,0,322,266,270,315,321,0,0,5,1
5070,ERAP1,66,36,6,1,47,21,1,0,322,209,265,315,321,19,15,5,1
15968,SPRR2F,18,17,7,2,8,6,2,1,322,296,299,313,319,10,11,5,1
18256,UBXN11,89,49,12,5,59,35,7,0,322,174,238,303,317,30,14,5,5
17139,TMEM178B,36,16,6,2,78,25,1,1,322,208,281,315,319,-42,-9,5,1
15966,SPRR2D,30,29,12,5,31,28,7,1,322,261,265,303,316,-1,1,5,4
1006,ARID4A,81,43,6,3,63,36,1,0,322,178,243,315,319,18,7,5,3
15987,SPTB,45,17,7,1,77,43,2,0,322,200,262,313,321,-32,-26,5,1
1530,BFAR,67,36,8,6,61,36,3,1,322,194,250,311,315,6,0,5,5
6998,HDAC9,75,38,10,4,77,44,5,0,322,170,240,307,318,-2,-6,5,4
5059,EPS15,45,27,7,3,99,54,2,0,322,178,241,313,319,-54,-27,5,3
1038,ARL6IP6,39,23,9,2,70,42,4,1,322,213,257,309,319,-31,-19,5,1
7062,HEXIM2,102,75,17,6,70,35,12,6,322,150,212,293,310,32,40,5,0
6831,H1-8,19,19,7,2,11,9,2,0,322,292,294,313,320,8,10,5,2
5017,EPB41L2,62,33,9,5,51,20,4,0,322,209,269,309,317,11,13,5,5
5274,FAF1,45,25,6,2,32,14,1,1,322,245,283,315,319,13,11,5,1
5272,FADS3,41,23,11,6,91,51,6,1,322,190,248,305,315,-50,-28,5,5
7494,IFNGR1,62,28,6,2,65,37,1,0,322,195,257,315,320,-3,-9,5,2
16716,TEAD4,65,41,11,1,52,25,6,3,322,205,256,305,318,13,16,5,-2
6830,H1-7,36,33,7,3,22,19,2,1,322,264,270,313,318,14,14,5,2
7507,IFT172,63,36,9,4,46,21,4,0,322,213,265,309,318,17,15,5,4
16223,STON2,74,41,12,5,67,36,7,1,322,181,245,303,316,7,5,5,4
5271,FADS2,46,30,11,6,77,42,6,0,322,199,250,305,316,-31,-12,5,6
5344,FAM166C,38,25,10,1,27,16,5,0,322,257,281,307,321,11,9,5,1
1202,ATG13,61,33,11,6,57,24,6,2,322,204,265,305,314,4,9,5,4
16004,SRA1,68,48,11,4,49,29,6,4,322,205,245,305,314,19,19,5,0
7511,IFT43,68,45,12,7,59,31,7,2,322,195,246,303,313,9,14,5,5
7486,IFNA6,21,20,5,0,4,3,0,0,322,297,299,317,322,17,17,5,0
17900,TRPC7,59,33,7,0,20,10,2,1,322,243,279,313,321,39,23,5,-1
8203,KCNC1,85,62,23,13,85,54,18,9,322,152,206,281,300,0,8,5,4
16721,TECRL,65,27,5,0,37,16,0,0,322,220,279,317,322,28,11,5,0
1027,ARL3,40,21,6,3,52,23,1,0,322,230,278,315,319,-12,-2,5,3
17096,TMEM132E,22,9,5,0,35,13,0,0,322,265,300,317,322,-13,-4,5,0
8207,KCND1,119,68,13,2,48,30,8,2,322,155,224,301,318,71,38,5,0
5348,FAM168B,37,25,7,4,56,34,2,0,322,229,263,313,318,-19,-9,5,4
17097,TMEM134,49,28,7,4,70,28,2,1,322,203,266,313,317,-21,0,5,3
17102,TMEM141,53,31,13,3,67,28,8,4,322,202,263,301,315,-14,3,5,-1
1048,ARMC5,59,42,9,6,94,48,4,4,322,169,232,309,312,-35,-6,5,2
6819,GZMH,18,18,7,2,9,8,2,2,322,295,296,313,318,9,10,5,0
7072,HGS,82,53,11,4,75,37,6,4,322,165,232,305,314,7,16,5,0
8162,KARS1,49,34,9,6,52,31,4,1,322,221,257,309,315,-3,3,5,5
17197,TMEM237,38,18,7,2,66,40,2,0,322,218,264,313,320,-28,-22,5,2
15929,SPINK9,89,48,13,7,53,27,8,3,322,180,247,301,312,36,21,5,4
4820,EHF,67,35,8,1,52,25,3,1,322,203,262,311,320,15,10,5,0
7679,IGKV3-11,5,5,5,0,3,2,0,0,322,314,315,317,322,2,3,5,0
15928,SPINK8,18,18,16,6,15,15,11,8,322,289,289,295,308,3,3,5,-2
16598,TBCA,57,34,9,7,52,19,4,2,322,213,269,309,313,5,15,5,5
16209,STKLD1,71,37,11,4,55,30,6,3,322,196,255,305,315,16,7,5,1
16044,SRRM1,67,34,7,4,59,27,2,0,322,196,261,313,318,8,7,5,4
1556,BIRC2,54,27,8,5,63,34,3,1,322,205,261,311,316,-9,-7,5,4
7424,ICAM3,74,48,15,6,60,35,10,2,322,188,239,297,314,14,13,5,4
8167,KAT5,54,26,12,6,74,42,7,0,322,194,254,303,316,-20,-16,5,6
7987,IRAK1,41,27,8,7,74,32,3,2,322,207,263,311,313,-33,-5,5,5
7986,IRAG2,61,38,11,4,67,44,6,2,322,194,240,305,316,-6,-6,5,2
7420,ICA1,76,51,9,1,76,38,4,1,322,170,233,309,320,0,13,5,0
695,ANKRD13C,38,25,6,1,86,46,1,0,322,198,251,315,321,-48,-21,5,1
1559,BIRC6,60,28,6,3,52,27,1,0,322,210,267,315,319,8,1,5,3
17208,TMEM248,48,26,7,4,65,22,2,1,322,209,274,313,317,-17,4,5,3
1239,ATP13A5,41,36,11,2,34,29,6,0,322,247,257,305,320,7,7,5,2
7676,IGKV2D-29,14,9,6,2,1,1,1,1,322,307,312,315,319,13,8,5,1
732,ANKRD45,90,53,10,0,58,31,5,0,322,174,238,307,322,32,22,5,0
1241,ATP1A2,73,37,7,6,51,23,2,0,322,198,262,313,316,22,14,5,6
5097,ERH,53,28,8,4,53,31,3,1,322,216,263,311,317,0,-3,5,3
16261,STX5,66,41,11,6,51,26,6,3,322,205,255,305,313,15,15,5,3
1567,BLM,38,18,5,0,57,28,0,0,322,227,276,317,322,-19,-10,5,0
17012,TM4SF18,79,64,16,1,55,39,11,1,322,188,219,295,320,24,25,5,0
7087,HIF1A,62,29,6,2,51,29,1,0,322,209,264,315,320,11,0,5,2
1495,BCLAF1,56,33,9,6,73,38,4,0,322,193,251,309,316,-17,-5,5,6
5349,FAM169A,64,44,10,6,97,53,5,0,322,161,225,307,316,-33,-9,5,6
7740,IGLV7-43,10,10,10,3,9,6,5,3,322,303,306,307,316,1,4,5,0
1550,BICRAL,46,26,5,0,61,21,0,0,322,215,275,317,322,-15,5,5,0
1003,ARID3A,59,42,8,4,63,31,3,1,322,200,249,311,317,-4,11,5,3
17886,TRMU,84,44,8,3,46,23,3,1,322,192,255,311,318,38,21,5,2
18169,UBA52,55,30,10,9,44,24,5,2,322,223,268,307,311,11,6,5,7
17889,TRNT1,60,29,6,3,64,36,1,0,322,198,257,315,319,-4,-7,5,3
998,ARHGEF7,56,32,9,4,64,27,4,0,322,202,263,309,318,-8,5,5,4
739,ANKRD55,58,31,9,2,51,36,4,2,322,213,255,309,318,7,-5,5,0
7055,HES6,95,61,18,11,69,29,13,8,322,158,232,291,303,26,32,5,3
1534,BGN,80,44,5,1,52,32,0,0,322,190,246,317,321,28,12,5,1
16211,STMN2,41,25,7,3,30,18,2,1,322,251,279,313,318,11,7,5,2
6835,H2AC11,90,57,8,5,67,31,3,0,322,165,234,311,317,23,26,5,5
6817,GZMA,15,14,6,5,16,15,1,0,322,291,293,315,317,-1,-1,5,5
16030,SRP19,63,37,10,5,66,38,5,1,322,193,247,307,316,-3,-1,5,4
997,ARHGEF6,63,31,7,3,55,32,2,0,322,204,259,313,319,8,-1,5,3
16626,TBX20,66,39,5,2,48,22,0,0,322,208,261,317,320,18,17,5,2
16031,SRP54,68,37,9,1,51,27,4,1,322,203,258,309,320,17,10,5,0
6999,HDC,61,35,6,1,31,13,1,0,322,230,274,315,321,30,22,5,1
17170,TMEM208,65,31,11,8,56,29,6,2,322,201,262,305,312,9,2,5,6
1502,BCS1L,66,42,10,7,54,36,5,2,322,202,244,307,313,12,6,5,5
16245,STT3B,46,27,6,2,53,34,1,0,322,223,261,315,320,-7,-7,5,2
5277,FAHD1,44,29,7,4,80,41,2,0,322,198,252,313,318,-36,-12,5,4
15953,SPPL2B,51,27,8,5,70,35,3,0,322,201,260,311,317,-19,-8,5,5
1238,ATP13A4,89,49,5,1,28,14,0,0,322,205,259,317,321,61,35,5,1
17025,TM9SF4,43,26,10,4,67,36,5,1,322,212,260,307,317,-24,-10,5,3
18238,UBP1,55,29,7,3,50,26,2,1,322,217,267,313,318,5,3,5,2
18003,TTC1,66,34,10,5,56,31,5,0,322,200,257,307,317,10,3,5,5
1545,BICD1,49,28,8,6,99,58,3,1,322,174,236,311,315,-50,-30,5,5
8171,KAT8,49,28,5,2,44,24,0,0,322,229,270,317,320,5,4,5,2
16246,STUB1,45,30,8,5,63,33,3,2,322,214,259,311,315,-18,-3,5,3
5021,EPB41L5,63,34,5,3,65,26,0,0,322,194,262,317,319,-2,8,5,3
4841,EIF2B3,67,37,8,2,54,31,3,1,322,201,254,311,319,13,6,5,1
1275,ATP5MPL,62,35,9,8,41,16,4,1,322,219,271,309,313,21,19,5,7
16451,TAF11L13,14,12,9,3,9,9,4,1,322,299,301,309,318,5,3,5,2
1122,ASB17,22,22,9,5,9,6,4,2,322,291,294,309,315,13,16,5,3
5394,FAM214B,50,24,6,2,86,44,1,0,322,186,254,315,320,-36,-20,5,2
17514,TPSD1,46,34,6,2,21,10,1,0,322,255,278,315,320,25,24,5,2
7236,HOXB6,94,56,8,2,43,23,3,1,322,185,243,311,319,51,33,5,1
8369,KIAA1549L,78,42,9,3,48,27,4,2,322,196,253,309,317,30,15,5,1
4961,EMP2,43,26,6,3,52,22,1,0,322,227,274,315,319,-9,4,5,3
1646,BRAP,76,39,5,1,53,33,0,0,322,193,250,317,321,23,6,5,1
4869,EIF4E2,50,28,9,4,65,33,4,1,322,207,261,309,317,-15,-5,5,3
5352,FAM171A1,46,29,8,2,80,40,3,0,322,196,253,311,320,-34,-11,5,2
16870,THAP6,79,47,9,5,78,38,4,1,322,165,237,309,316,1,9,5,4
18310,UHMK1,75,35,5,1,60,26,0,0,322,187,261,317,321,15,9,5,1
17539,TRAF7,60,35,9,7,65,27,4,0,322,197,260,309,315,-5,8,5,7
5222,EXT2,73,40,8,2,56,27,3,0,322,193,255,311,320,17,13,5,2
5313,FAM131C,47,28,8,1,90,50,3,0,322,185,244,311,321,-43,-22,5,1
6770,GTF2IRD2B,74,42,11,4,71,29,6,1,322,177,251,305,317,3,13,5,3
15718,SNX32,57,39,13,8,55,39,8,5,322,210,244,301,309,2,0,5,3
4720,ECM2,62,32,9,1,73,44,4,2,322,187,246,309,319,-11,-12,5,-1
6859,H2BC11,97,61,12,7,74,40,7,2,322,151,221,303,313,23,21,5,5
821,AP4S1,70,34,6,3,62,28,1,0,322,190,260,315,319,8,6,5,3
7900,INO80E,55,33,10,7,52,27,5,4,322,215,262,307,311,3,6,5,3
4718,ECI2,36,25,10,7,69,37,5,1,322,217,260,307,314,-33,-12,5,6
8382,KIF13A,75,44,6,2,46,20,1,0,322,201,258,315,320,29,24,5,2
1651,BRD1,62,35,8,4,54,31,3,1,322,206,256,311,317,8,4,5,3
659,ANGPT2,89,58,7,1,42,20,2,0,322,191,244,313,321,47,38,5,1
1322,ATRN,44,29,6,3,72,36,1,1,322,206,257,315,318,-28,-7,5,2
8070,ITIH2,44,26,8,5,22,9,3,1,322,256,287,311,316,22,17,5,4
16347,SWI5,57,34,9,7,50,25,4,2,322,215,263,309,313,7,9,5,5
7607,IGHV3-38,13,13,10,6,7,6,5,1,322,302,303,307,315,6,7,5,5
6776,GTF3C5,46,25,9,7,65,44,4,2,322,211,253,309,313,-19,-19,5,5
5190,EWSR1,60,37,7,7,47,22,2,1,322,215,263,313,314,13,15,5,6
6860,H2BC12,91,54,15,8,51,32,10,5,322,180,236,297,309,40,22,5,3
834,APC,53,30,10,8,70,38,5,0,322,199,254,307,314,-17,-8,5,8
5310,FAM126B,92,46,7,1,42,16,2,0,322,188,260,313,321,50,30,5,1
16898,THRAP3,36,24,10,7,77,36,5,0,322,209,262,307,315,-41,-12,5,7
17799,TRIM34,70,48,11,2,75,47,6,0,322,177,227,305,320,-5,1,5,2
8354,KIAA0513,78,38,6,3,70,33,1,0,322,174,251,315,319,8,5,5,3
6780,GTPBP2,36,23,9,5,114,57,4,0,322,172,242,309,317,-78,-34,5,5
7911,INPPL1,59,28,10,7,83,32,5,0,322,180,262,307,315,-24,-4,5,7
16087,SSTR2,100,53,8,0,38,14,3,0,322,184,255,311,322,62,39,5,0
8356,KIAA0753,78,39,8,4,54,24,3,1,322,190,259,311,317,24,15,5,3
15737,SOD2,60,32,8,3,41,19,3,0,322,221,271,311,319,19,13,5,3
5031,EPHA2,37,21,8,2,72,33,3,0,322,213,268,311,320,-35,-12,5,2
17485,TPD52L1,65,45,11,4,42,22,6,3,322,215,255,305,315,23,23,5,1
17487,TPD52L3,26,20,6,2,7,5,1,0,322,289,297,315,320,19,15,5,2
4725,ECT2,61,32,7,5,74,36,2,1,322,187,254,313,316,-13,-4,5,4
4723,ECSCR,37,32,12,3,35,27,7,1,322,250,263,303,318,2,5,5,2
7253,HOXD13,51,22,5,0,52,21,0,0,322,219,279,317,322,-1,1,5,0
8361,KIAA1109,66,34,6,2,64,34,1,0,322,192,254,315,320,2,0,5,2
5230,EYS,114,70,9,3,45,27,4,1,322,163,225,309,318,69,43,5,2
8063,ITGB4,82,58,22,7,76,49,17,4,322,164,215,283,311,6,9,5,3
7908,INPP5F,67,40,8,2,62,36,3,0,322,193,246,311,320,5,4,5,2
7121,HLA-DMA,75,56,20,5,72,50,15,6,322,175,216,287,311,3,6,5,-1
1472,BCKDK,47,30,8,6,81,52,3,2,322,194,240,311,314,-34,-22,5,4
16448,TAF11,53,30,6,2,64,33,1,0,322,205,259,315,320,-11,-3,5,2
572,ALG8,51,22,6,2,45,27,1,0,322,226,273,315,320,6,-5,5,2
7597,IGHV3-11,10,10,9,4,6,6,4,1,322,306,306,309,317,4,4,5,3
5187,EVPLL,52,29,12,3,45,22,7,0,322,225,271,303,319,7,7,5,3
16767,TEX10,58,29,9,3,63,39,4,0,322,201,254,309,319,-5,-10,5,3
16769,TEX11,65,30,5,1,52,24,0,0,322,205,268,317,321,13,6,5,1
15710,SNX22,80,45,6,3,71,34,1,1,322,171,243,315,318,9,11,5,2
17615,TRAPPC5,56,35,8,5,45,16,3,2,322,221,271,311,315,11,19,5,3
16463,TAF15,50,29,9,5,64,31,4,1,322,208,262,309,316,-14,-2,5,4
8082,ITPK1,53,25,9,6,55,25,4,0,322,214,272,309,316,-2,0,5,6
16844,TGFBR3L,72,38,8,2,47,20,3,0,322,203,264,311,320,25,18,5,2
522,AKR1D1,101,59,8,1,51,21,3,0,322,170,242,311,321,50,38,5,1
18327,UNC119,61,39,12,7,65,34,7,5,322,196,249,303,310,-4,5,5,2
711,ANKRD28,40,20,6,2,96,65,1,0,322,186,237,315,320,-56,-45,5,2
1141,ASF1A,51,31,9,4,66,37,4,0,322,205,254,309,318,-15,-6,5,4
17670,TRBJ1-1,7,7,7,7,2,2,2,2,322,313,313,313,313,5,5,5,5
16132,ST8SIA4,96,53,6,2,47,27,1,0,322,179,242,315,320,49,26,5,2
6938,HAPLN4,103,56,7,2,35,20,2,0,322,184,246,313,320,68,36,5,2
7871,IMPG1,50,33,8,2,29,18,3,2,322,243,271,311,318,21,15,5,0
5213,EXOSC3,66,39,10,3,48,23,5,1,322,208,260,307,318,18,16,5,2
5220,EXPH5,73,37,5,1,44,21,0,0,322,205,264,317,321,29,16,5,1
16130,ST8SIA2,47,31,8,5,42,27,3,1,322,233,264,311,316,5,4,5,4
15670,SNRNP35,47,32,8,5,101,47,3,0,322,174,243,311,317,-54,-15,5,5
17702,TRBV23-1,8,8,8,5,3,3,3,2,322,311,311,311,315,5,5,5,3
7880,ING1,110,61,9,3,31,13,4,1,322,181,248,309,318,79,48,5,2
5216,EXOSC6,36,25,7,3,99,48,2,1,322,187,249,313,318,-63,-23,5,2
7164,HMGN5,68,44,12,5,86,47,7,5,322,168,231,303,312,-18,-3,5,0
16826,TFG,59,32,7,3,41,21,2,0,322,222,269,313,319,18,11,5,3
7021,HECTD1,69,39,9,6,54,30,4,1,322,199,253,309,315,15,9,5,5
15665,SNPH,55,32,8,2,89,43,3,1,322,178,247,311,319,-34,-11,5,1
18095,TUBGCP3,40,20,8,5,70,40,3,0,322,212,262,311,317,-30,-20,5,5
808,AP2B1,54,32,11,9,50,27,6,2,322,218,263,305,311,4,5,5,7
1679,BRSK2,69,42,14,5,86,51,9,3,322,167,229,299,314,-17,-9,5,2
16811,TFAP2E,71,43,10,4,63,41,5,2,322,188,238,307,316,8,2,5,2
17721,TRBV6-5,9,9,9,1,4,4,4,2,322,309,309,309,319,5,5,5,-1
17723,TRBV6-7,8,8,7,6,2,2,2,2,322,312,312,313,314,6,6,5,4
7168,HMMR,59,36,8,1,54,28,3,1,322,209,258,311,320,5,8,5,0
645,ANAPC1,43,23,8,4,62,26,3,1,322,217,273,311,317,-19,-3,5,3
18208,UBE2N,63,29,10,6,64,40,5,2,322,195,253,307,314,-1,-11,5,4
6766,GTF2H5,59,36,8,3,53,26,3,0,322,210,260,311,319,6,10,5,3
16789,TEX37,71,66,20,6,40,34,15,1,322,211,222,287,315,31,32,5,5
16143,STAM,58,33,6,1,61,25,1,0,322,203,264,315,321,-3,8,5,1
17773,TRIAP1,61,38,7,2,48,22,2,0,322,213,262,313,320,13,16,5,2
7215,HOOK3,78,38,7,2,71,39,2,0,322,173,245,313,320,7,-1,5,2
1660,BRF1,49,29,9,4,83,46,4,1,322,190,247,309,317,-34,-17,5,3
651,ANAPC2,42,26,9,7,79,48,4,0,322,201,248,309,315,-37,-22,5,7
8094,ITSN1,54,29,9,3,55,31,4,0,322,213,262,309,319,-1,-2,5,3
15699,SNX12,47,28,8,5,73,35,3,2,322,202,259,311,315,-26,-7,5,3
15698,SNX11,52,29,8,2,64,34,3,2,322,206,259,311,318,-12,-5,5,0
18210,UBE2Q1,45,24,7,2,61,36,2,0,322,216,262,313,320,-16,-12,5,2
16362,SYDE2,109,59,5,1,36,20,0,0,322,177,243,317,321,73,39,5,1
16408,SYT4,31,18,5,1,13,7,0,0,322,278,297,317,321,18,11,5,1
5200,EXOC3L1,68,41,8,2,65,32,3,2,322,189,249,311,318,3,9,5,0
18321,ULK3,71,45,13,9,70,43,8,3,322,181,234,301,310,1,2,5,6
1456,BCAN,72,43,17,10,60,42,12,8,322,190,237,293,304,12,1,5,2
6760,GTF2F2,51,29,7,4,46,22,2,0,322,225,271,313,318,5,7,5,4
1460,BCAR3,60,27,10,6,87,50,5,0,322,175,245,307,316,-27,-23,5,6
7153,HMGB3,46,33,10,7,100,46,5,0,322,176,243,307,315,-54,-13,5,7
5353,FAM171A2,74,45,13,9,82,40,8,0,322,166,237,301,313,-8,5,5,9
7204,HNRNPUL1,50,32,7,4,51,19,2,2,322,221,271,313,316,-1,13,5,2
17998,TSTD1,55,31,15,6,50,32,10,1,322,217,259,297,315,5,-1,5,5
15691,SNTN,105,69,9,3,55,31,4,1,322,162,222,309,318,50,38,5,2
1135,ASCL1,52,20,6,6,34,16,1,0,322,236,286,315,316,18,4,5,6
4944,EMC9,41,25,11,6,82,39,6,2,322,199,258,305,314,-41,-14,5,4
17655,TRAV41,11,10,9,6,5,5,4,3,322,306,307,309,313,6,5,5,3
16861,THADA,50,26,6,1,54,26,1,0,322,218,270,315,321,-4,0,5,1
7010,HDX,73,44,7,2,39,25,2,1,322,210,253,313,319,34,19,5,1
1667,BRINP3,43,34,11,4,29,23,6,1,322,250,265,305,317,14,11,5,3
17459,TOX3,36,20,6,3,22,15,1,0,322,264,287,315,319,14,5,5,3
16712,TDRP,84,49,7,0,41,17,2,1,322,197,256,313,321,43,32,5,-1
6855,H2AZ1,50,33,9,9,60,33,4,2,322,212,256,309,311,-10,0,5,7
17452,TOR1AIP2,77,46,6,3,45,18,1,0,322,200,258,315,319,32,28,5,3
7925,INSYN1,81,44,8,4,67,34,3,1,322,174,244,311,317,14,10,5,3
17392,TNKS,95,41,7,2,48,21,2,0,322,179,260,313,320,47,20,5,2
17394,TNKS2,55,31,6,2,53,32,1,0,322,214,259,315,320,2,-1,5,2
18284,UGDH,74,45,8,3,44,17,3,1,322,204,260,311,318,30,28,5,2
17402,TNNI3K,40,36,12,2,40,31,7,2,322,242,255,303,318,0,5,5,0
16936,TIMM13,56,29,10,7,52,27,5,2,322,214,266,307,313,4,2,5,5
16502,TAOK2,52,24,11,7,53,40,6,0,322,217,258,305,315,-1,-16,5,7
5304,FAM122A,63,34,7,0,72,36,2,0,322,187,252,313,322,-9,-2,5,0
15771,SOX21,51,28,8,6,30,12,3,2,322,241,282,311,314,21,16,5,4
15763,SOX11,37,21,6,6,42,16,1,0,322,243,285,315,316,-5,5,5,6
8121,JARID2,44,19,6,0,91,42,1,0,322,187,261,315,322,-47,-23,5,0
636,AMT,83,72,36,18,94,79,31,13,322,145,171,255,291,-11,-7,5,5
16075,SSH2,53,29,9,5,49,26,4,2,322,220,267,309,315,4,3,5,3
8056,ITGAX,78,42,5,2,52,31,0,0,322,192,249,317,320,26,11,5,2
4986,ENOX1,61,31,6,0,80,39,1,1,322,181,252,315,321,-19,-8,5,-1
8057,ITGB1,63,31,10,6,62,41,5,0,322,197,250,307,316,1,-10,5,6
17947,TSNAX,64,36,8,4,62,28,3,1,322,196,258,311,317,2,8,5,3
18221,UBE3A,52,32,13,6,63,37,8,0,322,207,253,301,316,-11,-5,5,6
8058,ITGB1BP1,63,34,11,9,47,29,6,1,322,212,259,305,312,16,5,5,8
16486,TAFA5,27,24,11,8,28,17,6,0,322,267,281,305,314,-1,7,5,8
16485,TAFA4,66,49,10,2,47,27,5,0,322,209,246,307,320,19,22,5,2
17409,TNPO2,42,24,10,6,96,49,5,1,322,184,249,307,315,-54,-25,5,5
4933,ELP6,47,22,8,7,74,39,3,1,322,201,261,311,314,-27,-17,5,6
7580,IGHV1-18,11,11,8,2,3,3,3,0,322,308,308,311,320,8,8,5,2
16506,TAPBP,45,22,7,6,75,35,2,0,322,202,265,313,316,-30,-13,5,6
16317,SUPT20HL2,14,12,5,2,6,1,0,0,322,302,309,317,320,8,11,5,2
5308,FAM124B,89,45,7,2,47,19,2,1,322,186,258,313,319,42,26,5,1
17385,TNFSF9,95,66,9,3,67,33,4,2,322,160,223,309,317,28,33,5,1
15798,SPACA5,35,33,12,2,20,18,7,3,322,267,271,303,317,15,15,5,-1
17813,TRIM45,60,35,6,2,63,34,1,0,322,199,253,315,320,-3,1,5,2
8321,KDM4C,74,45,5,2,42,15,0,0,322,206,262,317,320,32,30,5,2
8128,JMJD1C,64,34,6,2,60,19,1,0,322,198,269,315,320,4,15,5,2
1619,BOLA3,47,33,12,6,57,33,7,1,322,218,256,303,315,-10,0,5,5
6967,HBP1,86,46,6,3,75,28,1,0,322,161,248,315,319,11,18,5,3
1444,BBOF1,80,55,13,3,87,48,8,1,322,155,219,301,318,-7,7,5,2
899,AQP2,26,21,7,1,18,12,2,0,322,278,289,313,321,8,9,5,1
629,AMOT,42,19,8,3,70,37,3,1,322,210,266,311,318,-28,-18,5,2
18278,UFD1,77,49,9,6,49,29,4,2,322,196,244,309,314,28,20,5,4
18279,UFL1,52,24,6,2,79,40,1,0,322,191,258,315,320,-27,-16,5,2
1096,ARSJ,68,38,5,0,58,22,0,0,322,196,262,317,322,10,16,5,0
635,AMPH,53,26,7,2,36,18,2,0,322,233,278,313,320,17,8,5,2
16515,TARS3,56,36,7,1,63,24,2,0,322,203,262,313,321,-7,12,5,1
15785,SP2,72,43,8,3,56,26,3,1,322,194,253,311,318,16,17,5,2
16513,TARS1,83,59,9,3,43,25,4,2,322,196,238,309,317,40,34,5,1
16943,TIMM23B-AGAP6,64,29,7,2,62,32,2,2,322,196,261,313,318,2,-3,5,0
8125,JDP2,78,50,10,3,57,32,5,0,322,187,240,307,319,21,18,5,3
890,APPL1,39,21,7,2,67,36,2,0,322,216,265,313,320,-28,-15,5,2
7306,HSD11B1,48,41,10,3,32,25,5,0,322,242,256,307,319,16,16,5,3
633,AMPD2,37,23,9,6,78,41,4,0,322,207,258,309,316,-41,-18,5,6
1625,BORCS7,47,26,8,4,61,31,3,1,322,214,265,311,317,-14,-5,5,3
16074,SSH1,43,20,5,3,94,46,0,0,322,185,256,317,319,-51,-26,5,3
16761,TESK2,71,45,9,4,64,29,4,0,322,187,248,309,318,7,16,5,4
18287,UGP2,61,42,7,5,52,33,2,1,322,209,247,313,316,9,9,5,4
17403,TNNT1,69,34,10,8,46,18,5,2,322,207,270,307,312,23,16,5,6
6957,HAX1,52,28,10,5,51,33,5,0,322,219,261,307,317,1,-5,5,5
1106,ARX,66,39,18,14,58,30,13,7,322,198,253,291,301,8,9,5,7
16913,TIAF1,101,52,6,2,40,13,1,0,322,181,257,315,320,61,39,5,2
7826,IL2RA,61,38,7,1,42,25,2,0,322,219,259,313,321,19,13,5,1
1447,BBS10,86,47,5,0,59,26,0,0,322,177,249,317,322,27,21,5,0
16469,TAF2,76,30,7,1,44,21,2,1,322,202,271,313,320,32,9,5,0
18295,UGT1A8,32,26,11,6,24,18,6,4,322,266,278,305,312,8,8,5,2
15759,SOWAHC,84,39,6,1,55,30,1,0,322,183,253,315,321,29,9,5,1
17436,TOMM5,48,31,9,6,51,29,4,1,322,223,262,309,315,-3,2,5,5
15747,SORCS1,50,32,7,4,40,15,2,1,322,232,275,313,317,10,17,5,3
7913,INS-IGF2,7,7,5,2,3,3,0,0,322,312,312,317,320,4,4,5,2
18201,UBE2J1,45,22,6,1,72,32,1,0,322,205,268,315,321,-27,-10,5,1
4979,ENKUR,103,68,11,2,74,54,6,1,322,145,200,305,319,29,14,5,1
7272,HPS3,81,48,6,1,50,30,1,0,322,191,244,315,321,31,18,5,1
7276,HPSE,76,49,7,0,34,12,2,2,322,212,261,313,320,42,37,5,-2
8344,KHDRBS3,100,63,11,2,49,28,6,0,322,173,231,305,320,51,35,5,2
7129,HLA-DQB1,31,24,5,3,31,19,0,0,322,260,279,317,319,0,5,5,3
4731,EDC3,65,36,9,3,59,36,4,0,322,198,250,309,319,6,0,5,3
570,ALG5,47,21,7,2,63,32,2,1,322,212,269,313,319,-16,-11,5,1
1476,BCL2,97,63,7,3,48,20,2,0,322,177,239,313,319,49,43,5,3
7273,HPS4,35,21,8,6,79,46,3,1,322,208,255,311,315,-44,-25,5,5
873,APOC4-APOC2,40,28,7,1,23,16,2,0,322,259,278,313,321,17,12,5,1
16470,TAF3,87,39,6,0,34,10,1,0,322,201,273,315,322,53,29,5,0
7915,INSIG1,99,57,9,3,78,43,4,0,322,145,222,309,319,21,14,5,3
17432,TOMM22,62,34,7,3,43,15,2,1,322,217,273,313,318,19,19,5,2
16467,TAF1D,46,26,11,9,77,43,6,5,322,199,253,305,308,-31,-17,5,4
17446,TOP3B,68,33,11,7,70,37,6,2,322,184,252,305,313,-2,-4,5,5
16474,TAF5L,36,25,10,3,85,36,5,2,322,201,261,307,317,-49,-11,5,1
15746,SORBS3,44,27,10,6,91,40,5,0,322,187,255,307,316,-47,-13,5,6
6156,GCDH,77,46,13,6,68,40,9,6,322,177,236,300,310,9,6,4,0
16804,TEX9,69,33,7,1,57,27,3,0,322,196,262,312,321,12,6,4,1
3997,DAND5,97,51,7,4,51,29,3,1,322,174,242,312,317,46,22,4,3
7005,HDGFL3,47,26,5,3,55,25,1,0,322,220,271,316,319,-8,1,4,3
3961,CYP51A1,50,27,8,3,49,30,4,0,322,223,265,310,319,1,-3,4,3
12983,PQBP1,50,32,13,7,58,30,9,6,322,214,260,300,309,-8,2,4,1
13020,PRCD,61,39,11,5,63,31,7,2,322,198,252,304,315,-2,8,4,3
12800,POP5,69,45,8,4,53,32,4,2,322,200,245,310,316,16,13,4,2
10111,MRPS9,50,29,6,2,57,33,2,0,322,215,260,314,320,-7,-4,4,2
12786,POM121L2,58,38,17,5,29,24,13,7,322,235,260,292,310,29,14,4,-2
10107,MRPS36,59,30,7,5,47,19,3,1,322,216,273,312,316,12,11,4,4
19150,ZNF146,52,34,7,2,61,38,3,1,322,209,250,312,319,-9,-4,4,1
1176,ASXL3,42,22,5,1,31,12,1,0,322,249,288,316,321,11,10,4,1
16760,TESK1,66,30,10,8,56,32,6,0,322,200,260,306,314,10,-2,4,8
1157,ASNSD1,55,32,10,2,84,41,6,0,322,183,249,306,320,-29,-9,4,2
10171,MT-ATP8,58,34,14,8,87,54,10,5,322,177,234,298,309,-29,-20,4,3
3974,CYTH2,55,32,10,8,67,44,6,1,322,200,246,306,313,-12,-12,4,7
10192,MT2A,77,52,16,11,51,33,12,6,322,194,237,294,305,26,19,4,5
12874,PPIG,62,28,8,2,63,33,4,1,322,197,261,310,319,-1,-5,4,1
10245,MTO1,63,34,7,4,47,29,3,0,322,212,259,312,318,16,5,4,4
19135,ZNF12,83,39,8,0,68,39,4,0,322,171,244,310,322,15,0,4,0
19148,ZNF142,64,30,8,4,66,40,4,0,322,192,252,310,318,-2,-10,4,4
19166,ZNF182,72,31,7,1,50,27,3,1,322,200,264,312,320,22,4,4,0
5656,FEM1A,52,33,5,2,43,18,1,0,322,227,271,316,320,9,15,4,2
10096,MRPS23,68,39,10,5,54,37,6,1,322,200,246,306,316,14,2,4,4
12901,PPP1R10,48,34,9,3,99,67,5,0,322,175,221,308,319,-51,-33,4,3
19144,ZNF138,77,48,8,3,80,43,4,0,322,165,231,310,319,-3,5,4,3
4000,DAP,33,21,7,3,93,50,3,0,322,196,251,312,319,-60,-29,4,3
2887,CEP76,72,43,7,4,65,31,3,1,322,185,248,312,317,7,12,4,3
7659,IGKV1D-13,12,12,12,8,9,9,8,7,322,301,301,302,307,3,3,4,1
19137,ZNF124,53,32,6,3,66,28,2,0,322,203,262,314,319,-13,4,4,3
171,ACOX2,70,54,17,8,76,51,13,6,322,176,217,292,308,-6,3,4,2
12987,PRAF2,64,42,9,6,66,23,5,3,322,192,257,308,313,-2,19,4,3
12873,PPIF,38,21,6,3,84,48,2,1,322,200,253,314,318,-46,-27,4,2
16755,TERF2,57,32,7,3,60,24,3,1,322,205,266,312,318,-3,8,4,2
10104,MRPS33,62,40,7,3,37,18,3,1,322,223,264,312,318,25,22,4,2
697,ANKRD16,42,25,4,1,84,47,0,0,322,196,250,318,321,-42,-22,4,1
16782,TEX264,48,27,8,6,65,25,4,1,322,209,270,310,315,-17,2,4,5
6181,GDAP1L1,78,56,17,11,72,57,13,4,322,172,209,292,307,6,-1,4,7
5023,EPC1,74,38,7,5,58,26,3,0,322,190,258,312,317,16,12,4,5
7671,IGKV2-30,7,6,6,2,3,2,2,1,322,312,314,314,319,4,4,4,1
7008,HDHD5,38,24,9,3,104,54,5,1,322,180,244,308,318,-66,-30,4,2
10142,MSH3,67,30,5,3,46,24,1,0,322,209,268,316,319,21,6,4,3
3987,DACH1,46,29,5,1,57,28,1,0,322,219,265,316,321,-11,1,4,1
16746,TENT5B,93,65,16,3,85,52,12,6,322,144,205,294,313,8,13,4,-3
10215,MTFR1,40,20,8,4,74,33,4,0,322,208,269,310,318,-34,-13,4,4
2980,CGGBP1,66,33,10,6,54,35,6,2,322,202,254,306,314,12,-2,4,4
18005,TTC13,53,30,12,6,89,56,8,0,322,180,236,302,316,-36,-26,4,6
7669,IGKV2-24,6,6,4,0,4,2,0,0,322,312,314,318,322,2,4,4,0
3985,DAB2,58,27,7,3,84,45,3,0,322,180,250,312,319,-26,-18,4,3
12972,PPP6C,73,44,7,2,46,24,3,0,322,203,254,312,320,27,20,4,2
12914,PPP1R16A,48,23,11,4,74,40,7,3,322,200,259,304,315,-26,-17,4,1
2897,CERCAM,50,36,9,5,66,33,5,1,322,206,253,308,316,-16,3,4,4
2913,CETN2,55,32,9,6,58,30,5,1,322,209,260,308,315,-3,2,4,5
16765,TET2,54,29,5,1,68,34,1,0,322,200,259,316,321,-14,-5,4,1
19151,ZNF148,68,36,8,2,59,26,4,3,322,195,260,310,317,9,10,4,-1
165,ACOT4,57,40,7,3,41,20,3,1,322,224,262,312,318,16,20,4,2
7670,IGKV2-28,7,7,7,3,4,4,3,2,322,311,311,312,317,3,3,4,1
19182,ZNF213,65,34,8,4,61,33,4,0,322,196,255,310,318,4,1,4,4
12837,PP2D1,49,34,10,7,30,14,6,6,322,243,274,306,309,19,20,4,1
12876,PPIL1,51,32,8,2,58,31,4,0,322,213,259,310,320,-7,1,4,2
2912,CETN1,33,18,5,1,13,10,1,0,322,276,294,316,321,20,8,4,1
2909,CES3,111,64,6,2,39,14,2,1,322,172,244,314,319,72,50,4,1
10116,MRTO4,48,32,7,4,68,34,3,1,322,206,256,312,317,-20,-2,4,3
163,ACOT13,64,36,6,3,53,27,2,1,322,205,259,314,318,11,9,4,2
2919,CFAP161,88,66,27,12,97,67,23,8,322,137,189,272,302,-9,-1,4,4
3980,CZIB,52,36,7,2,70,32,3,1,322,200,254,312,319,-18,4,4,1
12887,PPM1E,92,54,5,1,50,24,1,0,322,180,244,316,321,42,30,4,1
16783,TEX28,28,25,6,3,26,21,2,1,322,268,276,314,318,2,4,4,2
12838,PPA1,53,31,7,4,48,26,3,1,322,221,265,312,317,5,5,4,3
6191,GDF6,69,36,4,0,46,26,0,0,322,207,260,318,322,23,10,4,0
12870,PPIC,84,45,6,1,46,24,2,0,322,192,253,314,321,38,21,4,1
3958,CYP4V2,56,30,6,2,57,27,2,0,322,209,265,314,320,-1,3,4,2
1184,ATAD5,49,26,7,4,74,44,3,0,322,199,252,312,318,-25,-18,4,4
10138,MSANTD5,29,29,12,4,20,20,8,3,322,273,273,302,315,9,9,4,1
5660,FER,59,31,6,3,77,47,2,0,322,186,244,314,319,-18,-16,4,3
2929,CFAP36,51,29,6,3,46,25,2,1,322,225,268,314,318,5,4,4,2
2965,CFHR5,23,16,4,0,22,10,0,0,322,277,296,318,322,1,6,4,0
3948,CYP46A1,87,45,7,3,59,30,3,0,322,176,247,312,319,28,15,4,3
16776,TEX15,63,40,4,0,25,15,0,0,322,234,267,318,322,38,25,4,0
7666,IGKV1D-43,28,27,20,9,24,23,16,5,322,270,272,286,308,4,4,4,4
1172,ASTN1,25,14,6,5,30,16,2,0,322,267,292,314,317,-5,-2,4,5
696,ANKRD13D,53,30,12,5,90,52,8,4,322,179,240,302,313,-37,-22,4,1
6183,GDE1,59,30,9,3,56,25,5,1,322,207,267,308,318,3,5,4,2
12962,PPP3R1,69,42,7,3,41,17,3,0,322,212,263,312,319,28,25,4,3
2969,CFLAR,61,28,7,3,45,20,3,1,322,216,274,312,318,16,8,4,2
3993,DAG1,38,23,13,7,111,54,9,1,322,173,245,300,314,-73,-31,4,6
10172,MT-CO1,61,33,11,7,70,32,7,2,322,191,257,304,313,-9,1,4,5
15654,SNAPIN,34,25,10,5,80,40,6,5,322,208,257,306,312,-46,-15,4,0
4004,DAPK3,50,34,16,7,86,50,12,1,322,186,238,294,314,-36,-16,4,6
5309,FAM126A,51,24,6,2,68,34,2,0,322,203,264,314,320,-17,-10,4,2
13376,PTP4A1,73,39,16,10,61,45,12,6,322,188,238,294,306,12,-6,4,4
9826,MINDY3,74,42,11,3,57,38,7,0,322,191,242,304,319,17,4,4,3
9825,MINDY2,51,26,5,1,51,14,1,0,322,220,282,316,321,0,12,4,1
16481,TAF9B,52,34,10,2,83,35,6,2,322,187,253,306,318,-31,-1,4,0
9817,MIF4GD,58,37,9,6,61,26,5,2,322,203,259,308,314,-3,11,4,4
1681,BRWD3,76,47,5,0,35,12,1,1,322,211,263,316,321,41,35,4,-1
4127,DDX27,67,36,6,2,49,28,2,1,322,206,258,314,319,18,8,4,1
5601,FBXO48,96,48,5,1,30,13,1,0,322,196,261,316,321,66,35,4,1
9806,MID1IP1,36,16,8,5,90,46,4,1,322,196,260,310,316,-54,-30,4,4
13401,PTPRC,90,55,12,1,57,29,8,0,322,175,238,302,321,33,26,4,1
2712,CDH6,56,31,5,1,48,23,1,1,322,218,268,316,320,8,8,4,0
16465,TAF1B,67,41,13,9,88,59,9,2,322,167,222,300,311,-21,-18,4,7
6961,HBD,32,26,12,4,22,18,8,4,322,268,278,302,314,10,8,4,0
9795,MICAL3,49,26,6,3,70,28,2,1,322,203,268,314,318,-21,-2,4,2
2707,CDH24,82,55,9,5,38,20,5,1,322,202,247,308,316,44,35,4,4
9793,MICAL1,67,36,9,3,57,30,5,1,322,198,256,308,318,10,6,4,2
18965,ZBTB9,51,32,8,4,113,61,4,0,322,158,229,310,318,-62,-29,4,4
13416,PTPRS,44,25,11,6,92,55,7,0,322,186,242,304,316,-48,-30,4,6
16461,TAF12,92,57,7,1,35,19,3,1,322,195,246,312,320,57,38,4,0
13422,PTRHD1,42,24,7,2,55,31,3,1,322,225,267,312,319,-13,-7,4,1
2704,CDH20,22,13,8,6,27,18,4,2,322,273,291,310,314,-5,-5,4,4
18068,TTYH3,33,22,11,8,120,81,7,2,322,169,219,304,312,-87,-59,4,6
18955,ZBTB48,73,40,11,3,89,51,7,0,322,160,231,304,319,-16,-11,4,3
9779,MGME1,57,22,6,0,67,40,2,1,322,198,260,314,321,-10,-18,4,-1
9831,MIOS,53,19,9,2,75,52,5,1,322,194,251,308,319,-22,-33,4,1
5306,FAM122C,93,50,8,1,27,13,4,2,322,202,259,310,319,66,37,4,-1
1200,ATG101,101,51,11,6,36,20,7,2,322,185,251,304,314,65,31,4,4
2750,CDK8,71,41,8,3,55,36,4,1,322,196,245,310,318,16,5,4,2
13311,PSMF1,57,36,10,6,53,33,6,3,322,212,253,306,313,4,3,4,3
7791,IL17RD,70,38,6,2,74,39,2,1,322,178,245,314,319,-4,-1,4,1
6285,GIT2,50,28,6,3,54,26,2,0,322,218,268,314,319,-4,2,4,3
6287,GJA10,54,39,5,3,18,14,1,0,322,250,269,316,319,36,25,4,3
13323,PSTPIP1,82,59,19,8,76,63,15,3,322,164,200,288,311,6,-4,4,5
19004,ZCWPW1,84,51,8,2,60,37,4,1,322,178,234,310,319,24,14,4,1
9879,MMACHC,39,24,8,3,83,43,4,1,322,200,255,310,318,-44,-19,4,2
18052,TTLL12,38,26,10,6,95,63,6,2,322,189,233,306,314,-57,-37,4,4
9876,MLYCD,61,44,11,4,104,67,7,1,322,157,211,304,317,-43,-23,4,3
13327,PTBP1,45,28,9,7,63,35,5,1,322,214,259,308,314,-18,-7,4,6
13328,PTBP2,77,28,5,3,59,30,1,0,322,186,264,316,319,18,-2,4,3
13338,PTDSS1,38,20,6,5,47,22,2,1,322,237,280,314,316,-9,-2,4,4
13359,PTGR1,59,32,5,4,42,19,1,0,322,221,271,316,318,17,13,4,4
9867,MLLT3,84,50,10,3,80,38,6,0,322,158,234,306,319,4,12,4,3
9866,MLLT11,67,36,7,6,52,25,3,3,322,203,261,312,313,15,11,4,3
2747,CDK5RAP3,47,27,10,7,63,34,6,6,322,212,261,306,309,-16,-7,4,1
7798,IL19,59,49,9,3,49,38,5,0,322,214,235,308,319,10,11,4,3
2745,CDK5RAP1,55,34,8,4,62,33,4,1,322,205,255,310,317,-7,1,4,3
1289,ATP6V0E1,62,32,9,7,51,22,5,1,322,209,268,308,314,11,10,4,6
1291,ATP6V1A,68,39,6,5,62,20,2,0,322,192,263,314,317,6,19,4,5
16510,TARBP2,56,31,10,9,57,29,6,4,322,209,262,306,309,-1,2,4,5
9857,MLEC,57,29,6,3,58,28,2,0,322,207,265,314,319,-1,1,4,3
7804,IL1RAP,78,56,8,3,67,37,4,1,322,177,229,310,318,11,19,4,2
18055,TTLL3,71,41,9,7,59,32,5,1,322,192,249,308,314,12,9,4,6
664,ANGPTL4,105,81,21,4,71,46,17,4,322,146,195,284,314,34,35,4,0
13439,PUS3,134,89,8,2,41,25,4,1,322,147,208,310,319,93,64,4,1
6952,HAUS6,67,28,6,2,65,37,2,0,322,190,257,314,320,2,-9,4,2
2652,CDC14A,99,47,5,0,41,17,1,0,322,182,258,316,322,58,30,4,0
9721,METTL2A,64,35,5,3,36,15,1,0,322,222,272,316,319,28,20,4,3
18892,YRDC,83,33,7,3,50,28,3,1,322,189,261,312,318,33,5,4,2
13523,RAB23,74,35,6,1,55,27,2,0,322,193,260,314,321,19,8,4,1
9714,METTL21C,40,34,9,2,19,17,5,2,322,263,271,308,318,21,17,4,0
5590,FBXO38,60,30,4,1,43,23,0,0,322,219,269,318,321,17,7,4,1
18091,TUBE1,54,33,10,2,66,46,6,3,322,202,243,306,317,-12,-13,4,-1
13538,RAB34,56,36,9,3,63,41,5,3,322,203,245,308,316,-7,-5,4,0
13548,RAB3D,58,25,6,2,60,24,2,0,322,204,273,314,320,-2,1,4,2
13550,RAB3GAP2,55,36,9,3,77,45,5,0,322,190,241,308,319,-22,-9,4,3
18891,YPEL5,50,27,8,5,78,39,4,1,322,194,256,310,316,-28,-12,4,4
9702,METAP1D,82,40,6,2,41,19,2,0,322,199,263,314,320,41,21,4,2
6349,GLRX3,41,28,9,2,52,31,5,1,322,229,263,308,319,-11,-3,4,1
6951,HAUS5,46,25,7,4,64,33,3,2,322,212,264,312,316,-18,-8,4,2
7863,IMMT,41,29,7,3,65,34,3,1,322,216,259,312,318,-24,-5,4,2
16392,SYP,61,40,10,6,70,41,6,0,322,191,241,306,316,-9,-1,4,6
13574,RAB8A,46,18,10,4,54,33,6,3,322,222,271,306,315,-8,-15,4,1
16387,SYNPO,47,29,7,5,67,32,3,0,322,208,261,312,317,-20,-3,4,5
18890,YPEL4,94,61,12,3,87,53,8,4,322,141,208,302,315,7,8,4,-1
2636,CD82,64,38,8,5,67,34,4,3,322,191,250,310,314,-3,4,4,2
13586,RABGGTB,52,25,8,4,70,37,4,0,322,200,260,310,318,-18,-12,4,4
6355,GLT8D1,46,26,11,6,78,45,7,1,322,198,251,304,315,-32,-19,4,5
9681,MEIOSIN,71,35,8,5,59,28,4,1,322,192,259,310,316,12,7,4,4
18879,YIPF6,53,29,6,0,44,23,2,1,322,225,270,314,321,9,6,4,-1
6358,GLTPD2,54,39,10,2,40,28,6,4,322,228,255,306,316,14,11,4,-2
286,ADAMTS7,46,29,6,1,70,38,2,0,322,206,255,314,321,-24,-9,4,1
7857,ILK,56,31,15,12,67,47,11,7,322,199,244,296,303,-11,-16,4,5
13513,RAB14,61,30,5,2,66,35,1,0,322,195,257,316,320,-5,-5,4,2
282,ADAMTS3,57,35,6,5,44,20,2,0,322,221,267,314,317,13,15,4,5
5594,FBXO41,53,32,10,4,77,43,6,1,322,192,247,306,317,-24,-11,4,3
13450,PWWP2B,49,24,7,1,116,62,3,0,322,157,236,312,321,-67,-38,4,1
18935,ZBTB22,46,29,9,4,103,51,5,0,322,173,242,308,318,-57,-22,4,4
9764,MFSD9,71,39,9,3,73,35,5,1,322,178,248,308,318,-2,4,4,2
13461,PXT1,100,66,7,2,54,32,3,0,322,168,224,312,320,46,34,4,2
267,ADAM8,90,51,8,2,70,40,4,1,322,162,231,310,319,20,11,4,1
13463,PYCARD,49,42,17,9,61,40,13,10,322,212,240,292,303,-12,2,4,-1
9759,MFSD4B,82,37,6,1,42,23,2,1,322,198,262,314,320,40,14,4,0
9758,MFSD4A,77,40,5,1,68,40,1,0,322,177,242,316,321,9,0,4,1
13465,PYCR2,67,38,9,6,64,41,5,0,322,191,243,308,316,3,-3,4,6
2685,CDCA3,50,24,8,5,73,42,4,2,322,199,256,310,315,-23,-18,4,3
271,ADAMTS10,59,33,9,3,76,43,5,0,322,187,246,308,319,-17,-10,4,3
13482,QDPR,66,39,7,6,51,22,3,1,322,205,261,312,315,15,17,4,5
18922,ZBED9,81,37,4,0,37,16,0,0,322,204,269,318,322,44,21,4,0
18914,ZBED1,52,28,7,5,58,25,3,1,322,212,269,312,316,-6,3,4,4
4155,DECR1,59,38,11,6,70,45,7,4,322,193,239,304,312,-11,-7,4,2
16416,SYTL3,70,31,7,2,79,35,3,0,322,173,256,312,320,-9,-4,4,2
18086,TUBB4B,45,33,9,7,117,52,5,1,322,160,237,308,314,-72,-19,4,6
279,ADAMTS19,69,40,10,2,46,27,6,2,322,207,255,306,318,23,13,4,0
4157,DEDD,44,26,9,4,65,38,5,3,322,213,258,308,315,-21,-12,4,1
7854,ILDR2,75,56,9,1,47,23,5,0,322,200,243,308,321,28,33,4,1
13505,RAB11B,46,28,11,8,55,30,7,1,322,221,264,304,313,-9,-2,4,7
16405,SYT17,79,44,5,2,52,26,1,0,322,191,252,316,320,27,18,4,2
7788,IL17RA,61,32,6,2,58,33,2,1,322,203,257,314,319,3,-1,4,1
16531,TAS2R4,107,72,7,0,33,19,3,0,322,182,231,312,322,74,53,4,0
242,ACYP1,98,41,7,3,48,29,3,1,322,176,252,312,318,50,12,4,2
13122,PRODH,89,63,11,4,80,46,7,0,322,153,213,304,318,9,17,4,4
1229,ATP10B,28,17,4,1,17,6,0,0,322,277,299,318,321,11,11,4,1
10034,MRPL1,51,26,8,2,60,28,4,0,322,211,268,310,320,-9,-2,4,2
13084,PRKCE,79,41,10,2,54,35,6,1,322,189,246,306,319,25,6,4,1
19086,ZGPAT,53,33,12,5,90,57,8,2,322,179,232,302,315,-37,-24,4,3
13087,PRKCI,38,22,5,2,63,30,1,0,322,221,270,316,320,-25,-8,4,2
10029,MROH6,91,59,12,7,62,39,8,2,322,169,224,302,313,29,20,4,5
2861,CEP128,72,36,8,2,58,29,4,1,322,192,257,310,319,14,7,4,1
7733,IGLV4-60,21,18,14,10,23,18,10,7,322,278,286,298,305,-2,0,4,3
19080,ZFYVE27,52,29,11,4,81,46,7,0,322,189,247,304,318,-29,-17,4,4
16623,TBX18,68,30,5,1,29,13,1,0,322,225,279,316,321,39,17,4,1
13110,PRMT3,69,41,8,2,63,32,4,0,322,190,249,310,320,6,9,4,2
6982,HCN3,92,47,4,0,40,19,0,0,322,190,256,318,322,52,28,4,0
4037,DCAF13,58,37,11,4,56,33,7,0,322,208,252,304,318,2,4,4,4
2843,CENPM,45,30,12,8,72,36,8,1,322,205,256,302,313,-27,-6,4,7
13132,PROS1,73,38,5,1,63,28,1,0,322,186,256,316,321,10,10,4,1
16608,TBKBP1,92,57,9,5,59,41,5,3,322,171,224,308,314,33,16,4,2
13135,PROSER3,56,26,6,3,54,30,2,1,322,212,266,314,318,2,-4,4,2
16604,TBCEL,98,57,7,2,57,29,3,0,322,167,236,312,320,41,28,4,2
18029,TTC37,55,30,8,4,54,30,4,0,322,213,262,310,318,1,0,4,4
13141,PRPF3,61,30,6,2,45,25,2,0,322,216,267,314,320,16,5,4,2
19076,ZFYVE16,60,31,10,6,87,51,6,2,322,175,240,306,314,-27,-20,4,4
13142,PRPF31,39,27,10,6,68,37,6,2,322,215,258,306,314,-29,-10,4,4
682,ANKIB1,73,44,9,4,52,25,5,0,322,197,253,308,318,21,19,4,4
5641,FCRL3,57,27,4,0,8,1,0,0,322,257,294,318,322,49,26,4,0
10037,MRPL12,51,30,11,6,64,36,7,5,322,207,256,304,311,-13,-6,4,1
10046,MRPL20,47,28,9,7,54,35,5,1,322,221,259,308,314,-7,-7,4,6
10047,MRPL21,53,29,9,4,55,31,5,1,322,214,262,308,317,-2,-2,4,3
16664,TCF24,60,33,7,1,66,38,3,1,322,196,251,312,320,-6,-5,4,0
2880,CEP55,46,24,4,0,57,33,0,0,322,219,265,318,322,-11,-9,4,0
10082,MRPL9,49,35,10,5,49,31,6,1,322,224,256,306,316,0,4,4,4
19128,ZNF100,54,32,7,5,80,46,3,0,322,188,244,312,317,-26,-14,4,5
16701,TDP2,50,31,7,2,64,32,3,0,322,208,259,312,320,-14,-1,4,2
19119,ZMYM5,71,33,6,1,50,29,2,1,322,201,260,314,320,21,4,4,0
4008,DARS2,42,18,8,2,81,47,4,0,322,199,257,310,320,-39,-29,4,2
1203,ATG14,71,27,6,2,42,21,2,0,322,209,274,314,320,29,6,4,2
1206,ATG2A,45,32,10,7,104,54,6,1,322,173,236,306,314,-59,-22,4,6
1207,ATG2B,52,26,4,2,55,24,0,0,322,215,272,318,320,-3,2,4,2
10072,MRPL48,72,34,5,2,33,19,1,1,322,217,269,316,319,39,15,4,1
10069,MRPL45,69,40,10,4,45,25,6,1,322,208,257,306,317,24,15,4,3
1210,ATG4B,57,33,9,7,82,44,5,2,322,183,245,308,313,-25,-11,4,5
5016,EPB41L1,66,48,15,9,86,54,11,3,322,170,220,296,310,-20,-6,4,6
2872,CEP250,49,29,10,3,92,48,6,2,322,181,245,306,317,-43,-19,4,1
16680,TCN2,43,27,9,6,72,44,5,3,322,207,251,308,313,-29,-17,4,3
7710,IGLV1-47,13,13,13,6,15,12,9,7,322,294,297,300,309,-2,1,4,-1
13056,PRG4,44,23,10,7,33,16,6,2,322,245,283,306,313,11,7,4,5
1214,ATG7,74,44,9,7,45,23,5,5,322,203,255,308,310,29,21,4,2
13059,PRICKLE1,74,47,6,2,83,41,2,0,322,165,234,314,320,-9,6,4,2
7717,IGLV2-18,9,9,9,5,7,6,5,3,322,306,307,308,314,2,3,4,2
13068,PRKAA2,47,24,6,0,42,19,2,0,322,233,279,314,322,5,5,4,0
10053,MRPL3,53,27,8,2,55,30,4,0,322,214,265,310,320,-2,-3,4,2
13069,PRKAB1,69,40,12,6,66,37,8,2,322,187,245,302,314,3,3,4,4
13146,PRPF4,76,41,5,2,39,23,1,0,322,207,258,316,320,37,18,4,2
211,ACTL6A,52,26,7,2,56,33,3,0,322,214,263,312,320,-4,-7,4,2
13307,PSME2,52,31,9,5,60,28,5,1,322,210,263,308,316,-8,3,4,4
16553,TAZ,50,31,11,8,90,49,7,6,322,182,242,304,308,-40,-18,4,2
9939,MOGS,49,31,10,7,73,36,6,1,322,200,255,306,314,-24,-5,4,6
7767,IKZF5,47,24,6,0,92,44,2,0,322,183,254,314,322,-45,-20,4,0
7768,IL10,91,54,10,2,65,43,6,1,322,166,225,306,319,26,11,4,1
13248,PSD3,55,29,11,6,83,46,7,1,322,184,247,304,315,-28,-17,4,5
4074,DCST1,85,48,6,1,65,36,2,1,322,172,238,314,320,20,12,4,0
13259,PSG6,78,48,9,1,57,34,5,4,322,187,240,308,317,21,14,4,-3
19033,ZER1,56,35,9,7,72,31,5,0,322,194,256,308,315,-16,4,4,7
13263,PSIP1,47,31,9,4,88,48,5,0,322,187,243,308,318,-41,-17,4,4
13270,PSMA5,52,29,9,6,65,38,5,1,322,205,255,308,315,-13,-9,4,5
2785,CDX2,32,15,4,1,33,19,0,0,322,257,288,318,321,-1,-4,4,1
5298,FAM118A,43,30,8,2,91,50,4,1,322,188,242,310,319,-48,-20,4,1
9914,MMUT,61,36,8,1,60,36,4,0,322,201,250,310,321,1,0,4,1
9993,MPV17L,88,46,8,2,36,19,4,0,322,198,257,310,320,52,27,4,2
2777,CDRT15L2,35,32,7,2,23,22,3,1,322,264,268,312,319,12,10,4,1
2776,CDRT15,41,35,17,8,31,25,13,8,322,250,262,292,306,10,10,4,0
19020,ZDHHC21,54,28,7,2,85,36,3,0,322,183,258,312,320,-31,-8,4,2
5616,FCAMR,43,22,6,0,32,16,2,0,322,247,284,314,322,11,6,4,0
19019,ZDHHC20,70,33,5,1,73,40,1,0,322,179,249,316,321,-3,-7,4,1
18039,TTC8,51,29,10,5,76,35,6,0,322,195,258,306,317,-25,-6,4,5
13297,PSMD14,60,40,9,3,50,22,5,2,322,212,260,308,317,10,18,4,1
7780,IL15,106,60,12,4,40,20,8,5,322,176,242,302,313,66,40,4,-1
6278,GINS4,43,26,6,3,68,25,2,0,322,211,271,314,319,-25,1,4,3
6279,GIP,50,46,16,3,49,36,12,2,322,223,240,294,317,1,10,4,1
7782,IL16,77,50,12,0,65,30,8,3,322,180,242,302,319,12,20,4,-3
4068,DCLRE1C,46,25,6,2,57,31,2,0,322,219,266,314,320,-11,-6,4,2
1262,ATP5F1C,46,33,11,7,57,25,7,1,322,219,264,304,314,-11,8,4,6
7763,IKZF1,58,34,10,3,42,29,6,2,322,222,259,306,317,16,5,4,1
9945,MORC2,74,37,9,5,65,29,5,1,322,183,256,308,316,9,8,4,4
16595,TBC1D8B,73,33,9,2,41,17,5,1,322,208,272,308,319,32,16,4,1
19062,ZFP69B,85,50,7,1,64,35,3,0,322,173,237,312,321,21,15,4,1
16593,TBC1D7,68,42,7,6,50,19,3,0,322,204,261,312,316,18,23,4,6
19060,ZFP64,44,24,8,1,60,40,4,3,322,218,258,310,318,-16,-16,4,-2
221,ACTR10,50,31,9,4,57,35,5,1,322,215,256,308,317,-7,-4,4,3
2824,CELF6,79,68,24,6,58,49,20,2,322,185,205,278,314,21,19,4,4
9979,MPO,49,31,6,2,17,8,2,2,322,256,283,314,318,32,23,4,0
9978,MPND,76,53,15,10,59,34,11,4,322,187,235,296,308,17,19,4,6
1249,ATP2A1,113,85,31,13,95,67,27,13,322,114,170,264,296,18,18,4,0
9976,MPL,76,41,7,1,67,32,3,0,322,179,249,312,321,9,9,4,1
9971,MPHOSPH6,41,22,13,5,84,44,9,3,322,197,256,300,314,-43,-22,4,2
9969,MPG,49,33,11,4,59,34,7,2,322,214,255,304,316,-10,-1,4,2
13190,PRRC1,49,24,7,2,67,38,3,0,322,206,260,312,320,-18,-14,4,2
5003,ENTPD6,36,22,9,6,84,49,5,1,322,202,251,308,315,-48,-27,4,5
222,ACTR1A,37,25,11,9,67,39,7,0,322,218,258,304,313,-30,-14,4,9
13198,PRRT1B,56,46,8,4,21,14,4,2,322,245,262,310,316,35,32,4,2
4054,DCC,58,43,17,5,55,46,13,2,322,209,233,292,315,3,-3,4,3
16560,TBC1D13,41,22,9,3,90,40,5,3,322,191,260,308,316,-49,-18,4,0
13200,PRRT3,52,27,6,2,92,52,2,1,322,178,243,314,319,-40,-25,4,1
13206,PRSS16,47,24,6,2,45,19,2,0,322,230,279,314,320,2,5,4,2
7762,IKBKG,53,30,10,6,68,34,6,2,322,201,258,306,314,-15,-4,4,4
19036,ZFAND2B,82,53,8,2,24,14,4,2,322,216,255,310,318,58,39,4,0
9946,MORC3,61,30,6,2,65,41,2,1,322,196,251,314,319,-4,-11,4,1
17973,TSPO,62,33,14,8,74,49,10,4,322,186,240,298,310,-12,-16,4,4
12494,PKP1,41,21,5,0,28,12,1,0,322,253,289,316,322,13,9,4,0
10249,MTR,37,25,8,5,90,41,4,0,322,195,256,310,317,-53,-16,4,5
19556,ZNF749,47,34,9,6,76,42,5,1,322,199,246,308,315,-29,-8,4,5
10896,NOL7,67,31,6,3,57,35,2,0,322,198,256,314,319,10,-4,4,3
17815,TRIM47,61,36,14,7,112,68,10,3,322,149,218,298,312,-51,-32,4,4
19570,ZNF772,66,32,8,3,59,36,4,2,322,197,254,310,317,7,-4,4,1
3377,COBL,46,23,5,2,42,21,1,0,322,234,278,316,320,4,2,4,2
17816,TRIM48,46,37,4,0,16,14,0,0,322,260,271,318,322,30,23,4,0
3372,COA5,57,36,9,5,65,31,5,1,322,200,255,308,316,-8,5,4,4
912,ARAP3,54,33,5,2,59,31,1,1,322,209,258,316,319,-5,2,4,1
915,AREG,109,65,10,3,63,44,6,1,322,150,213,306,318,46,21,4,2
5779,FLRT1,62,39,12,6,56,30,8,4,322,204,253,302,312,6,9,4,2
19564,ZNF765,65,33,7,2,52,27,3,0,322,205,262,312,320,13,6,4,2
17342,TMX4,43,24,7,3,76,28,3,1,322,203,270,312,318,-33,-4,4,2
11890,PALM2AKAP2,36,23,6,1,61,31,2,1,322,225,268,314,320,-25,-8,4,0
19553,ZNF740,47,25,5,2,48,28,1,0,322,227,269,316,320,-1,-3,4,2
10900,NOM1,49,27,4,1,46,25,0,0,322,227,270,318,321,3,2,4,1
10864,NMNAT2,43,21,4,0,83,41,0,0,322,196,260,318,322,-40,-20,4,0
11908,PAPOLB,69,41,5,2,22,11,1,0,322,231,270,316,320,47,30,4,2
17335,TMTC3,69,41,6,0,61,35,2,0,322,192,246,314,322,8,6,4,0
921,ARF6,64,30,7,3,52,31,3,0,322,206,261,312,319,12,-1,4,3
3354,CNTN1,97,59,17,9,67,49,13,7,322,158,214,292,306,30,10,4,2
3349,CNST,62,31,8,4,50,27,4,0,322,210,264,310,318,12,4,4,4
11923,PARD6A,77,57,9,5,61,40,5,2,322,184,225,308,315,16,17,4,3
3348,CNRIP1,66,41,11,2,51,32,7,1,322,205,249,304,319,15,9,4,1
3653,CRYBA1,42,40,14,10,34,26,10,6,322,246,256,298,306,8,14,4,4
39,ABCA7,90,63,15,2,76,46,11,1,322,156,213,296,319,14,17,4,1
19549,ZNF736,103,43,5,1,42,21,1,0,322,177,258,316,321,61,22,4,1
17323,TMPRSS4,68,40,6,1,38,18,2,0,322,216,264,314,321,30,22,4,1
10897,NOL8,70,36,6,2,68,40,2,0,322,184,246,314,320,2,-4,4,2
10901,NOMO1,58,39,11,6,56,36,7,3,322,208,247,304,313,2,3,4,3
3280,CMAS,57,31,8,2,63,32,4,0,322,202,259,310,320,-6,-1,4,2
3404,COL22A1,19,11,5,4,14,7,1,1,322,289,304,316,317,5,4,4,3
7296,HS3ST3B1,114,62,8,2,33,20,4,0,322,175,240,310,320,81,42,4,2
10945,NPBWR1,32,16,4,0,21,4,0,0,322,269,302,318,322,11,12,4,0
3415,COL4A3,65,40,7,2,54,29,3,1,322,203,253,312,319,11,11,4,1
5905,FRK,86,41,7,1,28,13,3,2,322,208,268,312,319,58,28,4,-1
11781,OTUD7A,54,23,5,1,71,37,1,0,322,197,262,316,321,-17,-14,4,1
3407,COL25A1,51,33,8,2,75,41,4,0,322,196,248,310,320,-24,-8,4,2
3406,COL24A1,65,30,8,3,63,28,4,1,322,194,264,310,318,2,2,4,2
11794,OXA1L,48,27,8,3,58,27,4,0,322,216,268,310,319,-10,0,4,3
5167,ETS2,54,32,8,1,81,40,4,1,322,187,250,310,320,-27,-8,4,0
10930,NOVA2,47,31,7,4,45,18,3,0,322,230,273,312,318,2,13,4,4
10929,NOVA1,79,50,10,6,57,32,6,1,322,186,240,306,315,22,18,4,5
11800,OXNAD1,60,33,5,3,51,27,1,0,322,211,262,316,319,9,6,4,3
3633,CRMP1,65,33,10,6,49,26,6,5,322,208,263,306,311,16,7,4,1
17375,TNFSF11,35,23,4,0,21,15,0,0,322,266,284,318,322,14,8,4,0
11819,P2RY14,45,33,8,5,17,8,4,2,322,260,281,310,315,28,25,4,3
19585,ZNF787,65,31,9,5,65,38,5,3,322,192,253,308,314,0,-7,4,2
10917,NOSIP,61,34,10,5,61,33,6,4,322,200,255,306,313,0,1,4,1
3396,COL16A1,64,33,7,1,90,52,3,1,322,168,237,312,320,-26,-19,4,0
17812,TRIM44,56,24,4,1,37,18,0,0,322,229,280,318,321,19,6,4,1
7310,HSD17B10,48,29,11,8,49,23,7,2,322,225,270,304,312,-1,6,4,6
19579,ZNF781,84,47,6,0,55,24,2,0,322,183,251,314,322,29,23,4,0
17381,TNFSF15,73,36,6,0,38,15,2,0,322,211,271,314,322,35,21,4,0
3390,COL11A1,26,12,4,2,53,29,0,0,322,243,281,318,320,-27,-17,4,2
19578,ZNF780B,72,39,6,1,74,47,2,1,322,176,236,314,320,-2,-8,4,0
7313,HSD17B13,127,74,11,2,38,22,7,2,322,157,226,304,318,89,52,4,0
17376,TNFSF12,66,43,9,1,68,41,5,1,322,188,238,308,320,-2,2,4,0
3344,CNPY3,54,27,9,6,58,34,5,1,322,210,261,308,315,-4,-7,4,5
11944,PARPBP,56,31,6,3,62,31,2,0,322,204,260,314,319,-6,0,4,3
5937,FST,117,69,8,0,55,39,4,0,322,150,214,310,322,62,30,4,0
10754,NHEJ1,68,34,7,3,46,18,3,0,322,208,270,312,319,22,16,4,3
17855,TRIML1,36,16,5,3,18,7,1,0,322,268,299,316,319,18,9,4,3
5123,ERV3-1,67,36,5,5,55,27,1,0,322,200,259,316,317,12,9,4,5
5121,ERP44,78,46,5,1,43,25,1,0,322,201,251,316,321,35,21,4,1
12047,PCDHGA9,61,38,5,1,68,39,1,0,322,193,245,316,321,-7,-1,4,1
17284,TMEM82,60,50,13,4,40,30,9,4,322,222,242,300,314,20,20,4,0
19510,ZNF695,87,46,10,5,53,28,6,2,322,182,248,306,315,34,18,4,3
3304,CNDP1,83,46,7,2,49,23,3,0,322,190,253,312,320,34,23,4,2
19505,ZNF688,71,41,9,4,86,48,5,2,322,165,233,308,316,-15,-7,4,2
17254,TMEM45B,88,52,5,0,46,24,1,0,322,188,246,316,322,42,28,4,0
5962,FUT11,67,44,8,5,81,37,4,0,322,174,241,310,317,-14,7,4,5
3294,CMTM5,22,20,8,2,26,24,4,1,322,274,278,310,319,-4,-4,4,1
19498,ZNF679,53,47,18,5,65,55,14,6,322,204,220,290,311,-12,-8,4,-1
17248,TMEM41A,70,39,5,1,68,32,1,0,322,184,251,316,321,2,7,4,1
7343,HSPA13,73,33,7,2,76,35,3,1,322,173,254,312,319,-3,-2,4,1
10752,NGLY1,50,29,7,4,71,36,3,0,322,201,257,312,318,-21,-7,4,4
12093,PCSK6,64,38,5,1,50,19,1,1,322,208,265,316,320,14,19,4,0
12096,PCTP,50,28,9,2,80,40,5,0,322,192,254,308,320,-30,-12,4,2
10749,NGEF,79,55,15,4,67,43,11,2,322,176,224,296,316,12,12,4,2
7093,HIGD2A,60,35,10,8,47,22,6,2,322,215,265,306,312,13,13,4,6
10745,NFYB,46,24,5,1,63,27,1,0,322,213,271,316,321,-17,-3,4,1
12117,PDCL2,54,42,13,4,33,25,9,4,322,235,255,300,314,21,17,4,0
12119,PDE10A,78,36,4,2,37,18,0,0,322,207,268,318,320,41,18,4,2
3281,CMBL,64,37,6,3,35,17,2,0,322,223,268,314,319,29,20,4,3
10732,NFKB2,56,29,12,3,63,40,8,4,322,203,253,302,315,-7,-11,4,-1
7392,HTR7,48,27,6,2,93,44,2,0,322,181,251,314,320,-45,-17,4,2
5110,ERLIN2,46,29,6,3,65,30,2,0,322,211,263,314,319,-19,-1,4,3
12043,PCDHGA5,76,44,8,2,52,25,4,0,322,194,253,310,320,24,19,4,2
5761,FKBP7,78,44,7,4,57,33,3,0,322,187,245,312,318,21,11,4,4
939,ARHGAP12,43,26,11,4,81,46,7,0,322,198,250,304,318,-38,-20,4,4
17854,TRIM9,63,27,8,6,73,36,4,0,322,186,259,310,316,-10,-9,4,6
11953,PATE3,15,13,6,0,10,9,2,0,322,297,300,314,322,5,4,4,0
3342,CNPY1,87,58,13,3,53,41,9,0,322,182,223,300,319,34,17,4,3
11959,PAWR,59,26,7,4,53,27,3,1,322,210,269,312,317,6,-1,4,3
3339,CNOT9,49,29,6,5,56,33,2,1,322,217,260,314,316,-7,-4,4,4
11966,PAX7,35,21,6,1,28,8,2,1,322,259,293,314,320,7,13,4,0
11969,PAXBP1,74,40,8,4,57,31,4,2,322,191,251,310,316,17,9,4,2
3337,CNOT7,62,33,9,2,59,29,5,3,322,201,260,308,317,3,4,4,-1
10824,NLGN2,51,32,10,5,69,40,6,4,322,202,250,306,313,-18,-8,4,1
5138,ESPN,65,50,16,4,73,46,12,3,322,184,226,294,315,-8,4,4,1
10821,NKX6-3,45,36,6,1,24,21,2,1,322,253,265,314,320,21,15,4,0
19527,ZNF708,51,32,7,4,101,53,3,0,322,170,237,312,318,-50,-21,4,4
11983,PCARE,30,15,6,1,9,6,2,0,322,283,301,314,321,21,9,4,1
3328,CNNM4,73,39,7,2,50,23,3,0,322,199,260,312,320,23,16,4,2
19523,ZNF705E,52,27,6,1,69,41,2,0,322,201,254,314,321,-17,-14,4,1
11992,PCDH1,81,54,11,9,80,46,7,0,322,161,222,304,313,1,8,4,9
933,ARGFX,79,38,6,2,39,17,2,0,322,204,267,314,320,40,21,4,2
5949,FTSJ1,39,28,7,3,67,34,3,2,322,216,260,312,317,-28,-6,4,1
936,ARHGAP10,59,31,5,0,55,24,1,0,322,208,267,316,322,4,7,4,0
19514,ZNF7,45,21,8,5,76,35,4,1,322,201,266,310,316,-31,-14,4,4
767,ANOS1,50,27,7,6,18,10,3,2,322,254,285,312,314,32,17,4,4
12018,PCDHAC1,45,25,5,1,56,28,1,0,322,221,269,316,321,-11,-3,4,1
12019,PCDHAC2,33,19,7,2,75,36,3,1,322,214,267,312,319,-42,-17,4,1
12022,PCDHB11,58,26,4,1,72,34,0,0,322,192,262,318,321,-14,-8,4,1
10791,NIT1,51,23,5,2,53,25,1,0,322,218,274,316,320,-2,-2,4,2
12031,PCDHB5,48,30,7,5,71,38,3,0,322,203,254,312,317,-23,-8,4,5
17405,TNNT3,26,22,7,3,22,20,3,3,322,274,280,312,316,4,2,4,0
11765,OTOGL,56,35,6,1,39,22,2,1,322,227,265,314,320,17,13,4,0
7294,HS3ST2,57,33,4,0,25,12,0,0,322,240,277,318,322,32,21,4,0
11297,ONECUT2,46,25,6,0,72,24,2,0,322,204,273,314,322,-26,1,4,0
3539,CPLANE1,47,23,4,0,57,20,0,0,322,218,279,318,322,-10,3,4,0
5806,FN3K,96,63,14,9,63,43,10,1,322,163,216,298,312,33,20,4,8
5201,EXOC3L2,102,68,8,0,40,22,4,1,322,180,232,310,321,62,46,4,-1
5803,FMR1,61,38,8,3,55,30,4,1,322,206,254,310,318,6,8,4,2
17630,TRAV14DV4,4,4,4,1,1,1,0,0,322,317,317,318,321,3,3,4,1
7210,HOMER2,75,52,10,5,54,36,6,1,322,193,234,306,316,21,16,4,4
11289,OLIG2,73,45,7,2,34,23,3,1,322,215,254,312,319,39,22,4,1
7152,HMGB2,51,33,7,7,66,35,3,1,322,205,254,312,314,-15,-2,4,6
5853,FOXF2,43,27,5,2,32,11,1,0,322,247,284,316,320,11,16,4,2
11119,NTRK1,82,54,11,3,75,55,7,1,322,165,213,304,318,7,-1,4,2
11117,NTNG2,61,33,7,1,68,32,3,1,322,193,257,312,320,-7,1,4,0
17618,TRAPPC8,68,38,7,3,63,28,3,0,322,191,256,312,319,5,10,4,3
11110,NTM,37,25,7,3,47,27,3,1,322,238,270,312,318,-10,-2,4,2
17538,TRAF6,79,42,7,2,62,31,3,0,322,181,249,312,320,17,11,4,2
17613,TRAPPC3L,83,54,7,3,51,29,3,2,322,188,239,312,317,32,25,4,1
5856,FOXI1,46,28,5,2,16,10,1,0,322,260,284,316,320,30,18,4,2
7148,HMG20B,38,28,9,4,80,47,5,2,322,204,247,308,316,-42,-19,4,2
11103,NT5E,82,55,7,1,69,35,3,1,322,171,232,312,320,13,20,4,0
17608,TRAPPC13,54,33,7,2,66,40,3,1,322,202,249,312,319,-12,-7,4,1
819,AP4E1,57,37,4,1,45,21,0,0,322,220,264,318,321,12,16,4,1
17601,TRAM2,40,23,6,1,45,27,2,0,322,237,272,314,321,-5,-4,4,1
5800,FMO4,72,41,7,0,80,36,3,1,322,170,245,312,321,-8,5,4,-1
11368,OR11H6,17,17,9,4,13,13,5,3,322,292,292,308,315,4,4,4,1
11088,NSUN4,34,21,5,2,64,37,1,0,322,224,264,316,320,-30,-16,4,2
7228,HOXA7,55,37,14,2,96,43,10,0,322,171,242,298,320,-41,-6,4,2
19648,ZNRF2,43,26,7,4,94,40,3,0,322,185,256,312,318,-51,-14,4,4
17769,TRGV9,26,17,4,0,32,13,0,0,322,264,292,318,322,-6,4,4,0
5203,EXOC4,60,34,8,5,55,25,4,0,322,207,263,310,317,5,9,4,5
11142,NUDT13,86,45,13,7,75,44,9,2,322,161,233,300,313,11,1,4,5
7200,HNRNPLL,65,34,7,3,51,32,3,0,322,206,256,312,319,14,2,4,3
17717,TRBV5-7,8,8,8,6,8,5,4,4,322,306,309,310,312,0,3,4,2
17716,TRBV5-6,7,7,7,3,3,3,3,2,322,312,312,312,317,4,4,4,1
17710,TRBV4-1,4,4,4,2,0,0,0,0,322,318,318,318,320,4,4,4,2
5820,FNDC9,35,27,11,6,26,17,7,3,322,261,278,304,313,9,10,4,3
3501,COX18,47,30,5,4,64,23,1,0,322,211,269,316,318,-17,7,4,4
11175,NUP210,29,15,6,1,58,27,2,0,322,235,280,314,321,-29,-12,4,1
17741,TRDMT1,81,43,7,4,90,56,3,0,322,151,223,312,318,-9,-13,4,4
11223,NYAP1,60,44,10,2,80,47,6,0,322,182,231,306,320,-20,-3,4,2
19676,ZSCAN30,67,33,7,3,51,30,3,2,322,204,259,312,317,16,3,4,1
17679,TRBJ2-3,11,11,11,11,7,7,7,7,322,304,304,304,304,4,4,4,4
5815,FNDC3B,52,27,6,2,71,37,2,0,322,199,258,314,320,-19,-10,4,2
11164,NUGGC,84,53,6,1,44,18,2,1,322,194,251,314,320,40,35,4,0
15,AAK1,61,36,5,2,46,19,1,0,322,215,267,316,320,15,17,4,2
19661,ZRANB3,64,30,6,1,59,28,2,0,322,199,264,314,321,5,2,4,1
11238,OBP2A,25,23,9,0,11,9,5,2,322,286,290,308,320,14,14,4,-2
7195,HNRNPH1,69,42,9,5,68,43,5,1,322,185,237,308,316,1,-1,4,4
7157,HMGCR,83,50,13,10,69,45,9,5,322,170,227,300,307,14,5,4,5
11153,NUDT3,34,24,5,4,87,34,1,1,322,201,264,316,317,-53,-10,4,3
11152,NUDT22,75,51,10,6,65,33,6,5,322,182,238,306,311,10,18,4,1
11150,NUDT2,39,27,10,2,77,48,6,3,322,206,247,306,317,-38,-21,4,-1
800,AP1G2,60,35,10,6,71,47,6,1,322,191,240,306,315,-11,-12,4,5
3488,CORO2A,51,23,4,1,56,22,0,0,322,215,277,318,321,-5,1,4,1
11259,ODF3B,71,60,21,9,49,40,17,10,322,202,222,284,303,22,20,4,-1
11146,NUDT16L1,44,26,8,8,74,36,4,1,322,204,260,310,313,-30,-10,4,7
11145,NUDT16,36,17,8,3,89,47,4,0,322,197,258,310,319,-53,-30,4,3
797,AP1AR,49,34,8,1,114,59,4,2,322,159,229,310,319,-65,-25,4,-1
11075,NSFL1C,38,25,7,6,58,37,3,0,322,226,260,312,316,-20,-12,4,6
19589,ZNF791,62,33,5,2,76,37,1,1,322,184,252,316,319,-14,-4,4,1
10985,NPM3,51,35,11,3,64,33,7,2,322,207,254,304,317,-13,2,4,1
3598,CREB3,49,32,10,6,56,36,6,1,322,217,254,306,315,-7,-4,4,5
17451,TOR1AIP1,59,30,6,3,66,26,2,0,322,197,266,314,319,-7,4,4,3
3600,CREB3L2,55,25,6,0,55,23,2,0,322,212,274,314,322,0,2,4,0
11647,OR6B2,45,36,4,0,10,8,0,0,322,267,278,318,322,35,28,4,0
3440,COMMD1,56,29,10,7,40,20,6,4,322,226,273,306,311,16,9,4,3
11652,OR6C4,68,28,4,0,29,13,0,0,322,225,281,318,322,39,15,4,0
11658,OR6C75,76,43,5,1,49,29,1,0,322,197,250,316,321,27,14,4,1
5785,FLT4,57,37,4,1,39,17,0,0,322,226,268,318,321,18,20,4,1
3606,CREBRF,127,77,7,1,50,25,3,0,322,145,220,312,321,77,52,4,1
3607,CREBZF,60,29,10,6,60,31,6,0,322,202,262,306,316,0,-2,4,6
7274,HPS5,53,29,5,1,74,41,1,0,322,195,252,316,321,-21,-12,4,1
11676,OR7A17,94,56,7,2,34,11,3,1,322,194,255,312,319,60,45,4,1
17805,TRIM39-RPP21,48,36,15,7,47,33,11,8,322,227,253,296,307,1,3,4,-1
17533,TRAF3IP1,47,29,5,1,76,37,1,0,322,199,256,316,321,-29,-8,4,1
17438,TOMM7,75,45,11,9,43,23,7,1,322,204,254,304,312,32,22,4,8
864,APOBEC3F,70,35,7,2,65,29,3,0,322,187,258,312,320,5,6,4,2
10975,NPIPB4,90,50,10,5,53,31,6,2,322,179,241,306,315,37,19,4,3
19598,ZNF805,92,46,6,3,49,30,2,0,322,181,246,314,319,43,16,4,3
5171,ETV3L,38,24,5,0,22,8,1,0,322,262,290,316,322,16,16,4,0
5233,EZHIP,33,15,4,1,23,7,0,0,322,266,300,318,321,10,8,4,1
17412,TNRC18,46,32,11,6,80,47,7,1,322,196,243,304,315,-34,-15,4,5
11744,OSBPL9,47,26,8,2,71,31,4,1,322,204,265,310,319,-24,-5,4,1
11748,OSGEP,50,26,9,3,69,46,5,0,322,203,250,308,319,-19,-20,4,3
19593,ZNF8,65,32,5,1,45,23,1,0,322,212,267,316,321,20,9,4,1
7292,HS2ST1,50,26,7,1,87,40,3,0,322,185,256,312,321,-37,-14,4,1
17408,TNPO1,49,23,9,5,78,33,5,0,322,195,266,308,317,-29,-10,4,5
7265,HPF1,63,42,12,3,73,42,8,2,322,186,238,302,317,-10,0,4,1
17458,TOX2,53,36,8,2,95,54,4,1,322,174,232,310,319,-42,-18,4,1
11604,OR5AS1,110,44,6,2,31,15,2,0,322,181,263,314,320,79,29,4,2
855,APOA4,29,23,4,0,6,4,0,0,322,287,295,318,322,23,19,4,0
11395,OR1D2,104,55,5,2,29,13,1,0,322,189,254,316,320,75,42,4,2
5872,FOXN4,58,37,7,1,50,28,3,1,322,214,257,312,320,8,9,4,0
11404,OR1J4,44,41,6,0,29,24,2,0,322,249,257,314,322,15,17,4,0
11409,OR1L6,12,12,5,0,13,13,1,0,322,297,297,316,322,-1,-1,4,0
11419,OR2A12,86,48,4,1,41,19,0,0,322,195,255,318,321,45,29,4,1
19637,ZNF92,77,31,10,0,71,36,6,1,322,174,255,306,321,6,-5,4,-1
17505,TPR,52,27,8,4,67,43,4,0,322,203,252,310,318,-15,-16,4,4
11052,NRIP1,58,32,10,1,76,47,6,5,322,188,243,306,316,-18,-15,4,-4
11458,OR2L8,36,30,9,2,33,26,5,1,322,253,266,308,319,3,4,4,1
11046,NRF1,37,19,8,1,95,58,4,0,322,190,245,310,321,-58,-39,4,1
19635,ZNF90,86,54,13,0,72,45,9,1,322,164,223,300,321,14,9,4,-1
11487,OR3A2,101,61,6,3,55,26,2,0,322,166,235,314,319,46,35,4,3
3445,COMMD4,53,28,7,4,58,26,3,0,322,211,268,312,318,-5,2,4,4
11499,OR4C3,19,19,8,2,9,8,4,0,322,294,295,310,320,10,11,4,2
11509,OR4D9,100,53,7,2,32,11,3,0,322,190,258,312,320,68,42,4,2
11510,OR4E1,71,41,4,0,15,8,0,0,322,236,273,318,322,56,33,4,0
843,APH1A,48,28,8,5,69,34,4,0,322,205,260,310,317,-21,-6,4,5
11512,OR4F15,92,60,6,0,52,24,2,0,322,178,238,314,322,40,36,4,0
11524,OR4K17,98,56,6,2,32,16,2,0,322,192,250,314,320,66,40,4,2
11538,OR4S1,10,10,5,1,5,5,1,1,322,307,307,316,320,5,5,4,0
17483,TPCN2,38,20,5,3,78,39,1,0,322,206,263,316,319,-40,-19,4,3
3585,CRACDL,63,44,14,2,60,34,10,4,322,199,244,298,316,3,10,4,-2
3442,COMMD2,49,24,8,1,67,32,4,0,322,206,266,310,321,-18,-8,4,1
11572,OR52E4,97,46,6,2,39,16,2,0,322,186,260,314,320,58,30,4,2
11020,NR2C1,79,38,8,5,58,34,4,0,322,185,250,310,317,21,4,4,5
19477,ZNF653,69,42,15,8,78,48,11,7,322,175,232,296,307,-9,-6,4,1
12134,PDE6A,83,42,6,0,36,16,2,0,322,203,264,314,322,47,26,4,0
10251,MTREX,50,34,8,3,48,21,4,0,322,224,267,310,319,2,13,4,3
12549,PLCH1,50,24,4,0,56,20,0,0,322,216,278,318,322,-6,4,4,0
10422,MZF1,103,59,13,3,47,32,9,4,322,172,231,300,315,56,27,4,-1
126,ACADM,58,35,6,3,58,34,2,0,322,206,253,314,319,0,1,4,3
12531,PLAGL1,80,41,7,1,56,34,3,0,322,186,247,312,321,24,7,4,1
12536,PLB1,74,36,6,1,63,39,2,0,322,185,247,314,321,11,-3,4,1
3101,CIAO1,52,27,5,2,42,19,1,0,322,228,276,316,320,10,8,4,2
6099,GAPDH,47,29,10,7,48,24,6,2,322,227,269,306,313,-1,5,4,5
3874,CXorf51B,11,10,9,5,8,7,5,2,322,303,305,308,315,3,3,4,3
7042,HERC1,59,33,9,4,84,44,5,3,322,179,245,308,315,-25,-11,4,1
16979,TLCD5,57,27,6,2,66,32,2,1,322,199,263,314,319,-9,-5,4,1
19300,ZNF415,75,59,16,9,64,36,12,4,322,183,227,294,309,11,23,4,5
10406,MYOM3,97,52,7,1,39,18,3,0,322,186,252,312,321,58,34,4,1
7040,HEPHL1,58,25,4,1,20,7,0,0,322,244,290,318,321,38,18,4,1
12551,PLCL1,61,25,5,0,48,19,1,0,322,213,278,316,322,13,6,4,0
16991,TLL2,87,37,4,3,37,16,0,0,322,198,269,318,319,50,21,4,3
17933,TSG101,60,29,7,5,44,21,3,0,322,218,272,312,317,16,8,4,5
19295,ZNF407,55,20,4,0,59,26,0,0,322,208,276,318,322,-4,-6,4,0
10397,MYO9B,50,26,9,6,82,39,5,1,322,190,257,308,315,-32,-13,4,5
10393,MYO6,59,38,5,3,38,15,1,0,322,225,269,316,319,21,23,4,3
19292,ZNF397,55,31,6,3,69,31,2,0,322,198,260,314,319,-14,0,4,3
16957,TINCR,92,62,9,3,42,23,5,2,322,188,237,308,317,50,39,4,1
1093,ARSG,47,22,7,2,61,23,3,0,322,214,277,312,320,-14,-1,4,2
723,ANKRD36,52,29,7,1,79,41,3,0,322,191,252,312,321,-27,-12,4,1
10385,MYO1F,90,52,8,2,68,34,4,0,322,164,236,310,320,22,18,4,2
12571,PLEKHA5,48,24,5,2,79,35,1,0,322,195,263,316,320,-31,-11,4,2
19291,ZNF396,74,39,10,7,56,25,6,2,322,192,258,306,313,18,14,4,5
5700,FGF23,78,40,5,0,42,13,1,0,322,202,269,316,322,36,27,4,0
6095,GAN,73,39,4,3,54,28,0,0,322,195,255,318,319,19,11,4,3
731,ANKRD44,67,29,6,1,77,48,2,2,322,178,245,314,319,-10,-19,4,-1
17229,TMEM268,50,29,5,2,60,26,1,0,322,212,267,316,320,-10,3,4,2
3130,CIT,48,29,7,2,87,54,3,0,322,187,239,312,320,-39,-25,4,2
1061,ARMH3,51,34,8,4,65,34,4,0,322,206,254,310,318,-14,0,4,4
1062,ARMH4,65,36,6,2,80,41,2,0,322,177,245,314,320,-15,-5,4,2
19322,ZNF442,86,43,9,1,56,28,5,0,322,180,251,308,321,30,15,4,1
12453,PISD,42,22,10,6,94,54,6,1,322,186,246,306,315,-52,-32,4,5
12454,PITHD1,60,35,7,4,52,29,3,0,322,210,258,312,318,8,6,4,4
19321,ZNF441,56,25,9,2,61,33,5,3,322,205,264,308,317,-5,-8,4,-1
19319,ZNF44,49,26,7,1,65,39,3,1,322,208,257,312,320,-16,-13,4,0
10462,NAF1,56,36,7,2,64,41,3,0,322,202,245,312,320,-8,-5,4,2
12462,PITX1,100,54,11,1,38,22,7,3,322,184,246,304,318,62,32,4,-2
17018,TM6SF1,64,46,18,13,74,61,14,8,322,184,215,290,301,-10,-15,4,5
3851,CXCL1,80,61,21,13,59,45,17,5,322,183,216,284,304,21,16,4,8
12467,PIWIL3,80,42,6,0,30,15,2,0,322,212,265,314,322,50,27,4,0
3128,CISD3,44,28,5,2,57,28,1,1,322,221,266,316,319,-13,0,4,1
6093,GALT,53,30,10,3,76,34,6,1,322,193,258,306,318,-23,-4,4,2
1069,ARPC1A,51,31,10,8,47,24,6,2,322,224,267,306,312,4,7,4,6
12476,PKD2,38,16,7,3,102,73,3,0,322,182,233,312,319,-64,-57,4,3
17009,TM2D2,75,42,6,3,60,24,2,0,322,187,256,314,319,15,18,4,3
17007,TLX3,47,32,5,1,28,18,1,1,322,247,272,316,320,19,14,4,0
5280,FAIM,59,32,7,2,54,21,3,1,322,209,269,312,319,5,11,4,1
3122,CIP2A,52,34,8,5,54,37,4,0,322,216,251,310,317,-2,-3,4,5
7539,IGFBPL1,67,42,7,4,37,19,3,2,322,218,261,312,316,30,23,4,2
10437,NAA25,49,24,5,2,69,37,1,0,322,204,261,316,320,-20,-13,4,2
17002,TLR7,97,48,5,0,41,20,1,0,322,184,254,316,322,56,28,4,0
10433,NAA11,32,16,5,1,31,19,1,0,322,259,287,316,321,1,-3,4,1
10432,NAA10,48,29,11,7,50,28,7,6,322,224,265,304,309,-2,1,4,1
1077,ARPIN,47,31,8,5,64,27,4,0,322,211,264,310,317,-17,4,4,5
3882,CYB561,57,33,7,3,65,36,3,2,322,200,253,312,317,-8,-3,4,1
5034,EPHA5,83,43,5,0,26,11,1,1,322,213,268,316,321,57,32,4,-1
12590,PLEKHH3,61,29,9,5,96,51,5,1,322,165,242,308,316,-35,-22,4,4
10287,MUC4,54,24,5,0,55,26,1,0,322,213,272,316,322,-1,-2,4,0
7604,IGHV3-30,16,15,11,1,9,7,7,4,322,297,300,304,317,7,8,4,-3
1129,ASB7,85,38,7,3,56,31,3,0,322,181,253,312,319,29,7,4,3
12700,PNPLA2,55,36,7,4,51,21,3,1,322,216,265,312,317,4,15,4,3
12702,PNPLA4,51,26,5,3,53,23,1,1,322,218,273,316,318,-2,3,4,2
12703,PNPLA5,86,42,4,1,45,17,0,0,322,191,263,318,321,41,25,4,1
16865,THAP12,45,26,7,2,67,38,3,1,322,210,258,312,319,-22,-12,4,1
5679,FGB,78,43,6,1,40,16,2,1,322,204,263,314,320,38,27,4,0
1134,ASCC3,46,19,7,3,52,39,3,0,322,224,264,312,319,-6,-20,4,3
12712,POC1B,75,37,8,2,51,28,4,1,322,196,257,310,319,24,9,4,1
12715,PODN,55,34,6,2,33,22,2,1,322,234,266,314,319,22,12,4,1
12717,PODXL,36,22,7,4,84,41,3,0,322,202,259,312,318,-48,-19,4,4
7610,IGHV3-49,6,6,5,3,1,1,1,1,322,315,315,316,318,5,5,4,2
10284,MUC21,70,38,5,0,29,9,1,0,322,223,275,316,322,41,29,4,0
12600,PLG,54,34,6,2,34,24,2,1,322,234,264,314,319,20,10,4,1
12731,POLD2,61,38,11,8,74,37,7,3,322,187,247,304,311,-13,1,4,5
7027,HEG1,43,24,10,5,117,77,6,1,322,162,221,306,316,-74,-53,4,4
16850,TGIF2LY,19,19,4,0,7,7,0,0,322,296,296,318,322,12,12,4,0
3923,CYP27B1,73,47,10,3,86,46,6,1,322,163,229,306,318,-13,1,4,2
12739,POLE4,58,29,5,2,47,30,1,0,322,217,263,316,320,11,-1,4,2
10270,MTUS1,69,40,7,1,60,26,3,0,322,193,256,312,321,9,14,4,1
3926,CYP2A6,37,29,9,4,33,25,5,2,322,252,268,308,316,4,4,4,2
16830,TFPT,70,33,11,4,50,28,7,2,322,202,261,304,316,20,5,4,2
12750,POLR1B,61,34,9,3,66,44,5,0,322,195,244,308,319,-5,-10,4,3
3928,CYP2B6,96,58,8,1,61,38,4,0,322,165,226,310,321,35,20,4,1
16821,TFEB,73,39,8,2,74,35,4,1,322,175,248,310,319,-1,4,4,1
709,ANKRD26,67,26,6,2,52,26,2,1,322,203,270,314,319,15,0,4,1
3035,CHMP2B,54,31,6,2,56,30,2,1,322,212,261,314,319,-2,1,4,1
17963,TSPAN31,72,42,6,2,57,25,2,1,322,193,255,314,319,15,17,4,1
10309,MXI1,55,33,11,11,61,26,7,1,322,206,263,304,310,-6,7,4,10
6135,GATM,101,71,19,9,72,56,15,8,322,149,195,288,305,29,15,4,1
10367,MYLK3,74,36,6,2,32,13,2,0,322,216,273,314,320,42,23,4,2
10366,MYLK2,90,54,8,1,74,50,4,2,322,158,218,310,319,16,4,4,-1
16934,TIMM10,59,32,9,5,53,21,5,2,322,210,269,308,315,6,11,4,3
722,ANKRD35,68,39,7,1,42,19,3,0,322,212,264,312,321,26,20,4,1
3072,CHRNB2,49,31,12,5,65,34,8,4,322,208,257,302,313,-16,-3,4,1
3892,CYB5R3,39,19,7,3,57,26,3,2,322,226,277,312,317,-18,-7,4,1
7582,IGHV1-24,15,13,10,5,13,11,6,2,322,294,298,306,315,2,2,4,3
140,ACBD7,58,36,6,2,57,18,2,0,322,207,268,314,320,1,18,4,2
5695,FGF19,51,29,7,0,32,19,3,0,322,239,274,312,322,19,10,4,0
6127,GATAD1,52,24,6,2,48,23,2,0,322,222,275,314,320,4,1,4,2
12648,PLXNA3,65,35,6,1,42,13,2,0,322,215,274,314,321,23,22,4,1
1116,ASB11,82,50,6,0,66,34,2,1,322,174,238,314,321,16,16,4,-1
10332,MYDGF,51,26,11,5,53,28,7,1,322,218,268,304,316,-2,-2,4,4
16894,THOC7,57,41,8,2,52,27,4,0,322,213,254,310,320,5,14,4,2
12666,PMM1,57,32,11,9,80,41,7,2,322,185,249,304,311,-23,-9,4,7
16890,THOC2,52,28,8,3,53,29,4,2,322,217,265,310,317,-1,-1,4,1
7595,IGHV2-70D,5,5,5,1,2,1,1,0,322,315,316,316,321,3,4,4,1
12672,PMS1,74,31,7,1,65,34,3,1,322,183,257,312,320,9,-3,4,0
5690,FGF13,78,39,7,0,59,40,3,2,322,185,243,312,320,19,-1,4,-2
10320,MYBPC2,50,27,5,2,39,19,1,0,322,233,276,316,320,11,8,4,2
3043,CHN1,68,40,9,5,61,35,5,0,322,193,247,308,317,7,5,4,5
10315,MYB,66,35,5,2,67,37,1,1,322,189,250,316,319,-1,-2,4,1
17956,TSPAN15,51,30,6,1,81,53,2,0,322,190,239,314,321,-30,-23,4,1
5689,FGF12,66,45,13,3,69,40,9,1,322,187,237,300,318,-3,5,4,2
12685,PNMA2,58,43,8,3,46,20,4,2,322,218,259,310,317,12,23,4,1
17036,TMC6,65,28,9,3,77,40,5,2,322,180,254,308,317,-12,-12,4,1
118,ACAA2,51,27,6,3,48,25,2,0,322,223,270,314,319,3,2,4,3
3842,CWC22,72,44,5,0,61,32,1,0,322,189,246,316,322,11,12,4,0
3768,CTBS,46,20,5,2,68,34,1,0,322,208,268,316,320,-22,-14,4,2
19443,ZNF600,120,55,7,3,23,14,3,0,322,179,253,312,319,97,41,4,3
10649,NECTIN1,66,35,7,2,80,32,3,0,322,176,255,312,320,-14,3,4,2
6002,G3BP2,69,48,12,5,78,40,8,0,322,175,234,302,317,-9,8,4,5
984,ARHGEF2,56,33,12,8,90,49,8,1,322,176,240,302,313,-34,-16,4,7
10643,NEBL,55,32,7,1,67,30,3,0,322,200,260,312,321,-12,2,4,1
7078,HHIPL1,61,25,5,3,50,23,1,0,322,211,274,316,319,11,2,4,3
12252,PFDN4,61,39,9,5,65,33,5,2,322,196,250,308,315,-4,6,4,3
10640,NDUFV2,52,37,9,5,73,38,5,0,322,197,247,308,317,-21,-1,4,5
12263,PFN2,46,30,10,7,49,35,6,3,322,227,257,306,312,-3,-5,4,4
7438,IDH2,47,28,9,6,60,24,5,0,322,215,270,308,316,-13,4,4,6
19432,ZNF587,55,35,6,1,60,32,2,1,322,207,255,314,320,-5,3,4,0
3766,CTBP1,44,24,12,7,76,42,8,2,322,202,256,302,313,-32,-18,4,5
17160,TMEM199,75,47,7,4,53,23,3,0,322,194,252,312,318,22,24,4,4
76,ABHD1,61,50,16,4,79,56,12,4,322,182,216,294,314,-18,-6,4,0
753,ANKS6,49,21,6,2,66,32,2,0,322,207,269,314,320,-17,-11,4,2
5265,FABP5,58,42,14,5,67,35,10,7,322,197,245,298,310,-9,7,4,-2
10616,NDUFAF8,52,30,10,4,64,30,6,1,322,206,262,306,317,-12,0,4,3
5738,FIGN,78,45,4,2,18,10,0,0,322,226,267,318,320,60,35,4,2
12289,PGLS,59,33,11,9,57,32,7,2,322,206,257,304,311,2,1,4,7
10613,NDUFAF5,52,28,8,4,65,37,4,1,322,205,257,310,317,-13,-9,4,3
12290,PGLYRP1,24,24,12,2,25,22,8,2,322,273,276,302,318,-1,2,4,0
7073,HGSNAT,52,26,8,5,62,32,4,1,322,208,264,310,316,-10,-6,4,4
12302,PGR,50,28,8,5,37,15,4,3,322,235,279,310,314,13,13,4,2
750,ANKS1B,89,56,17,5,92,59,13,2,322,141,207,292,315,-3,-3,4,3
10596,NDUFA11,56,30,8,5,60,24,4,1,322,206,268,310,316,-4,6,4,4
74,ABCG5,51,28,6,0,11,8,2,0,322,260,286,314,322,40,20,4,0
12227,PES1,47,29,8,6,75,44,4,2,322,200,249,310,314,-28,-15,4,4
7428,ICE2,68,29,7,2,69,31,3,0,322,185,262,312,320,-1,-2,4,2
12223,PER3,47,35,7,1,84,37,3,0,322,191,250,312,321,-37,-2,4,1
10659,NEFH,85,51,6,1,42,27,2,0,322,195,244,314,321,43,24,4,1
10716,NFATC1,59,32,5,3,67,24,1,0,322,196,266,316,319,-8,8,4,3
5977,FXYD3,46,38,15,5,51,39,11,3,322,225,245,296,314,-5,-1,4,2
17228,TMEM267,45,28,4,1,73,37,0,0,322,204,257,318,321,-28,-9,4,1
12142,PDE8A,64,32,7,5,51,27,3,1,322,207,263,312,316,13,5,4,4
7089,HIF3A,85,44,6,1,50,29,2,1,322,187,249,314,320,35,15,4,0
5099,ERI2,55,23,6,1,64,28,2,1,322,203,271,314,320,-9,-5,4,0
17216,TMEM255A,53,35,12,5,74,39,8,6,322,195,248,302,311,-21,-4,4,-1
12170,PDLIM3,74,51,11,4,74,47,7,0,322,174,224,304,318,0,4,4,4
12175,PDP2,68,37,8,1,85,54,4,0,322,169,231,310,321,-17,-17,4,1
19469,ZNF638,60,31,12,5,92,52,8,1,322,170,239,302,316,-32,-21,4,4
19464,ZNF626,68,38,7,3,51,29,3,1,322,203,255,312,318,17,9,4,2
12182,PDSS1,48,24,8,1,59,33,4,1,322,215,265,310,320,-11,-9,4,0
12183,PDSS2,56,33,5,2,38,16,1,0,322,228,273,316,320,18,17,4,2
10686,NENF,46,26,8,7,59,31,4,1,322,217,265,310,314,-13,-5,4,6
7415,IARS1,58,38,7,3,48,19,3,0,322,216,265,312,319,10,19,4,3
3249,CLNS1A,50,29,10,6,50,26,6,0,322,222,267,306,316,0,3,4,6
3246,CLN6,42,28,9,5,93,46,5,1,322,187,248,308,316,-51,-18,4,4
7419,IBTK,34,17,6,2,101,60,2,0,322,187,245,314,320,-67,-43,4,2
10672,NEK5,89,49,4,1,62,29,0,0,322,171,244,318,321,27,20,4,1
5093,ERG28,48,35,6,3,52,24,2,1,322,222,263,314,318,-4,11,4,2
10669,NEK2,50,24,8,3,58,30,4,0,322,214,268,310,319,-8,-6,4,3
3741,CT45A2,25,22,14,5,20,19,10,2,322,277,281,298,315,5,3,4,3
10666,NEK1,55,34,6,2,61,26,2,0,322,206,262,314,320,-6,8,4,2
12218,PEMT,48,28,10,8,72,34,6,1,322,202,260,306,313,-24,-6,4,7
17885,TRMT9B,107,61,7,1,43,24,3,0,322,172,237,312,321,64,37,4,1
12325,PHF19,44,19,9,2,84,45,5,2,322,194,258,308,318,-40,-26,4,0
17130,TMEM170A,69,34,5,2,60,29,1,0,322,193,259,316,320,9,5,4,2
12431,PIM1,84,44,10,2,86,49,6,1,322,152,229,306,319,-2,-5,4,1
5061,EPS8,70,41,8,2,54,31,4,4,322,198,250,310,316,16,10,4,-2
19359,ZNF503,116,61,12,2,41,26,8,2,322,165,235,302,318,75,35,4,0
12385,PIEZO2,59,29,5,2,65,33,1,0,322,198,260,316,320,-6,-4,4,2
10522,NBPF19,58,38,11,8,101,54,7,0,322,163,230,304,314,-43,-16,4,8
12389,PIGB,64,38,9,1,73,36,5,3,322,185,248,308,318,-9,2,4,-2
12391,PIGC,60,36,6,1,65,33,2,0,322,197,253,314,321,-5,3,4,1
10516,NBPF1,59,31,7,2,49,21,3,0,322,214,270,312,320,10,10,4,2
17906,TRPM6,87,48,5,1,52,28,1,0,322,183,246,316,321,35,20,4,1
17907,TRPM7,56,26,6,1,59,27,2,0,322,207,269,314,321,-3,-1,4,1
106,ABLIM2,60,33,8,1,71,43,4,0,322,191,246,310,321,-11,-10,4,1
10506,NAV3,60,39,8,1,104,60,4,0,322,158,223,310,321,-44,-21,4,1
7506,IFT140,73,46,13,6,81,49,9,2,322,168,227,300,314,-8,-3,4,4
12412,PIK3AP1,68,36,6,1,44,20,2,0,322,210,266,314,321,24,16,4,1
7509,IFT22,48,29,5,1,34,12,1,1,322,240,281,316,320,14,17,4,0
19411,ZNF568,77,44,8,3,65,36,4,3,322,180,242,310,316,12,8,4,0
17056,TMED7,60,35,8,7,93,54,4,0,322,169,233,310,315,-33,-19,4,7
3152,CLC,22,21,8,2,12,11,4,1,322,288,290,310,319,10,10,4,1
6069,GALNT1,48,25,8,2,82,40,4,1,322,192,257,310,319,-34,-15,4,1
3151,CLBA1,59,27,8,2,58,39,4,0,322,205,256,310,320,1,-12,4,2
12419,PIK3CD,42,26,6,3,68,30,2,1,322,212,266,314,318,-26,-4,4,2
10493,NARS2,66,34,7,2,53,30,3,1,322,203,258,312,319,13,4,4,1
3830,CUL3,58,33,10,6,61,31,6,2,322,203,258,306,314,-3,2,4,4
1047,ARMC4,74,54,14,3,103,65,10,1,322,145,203,298,318,-29,-11,4,2
7513,IFT52,41,23,8,3,59,29,4,1,322,222,270,310,318,-18,-6,4,2
12430,PILRB,51,20,11,8,106,54,7,1,322,165,248,304,313,-55,-34,4,7
6074,GALNT14,65,39,10,2,45,28,6,0,322,212,255,306,320,20,11,4,2
10482,NAP1L3,50,32,6,1,77,33,2,1,322,195,257,314,320,-27,-1,4,0
19360,ZNF506,82,46,9,2,61,35,5,2,322,179,241,308,318,21,11,4,0
19361,ZNF507,48,25,5,1,61,32,1,1,322,213,265,316,320,-13,-7,4,0
7493,IFNG,12,12,4,1,12,5,0,0,322,298,305,318,321,0,7,4,1
7491,IFNB1,20,20,10,3,21,19,6,1,322,281,283,306,318,-1,1,4,2
17897,TRPC5,49,19,4,0,23,12,0,0,322,250,291,318,322,26,7,4,0
12338,PHGDH,81,54,10,5,46,22,6,3,322,195,246,306,314,35,32,4,2
79,ABHD12,42,23,10,5,66,24,6,4,322,214,275,306,313,-24,-1,4,1
10576,NDC1,42,25,6,3,84,39,2,0,322,196,258,314,319,-42,-14,4,3
3789,CTNNBL1,60,31,8,3,46,30,4,2,322,216,261,310,317,14,1,4,1
12343,PHKB,58,30,9,3,57,24,5,3,322,207,268,308,316,1,6,4,0
19394,ZNF551,51,27,11,2,83,43,7,2,322,188,252,304,318,-32,-16,4,0
1014,ARL11,89,49,7,2,55,27,3,0,322,178,246,312,320,34,22,4,2
3794,CTPS2,50,22,8,3,62,27,4,3,322,210,273,310,316,-12,-5,4,0
10560,NCMAP,96,62,6,0,42,16,2,0,322,184,244,314,322,54,46,4,0
88,ABHD17A,58,36,7,5,55,20,3,2,322,209,266,312,315,3,16,4,3
92,ABHD2,51,22,7,3,72,32,3,0,322,199,268,312,319,-21,-10,4,3
17106,TMEM147,55,27,11,6,48,28,7,2,322,219,267,304,314,7,-1,4,4
17103,TMEM143,53,34,9,3,78,37,5,2,322,191,251,308,317,-25,-3,4,1
6044,GADD45GIP1,36,21,9,7,56,30,5,2,322,230,271,308,313,-20,-9,4,5
3806,CTSG,28,28,5,0,16,16,1,0,322,278,278,316,322,12,12,4,0
10547,NCEH1,47,16,6,0,88,41,2,0,322,187,265,314,322,-41,-25,4,0
19376,ZNF525,77,36,9,5,63,38,5,3,322,182,248,308,314,14,-2,4,2
17088,TMEM129,49,30,13,5,103,61,9,1,322,170,231,300,316,-54,-31,4,4
17079,TMEM120B,52,34,7,3,72,36,3,0,322,198,252,312,319,-20,-2,4,3
17902,TRPM2,40,21,6,3,72,43,2,1,322,210,258,314,318,-32,-22,4,2
7489,IFNAR1,43,31,9,5,92,35,5,4,322,187,256,308,313,-49,-4,4,1
10535,NCAPD3,55,29,6,4,57,31,2,0,322,210,262,314,318,-2,-2,4,4
19362,ZNF510,71,32,5,2,48,21,1,0,322,203,269,316,320,23,11,4,2
12379,PIBF1,86,55,7,1,57,33,3,0,322,179,234,312,321,29,22,4,1
16380,SYNGR3,67,49,14,6,95,45,10,4,322,160,228,298,312,-28,4,4,2
9816,MIF,60,32,11,7,46,24,7,3,322,216,266,304,312,14,8,4,4
565,ALG14,70,38,4,2,35,17,0,0,322,217,267,318,320,35,21,4,2
16041,SRPX2,59,28,6,2,56,33,2,1,322,207,261,314,319,3,-5,4,1
9047,LOXL2,45,27,9,7,90,48,5,2,322,187,247,308,313,-45,-21,4,5
14568,SBNO2,51,33,8,3,74,35,4,1,322,197,254,310,318,-23,-2,4,2
9045,LOXHD1,38,25,7,2,18,10,3,0,322,266,287,312,320,20,15,4,2
2161,CAMK2N1,70,44,6,3,41,22,2,0,322,211,256,314,319,29,22,4,3
9042,LONRF3,68,35,6,1,52,24,2,1,322,202,263,314,320,16,11,4,0
9039,LONP2,67,35,6,3,47,19,2,0,322,208,268,314,319,20,16,4,3
8166,KAT2B,49,27,7,1,63,16,3,0,322,210,279,312,321,-14,11,4,1
9034,LNPEP,44,26,6,1,75,29,2,1,322,203,267,314,320,-31,-3,4,0
2160,CAMK2G,44,25,10,8,119,85,6,0,322,159,212,306,314,-75,-60,4,8
5490,FAM90A7P,33,26,7,0,23,21,3,0,322,266,275,312,322,10,5,4,0
4474,DNLZ,54,30,6,2,49,23,2,0,322,219,269,314,320,5,7,4,2
4478,DNM3,83,53,12,6,81,48,8,1,322,158,221,302,315,2,5,4,5
1494,BCL9L,76,51,9,3,70,38,5,1,322,176,233,308,318,6,13,4,2
18586,VPS29,56,33,7,3,60,24,3,0,322,206,265,312,319,-4,9,4,3
5368,FAM184B,76,28,4,1,43,18,0,0,322,203,276,318,321,33,10,4,1
16032,SRP68,71,39,12,6,68,41,8,2,322,183,242,302,314,3,-2,4,4
1508,BDP1,45,30,6,2,68,29,2,0,322,209,263,314,320,-23,1,4,2
4484,DNPEP,40,26,7,3,76,39,3,1,322,206,257,312,318,-36,-13,4,2
14588,SCARB2,64,35,7,6,60,22,3,0,322,198,265,312,316,4,13,4,6
16026,SRL,72,39,4,0,40,18,0,0,322,210,265,318,322,32,21,4,0
18576,VPS13B,83,31,5,3,39,17,1,0,322,200,274,316,319,44,14,4,3
9003,LMAN1,50,27,6,1,57,31,2,1,322,215,264,314,320,-7,-4,4,0
425,AGFG1,40,19,6,3,58,36,2,0,322,224,267,314,319,-18,-17,4,3
1511,BECN2,59,53,7,3,21,19,3,2,322,242,250,312,317,38,34,4,1
2163,CAMK4,60,32,8,3,69,38,4,3,322,193,252,310,316,-9,-6,4,0
1493,BCL9,40,20,6,2,108,67,2,0,322,174,235,314,320,-68,-47,4,2
4491,DOCK1,39,23,6,3,66,36,2,0,322,217,263,314,319,-27,-13,4,3
14536,SAP30L,88,55,6,3,53,30,2,0,322,181,237,314,319,35,25,4,3
9087,LRIG2,63,32,4,1,43,19,0,0,322,216,271,318,321,20,13,4,1
8139,JPH3,66,36,9,5,43,22,5,1,322,213,264,308,316,23,14,4,4
8141,JPT1,51,27,11,7,58,27,7,1,322,213,268,304,314,-7,0,4,6
14521,SAMD4A,52,30,5,2,79,41,1,0,322,191,251,316,320,-27,-11,4,2
14525,SAMD8,57,30,6,2,71,42,2,0,322,194,250,314,320,-14,-12,4,2
407,AFM,34,18,4,0,17,7,0,0,322,271,297,318,322,17,11,4,0
8142,JPT2,42,28,9,7,69,38,5,1,322,211,256,308,314,-27,-10,4,6
14531,SAP130,37,24,5,1,80,39,1,0,322,205,259,316,321,-43,-15,4,1
16064,SS18,44,20,6,1,66,35,2,0,322,212,267,314,321,-22,-15,4,1
8144,JRKL,60,27,5,0,66,32,1,0,322,196,263,316,322,-6,-5,4,0
8146,JTB,65,41,7,4,50,29,3,1,322,207,252,312,317,15,12,4,3
18230,UBL4A,51,33,14,5,104,70,10,2,322,167,219,298,315,-53,-37,4,3
14558,SAXO1,66,45,6,2,48,24,2,0,322,208,253,314,320,18,21,4,2
4464,DNALI1,71,44,13,7,62,38,9,5,322,189,240,300,310,9,6,4,2
9066,LPO,67,40,6,1,56,30,2,1,322,199,252,314,320,11,10,4,0
16063,SRY,18,18,6,2,6,6,2,0,322,298,298,314,320,12,12,4,2
6558,GPR151,49,28,9,6,34,19,5,5,322,239,275,308,311,15,9,4,1
16060,SRSF8,47,22,5,4,54,24,1,0,322,221,276,316,318,-7,-2,4,4
5359,FAM177A1,66,30,7,1,38,16,3,2,322,218,276,312,319,28,14,4,-1
2167,CAMKV,65,40,10,3,54,26,6,1,322,203,256,306,318,11,14,4,2
8155,KANK3,89,57,13,4,93,57,9,1,322,140,208,300,317,-4,0,4,3
2166,CAMKMT,86,54,8,2,53,25,4,1,322,183,243,310,319,33,29,4,1
4466,DNASE1L1,45,27,8,2,82,45,4,1,322,195,250,310,319,-37,-18,4,1
16379,SYNGR2,44,26,7,2,78,35,3,1,322,200,261,312,319,-34,-9,4,1
18569,VNN2,40,32,13,1,47,38,9,1,322,235,252,300,320,-7,-6,4,0
8995,LITAFD,82,50,12,3,71,48,8,2,322,169,224,302,317,11,2,4,1
18614,VSIG10,59,22,6,2,55,21,2,0,322,208,279,314,320,4,1,4,2
8226,KCNH6,114,78,9,1,34,15,5,3,322,174,229,308,318,80,63,4,-2
8920,LHFPL3,30,27,8,5,36,25,4,2,322,256,270,310,315,-6,2,4,3
14735,SEL1L2,32,21,7,2,26,15,3,2,322,264,286,312,318,6,6,4,0
14737,SELE,26,18,6,4,13,10,2,1,322,283,294,314,317,13,8,4,3
15969,SPRR2G,8,8,5,2,2,2,1,1,322,312,312,316,319,6,6,4,1
8915,LGSN,82,39,5,2,36,17,1,0,322,204,266,316,320,46,22,4,2
2078,CABIN1,53,24,12,4,69,44,8,3,322,200,254,302,315,-16,-20,4,1
14745,SELENOO,40,28,8,3,56,35,4,2,322,226,259,310,317,-16,-7,4,1
15964,SPRR2A,18,16,6,3,5,4,2,0,322,299,302,314,319,13,12,4,3
8906,LGALSL,68,37,10,4,76,40,6,1,322,178,245,306,317,-8,-3,4,3
14749,SELENOV,68,51,13,5,39,33,9,3,322,215,238,300,314,29,18,4,2
14759,SEMA3E,77,40,6,1,58,26,2,0,322,187,256,314,321,19,14,4,1
15962,SPRR1A,11,9,8,7,6,5,4,4,322,305,308,310,311,5,4,4,3
14725,SEC61A2,72,39,9,3,63,34,5,0,322,187,249,308,319,9,5,4,3
5467,FAM81A,78,46,10,2,57,35,6,0,322,187,241,306,320,21,11,4,2
1535,BHLHA15,76,47,7,4,67,30,3,1,322,179,245,312,317,9,17,4,3
8893,LGALS13,10,10,7,0,7,5,3,1,322,305,307,312,321,3,5,4,-1
14768,SEMA5A,37,21,6,6,55,27,2,0,322,230,274,314,316,-18,-6,4,6
14771,SEMA6B,44,28,6,2,95,54,2,0,322,183,240,314,320,-51,-26,4,2
2059,CA1,39,32,13,2,31,24,9,4,322,252,266,300,316,8,8,4,-2
4524,DPF3,65,46,8,6,95,48,4,1,322,162,228,310,315,-30,-2,4,5
2058,C9orf85,69,36,7,4,44,25,3,2,322,209,261,312,316,25,11,4,2
4527,DPH3,77,45,7,1,37,21,3,1,322,208,256,312,320,40,24,4,0
8884,LEPROTL1,69,41,9,3,53,24,5,3,322,200,257,308,316,16,17,4,0
15948,SPOPL,82,43,4,3,64,33,0,0,322,176,246,318,319,18,10,4,3
14731,SECISBP2L,69,35,5,2,65,35,1,0,322,188,252,316,320,4,0,4,2
4507,DOK5,38,26,7,5,33,18,3,0,322,251,278,312,317,5,8,4,5
2142,CALM1,48,28,10,9,64,35,6,1,322,210,259,306,312,-16,-7,4,8
14671,SDAD1,61,34,7,1,67,31,3,0,322,194,257,312,321,-6,3,4,1
2140,CALHM5,40,21,4,2,74,36,0,0,322,208,265,318,320,-34,-15,4,2
6584,GPR27,25,19,6,3,62,30,2,0,322,235,273,314,319,-37,-11,4,3
14634,SCN8A,73,28,4,1,68,31,0,0,322,181,263,318,321,5,-3,4,1
18565,VN1R1,77,41,11,1,72,42,7,0,322,173,239,304,321,5,-1,4,1
14641,SCO1,57,26,6,2,53,27,2,0,322,212,269,314,320,4,-1,4,2
18564,VMP1,58,28,8,6,68,36,4,2,322,196,258,310,314,-10,-8,4,4
16016,SREK1IP1,57,28,4,1,47,24,0,0,322,218,270,318,321,10,4,4,1
16015,SREK1,77,39,6,4,57,30,2,0,322,188,253,314,318,20,9,4,4
430,AGMAT,72,44,6,1,56,23,2,1,322,194,255,314,320,16,21,4,0
8193,KCNA3,43,27,4,1,34,16,0,0,322,245,279,318,321,9,11,4,1
8970,LINC00514,63,37,8,3,60,30,4,0,322,199,255,310,319,3,7,4,3
8958,LIMS2,85,39,7,1,54,30,3,0,322,183,253,312,321,31,9,4,1
452,AGXT2,28,18,6,4,19,8,2,1,322,275,296,314,317,9,10,4,3
8956,LIMK2,39,26,7,4,91,48,3,0,322,192,248,312,318,-52,-22,4,4
8952,LIMD1,56,28,8,4,52,29,4,0,322,214,265,310,318,4,-1,4,4
6602,GPR62,60,39,9,4,59,29,5,0,322,203,254,308,318,1,10,4,4
15997,SPTY2D1,107,63,4,1,31,9,0,0,322,184,250,318,321,76,54,4,1
1525,BEX1,55,35,8,3,50,33,4,1,322,217,254,310,318,5,2,4,2
18535,VEGFB,61,46,14,10,75,41,10,5,322,186,235,298,307,-14,5,4,5
6824,H1-10,43,28,8,6,123,63,4,1,322,156,231,310,315,-80,-35,4,5
14713,SEC22B,48,33,6,2,33,17,2,0,322,241,272,314,320,15,16,4,2
18254,UBXN1,62,39,8,7,33,21,4,1,322,227,262,310,314,29,18,4,6
4505,DOK3,78,42,7,3,68,33,3,1,322,176,247,312,318,10,9,4,2
1532,BFSP2,41,27,5,1,27,17,1,0,322,254,278,316,321,14,10,4,1
4837,EIF2AK3,131,81,10,3,39,23,6,1,322,152,218,306,318,92,58,4,2
14512,SALL4,85,40,5,1,55,24,1,0,322,182,258,316,321,30,16,4,1
14209,RPA3,47,32,7,6,63,37,3,1,322,212,253,312,315,-16,-5,4,5
14323,RPS4X,54,29,10,7,42,22,6,2,322,226,271,306,313,12,7,4,5
18691,WDR3,64,33,7,3,51,33,3,0,322,207,256,312,319,13,0,4,3
14309,RPS20,55,33,11,8,40,18,7,2,322,227,271,304,312,15,15,4,6
16146,STAMBPL1,61,23,4,0,60,23,0,0,322,201,276,318,322,1,0,4,0
14312,RPS24,57,32,11,7,40,19,7,1,322,225,271,304,314,17,13,4,6
16144,STAM2,55,29,6,0,47,27,2,0,322,220,266,314,322,8,2,4,0
16142,STAG3,44,26,11,5,106,55,7,1,322,172,241,304,316,-62,-29,4,4
6869,H2BC5,91,60,14,6,89,53,10,5,322,142,209,298,311,2,7,4,1
14320,RPS29,60,35,11,9,52,21,7,1,322,210,266,304,312,8,14,4,8
18679,WDR1,39,20,10,8,54,36,6,1,322,229,266,306,313,-15,-16,4,7
6514,GPC1,46,33,8,6,119,67,4,0,322,157,222,310,316,-73,-34,4,6
8080,ITM2C,55,32,11,7,54,30,7,6,322,213,260,304,309,1,2,4,1
6517,GPC4,23,14,6,3,36,22,2,0,322,263,286,314,319,-13,-8,4,3
18692,WDR31,70,38,5,1,50,24,1,0,322,202,260,316,321,20,14,4,1
1462,BCAS2,71,38,10,2,58,32,6,1,322,193,252,306,319,13,6,4,1
18671,WBP4,42,29,6,0,80,33,2,0,322,200,260,314,322,-38,-4,4,0
376,ADPRH,57,34,7,0,75,39,3,1,322,190,249,312,321,-18,-5,4,-1
14332,RPS6KA5,65,39,8,2,69,39,4,0,322,188,244,310,320,-4,0,4,2
8084,ITPKB,44,24,9,5,72,31,5,0,322,206,267,308,317,-28,-7,4,5
14336,RPS6KC1,55,22,8,4,59,29,4,0,322,208,271,310,318,-4,-7,4,4
9202,LSM1,78,49,8,2,37,18,4,1,322,207,255,310,319,41,31,4,1
9201,LSG1,79,41,8,3,41,23,4,0,322,202,258,310,319,38,18,4,3
4406,DNAH2,76,38,6,0,32,16,2,0,322,214,268,314,322,44,22,4,0
14338,RPS7,49,30,10,9,44,29,6,2,322,229,263,306,311,5,1,4,7
2281,CBLN2,28,18,5,0,29,22,1,0,322,265,282,316,322,-1,-4,4,0
1452,BBS7,51,25,6,2,53,26,2,1,322,218,271,314,319,-2,-1,4,1
9241,LURAP1,81,45,7,2,56,30,3,1,322,185,247,312,319,25,15,4,1
5355,FAM172A,52,26,6,2,78,33,2,0,322,192,263,314,320,-26,-7,4,2
6481,GOPC,60,24,6,2,52,32,2,0,322,210,266,314,320,8,-8,4,2
9309,MAB21L3,82,33,6,0,44,18,2,1,322,196,271,314,321,38,15,4,-1
14217,RPEL1,48,30,6,2,50,34,2,1,322,224,258,314,319,-2,-4,4,1
14222,RPGRIP1L,68,32,6,2,53,34,2,0,322,201,256,314,320,15,-2,4,2
1430,BARHL2,23,15,6,2,19,11,2,0,322,280,296,314,320,4,4,4,2
4360,DLST,69,41,9,4,57,31,5,5,322,196,250,308,313,12,10,4,-1
16196,STK3,83,40,5,0,51,25,1,0,322,188,257,316,322,32,15,4,0
4885,EIPR1,51,25,10,7,81,40,6,1,322,190,257,306,314,-30,-15,4,6
8036,ITCH,49,26,8,3,63,30,4,1,322,210,266,310,318,-14,-4,4,2
9286,LYRM7,58,31,10,5,90,51,6,1,322,174,240,306,316,-32,-20,4,4
8037,ITFG1,49,27,8,5,77,38,4,1,322,196,257,310,316,-28,-11,4,4
1431,BARX1,32,25,10,1,55,36,6,0,322,235,261,306,321,-23,-11,4,1
18195,UBE2F,82,43,9,5,43,23,5,2,322,197,256,308,315,39,20,4,3
18694,WDR35,49,28,6,4,63,37,2,0,322,210,257,314,318,-14,-9,4,4
8042,ITGA2,56,31,5,2,63,30,1,0,322,203,261,316,320,-7,1,4,2
9269,LYN,56,30,6,3,52,23,2,0,322,214,269,314,319,4,7,4,3
18706,WDR48,46,33,10,1,66,33,6,2,322,210,256,306,319,-20,0,4,-1
4878,EIF4H,55,33,9,7,50,34,5,2,322,217,255,308,313,5,-1,4,5
16181,STIM2,78,47,8,3,54,31,4,1,322,190,244,310,318,24,16,4,2
4380,DMRT2,65,52,6,0,38,26,2,1,322,219,244,314,321,27,26,4,-1
14284,RPP21,43,25,8,4,48,27,4,1,322,231,270,310,317,-5,-2,4,3
5515,FAR1,37,20,6,1,80,35,2,0,322,205,267,314,321,-43,-15,4,1
16160,STAT1,38,22,9,3,86,66,5,0,322,198,234,308,319,-48,-44,4,3
6498,GPALPP1,58,33,4,4,53,26,0,0,322,211,263,318,318,5,7,4,4
9244,LUZP2,88,49,4,1,34,17,0,0,322,200,256,318,321,54,32,4,1
9196,LRTM1,66,55,4,0,30,23,0,0,322,226,244,318,322,36,32,4,0
6523,GPD2,64,34,7,2,66,27,3,0,322,192,261,312,320,-2,7,4,2
14506,SAFB2,56,31,7,3,63,34,3,0,322,203,257,312,319,-7,-3,4,3
2221,CARNMT1,41,25,8,0,82,39,4,0,322,199,258,310,322,-41,-14,4,0
2229,CASKIN1,76,26,6,1,58,28,2,1,322,188,268,314,320,18,-2,4,0
14441,RUNDC3B,75,47,9,1,51,33,5,2,322,196,242,308,319,24,14,4,-1
1474,BCL11A,90,43,10,4,53,33,6,1,322,179,246,306,317,37,10,4,3
14442,RUNX1,72,28,7,2,69,35,3,2,322,181,259,312,318,3,-7,4,0
9134,LRRC37B,59,35,8,4,42,22,4,0,322,221,265,310,318,17,13,4,4
4845,EIF2S1,58,34,5,3,50,28,1,0,322,214,260,316,319,8,6,4,3
1475,BCL11B,44,25,6,1,40,20,2,1,322,238,277,314,320,4,5,4,0
4439,DNAJC15,74,42,4,0,30,6,0,0,322,218,274,318,322,44,36,4,0
1481,BCL2L12,65,41,7,2,49,24,3,1,322,208,257,312,319,16,17,4,1
9123,LRRC27,52,28,6,1,49,25,2,0,322,221,269,314,321,3,3,4,1
9122,LRRC26,64,46,12,5,50,36,8,2,322,208,240,302,315,14,10,4,3
392,ADSS2,52,28,6,2,72,37,2,0,322,198,257,314,320,-20,-9,4,2
14432,RTTN,75,37,7,2,59,34,3,0,322,188,251,312,320,16,3,4,2
569,ALG3,48,28,8,4,54,35,4,1,322,220,259,310,317,-6,-7,4,3
14467,RYR2,33,15,5,0,27,7,1,0,322,262,300,316,322,6,8,4,0
18636,VWA2,56,32,5,2,38,18,1,0,322,228,272,316,320,18,14,4,2
16072,SSC4D,57,26,6,4,62,37,2,0,322,203,259,314,318,-5,-11,4,4
9108,LRRC1,47,26,5,2,46,19,1,0,322,229,277,316,320,1,7,4,2
2213,CARD8,47,27,10,4,78,38,6,2,322,197,257,306,316,-31,-11,4,2
8126,JHY,74,31,4,1,46,25,0,0,322,202,266,318,321,28,6,4,1
8127,JKAMP,48,28,9,4,82,43,5,0,322,192,251,308,318,-34,-15,4,4
18223,UBE3C,59,29,5,2,48,30,1,0,322,215,263,316,320,11,-1,4,2
9096,LRP12,55,29,7,0,67,40,3,0,322,200,253,312,322,-12,-11,4,0
18621,VSNL1,67,43,14,2,59,48,10,2,322,196,231,298,318,8,-5,4,0
389,ADRM1,58,35,10,6,55,28,6,2,322,209,259,306,314,3,7,4,4
573,ALG9,50,31,9,1,56,28,5,0,322,216,263,308,321,-6,3,4,1
8088,ITPR3,37,18,5,1,72,40,1,0,322,213,264,316,321,-35,-22,4,1
2259,CATSPERD,88,55,4,0,32,11,0,0,322,202,256,318,322,56,44,4,0
18664,WASHC5,58,42,6,2,49,20,2,0,322,215,260,314,320,9,22,4,2
14354,RRAS2,64,34,5,3,48,19,1,0,322,210,269,316,319,16,15,4,3
16129,ST8SIA1,92,51,7,1,47,31,3,1,322,183,240,312,320,45,20,4,0
14356,RREB1,62,31,8,3,73,43,4,0,322,187,248,310,319,-11,-12,4,3
2273,CBFB,78,41,9,4,55,31,5,1,322,189,250,308,317,23,10,4,3
2266,CAVIN1,82,44,9,3,47,29,5,3,322,193,249,308,316,35,15,4,0
8092,ITPRIPL1,63,33,6,2,75,42,2,0,322,184,247,314,320,-12,-9,4,2
18663,WASHC4,49,29,8,3,89,51,4,1,322,184,242,310,318,-40,-22,4,2
2260,CATSPERE,74,33,4,2,55,19,0,0,322,193,270,318,320,19,14,4,2
9175,LRRC8E,52,33,8,7,87,43,4,1,322,183,246,310,314,-35,-10,4,6
14382,RSPH1,86,51,4,0,55,34,0,0,322,181,237,318,322,31,17,4,0
18657,WASF3,49,33,8,5,75,49,4,0,322,198,240,310,317,-26,-16,4,5
14425,RTN4RL2,70,44,20,5,80,45,16,1,322,172,233,286,316,-10,-1,4,4
16119,ST6GAL1,78,51,14,2,90,52,10,3,322,154,219,298,317,-12,-1,4,-1
4424,DNAJB13,98,78,17,6,79,56,13,2,322,145,188,292,314,19,22,4,4
14401,RTCB,50,26,7,4,62,38,3,2,322,210,258,312,316,-12,-12,4,2
6533,GPM6B,78,53,18,9,77,49,14,5,322,167,220,290,308,1,4,4,4
4854,EIF3E,61,36,12,6,41,26,8,2,322,220,260,302,314,20,10,4,4
9156,LRRC59,64,35,6,3,39,21,2,0,322,219,266,314,319,25,14,4,3
14416,RTL8C,51,32,10,8,53,25,6,4,322,218,265,306,310,-2,7,4,4
16112,ST20-MTHFS,82,47,18,11,65,41,14,7,322,175,234,290,304,17,6,4,4
2236,CASP3,56,40,8,2,76,38,4,1,322,190,244,310,319,-20,2,4,1
8103,IZUMO2,93,60,13,3,54,32,9,5,322,175,230,300,314,39,28,4,-2
8104,IZUMO3,18,17,6,3,10,8,2,1,322,294,297,314,318,8,9,4,2
1541,BHLHE41,77,47,7,1,61,22,3,0,322,184,253,312,321,16,25,4,1
1543,BHMT2,93,48,6,2,55,31,2,0,322,174,243,314,320,38,17,4,2
14781,SENP5,84,48,6,1,47,26,2,0,322,191,248,314,321,37,22,4,1
1777,C12orf43,44,25,6,5,75,34,2,1,322,203,263,314,316,-31,-9,4,4
1792,C14orf119,56,33,7,3,71,36,3,0,322,195,253,312,319,-15,-3,4,3
15413,SLC5A12,58,30,7,3,74,43,3,0,322,190,249,312,319,-16,-13,4,3
15414,SLC5A2,91,57,12,2,55,31,8,1,322,176,234,302,319,36,26,4,1
1789,C12orf76,93,52,9,4,52,39,5,1,322,177,231,308,317,41,13,4,3
18385,UROS,43,28,10,4,86,49,6,0,322,193,245,306,318,-43,-21,4,4
1785,C12orf66,120,54,4,0,41,20,0,0,322,161,248,318,322,79,34,4,0
1784,C12orf65,64,31,6,1,51,24,2,1,322,207,267,314,320,13,7,4,0
15436,SLC6A20,95,58,4,1,45,20,0,0,322,182,244,318,321,50,38,4,1
18382,URM1,45,30,11,7,75,39,7,0,322,202,253,304,315,-30,-9,4,7
15445,SLC7A10,45,30,7,1,45,24,3,0,322,232,268,312,321,0,6,4,1
8571,KREMEN1,51,30,7,3,72,37,3,2,322,199,255,312,317,-21,-7,4,1
8566,KRBA1,63,43,13,2,94,47,9,4,322,165,232,300,316,-31,-4,4,-2
15397,SLC4A2,76,31,6,4,53,23,2,1,322,193,268,314,317,23,8,4,3
6778,GTPBP1,47,30,10,3,71,36,6,4,322,204,256,306,315,-24,-6,4,-1
18307,UGT3A1,31,19,6,2,42,17,2,0,322,249,286,314,320,-11,2,4,2
8560,KPNA6,53,22,5,4,64,23,1,0,322,205,277,316,318,-11,-1,4,4
4629,DUSP19,87,38,4,0,69,34,0,0,322,166,250,318,322,18,4,4,0
15479,SLCO1B3,54,22,4,1,46,30,0,0,322,222,270,318,321,8,-8,4,1
8365,KIAA1217,75,38,5,3,80,35,1,0,322,167,249,316,319,-5,3,4,3
15486,SLCO4C1,59,23,5,2,42,26,1,0,322,221,273,316,320,17,-3,4,2
6716,GSDMC,92,55,5,1,45,21,1,0,322,185,246,316,321,47,34,4,1
1763,C11orf71,62,25,5,1,74,32,1,0,322,186,265,316,321,-12,-7,4,1
8548,KNCN,41,27,5,0,18,9,1,0,322,263,286,316,322,23,18,4,0
8545,KMT5A,53,25,6,2,46,31,2,1,322,223,266,314,319,7,-6,4,1
15399,SLC4A4,61,41,11,5,78,42,7,1,322,183,239,304,316,-17,-1,4,4
15376,SLC44A1,45,20,6,3,60,28,2,0,322,217,274,314,319,-15,-8,4,3
8537,KLRG2,43,27,8,2,64,40,4,0,322,215,255,310,320,-21,-13,4,2
15297,SLC31A1,40,22,6,2,60,20,2,0,322,222,280,314,320,-20,2,4,2
15256,SLC26A7,102,64,11,6,41,26,7,0,322,179,232,304,316,61,38,4,6
15260,SLC27A2,47,27,4,1,80,37,0,0,322,195,258,318,321,-33,-10,4,1
18401,USP14,54,24,6,2,56,34,2,1,322,212,264,314,319,-2,-10,4,1
5428,FAM246B,26,23,14,4,19,15,10,3,322,277,284,298,315,7,8,4,1
15266,SLC28A2,94,53,7,1,33,21,3,1,322,195,248,312,320,61,32,4,0
500,AKAP3,92,56,10,1,65,35,6,0,322,165,231,306,321,27,21,4,1
8334,KDSR,55,21,5,2,64,26,1,0,322,203,275,316,320,-9,-5,4,2
15276,SLC2A13,70,35,7,3,53,25,3,1,322,199,262,312,318,17,10,4,2
15283,SLC2A6,59,33,12,3,93,57,8,1,322,170,232,302,318,-34,-24,4,2
15291,SLC30A4,57,29,6,3,69,29,2,0,322,196,264,314,319,-12,0,4,3
15296,SLC30A9,47,29,6,3,53,30,2,0,322,222,263,314,319,-6,-1,4,3
15301,SLC34A1,41,25,6,1,46,22,2,2,322,235,275,314,319,-5,3,4,-1
15752,SORT1,49,27,7,4,71,34,3,1,322,202,261,312,317,-22,-7,4,3
533,ALAS1,70,36,8,5,59,42,4,0,322,193,244,310,317,11,-6,4,5
15315,SLC35D1,46,22,4,3,76,35,0,0,322,200,265,318,319,-30,-13,4,3
15319,SLC35E2B,40,22,7,5,71,34,3,0,322,211,266,312,317,-31,-12,4,5
18395,USO1,48,28,6,2,45,20,2,0,322,229,274,314,320,3,8,4,2
15333,SLC35G6,78,56,10,5,51,28,6,4,322,193,238,306,313,27,28,4,1
15334,SLC36A1,84,44,10,5,50,30,6,2,322,188,248,306,315,34,14,4,3
15340,SLC37A3,61,28,9,4,61,25,5,0,322,200,269,308,318,0,3,4,4
8608,KRT5,42,33,7,2,42,28,3,0,322,238,261,312,320,0,5,4,2
15364,SLC39A7,51,29,9,7,59,34,5,1,322,212,259,308,314,-8,-5,4,6
15366,SLC39A9,59,39,6,6,48,27,2,2,322,215,256,314,314,11,12,4,4
18290,UGT1A3,15,11,7,2,19,13,3,2,322,288,298,312,318,-4,-2,4,0
5395,FAM216A,45,23,6,0,94,60,2,0,322,183,239,314,322,-49,-37,4,0
18309,UGT8,77,41,6,0,35,17,2,1,322,210,264,314,321,42,24,4,-1
2054,C9orf57,88,57,6,1,40,22,2,0,322,194,243,314,321,48,35,4,1
6752,GTDC1,66,32,6,0,53,19,2,0,322,203,271,314,322,13,13,4,0
15686,SNTA1,44,30,8,7,78,38,4,3,322,200,254,310,312,-34,-8,4,4
18340,UNC5D,19,8,5,2,33,21,1,0,322,270,293,316,320,-14,-13,4,2
15593,SMIM33,46,32,9,0,44,27,5,2,322,232,263,308,320,2,5,4,-2
15683,SNRPF,76,40,9,6,41,20,5,2,322,205,262,308,314,35,20,4,4
6741,GSTM4,66,43,12,5,60,29,8,6,322,196,250,302,311,6,14,4,-1
1698,BTBD18,56,28,11,7,29,15,7,7,322,237,279,304,308,27,13,4,0
4681,DZIP1,63,32,6,2,62,32,2,0,322,197,258,314,320,1,0,4,2
15677,SNRPB2,76,42,7,2,43,17,3,1,322,203,263,312,319,33,25,4,1
1692,BTAF1,72,43,5,2,52,29,1,0,322,198,250,316,320,20,14,4,2
4699,EBF2,47,28,4,1,54,25,0,0,322,221,269,318,321,-7,3,4,1
15673,SNRNP70,40,23,8,7,64,37,4,2,322,218,262,310,313,-24,-14,4,5
15628,SMS,45,28,7,4,51,31,3,2,322,226,263,312,316,-6,-3,4,2
4675,DYRK2,87,56,7,2,63,29,3,0,322,172,237,312,320,24,27,4,2
15634,SMURF1,43,23,5,2,76,40,1,0,322,203,259,316,320,-33,-17,4,2
4695,EAPP,71,47,6,2,57,32,2,0,322,194,243,314,320,14,15,4,2
8449,KLF13,60,40,13,5,95,44,9,1,322,167,238,300,316,-35,-4,4,4
15668,SNRNP25,46,29,9,6,64,31,5,2,322,212,262,308,314,-18,-2,4,4
15662,SNIP1,94,56,6,4,26,9,2,0,322,202,257,314,318,68,47,4,4
15646,SNAP29,63,33,7,3,38,19,3,2,322,221,270,312,317,25,14,4,1
5402,FAM221A,89,48,7,2,59,24,3,2,322,174,250,312,318,30,24,4,0
6747,GSTT2B,77,52,19,10,55,41,15,10,322,190,229,288,302,22,11,4,0
15657,SNCB,51,37,10,2,49,32,6,2,322,222,253,306,318,2,5,4,0
4694,EAF2,77,54,13,7,87,59,9,3,322,158,209,300,312,-10,-5,4,4
4690,E2F7,84,38,8,2,64,39,4,0,322,174,245,310,320,20,-1,4,2
6737,GSTK1,45,24,10,5,51,26,6,2,322,226,272,306,315,-6,-2,4,3
15689,SNTG1,75,40,6,4,66,34,2,0,322,181,248,314,318,9,6,4,4
1750,C11orf1,66,36,8,2,46,26,4,3,322,210,260,310,317,20,10,4,-1
8507,KLHL7,57,33,7,4,58,26,3,0,322,207,263,312,318,-1,7,4,4
18364,UQCC1,54,33,6,2,40,26,2,2,322,228,263,314,318,14,7,4,0
15528,SMAGP,64,33,6,4,56,24,2,0,322,202,265,314,318,8,9,4,4
15529,SMAP1,44,32,8,3,65,32,4,0,322,213,258,310,319,-21,0,4,3
15716,SNX30,56,35,8,3,64,36,4,0,322,202,251,310,319,-8,-1,4,3
1741,C10orf53,87,53,8,1,61,34,4,1,322,174,235,310,320,26,19,4,0
15535,SMARCAD1,44,18,6,2,90,42,2,0,322,188,262,314,320,-46,-24,4,2
8384,KIF14,50,21,4,0,68,39,0,0,322,204,262,318,322,-18,-18,4,0
8516,KLK15,43,33,12,4,35,26,8,3,322,244,263,302,315,8,7,4,1
4657,DYNC1I1,85,51,8,0,91,51,4,0,322,146,220,310,322,-6,0,4,0
1653,BRD3,49,32,10,5,104,59,6,2,322,169,231,306,315,-55,-27,4,3
5398,FAM217B,58,26,8,2,92,43,4,2,322,172,253,310,318,-34,-17,4,0
15547,SMC3,47,22,6,2,63,32,2,0,322,212,268,314,320,-16,-10,4,2
8403,KIF26B,58,32,5,0,69,40,1,0,322,195,250,316,322,-11,-8,4,0
524,AKR7A2,52,30,9,6,55,28,5,5,322,215,264,308,311,-3,2,4,1
18317,ULBP2,128,83,10,3,43,26,6,2,322,151,213,306,317,85,57,4,1
18319,ULK1,41,20,8,3,107,51,4,0,322,174,251,310,319,-66,-31,4,3
15567,SMIM10L1,56,22,5,0,60,28,1,0,322,206,272,316,322,-4,-6,4,0
6732,GSTA2,32,24,7,2,36,30,3,1,322,254,268,312,319,-4,-6,4,1
15570,SMIM11A,113,79,35,24,79,57,31,24,322,130,186,256,274,34,22,4,0
515,AKR1B10,85,63,8,3,65,34,4,1,322,172,225,310,318,20,29,4,2
1664,BRICD5,80,49,11,4,69,37,7,1,322,173,236,304,317,11,12,4,3
15575,SMIM15,61,38,9,3,51,32,5,1,322,210,252,308,318,10,6,4,2
4664,DYNC2LI1,42,27,8,2,67,30,4,0,322,213,265,310,320,-25,-3,4,2
8402,KIF26A,35,27,5,1,51,24,1,0,322,236,271,316,321,-16,3,4,1
1846,C19orf53,58,30,10,7,48,26,6,3,322,216,266,306,312,10,4,4,4
15243,SLC25A48,100,63,10,3,67,33,6,1,322,155,226,306,318,33,30,4,2
4609,DTX4,54,37,9,4,84,43,5,1,322,184,242,308,317,-30,-6,4,3
5458,FAM71F2,77,43,6,1,34,14,2,0,322,211,265,314,321,43,29,4,1
14890,SFMBT2,69,33,5,1,36,10,1,0,322,217,279,316,321,33,23,4,1
5381,FAM200B,78,33,10,3,49,29,6,2,322,195,260,306,317,29,4,4,1
8258,KCNK3,66,36,6,1,40,24,2,0,322,216,262,314,321,26,12,4,1
18478,UTP23,83,48,10,4,80,39,6,0,322,159,235,306,318,3,9,4,4
14903,SFTPA1,23,12,6,2,28,14,2,1,322,271,296,314,319,-5,-2,4,1
8261,KCNK6,51,30,6,1,62,22,2,1,322,209,270,314,320,-11,8,4,0
14909,SFXN2,41,25,6,2,103,50,2,1,322,178,247,314,319,-62,-25,4,1
8809,LCA5,91,45,6,1,50,30,2,0,322,181,247,314,321,41,15,4,1
6810,GYPA,30,15,5,1,16,8,1,1,322,276,299,316,320,14,7,4,0
8797,LAT2,100,52,7,1,33,17,3,0,322,189,253,312,321,67,35,4,1
14955,SH3BP2,40,25,8,3,103,55,4,0,322,179,242,310,319,-63,-30,4,3
1586,BMP2,110,59,7,0,33,21,3,0,322,179,242,312,322,77,38,4,0
14874,SETX,51,29,5,3,49,25,1,0,322,222,268,316,319,2,4,4,3
18466,USP8,59,32,7,3,69,27,3,0,322,194,263,312,319,-10,5,4,3
14986,SHCBP1L,39,19,4,2,20,12,0,0,322,263,291,318,320,19,7,4,2
4576,DROSHA,55,29,7,3,59,36,3,0,322,208,257,312,319,-4,-7,4,3
4578,DSC1,75,37,4,1,49,23,0,0,322,198,262,318,321,26,14,4,1
8776,LAMTOR5,53,36,8,6,53,25,4,1,322,216,261,310,315,0,11,4,5
14997,SHISA7,50,26,5,0,31,18,1,1,322,241,278,316,321,19,8,4,-1
1593,BMP8A,55,26,5,1,42,17,1,0,322,225,279,316,321,13,9,4,1
8278,KCNRG,80,55,13,3,105,67,9,2,322,137,200,300,317,-25,-12,4,1
18464,USP6NL,44,29,6,4,68,37,2,0,322,210,256,314,318,-24,-8,4,4
8769,LAMP2,44,25,7,4,59,23,3,1,322,219,274,312,317,-15,2,4,3
5384,FAM205C,18,18,5,0,11,10,1,0,322,293,294,316,322,7,8,4,0
8826,LCE3E,7,7,6,0,4,4,2,1,322,311,311,314,321,3,3,4,-1
14872,SETMAR,45,28,7,2,85,41,3,1,322,192,253,312,319,-40,-13,4,1
15228,SLC25A34,55,25,6,2,59,23,2,1,322,208,274,314,319,-4,2,4,1
2016,C6orf226,54,42,21,10,89,61,17,9,322,179,219,284,303,-35,-19,4,1
5380,FAM200A,102,58,5,2,41,24,1,0,322,179,240,316,320,61,34,4,2
18492,VAC14,44,28,9,7,76,31,5,1,322,202,263,308,314,-32,-3,4,6
8237,KCNJ13,66,55,18,8,49,34,14,4,322,207,233,290,310,17,21,4,4
2039,C8orf76,91,48,10,4,51,35,6,0,322,180,239,306,318,40,13,4,4
14804,SERF1B,62,40,21,13,82,49,17,7,322,178,233,284,302,-20,-9,4,6
1553,BIN1,53,27,7,3,63,35,3,1,322,206,260,312,318,-10,-8,4,2
18491,UXT,52,38,11,7,42,25,7,3,322,228,259,304,312,10,13,4,4
4535,DPP3,52,34,9,8,69,45,5,0,322,201,243,308,314,-17,-11,4,8
6632,GPT2,68,31,10,7,66,41,6,0,322,188,250,306,315,2,-10,4,7
18488,UVRAG,55,30,6,3,61,29,2,0,322,206,263,314,319,-6,1,4,3
8244,KCNJ4,74,46,8,4,69,43,4,1,322,179,233,310,317,5,3,4,3
2013,C6orf141,76,48,7,3,55,35,3,2,322,191,239,312,317,21,13,4,1
4559,DR1,75,42,8,2,35,24,4,0,322,212,256,310,320,40,18,4,2
8848,LCTL,90,51,8,1,44,25,4,0,322,188,246,310,321,46,26,4,1
4547,DPY19L1,62,42,10,7,83,47,6,0,322,177,233,306,315,-21,-5,4,7
1561,BIVM,59,26,6,2,50,30,2,1,322,213,266,314,319,9,-4,4,1
5462,FAM72D,78,46,8,3,57,29,4,0,322,187,247,310,319,21,17,4,3
470,AIFM1,50,29,8,1,47,25,4,2,322,225,268,310,319,3,4,4,-1
4549,DPY19L3,50,31,7,2,59,32,3,0,322,213,259,312,320,-9,-1,4,2
18484,UTS2,49,37,18,5,44,30,14,7,322,229,255,290,310,5,7,4,-2
1568,BLMH,51,31,10,5,78,46,6,0,322,193,245,306,317,-27,-15,4,5
1570,BLOC1S1,50,30,9,4,69,35,5,5,322,203,257,308,313,-19,-5,4,-1
8834,LCN1,44,40,10,0,30,26,6,2,322,248,256,306,320,14,14,4,-2
14867,SETD6,46,31,9,3,82,49,5,0,322,194,242,308,319,-36,-18,4,3
18460,USP51,72,44,5,1,54,26,1,1,322,196,252,316,320,18,18,4,0
18457,USP49,84,40,6,2,41,14,2,0,322,197,268,314,320,43,26,4,2
8765,LAMC1,45,27,6,3,53,28,2,0,322,224,267,314,319,-8,-1,4,3
8688,KRTAP3-3,12,11,5,1,13,6,1,0,322,297,305,316,321,-1,5,4,1
15815,SPANXA1,32,31,23,10,37,33,19,12,322,253,258,280,300,-5,-2,4,-2
15814,SPAM1,19,15,7,2,20,13,3,0,322,283,294,312,320,-1,2,4,2
8312,KDF1,65,49,22,10,83,47,18,7,322,174,226,282,305,-18,2,4,3
15142,SLC16A7,49,22,5,0,70,26,1,0,322,203,274,316,322,-21,-4,4,0
6678,GRIN2C,101,63,7,1,59,38,3,0,322,162,221,312,321,42,25,4,1
4752,EEF1AKMT2,47,28,6,2,75,39,2,1,322,200,255,314,319,-28,-11,4,1
8696,KRTAP4-5,8,8,4,1,2,2,0,0,322,312,312,318,321,6,6,4,1
15155,SLC18A2,45,26,5,2,31,10,1,0,322,246,286,316,320,14,16,4,2
15158,SLC19A1,45,28,9,2,118,75,5,1,322,159,219,308,319,-73,-47,4,1
15165,SLC1A5,54,33,9,3,76,43,5,2,322,192,246,308,317,-22,-10,4,1
8316,KDM2B,36,26,9,7,101,53,5,0,322,185,243,308,315,-65,-27,4,7
1873,C1orf174,62,33,7,4,57,26,3,0,322,203,263,312,318,5,7,4,4
15859,SPATA5,47,24,4,2,34,14,0,0,322,241,284,318,320,13,10,4,2
15188,SLC22A5,63,31,8,5,67,36,4,0,322,192,255,310,317,-4,-5,4,5
15189,SLC22A6,22,16,6,4,16,12,2,0,322,284,294,314,318,6,4,4,4
15198,SLC24A3,39,19,4,2,48,25,0,0,322,235,278,318,320,-9,-6,4,2
8320,KDM4B,46,32,8,7,87,43,4,1,322,189,247,310,314,-41,-11,4,6
1616,BOLA2,62,47,15,5,70,35,11,5,322,190,240,296,312,-8,12,4,0
6793,GUCA2B,20,20,8,0,8,7,4,2,322,294,295,310,320,12,13,4,-2
15787,SP4,63,35,8,3,69,37,4,0,322,190,250,310,319,-6,-2,4,3
6688,GRK3,46,25,5,0,60,21,1,1,322,216,276,316,321,-14,4,4,-1
15217,SLC25A24,39,24,6,2,82,33,2,0,322,201,265,314,320,-43,-9,4,2
15218,SLC25A25,62,36,12,5,63,34,8,1,322,197,252,302,316,-1,2,4,4
1855,C1GALT1,50,25,5,1,84,43,1,0,322,188,254,316,321,-34,-18,4,1
15104,SLC10A4,77,52,9,5,90,46,5,0,322,155,224,308,317,-13,6,4,5
1897,C1QC,20,18,5,2,12,10,1,0,322,290,294,316,320,8,8,4,2
6797,GUCY1B1,73,39,7,2,51,23,3,1,322,198,260,312,319,22,16,4,1
5440,FAM43B,64,40,6,0,60,22,2,0,322,198,260,314,322,4,18,4,0
4585,DSEL,87,56,5,1,43,22,1,0,322,192,244,316,321,44,34,4,1
4586,DSG1,21,12,6,2,25,13,2,0,322,276,297,314,320,-4,-1,4,2
8283,KCNT2,61,31,6,2,53,29,2,0,322,208,262,314,320,8,2,4,2
15012,SHOX2,90,54,8,3,58,35,4,1,322,174,233,310,318,32,19,4,2
6806,GXYLT1,54,23,6,1,72,27,2,1,322,196,272,314,320,-18,-4,4,0
4589,DSG4,26,13,4,4,11,4,0,0,322,285,305,318,318,15,9,4,4
6804,GUSB,34,19,9,5,64,34,5,1,322,224,269,308,316,-30,-15,4,4
4591,DSP,56,29,4,1,46,19,0,0,322,220,274,318,321,10,10,4,1
18446,USP39,65,39,9,4,48,27,5,1,322,209,256,308,317,17,12,4,3
4595,DSTYK,50,24,6,1,55,25,2,0,322,217,273,314,321,-5,-1,4,1
4772,EFCAB14,50,29,6,2,47,28,2,0,322,225,265,314,320,3,1,4,2
8747,LACTB,55,21,6,2,86,39,2,0,322,181,262,314,320,-31,-18,4,2
15044,SIK2,64,31,5,1,32,10,1,0,322,226,281,316,321,32,21,4,1
6801,GUF1,47,24,4,2,57,32,0,0,322,218,266,318,320,-10,-8,4,2
15837,SPATA20,55,38,10,6,74,41,6,3,322,193,243,306,313,-19,-3,4,3
18273,UCP1,54,40,6,0,21,12,2,0,322,247,270,314,322,33,28,4,0
4759,EEF1E1,48,23,7,3,69,36,3,2,322,205,263,312,317,-21,-13,4,1
1912,C1QTNF9,78,48,8,3,48,25,4,2,322,196,249,310,317,30,23,4,1
15076,SIX5,81,43,6,3,46,20,2,2,322,195,259,314,317,35,23,4,1
15078,SKA1,63,27,7,1,57,24,3,1,322,202,271,312,320,6,3,4,0
15080,SKA3,37,21,8,1,101,60,4,0,322,184,241,310,321,-64,-39,4,1
8304,KCTD5,52,26,10,5,64,40,6,0,322,206,256,306,317,-12,-14,4,5
15820,SPANXN1,32,30,11,3,23,21,7,1,322,267,271,304,318,9,9,4,2
14214,RPAP3,49,30,5,0,49,26,1,0,322,224,266,316,322,0,4,4,0
14374,RSAD2,64,33,4,0,75,39,0,0,322,183,250,318,322,-11,-6,4,0
6391,GNAI1,55,20,4,0,61,33,0,0,322,206,269,318,322,-6,-13,4,0
4284,DHRS7B,57,33,12,7,64,27,8,4,322,201,262,302,311,-7,6,4,3
4198,DEFB132,24,11,4,2,6,3,0,0,322,292,308,318,320,18,8,4,2
14127,RNF169,56,29,6,3,72,36,2,1,322,194,257,314,318,-16,-7,4,2
4264,DGLUCY,49,26,9,5,95,53,5,0,322,178,243,308,317,-46,-27,4,5
18782,WNT5A,65,30,7,1,62,37,3,0,322,195,255,312,321,3,-7,4,1
9491,MARCHF3,89,63,9,2,66,39,5,1,322,167,220,308,319,23,24,4,1
8008,IRS1,49,22,4,1,89,42,0,0,322,184,258,318,321,-40,-20,4,1
1412,BAG4,53,32,5,1,56,25,1,0,322,213,265,316,321,-3,7,4,1
5549,FBN3,30,18,8,0,37,19,4,2,322,255,285,310,320,-7,-1,4,-2
13659,RAP1GAP2,31,13,5,1,67,31,1,0,322,224,278,316,321,-36,-18,4,1
2579,CD209,105,58,5,1,30,14,1,0,322,187,250,316,321,75,44,4,1
9407,MANF,95,66,12,6,55,39,8,2,322,172,217,302,314,40,27,4,4
4896,ELF2,55,29,9,4,81,43,5,1,322,186,250,308,317,-26,-14,4,3
16288,SULF1,67,41,13,2,75,44,9,0,322,180,237,300,320,-8,-3,4,2
9579,MCFD2,48,24,8,6,53,31,4,0,322,221,267,310,316,-5,-7,4,6
13693,RASGEF1C,49,29,7,2,72,38,3,1,322,201,255,312,319,-23,-9,4,1
5335,FAM160B2,42,23,9,5,101,61,5,0,322,179,238,308,317,-59,-38,4,5
13914,RFX1,67,43,10,5,42,24,6,1,322,213,255,306,316,25,19,4,4
16336,SUZ12,39,21,6,2,68,36,2,0,322,215,265,314,320,-29,-15,4,2
16356,SYCN,17,15,7,2,15,11,3,1,322,290,296,312,319,2,4,4,1
4229,DEPDC4,85,44,8,2,71,32,4,1,322,166,246,310,319,14,12,4,1
16350,SYAP1,42,27,6,2,46,19,2,1,322,234,276,314,319,-4,8,4,1
16251,STX16,87,53,7,6,29,12,3,1,322,206,257,312,315,58,41,4,5
1382,B3GNT7,94,62,8,2,50,24,4,1,322,178,236,310,319,44,38,4,1
16233,STRADB,41,25,8,5,91,53,4,2,322,190,244,310,315,-50,-28,4,3
14039,RIPK2,50,26,6,0,41,22,2,1,322,231,274,314,321,9,4,4,-1
13645,RAN,51,33,10,9,49,24,6,3,322,222,265,306,310,2,9,4,6
1377,B3GNT2,59,29,8,1,90,41,4,0,322,173,252,310,321,-31,-12,4,1
7946,IP6K2,79,35,11,8,44,31,7,0,322,199,256,304,314,35,4,4,8
2394,CCDC24,65,39,7,5,63,34,3,1,322,194,249,312,316,2,5,4,4
18804,WWC3,54,36,5,1,67,28,1,1,322,201,258,316,320,-13,8,4,0
18843,XPO7,60,31,6,6,60,35,2,0,322,202,256,314,316,0,-4,4,6
9552,MBNL1,54,26,5,3,61,34,1,0,322,207,262,316,319,-7,-8,4,3
6385,GMPS,45,25,8,2,67,30,4,0,322,210,267,310,320,-22,-5,4,2
4242,DET1,50,29,7,2,59,34,3,1,322,213,259,312,319,-9,-5,4,1
18780,WNT3A,44,19,4,2,36,14,0,0,322,242,289,318,320,8,5,4,2
18803,WWC2,60,36,5,2,54,30,1,0,322,208,256,316,320,6,6,4,2
9502,MARF1,104,60,8,3,60,30,4,1,322,158,232,310,318,44,30,4,2
14024,RIMS2,73,39,6,3,42,20,2,0,322,207,263,314,319,31,19,4,3
9413,MAP11,59,31,9,4,76,37,5,1,322,187,254,308,317,-17,-6,4,3
18747,WFDC12,48,44,13,5,36,31,9,1,322,238,247,300,316,12,13,4,4
18748,WFDC13,20,15,4,0,17,12,0,0,322,285,295,318,322,3,3,4,0
311,ADCY6,46,25,11,4,63,36,7,1,322,213,261,304,317,-17,-11,4,3
14031,RINL,90,55,9,2,44,25,5,2,322,188,242,308,318,46,30,4,0
13891,REXO4,55,29,8,4,62,31,4,0,322,205,262,310,318,-7,-2,4,4
16332,SUSD5,69,37,8,2,66,29,4,0,322,187,256,310,320,3,8,4,2
2600,CD302,52,33,7,1,72,35,3,0,322,198,254,312,321,-20,-2,4,1
9402,MAN2C1,58,28,12,8,75,52,8,2,322,189,242,302,312,-17,-24,4,6
9632,MECP2,68,45,13,6,55,35,9,5,322,199,242,300,311,13,10,4,1
4305,DIABLO,68,31,6,4,46,23,2,0,322,208,268,314,318,22,8,4,4
13757,RBM27,60,39,5,0,63,29,1,0,322,199,254,316,322,-3,10,4,0
9469,MAPK3,53,31,12,7,87,40,8,5,322,182,251,302,310,-34,-9,4,2
14097,RNF114,49,33,11,9,54,34,7,2,322,219,255,304,311,-5,-1,4,7
9612,MDFIC,69,48,6,3,47,27,2,1,322,206,247,314,318,22,21,4,2
7994,IRF2,76,50,11,2,98,51,7,2,322,148,221,304,318,-22,-1,4,0
4902,ELK1,45,19,8,5,72,38,4,2,322,205,265,310,315,-27,-19,4,3
13690,RASEF,76,42,13,4,50,24,9,5,322,196,256,300,313,26,18,4,-1
9477,MAPK9,43,29,7,2,59,32,3,1,322,220,261,312,319,-16,-3,4,1
6457,GOLGA8A,57,28,8,3,110,59,4,1,322,155,235,310,318,-53,-31,4,2
2428,CCDC71L,72,39,12,4,108,71,8,3,322,142,212,302,315,-36,-32,4,1
13765,RBM41,56,29,7,1,60,33,3,1,322,206,260,312,320,-4,-4,4,0
9570,MCC,72,41,7,2,56,16,3,0,322,194,265,312,320,16,25,4,2
2482,CCL28,73,43,7,1,49,24,3,0,322,200,255,312,321,24,19,4,1
14093,RNF111,77,37,8,1,81,38,4,0,322,164,247,310,321,-4,-1,4,1
7905,INPP5B,44,22,5,3,59,31,1,0,322,219,269,316,319,-15,-9,4,3
2542,CCS,59,37,9,8,61,37,5,2,322,202,248,308,312,-2,0,4,6
13761,RBM34,59,29,9,4,77,44,5,0,322,186,249,308,318,-18,-15,4,4
13680,RASA1,50,32,8,2,81,41,4,0,322,191,249,310,320,-31,-9,4,2
6924,HADHA,43,32,9,7,52,22,5,1,322,227,268,308,314,-9,10,4,6
4940,EMC4,56,32,8,4,39,19,4,1,322,227,271,310,317,17,13,4,3
9616,MDH1,58,33,8,4,49,23,4,1,322,215,266,310,317,9,10,4,3
2486,CCL4L2,22,19,9,3,26,21,5,2,322,274,282,308,317,-4,-2,4,1
13691,RASGEF1A,61,33,14,4,89,56,10,5,322,172,233,298,313,-28,-23,4,-1
4942,EMC7,57,33,9,2,47,31,5,1,322,218,258,308,319,10,2,4,1
18752,WFDC6,13,11,7,5,9,7,3,2,322,300,304,312,315,4,4,4,3
13776,RBM7,61,31,6,3,64,32,2,0,322,197,259,314,319,-3,-1,4,3
14115,RNF145,58,22,5,2,72,32,1,0,322,192,268,316,320,-14,-10,4,2
5560,FBXL18,61,33,6,2,36,15,2,1,322,225,274,314,319,25,18,4,1
4321,DIPK2A,76,42,8,5,75,35,4,0,322,171,245,310,317,1,7,4,5
13783,RBMXL1,50,26,5,1,68,38,1,0,322,204,258,316,321,-18,-12,4,1
2466,CCL14,20,18,11,2,15,12,7,2,322,287,292,304,318,5,6,4,0
1357,AXIN2,81,49,9,4,84,49,5,0,322,157,224,308,318,-3,0,4,4
18854,XRRA1,76,37,10,6,64,35,6,0,322,182,250,306,316,12,2,4,6
4236,DERL2,63,34,7,4,55,36,3,0,322,204,252,312,318,8,-2,4,4
9561,MBTPS1,39,25,9,5,88,50,5,1,322,195,247,308,316,-49,-25,4,4
14111,RNF14,53,32,11,7,70,39,7,1,322,199,251,304,314,-17,-7,4,6
18121,TWNK,52,32,7,1,101,40,3,0,322,169,250,312,321,-49,-8,4,1
9376,MAGT1,48,30,6,5,49,23,2,2,322,225,269,314,315,-1,7,4,3
6431,GNPNAT1,44,25,5,2,67,36,1,0,322,211,261,316,320,-23,-11,4,2
13958,RGS6,55,36,11,4,68,41,7,2,322,199,245,304,316,-13,-5,4,2
2415,CCDC59,83,46,9,2,53,32,5,3,322,186,244,308,317,30,14,4,-1
7921,INSM1,41,29,7,2,27,15,3,0,322,254,278,312,320,14,14,4,2
7957,IPP,47,28,7,1,99,43,3,1,322,176,251,312,320,-52,-15,4,0
5543,FBLN1,56,29,7,2,60,35,3,1,322,206,258,312,319,-4,-6,4,1
13669,RAPGEF6,65,38,9,4,90,41,5,0,322,167,243,308,318,-25,-3,4,4
18143,TXNRD2,66,24,7,3,47,25,3,1,322,209,273,312,318,19,-1,4,2
13935,RGPD3,67,41,6,2,48,24,2,0,322,207,257,314,320,19,17,4,2
18863,YARS2,50,22,7,5,73,41,3,0,322,199,259,312,317,-23,-19,4,5
14023,RIMS1,40,24,6,3,63,30,2,1,322,219,268,314,318,-23,-6,4,2
16284,SUGCT,77,43,13,4,70,47,9,1,322,175,232,300,317,7,-4,4,3
16277,SUCLA2,59,29,8,3,55,29,4,3,322,208,264,310,316,4,0,4,0
8021,ISG20,69,43,9,5,74,38,5,2,322,179,241,308,315,-5,5,4,3
4339,DKKL1,77,62,32,12,85,66,28,12,322,160,194,262,298,-8,-4,4,0
7932,INTS13,45,27,9,4,71,43,5,0,322,206,252,308,318,-26,-16,4,4
9527,MATN3,64,39,5,2,52,26,1,1,322,206,257,316,319,12,13,4,1
7882,ING3,77,41,8,2,56,36,4,0,322,189,245,310,320,21,5,4,2
13619,RAE1,71,39,6,3,53,26,2,1,322,198,257,314,318,18,13,4,2
5539,FBH1,54,28,5,3,56,24,1,1,322,212,270,316,318,-2,4,4,2
7931,INTS12,69,41,7,2,64,24,3,0,322,189,257,312,320,5,17,4,2
18128,TXN2,67,45,6,2,39,16,2,1,322,216,261,314,319,28,29,4,1
18842,XPO6,45,28,11,5,104,60,7,2,322,173,234,304,315,-59,-32,4,3
6413,GNG14,48,46,37,14,43,41,33,17,322,231,235,252,291,5,5,4,-3
9524,MATK,54,45,15,8,66,51,11,5,322,202,226,296,309,-12,-6,4,3
13842,RECQL4,63,37,10,4,80,38,6,1,322,179,247,306,317,-17,-1,4,3
16333,SUSD6,59,32,8,7,63,33,4,2,322,200,257,310,313,-4,-1,4,5
16312,SUN5,9,9,4,2,6,5,0,0,322,307,308,318,320,3,4,4,2
9435,MAP3K15,64,33,5,3,42,14,1,0,322,216,275,316,319,22,19,4,3
6472,GOLIM4,48,29,8,5,100,44,4,0,322,174,249,310,317,-52,-15,4,5
13999,RHOXF1,39,36,17,8,34,27,13,6,322,249,259,292,308,5,9,4,2
14014,RILP,68,41,14,8,79,49,10,2,322,175,232,298,312,-11,-8,4,6
4333,DIXDC1,55,31,7,3,63,20,3,0,322,204,271,312,319,-8,11,4,3
1396,B4GALT7,46,29,8,3,96,43,4,1,322,180,250,310,318,-50,-14,4,2
18770,WNK3,64,29,5,2,46,28,1,1,322,212,265,316,319,18,1,4,1
9447,MAP3K9,68,32,5,0,41,17,1,0,322,213,273,316,322,27,15,4,0
2568,CD19,50,33,6,1,36,12,2,0,322,236,277,314,321,14,21,4,1
6474,GOLM2,46,27,9,5,67,28,5,2,322,209,267,308,315,-21,-1,4,3
305,ADCY1,69,33,4,0,54,19,0,0,322,199,270,318,322,15,14,4,0
2521,CCNL2,45,26,9,5,62,42,5,0,322,215,254,308,317,-17,-16,4,5
6913,H6PD,35,21,6,3,111,50,2,0,322,176,251,314,319,-76,-29,4,3
4345,DLG1,50,30,7,2,67,37,3,1,322,205,255,312,319,-17,-7,4,1
9316,MACROD2,108,70,14,4,70,49,10,4,322,144,203,298,314,38,21,4,0
18878,YIPF5,84,49,7,2,49,19,3,0,322,189,254,312,320,35,30,4,2
9594,MCMBP,42,22,5,2,69,46,1,0,322,211,254,316,320,-27,-24,4,2
16270,STXBP5L,68,49,14,4,52,32,10,2,322,202,241,298,316,16,17,4,2
13607,RAD51AP2,59,38,4,0,33,17,0,0,322,230,267,318,322,26,21,4,0
13731,RBCK1,56,26,11,7,63,41,7,1,322,203,255,304,314,-7,-15,4,6
18776,WNT16,92,67,10,1,51,34,6,1,322,179,221,306,320,41,33,4,0
2566,CD177,63,40,8,0,68,44,4,4,322,191,238,310,318,-5,-4,4,-4
13989,RHOD,40,32,9,4,40,28,5,4,322,242,262,308,314,0,4,4,0
13739,RBL2,48,32,6,2,68,42,2,0,322,206,248,314,320,-20,-10,4,2
1373,B3GAT2,77,37,9,6,70,28,5,3,322,175,257,308,313,7,9,4,3
18777,WNT2,39,26,7,0,34,15,3,0,322,249,281,312,322,5,11,4,0
16375,SYNE3,46,21,4,0,81,40,0,0,322,195,261,318,322,-35,-19,4,0
13991,RHOG,51,24,9,6,89,48,5,1,322,182,250,308,315,-38,-24,4,5
2375,CCDC182,30,26,7,2,10,10,3,1,322,282,286,312,319,20,16,4,1
9320,MAD2L1,38,22,8,2,81,45,4,0,322,203,255,310,320,-43,-23,4,2
14192,ROM1,84,54,16,5,78,49,12,7,322,160,219,294,310,6,5,4,-2
2524,CCNQ,41,25,13,6,75,28,9,5,322,206,269,300,311,-34,-3,4,1
9438,MAP3K20,57,32,5,1,47,27,1,0,322,218,263,316,321,10,5,4,1
13829,RDH11,45,26,8,5,83,54,4,0,322,194,242,310,317,-38,-28,4,5
2526,CCNT2,92,38,8,2,56,30,4,0,322,174,254,310,320,36,8,4,2
18153,TYW1,61,35,5,2,60,28,1,0,322,201,259,316,320,1,7,4,2
16309,SUN1,33,19,9,8,80,46,5,1,322,209,257,308,313,-47,-27,4,7
9429,MAP3K1,43,26,8,2,69,38,4,0,322,210,258,310,320,-26,-12,4,2
6388,GNA13,70,34,7,2,56,25,3,0,322,196,263,312,320,14,9,4,2
6369,GM2A,42,26,11,6,82,34,7,0,322,198,262,304,316,-40,-8,4,6
13803,RBX1,37,27,8,4,63,34,4,2,322,222,261,310,316,-26,-7,4,2
6918,HACD2,71,36,6,2,48,21,2,0,322,203,265,314,320,23,15,4,2
7889,INHBE,108,66,11,3,64,36,7,5,322,150,220,304,314,44,30,4,-2
13866,REN,52,35,4,1,58,36,0,0,322,212,251,318,321,-6,-1,4,1
13709,RASSF3,51,30,12,7,78,31,8,1,322,193,261,302,314,-27,-1,4,6
18778,WNT2B,87,42,5,0,51,20,1,0,322,184,260,316,322,36,22,4,0
5340,FAM163A,53,24,5,1,51,20,1,0,322,218,278,316,321,2,4,4,1
9422,MAP2K1,64,32,6,2,43,19,2,1,322,215,271,314,319,21,13,4,1
16217,STOM,43,29,8,4,67,32,4,1,322,212,261,310,317,-24,-3,4,3
18130,TXNDC12,62,43,7,3,45,24,3,1,322,215,255,312,318,17,19,4,2
14171,RNF6,74,39,7,1,42,22,3,0,322,206,261,312,321,32,17,4,1
5533,FAT4,47,21,4,2,27,10,0,0,322,248,291,318,320,20,11,4,2
9425,MAP2K4,51,29,8,3,93,51,4,0,322,178,242,310,319,-42,-22,4,3
5582,FBXO28,88,43,4,1,56,27,0,0,322,178,252,318,321,32,16,4,1
9428,MAP2K7,32,20,6,3,75,31,2,0,322,215,271,314,319,-43,-11,4,3
9511,MARVELD3,95,61,9,2,61,30,5,1,322,166,231,308,319,34,31,4,1
9427,MAP2K6,83,44,14,5,64,33,10,1,322,175,245,298,316,19,11,4,4
18161,U2SURP,59,24,9,4,82,52,5,0,322,181,246,308,318,-23,-28,4,4
13632,RALGAPA1,44,19,7,4,92,50,3,0,322,186,253,312,318,-48,-31,4,4
18872,YIF1A,44,28,13,6,82,38,9,5,322,196,256,300,311,-38,-10,4,1
7944,INVS,67,29,6,4,41,16,2,0,322,214,277,314,318,26,13,4,4
18109,TUSC3,51,34,11,4,63,38,7,3,322,208,250,304,315,-12,-4,4,1
16364,SYK,58,24,4,0,50,18,0,0,322,214,280,318,322,8,6,4,0
18727,WDR82,51,26,8,6,56,28,4,0,322,215,268,310,316,-5,-2,4,6
6451,GOLGA6L4,85,40,8,1,64,34,4,1,322,173,248,310,320,21,6,4,0
9585,MCM2,42,23,9,6,77,43,5,1,322,203,256,308,315,-35,-20,4,5
16278,SUCLG1,66,37,6,6,46,25,2,0,322,210,260,314,316,20,12,4,6
13717,RAVER2,53,26,7,1,49,27,3,0,322,220,269,312,321,4,-1,4,1
18725,WDR77,33,20,6,4,89,46,2,1,322,200,256,314,317,-56,-26,4,3
2571,CD1C,21,13,4,0,13,9,0,0,322,288,300,318,322,8,4,4,0
13810,RCBTB2,76,34,5,1,55,29,1,0,322,191,259,316,321,21,5,4,1
13758,RBM28,61,27,7,1,50,29,4,0,322,211,266,311,321,11,-2,3,1
1612,BOD1L1,59,38,5,4,68,28,2,1,322,195,256,315,317,-9,10,3,3
11904,PANX3,34,18,4,1,24,12,1,0,322,264,292,317,321,10,6,3,1
316,ADCYAP1R1,38,31,8,3,40,20,5,1,322,244,271,309,318,-2,11,3,2
2719,CDHR4,94,61,9,4,65,43,6,3,322,163,218,307,315,29,18,3,1
3384,COG5,48,22,6,1,71,33,3,0,322,203,267,313,321,-23,-11,3,1
17354,TNFRSF10B,53,28,8,6,80,42,5,2,322,189,252,309,314,-27,-14,3,4
15106,SLC10A6,87,59,5,0,54,30,2,0,322,181,233,315,322,33,29,3,0
17351,TNFAIP8L2,49,43,11,6,34,25,8,4,322,239,254,303,312,15,18,3,2
19571,ZNF773,72,37,7,1,63,35,4,1,322,187,250,311,320,9,2,3,0
15107,SLC10A7,63,28,5,2,54,24,2,0,322,205,270,315,320,9,4,3,2
11851,PACS2,50,27,5,2,53,13,2,2,322,219,282,315,318,-3,14,3,0
11847,PACC1,53,32,7,3,61,29,4,1,322,208,261,311,318,-8,3,3,2
13751,RBM20,52,29,3,0,68,21,0,0,322,202,272,319,322,-16,8,3,0
1894,C1QA,16,15,6,2,16,14,3,1,322,290,293,313,319,0,1,3,1
11899,PANK2,48,23,6,2,48,28,3,1,322,226,271,313,319,0,-5,3,1
15191,SLC22A8,18,16,5,4,11,8,2,0,322,293,298,315,318,7,8,3,4
15166,SLC1A6,57,38,6,1,46,29,3,0,322,219,255,313,321,11,9,3,1
17826,TRIM52,71,47,4,1,60,24,1,0,322,191,251,317,321,11,23,3,1
18836,XPNPEP1,42,21,7,5,86,42,4,0,322,194,259,311,317,-44,-21,3,5
13743,RBM12B,68,40,10,1,72,37,7,0,322,182,245,305,321,-4,3,3,1
13395,PTPN5,37,23,4,0,40,21,1,0,322,245,278,317,322,-3,2,3,0
17365,TNFRSF19,50,33,7,2,87,48,4,0,322,185,241,311,320,-37,-15,3,2
1885,C1orf50,46,24,4,1,59,24,1,0,322,217,274,317,321,-13,0,3,1
3371,COA4,55,27,9,4,61,40,6,0,322,206,255,307,318,-6,-13,3,4
15149,SLC17A5,42,27,4,1,85,42,1,0,322,195,253,317,321,-43,-15,3,1
18840,XPO4,44,21,5,3,60,29,2,0,322,218,272,315,319,-16,-8,3,3
2714,CDH8,64,38,5,0,41,19,2,1,322,217,265,315,321,23,19,3,-1
904,AQP7,101,62,16,5,72,44,13,1,322,149,216,293,316,29,18,3,4
254,ADAM18,38,30,9,0,28,22,6,1,322,256,270,307,321,10,8,3,-1
15159,SLC19A2,70,35,5,1,55,23,2,0,322,197,264,315,321,15,12,3,1
11897,PAN3,41,22,5,2,72,38,2,0,322,209,262,315,320,-31,-16,3,2
1613,BOD1L2,16,15,4,0,11,7,1,0,322,295,300,317,322,5,8,3,0
18409,USP17L15,53,47,14,1,34,29,11,0,322,235,246,297,321,19,18,3,1
17338,TMUB2,63,28,4,2,40,13,1,0,322,219,281,317,320,23,15,3,2
11865,PAFAH2,83,44,7,1,56,24,4,1,322,183,254,311,320,27,20,3,0
19559,ZNF75D,69,31,5,3,52,25,2,1,322,201,266,315,318,17,6,3,2
13407,PTPRH,82,49,4,0,48,21,1,1,322,192,252,317,321,34,28,3,-1
18426,USP2,57,33,15,3,103,54,12,1,322,162,235,295,318,-46,-21,3,2
2718,CDHR3,90,52,11,5,69,33,8,1,322,163,237,303,316,21,19,3,4
1888,C1orf54,97,73,25,11,87,59,22,9,322,138,190,275,302,10,14,3,2
770,ANP32D,31,27,11,1,41,36,8,1,322,250,259,303,320,-10,-9,3,0
15186,SLC22A31,50,20,5,0,57,33,2,1,322,215,269,315,321,-7,-13,3,-1
11885,PAK6,63,40,15,9,91,54,12,3,322,168,228,295,310,-28,-14,3,6
2373,CCDC180,65,31,3,0,39,20,0,0,322,218,271,319,322,26,11,3,0
15102,SLC10A2,50,28,3,0,26,14,0,0,322,246,280,319,322,24,14,3,0
1292,ATP6V1B1,53,47,16,3,61,42,13,4,322,208,233,293,315,-8,5,3,-1
14952,SH3BGRL2,47,22,5,0,59,35,2,0,322,216,265,315,322,-12,-13,3,0
13809,RCBTB1,49,25,5,3,53,24,2,0,322,220,273,315,319,-4,1,3,3
15878,SPDYC,49,41,15,4,52,32,12,8,322,221,249,295,310,-3,9,3,-4
14964,SH3GLB1,40,25,5,2,61,31,2,0,322,221,266,315,320,-21,-6,3,2
12090,PCSK2,37,15,5,1,32,15,2,0,322,253,292,315,321,5,0,3,1
1954,C2orf73,66,51,15,3,46,36,12,3,322,210,235,295,316,20,15,3,0
3299,CMTR2,69,40,8,1,75,41,5,0,322,178,241,309,321,-6,-1,3,1
15874,SPCS3,39,18,6,3,102,51,3,0,322,181,253,313,319,-63,-33,3,3
473,AIG1,54,29,7,2,53,21,4,2,322,215,272,311,318,1,8,3,0
3301,CNBD1,29,25,11,2,36,31,8,7,322,257,266,303,313,-7,-6,3,-5
14977,SHANK3,39,25,6,2,60,28,3,1,322,223,269,313,319,-21,-3,3,1
13349,PTGER4,75,56,7,0,71,31,4,1,322,176,235,311,321,4,25,3,-1
12063,PCGF3,48,21,7,2,57,32,4,0,322,217,269,311,320,-9,-11,3,2
18974,ZC3H12C,51,26,6,3,93,45,3,0,322,178,251,313,319,-42,-19,3,3
13354,PTGES3L-AARSD1,75,55,18,6,73,51,15,6,322,174,216,289,310,2,4,3,0
17860,TRIP11,67,28,6,3,67,37,3,0,322,188,257,313,319,0,-9,3,3
17261,TMEM53,55,36,7,6,87,45,4,1,322,180,241,311,315,-32,-9,3,5
948,ARHGAP23,57,35,12,6,103,66,9,5,322,162,221,301,311,-46,-31,3,1
57,ABCC4,42,17,5,1,60,32,2,0,322,220,273,315,321,-18,-15,3,1
2533,CCR2,30,16,4,1,16,10,1,0,322,276,296,317,321,14,6,3,1
761,ANO4,52,30,4,2,38,22,1,0,322,232,270,317,320,14,8,3,2
15866,SPATC1L,53,28,10,6,85,53,7,4,322,184,241,305,312,-32,-25,3,2
14993,SHISA3,30,20,5,2,57,26,2,2,322,235,276,315,318,-27,-6,3,0
1943,C2CD5,45,22,7,3,83,48,4,0,322,194,252,311,319,-38,-26,3,3
14995,SHISA5,28,21,10,7,76,36,7,1,322,218,265,305,314,-48,-15,3,6
12044,PCDHGA6,69,37,5,1,58,21,2,0,322,195,264,315,321,11,16,3,1
15882,SPDYE17,63,48,13,9,47,30,10,6,322,212,244,299,307,16,18,3,3
14929,SGPP1,67,27,6,2,76,32,3,0,322,179,263,313,320,-9,-5,3,2
14925,SGMS2,98,45,10,3,45,26,7,1,322,179,251,305,318,53,19,3,2
14924,SGMS1,86,42,5,1,44,23,2,0,322,192,257,315,321,42,19,3,1
3274,CLUH,41,24,11,5,107,53,8,4,322,174,245,303,313,-66,-29,3,1
18479,UTP25,41,24,3,1,83,38,0,0,322,198,260,319,321,-42,-14,3,1
15892,SPECC1L,45,25,8,2,91,52,5,3,322,186,245,309,317,-46,-27,3,-1
1372,B3GAT1,42,22,6,5,32,15,3,1,322,248,285,313,316,10,7,3,4
12131,PDE4D,76,44,4,0,84,41,1,0,322,162,237,317,322,-8,3,3,0
17866,TRIR,43,28,8,7,48,31,5,2,322,231,263,309,313,-5,-3,3,5
13819,RCN2,55,29,7,2,77,37,4,0,322,190,256,311,320,-22,-8,3,2
18257,UBXN2A,53,29,5,2,42,20,2,0,322,227,273,315,320,11,9,3,2
17234,TMEM273,44,31,10,1,40,28,7,2,322,238,263,305,319,4,3,3,-1
14899,SFT2D1,76,37,7,4,60,37,4,2,322,186,248,311,316,16,0,3,2
19485,ZNF665,88,43,6,1,42,19,3,2,322,192,260,313,319,46,24,3,-1
14902,SFTA2,61,57,27,6,51,45,24,3,322,210,220,271,313,10,12,3,3
19486,ZNF667,85,44,4,1,44,16,1,0,322,193,262,317,321,41,28,3,1
61,ABCC9,66,29,6,2,36,18,3,0,322,220,275,313,320,30,11,3,2
19489,ZNF670,63,28,7,1,50,23,4,1,322,209,271,311,320,13,5,3,0
1579,BLZF1,101,46,5,1,42,21,2,0,322,179,255,315,321,59,25,3,1
13812,RCC1L,44,28,9,5,68,37,6,1,322,210,257,307,316,-24,-9,3,4
18126,TXLNG,36,22,5,0,91,44,2,1,322,195,256,315,321,-55,-22,3,-1
17243,TMEM38A,77,41,7,4,49,29,4,1,322,196,252,311,317,28,12,3,3
15885,SPDYE2B,61,50,16,9,46,39,13,7,322,215,233,293,306,15,11,3,2
14914,SGCB,44,24,9,3,57,31,6,2,322,221,267,307,317,-13,-7,3,1
19493,ZNF674,91,52,6,3,45,22,3,2,322,186,248,313,317,46,30,3,1
18473,UTP14A,54,30,7,2,70,46,4,0,322,198,246,311,320,-16,-16,3,2
19497,ZNF678,87,49,10,2,64,39,7,0,322,171,234,305,320,23,10,3,2
14923,SGK3,65,39,9,4,67,29,6,2,322,190,254,307,316,-2,10,3,2
14996,SHISA6,21,15,5,2,25,17,2,0,322,276,290,315,320,-4,-2,3,2
12042,PCDHGA4,62,37,4,2,58,33,1,0,322,202,252,317,320,4,4,3,2
14998,SHISA8,71,55,12,3,71,56,9,1,322,180,211,301,318,0,-1,3,2
18062,TTN,47,29,7,3,27,14,4,0,322,248,279,311,319,20,15,3,3
1931,C22orf15,48,43,16,4,52,43,13,8,322,222,236,293,310,-4,0,3,-4
19528,ZNF709,81,60,30,13,89,69,27,15,322,152,193,265,294,-8,-9,3,-2
13381,PTPMT1,38,22,8,3,76,36,5,2,322,208,264,309,317,-38,-14,3,1
19529,ZNF71,47,24,5,2,66,40,2,1,322,209,258,315,319,-19,-16,3,1
19537,ZNF720,68,35,4,2,71,37,1,0,322,183,250,317,320,-3,-2,3,2
18115,TVP23C,77,49,10,3,64,33,7,2,322,181,240,305,317,13,16,3,1
15053,SINHCAF,40,26,5,2,80,35,2,1,322,202,261,315,319,-40,-9,3,1
15834,SPATA18,68,37,7,1,54,32,4,1,322,200,253,311,320,14,5,3,0
485,AK3,45,24,4,3,53,20,1,0,322,224,278,317,319,-8,4,3,3
11962,PAX3,38,28,5,1,23,16,2,1,322,261,278,315,320,15,12,3,0
15067,SIRT5,61,32,6,2,56,26,3,1,322,205,264,313,319,5,6,3,1
18114,TVP23B,63,33,6,1,62,37,3,0,322,197,252,313,321,1,-4,3,1
1914,C1R,78,55,16,7,81,52,13,4,322,163,215,293,311,-3,3,3,3
1605,BNIP2,50,30,7,3,82,41,4,1,322,190,251,311,318,-32,-11,3,2
928,ARFIP1,83,51,8,5,52,34,5,0,322,187,237,309,317,31,17,3,5
11950,PASK,69,37,10,3,84,45,7,3,322,169,240,305,316,-15,-8,3,0
18064,TTPAL,55,30,5,3,62,28,2,1,322,205,264,315,318,-7,2,3,2
13770,RBM46,28,14,3,1,6,3,0,0,322,288,305,319,321,22,11,3,1
13385,PTPN13,50,31,7,1,66,43,4,0,322,206,248,311,321,-16,-12,3,1
927,ARFGEF3,37,15,3,0,40,11,0,0,322,245,296,319,322,-3,4,3,0
11933,PARP11,73,39,6,2,48,20,3,1,322,201,263,313,319,25,19,3,1
926,ARFGEF2,38,19,5,1,58,31,2,1,322,226,272,315,320,-20,-12,3,0
3345,CNPY4,54,27,10,6,99,52,7,1,322,169,243,305,315,-45,-25,3,5
15095,SLAMF1,26,20,5,0,26,15,2,1,322,270,287,315,321,0,5,3,-1
19551,ZNF738,98,53,8,2,43,26,5,2,322,181,243,309,318,55,27,3,0
17842,TRIM66,48,28,8,2,111,60,5,1,322,163,234,309,319,-63,-32,3,1
18265,UCHL5,47,24,6,2,68,38,3,0,322,207,260,313,320,-21,-14,3,2
13796,RBP5,95,75,26,8,76,63,23,7,322,151,184,273,307,19,12,3,1
16491,TAL1,103,49,4,0,30,16,1,0,322,189,257,317,322,73,33,3,0
13358,PTGIS,78,35,4,1,34,14,1,0,322,210,273,317,321,44,21,3,1
16323,SUPV3L1,52,27,4,2,55,26,1,0,322,215,269,317,320,-3,1,3,2
13360,PTGR2,66,32,4,1,50,25,1,0,322,206,265,317,321,16,7,3,1
3317,CNIH4,50,29,6,3,57,31,3,0,322,215,262,313,319,-7,-2,3,3
670,ANK1,59,36,8,2,88,51,5,1,322,175,235,309,319,-29,-15,3,1
16496,TANC1,64,29,4,1,60,25,1,0,322,198,268,317,321,4,4,3,1
13364,PTH1R,85,51,11,5,79,57,8,2,322,158,214,303,315,6,-6,3,3
2735,CDK19,78,31,4,3,66,30,1,0,322,178,261,317,319,12,1,3,3
12017,PCDHA9,81,29,4,2,48,13,1,0,322,193,280,317,320,33,16,3,2
15861,SPATA6,82,50,11,7,78,50,8,1,322,162,222,303,314,4,0,3,6
12013,PCDHA5,46,25,3,1,68,42,0,0,322,208,255,319,321,-22,-17,3,1
19512,ZNF697,110,58,7,0,37,22,4,2,322,175,242,311,320,73,36,3,-2
1296,ATP6V1D,94,56,7,4,35,15,4,2,322,193,251,311,316,59,41,3,2
1297,ATP6V1E1,70,36,6,2,45,17,3,0,322,207,269,313,320,25,19,3,2
13366,PTH2R,84,49,4,1,37,18,1,0,322,201,255,317,321,47,31,3,1
18987,ZC3HAV1L,45,30,7,1,94,55,4,0,322,183,237,311,321,-49,-25,3,1
17300,TMEM9B,67,32,8,4,80,42,5,0,322,175,248,309,318,-13,-10,3,4
17301,TMF1,79,42,4,1,57,19,1,0,322,186,261,317,321,22,23,3,1
2732,CDK16,42,24,11,7,66,36,8,3,322,214,262,303,312,-24,-12,3,4
15013,SHPK,28,17,6,2,97,52,3,0,322,197,253,313,320,-69,-35,3,2
19516,ZNF700,61,27,8,2,65,36,5,1,322,196,259,309,319,-4,-9,3,1
48,ABCB7,56,32,8,4,56,21,5,1,322,210,269,309,317,0,11,3,3
17306,TMLHE,76,33,6,3,50,28,3,1,322,196,261,313,318,26,5,3,2
3321,CNMD,52,43,13,9,59,48,10,5,322,211,231,299,308,-7,-5,3,4
3323,CNN2,67,34,10,8,50,33,7,4,322,205,255,305,310,17,1,3,4
18829,XKR6,84,53,8,4,54,33,5,1,322,184,236,309,317,30,20,3,3
1311,ATP8B2,42,17,5,2,66,36,2,0,322,214,269,315,320,-24,-19,3,2
16335,SUV39H2,62,33,7,2,83,44,4,0,322,177,245,311,320,-21,-11,3,2
13539,RAB35,40,26,10,5,78,47,7,2,322,204,249,305,315,-38,-21,3,3
19650,ZNRF4,30,20,4,2,13,10,1,0,322,279,292,317,320,17,10,3,2
13516,RAB18,64,35,5,4,61,33,2,0,322,197,254,315,318,3,2,3,4
18861,YAP1,69,36,11,5,52,33,8,8,322,201,253,303,309,17,3,3,-3
19651,ZP1,72,37,9,2,49,32,6,0,322,201,253,307,320,23,5,3,2
11329,OR10A5,22,21,5,1,23,20,2,1,322,277,281,315,320,-1,1,3,0
11320,OPRK1,64,29,4,1,44,16,1,0,322,214,277,317,321,20,13,3,1
3464,COPS4,65,36,7,3,51,25,4,0,322,206,261,311,319,14,11,3,3
309,ADCY4,47,34,10,1,47,31,7,2,322,228,257,305,319,0,3,3,-1
17610,TRAPPC2B,64,31,11,4,83,48,8,4,322,175,243,303,314,-19,-17,3,0
11313,OPN1MW2,12,12,3,1,2,2,0,0,322,308,308,319,321,10,10,3,1
650,ANAPC16,61,32,5,3,40,17,2,0,322,221,273,315,319,21,15,3,3
11309,OPHN1,54,25,8,2,44,19,5,1,322,224,278,309,319,10,6,3,1
1654,BRD3OS,43,22,5,2,82,42,2,0,322,197,258,315,320,-39,-20,3,2
1737,BZW2,48,34,5,1,54,24,2,0,322,220,264,315,321,-6,10,3,1
18894,YTHDC2,46,22,8,2,62,33,5,0,322,214,267,309,320,-16,-11,3,2
3470,COPS9,62,32,10,8,41,17,7,3,322,219,273,305,311,21,15,3,5
1735,BYSL,51,30,9,6,50,30,6,0,322,221,262,307,316,1,0,3,6
13530,RAB29,59,27,5,3,51,22,2,0,322,212,273,315,319,8,5,3,3
11301,OOSP2,15,12,6,2,15,14,3,2,322,292,296,313,318,0,-2,3,0
16404,SYT16,105,64,6,1,25,13,3,2,322,192,245,313,319,80,51,3,-1
11294,OMG,49,33,7,5,46,30,4,4,322,227,259,311,313,3,3,3,1
1726,BTRC,50,29,7,3,100,52,4,0,322,172,241,311,319,-50,-23,3,3
11292,OMA1,70,40,9,1,76,34,6,2,322,176,248,307,319,-6,6,3,-1
15568,SMIM10L2A,40,19,4,0,51,28,1,0,322,231,275,317,322,-11,-9,3,0
13536,RAB33A,79,63,16,6,97,65,13,4,322,146,194,293,312,-18,-2,3,2
13637,RALGPS2,75,43,5,2,93,49,2,0,322,154,230,315,320,-18,-6,3,2
1663,BRI3BP,38,22,4,2,93,33,1,0,322,191,267,317,320,-55,-11,3,2
2661,CDC25C,52,33,5,2,75,41,2,0,322,195,248,315,320,-23,-8,3,2
2602,CD33,78,53,10,2,81,51,7,2,322,163,218,305,318,-3,2,3,0
11369,OR11L1,10,8,3,0,8,8,0,0,322,304,306,319,322,2,0,3,0
19639,ZNF98,52,33,11,2,63,38,8,2,322,207,251,303,318,-11,-5,3,0
795,AOPEP,98,54,8,4,59,34,5,1,322,165,234,309,317,39,20,3,3
17512,TPSAB1,35,26,5,3,11,10,2,1,322,276,286,315,318,24,16,3,2
2666,CDC37L1,69,34,8,1,71,46,5,0,322,182,242,309,321,-2,-12,3,1
11428,OR2AG1,69,31,3,1,26,8,0,0,322,227,283,319,321,43,23,3,1
11425,OR2A5,63,26,3,0,43,20,0,0,322,216,276,319,322,20,6,3,0
15506,SLITRK5,61,26,3,0,40,12,0,0,322,221,284,319,322,21,14,3,0
19638,ZNF93,60,34,13,5,84,54,10,3,322,178,234,299,314,-24,-20,3,2
832,APBB2,62,35,6,2,65,33,3,0,322,195,254,313,320,-3,2,3,2
13662,RAP2B,58,32,4,2,77,41,1,0,322,187,249,317,320,-19,-9,3,2
532,ALAD,64,39,10,3,75,41,7,0,322,183,242,305,319,-11,-2,3,3
826,APAF1,55,33,3,1,60,31,0,0,322,207,258,319,321,-5,2,3,1
15726,SOAT1,57,26,4,1,62,28,1,0,322,203,268,317,321,-5,-2,3,1
15725,SNX9,61,29,6,2,63,32,3,0,322,198,261,313,320,-2,-3,3,2
18355,UPK1B,111,59,8,1,48,26,5,1,322,163,237,309,320,63,33,3,0
1753,C11orf24,45,23,7,3,73,51,4,1,322,204,248,311,318,-28,-28,3,2
18110,TUT1,71,42,14,7,92,45,11,2,322,159,235,297,313,-21,-3,3,5
19641,ZNFX1,45,21,5,1,102,62,2,1,322,175,239,315,320,-57,-41,3,0
15518,SLX4,46,26,6,2,61,33,3,0,322,215,263,313,320,-15,-7,3,2
13510,RAB11FIP5,42,24,7,2,85,48,4,1,322,195,250,311,319,-43,-24,3,1
16,AAMDC,67,37,7,2,56,21,4,2,322,199,264,311,318,11,16,3,0
13512,RAB13,58,35,9,4,55,31,6,5,322,209,256,307,313,3,4,3,-1
19647,ZNRF1,46,35,9,5,89,45,6,0,322,187,242,307,317,-43,-10,3,5
11383,OR13J1,14,12,4,2,9,7,1,0,322,299,303,317,320,5,5,3,2
19649,ZNRF3,33,21,6,2,87,49,3,1,322,202,252,313,319,-54,-28,3,1
15531,SMARCA1,48,31,6,2,60,33,3,1,322,214,258,313,319,-12,-2,3,1
17546,TRAJ13,3,3,3,3,0,0,0,0,322,319,319,319,319,3,3,3,3
11288,OLIG1,54,41,5,2,25,13,2,0,322,243,268,315,320,29,28,3,2
11286,OLFML2B,91,63,8,1,76,46,5,1,322,155,213,309,320,15,17,3,0
1856,C1GALT1C1,63,32,7,4,104,49,4,2,322,155,241,311,316,-41,-17,3,2
17639,TRAV23DV6,3,3,3,0,0,0,0,0,322,319,319,319,322,3,3,3,0
13567,RAB5IF,57,35,8,3,49,28,5,2,322,216,259,309,317,8,7,3,1
18328,UNC119B,41,19,7,2,88,47,4,0,322,193,256,311,320,-47,-28,3,2
15620,SMPD2,53,31,12,3,84,47,9,1,322,185,244,301,318,-31,-16,3,2
16391,SYNRG,68,37,6,2,55,30,3,1,322,199,255,313,319,13,7,3,1
11226,NYX,32,16,3,0,38,21,0,0,322,252,285,319,322,-6,-5,3,0
15674,SNRPA,89,50,5,2,33,18,2,2,322,200,254,315,318,56,32,3,0
16389,SYNPO2L,91,44,5,2,48,32,2,0,322,183,246,315,320,43,12,3,2
1347,AVL9,42,22,5,1,74,39,2,0,322,206,261,315,321,-32,-17,3,1
17694,TRBV15,6,6,6,0,3,3,3,1,322,313,313,313,321,3,3,3,-1
649,ANAPC15,45,29,6,6,48,22,3,0,322,229,271,313,316,-3,7,3,6
13616,RAD9B,85,43,5,1,50,16,2,0,322,187,263,315,321,35,27,3,1
1675,BRPF1,63,28,7,3,61,36,4,1,322,198,258,311,318,2,-8,3,2
11216,NXPE4,23,20,6,1,17,6,3,0,322,282,296,313,321,6,14,3,1
11215,NXPE3,43,19,4,2,63,32,1,0,322,216,271,317,320,-20,-13,3,2
17706,TRBV28,7,7,7,4,5,4,4,1,322,310,311,311,317,2,3,3,3
11213,NXPE1,38,24,8,3,21,12,5,2,322,263,286,309,317,17,12,3,1
15638,SMYD3,51,28,7,1,60,30,4,2,322,211,264,311,319,-9,-2,3,-1
17709,TRBV30,31,24,20,7,27,22,17,7,322,264,276,285,308,4,2,3,0
304,ADCK5,40,23,8,5,97,65,5,2,322,185,234,309,315,-57,-42,3,3
16384,SYNJ2BP,54,27,5,2,66,27,2,0,322,202,268,315,320,-12,0,3,2
806,AP2A1,43,24,8,6,69,33,5,1,322,210,265,309,315,-26,-9,3,5
1341,AURKAIP1,53,29,10,8,52,28,7,2,322,217,265,305,312,1,1,3,6
13610,RAD51D,57,34,7,2,63,28,4,0,322,202,260,311,320,-6,6,3,2
11202,NUTM2G,45,28,10,4,56,35,7,4,322,221,259,305,314,-11,-7,3,0
17722,TRBV6-6,13,13,12,7,9,9,9,4,322,300,300,301,311,4,4,3,3
804,AP1S2,59,39,5,4,61,30,2,0,322,202,253,315,318,-2,9,3,4
2625,CD63,48,27,10,8,54,30,7,1,322,220,265,305,313,-6,-3,3,7
16372,SYNDIG1L,52,29,6,1,35,17,3,0,322,235,276,313,321,17,12,3,1
15617,SMOC2,47,32,5,2,45,26,2,2,322,230,264,315,318,2,6,3,0
18331,UNC13C,58,28,3,0,29,10,0,0,322,235,284,319,322,29,18,3,0
15688,SNTB2,95,47,5,2,30,11,2,0,322,197,264,315,320,65,36,3,2
2654,CDC14C,96,49,6,1,40,23,3,0,322,186,250,313,321,56,26,3,1
17646,TRAV3,8,8,6,0,5,5,3,1,322,309,309,313,321,3,3,3,-1
3477,COQ4,53,27,9,7,66,32,6,1,322,203,263,307,314,-13,-5,3,6
18092,TUBG1,39,25,7,4,69,37,4,3,322,214,260,311,315,-30,-12,3,1
18344,UNC93B1,48,31,11,2,98,58,8,3,322,176,233,303,317,-50,-27,3,-1
15578,SMIM19,68,48,10,3,87,50,7,2,322,167,224,305,317,-19,-2,3,1
17652,TRAV39,9,9,9,4,9,6,6,6,322,304,307,307,312,0,3,3,-2
16395,SYS1,73,38,5,2,54,27,2,1,322,195,257,315,319,19,11,3,1
13634,RALGAPB,48,26,6,2,52,39,3,1,322,222,257,313,319,-4,-13,3,1
11272,OGFRL1,34,23,6,4,90,41,3,0,322,198,258,313,318,-56,-18,3,4
3482,COQ8B,56,27,9,6,70,42,6,3,322,196,253,307,313,-14,-15,3,3
15583,SMIM23,21,20,5,0,13,10,2,0,322,288,292,315,322,8,10,3,0
13553,RAB40A,105,66,10,4,63,34,7,2,322,154,222,305,316,42,32,3,2
11239,OBP2B,16,16,9,0,12,12,6,1,322,294,294,307,321,4,4,3,-1
15588,SMIM29,65,42,12,7,82,41,9,3,322,175,239,301,312,-17,1,3,4
16368,SYN3,87,48,7,2,43,23,4,1,322,192,251,311,319,44,25,3,1
1707,BTD,47,25,7,3,58,23,4,2,322,217,274,311,317,-11,2,3,1
2651,CDC123,49,36,9,5,62,31,6,1,322,211,255,307,316,-13,5,3,4
17746,TREH,70,50,10,3,62,33,7,1,322,190,239,305,318,8,17,3,2
15681,SNRPD3,57,33,6,3,47,23,3,3,322,218,266,313,316,10,10,3,0
18323,UMAD1,65,38,9,1,50,28,6,2,322,207,256,307,319,15,10,3,-1
13629,RALA,63,36,5,1,49,29,2,0,322,210,257,315,321,14,7,3,1
16393,SYPL1,47,21,7,2,89,42,4,1,322,186,259,311,319,-42,-21,3,1
17658,TRAV7,3,3,3,1,0,0,0,0,322,319,319,319,321,3,3,3,1
11243,OCA2,43,25,5,2,39,21,2,0,322,240,276,315,320,4,4,3,2
17659,TRAV8-1,8,8,7,1,4,4,4,1,322,310,310,311,320,4,4,3,0
17508,TPRG1L,65,35,6,2,69,34,3,0,322,188,253,313,320,-4,1,3,2
18372,UQCRFS1,37,23,6,3,84,44,3,2,322,201,255,313,317,-47,-21,3,1
11451,OR2J2,73,46,5,1,50,25,2,0,322,199,251,315,321,23,21,3,1
1764,C11orf80,68,41,7,6,59,32,4,2,322,195,249,311,314,9,9,3,4
2578,CD207,39,18,3,0,33,16,0,0,322,250,288,319,322,6,2,3,0
11758,OSTF1,59,28,7,2,58,27,4,1,322,205,267,311,319,1,1,3,1
15306,SLC35A3,58,38,5,2,58,25,2,0,322,206,259,315,320,0,13,3,2
1824,C17orf50,60,49,13,4,52,38,10,4,322,210,235,299,314,8,11,3,0
1823,C17orf49,74,50,11,7,62,26,8,4,322,186,246,303,311,12,24,3,3
1631,BPI,33,24,5,2,26,14,2,0,322,263,284,315,320,7,10,3,2
15318,SLC35E1,46,26,7,5,64,26,4,3,322,212,270,311,314,-18,0,3,2
11740,OSBPL5,54,27,11,2,103,58,8,3,322,165,237,303,317,-49,-31,3,-1
2689,CDCA7L,39,22,11,6,105,62,8,1,322,178,238,303,315,-66,-40,3,5
33,ABCA13,81,31,4,0,50,25,1,0,322,191,266,317,322,31,6,3,0
19595,ZNF800,80,54,10,5,72,34,7,2,322,170,234,305,315,8,20,3,3
16339,SV2C,90,47,3,0,39,18,0,0,322,193,257,319,322,51,29,3,0
15338,SLC37A1,49,33,9,0,101,54,6,1,322,172,235,307,321,-52,-21,3,-1
11730,ORMDL2,44,30,8,2,71,42,5,4,322,207,250,309,316,-27,-12,3,-2
19601,ZNF813,70,43,9,2,72,31,6,0,322,180,248,307,320,-2,12,3,2
17426,TOLLIP,42,23,11,10,88,41,8,0,322,192,258,303,312,-46,-18,3,10
11720,ORAI3,59,32,9,2,105,66,6,1,322,158,224,307,319,-46,-34,3,1
3436,COLEC12,78,37,5,1,47,18,2,0,322,197,267,315,321,31,19,3,1
13459,PXMP4,58,32,5,1,66,25,2,2,322,198,265,315,319,-8,7,3,-1
11699,OR8H2,70,36,3,1,37,16,0,0,322,215,270,319,321,33,20,3,1
17433,TOMM34,55,31,7,2,55,36,4,1,322,212,255,311,319,0,-5,3,1
15342,SLC38A1,31,19,4,1,79,32,1,0,322,212,271,317,321,-48,-13,3,1
18288,UGT1A1,76,40,4,0,44,13,1,0,322,202,269,317,322,32,27,3,0
11698,OR8H1,92,53,3,1,34,15,0,0,322,196,254,319,321,58,38,3,1
15352,SLC38A9,74,46,9,1,58,40,6,1,322,190,236,307,320,16,6,3,0
15353,SLC39A1,41,24,8,4,70,37,5,4,322,211,261,309,314,-29,-13,3,0
15360,SLC39A3,66,48,10,7,72,43,7,3,322,184,231,305,312,-6,5,3,4
1828,C17orf75,61,29,6,2,64,21,3,1,322,197,272,313,319,-3,8,3,1
1313,ATP8B4,84,56,14,4,73,44,11,2,322,165,222,297,316,11,12,3,2
15300,SLC33A1,78,44,7,3,47,26,4,0,322,197,252,311,319,31,18,3,3
17389,TNIP3,77,37,4,0,67,35,1,0,322,178,250,317,322,10,2,3,0
18963,ZBTB8B,97,46,5,1,24,12,2,0,322,201,264,315,321,73,34,3,1
18961,ZBTB7C,68,58,28,7,94,69,25,5,322,160,195,269,310,-26,-11,3,2
15234,SLC25A4,37,24,7,5,84,45,4,0,322,201,253,311,317,-47,-21,3,5
13417,PTPRT,20,14,3,3,13,10,0,0,322,289,298,319,319,7,4,3,3
19580,ZNF782,68,42,4,2,69,37,1,0,322,185,243,317,320,-1,5,3,2
15783,SP140,64,37,10,2,79,53,7,0,322,179,232,305,320,-15,-16,3,2
1623,BORCS5,68,28,6,4,80,46,3,0,322,174,248,313,318,-12,-18,3,4
3399,COL19A1,41,31,9,1,34,23,6,2,322,247,268,307,319,7,8,3,-1
535,ALB,52,39,8,3,36,29,5,1,322,234,254,309,318,16,10,3,2
17388,TNIP2,57,25,9,3,49,27,6,2,322,216,270,307,317,8,-2,3,1
1842,C19orf33,48,35,28,21,45,34,25,15,322,229,253,269,286,3,1,3,6
15255,SLC26A6,53,32,7,2,71,37,4,2,322,198,253,311,318,-18,-5,3,0
15257,SLC26A8,92,43,5,0,44,25,2,2,322,186,254,315,320,48,18,3,-2
13441,PUS7L,64,43,5,2,78,38,2,0,322,180,241,315,320,-14,5,3,2
13424,PTTG1,43,25,9,5,72,40,6,2,322,207,257,307,315,-29,-15,3,3
13708,RASSF2,55,27,10,5,71,38,7,2,322,196,257,305,315,-16,-11,3,3
2573,CD1E,18,13,4,0,10,8,1,0,322,294,301,317,322,8,5,3,0
11787,OVCA2,47,32,15,8,57,32,12,10,322,218,258,295,304,-10,0,3,-2
11785,OTX1,60,40,13,4,133,81,10,2,322,129,201,299,316,-73,-41,3,2
11784,OTULINL,57,32,3,0,85,30,0,0,322,180,260,319,322,-28,2,3,0
3414,COL4A2,53,32,13,7,95,74,10,3,322,174,216,299,312,-42,-42,3,4
18953,ZBTB46,59,34,8,2,99,55,5,1,322,164,233,309,319,-40,-21,3,1
15279,SLC2A3,93,60,7,3,73,40,4,0,322,156,222,311,319,20,20,3,3
1834,C18orf21,68,43,11,5,67,42,8,1,322,187,237,303,316,1,1,3,4
14877,SEZ6L2,76,42,9,3,57,32,6,5,322,189,248,307,314,19,10,3,-2
15295,SLC30A8,52,26,4,1,27,11,1,0,322,243,285,317,321,25,15,3,1
18391,USH1C,49,28,3,1,51,27,0,0,322,222,267,319,321,-2,1,3,1
780,ANXA13,55,41,8,1,33,25,5,1,322,234,256,309,320,22,16,3,0
11682,OR7E24,90,60,14,2,67,41,11,2,322,165,221,297,318,23,19,3,0
18083,TUBB2B,67,45,13,7,96,60,10,3,322,159,217,299,312,-29,-15,3,4
13476,PYROXD1,54,37,6,1,72,26,3,0,322,196,259,313,321,-18,11,3,1
17480,TPBG,108,58,7,0,46,36,4,0,322,168,228,311,322,62,22,3,0
1321,ATRIP,44,24,6,2,92,52,3,0,322,186,246,313,320,-48,-28,3,2
22,AARS2,39,22,7,3,75,29,4,1,322,208,271,311,318,-36,-7,3,2
15452,SLC7A5,56,29,5,3,72,32,2,0,322,194,261,315,319,-16,-3,3,3
15453,SLC7A6,53,28,8,3,65,29,5,2,322,204,265,309,317,-12,-1,3,1
18082,TUBB2A,74,47,12,9,74,38,9,2,322,174,237,301,311,0,9,3,7
18852,XRN1,83,43,5,1,61,28,2,0,322,178,251,315,321,22,15,3,1
18853,XRN2,49,25,6,3,59,34,3,1,322,214,263,313,318,-10,-9,3,2
18379,URGCP,62,35,11,3,78,48,8,0,322,182,239,303,319,-16,-13,3,3
11526,OR4K5,13,12,4,0,9,7,1,0,322,300,303,317,322,4,5,3,0
15465,SLC9A3R1,88,55,7,5,63,28,4,1,322,171,239,311,316,25,27,3,4
15470,SLC9A7,41,24,4,1,40,13,1,1,322,241,285,317,320,1,11,3,0
13474,PYHIN1,92,50,6,0,63,37,3,1,322,167,235,313,321,29,13,3,-1
17498,TPMT,50,28,5,2,36,15,2,1,322,236,279,315,319,14,13,3,1
654,ANAPC7,51,28,6,3,67,39,3,0,322,204,255,313,319,-16,-11,3,3
278,ADAMTS18,28,13,5,3,33,15,2,2,322,261,294,315,317,-5,-2,3,1
782,ANXA2R,94,53,9,2,78,49,6,1,322,150,220,307,319,16,4,3,1
15471,SLC9A8,48,26,6,1,82,50,3,1,322,192,246,313,320,-34,-24,3,0
1642,BPNT2,61,31,6,3,54,20,3,1,322,207,271,313,318,7,11,3,2
11484,OR2Y1,22,22,4,1,7,5,1,0,322,293,295,317,321,15,17,3,1
15475,SLC9C1,35,22,3,2,29,16,0,0,322,258,284,319,320,6,6,3,2
11468,OR2T12,85,44,6,1,34,16,3,1,322,203,262,313,320,51,28,3,0
787,ANXA7,38,25,7,3,100,52,4,2,322,184,245,311,317,-62,-27,3,1
2589,CD28,72,42,5,0,41,17,2,0,322,209,263,315,322,31,25,3,0
17502,TPPP,62,34,7,1,62,28,4,3,322,198,260,311,318,0,6,3,-2
13674,RARB,67,35,5,0,81,49,2,0,322,174,238,315,322,-14,-14,3,0
19623,ZNF850,86,50,6,1,55,37,3,1,322,181,235,313,320,31,13,3,0
15365,SLC39A8,39,21,4,0,61,23,1,0,322,222,278,317,322,-22,-2,3,0
16341,SVEP1,43,22,3,0,35,14,0,0,322,244,286,319,322,8,8,3,0
11668,OR6P1,6,5,3,0,5,2,0,0,322,311,315,319,322,1,3,3,0
502,AKAP5,87,44,4,1,36,15,1,0,322,199,263,317,321,51,29,3,1
3439,COLQ,100,63,6,1,62,36,3,0,322,160,223,313,321,38,27,3,1
18845,XPR1,51,28,7,2,62,22,4,0,322,209,272,311,320,-11,6,3,2
1635,BPIFB1,32,25,6,1,29,19,3,1,322,261,278,313,320,3,6,3,0
13464,PYCR1,69,35,9,5,56,35,6,2,322,197,252,307,315,13,0,3,3
1798,C15orf39,63,44,13,4,117,72,10,3,322,142,206,299,315,-54,-28,3,1
15392,SLC49A4,51,26,6,3,72,33,3,0,322,199,263,313,319,-21,-7,3,3
15394,SLC4A10,32,18,5,1,22,10,2,2,322,268,294,315,319,10,8,3,-1
15395,SLC4A11,79,56,16,7,88,62,13,4,322,155,204,293,311,-9,-6,3,3
17445,TOP3A,59,37,8,4,57,34,5,0,322,206,251,309,318,2,3,3,4
17449,TOPORS,59,34,6,0,78,37,3,0,322,185,251,313,322,-19,-3,3,0
11621,OR5H15,11,9,3,2,7,6,0,0,322,304,307,319,320,4,3,3,2
11584,OR52N1,82,43,5,0,32,15,2,1,322,208,264,315,321,50,28,3,-1
11611,OR5BS1P,13,13,4,3,10,10,1,1,322,299,299,317,318,3,3,3,2
13679,RARS2,54,29,7,3,65,25,4,1,322,203,268,311,318,-11,4,3,2
17802,TRIM37,58,30,7,6,71,31,4,0,322,193,261,311,316,-13,-1,3,6
13675,RARG,44,19,8,4,96,41,5,1,322,182,262,309,317,-52,-22,3,3
15418,SLC5A6,44,27,8,5,78,40,5,0,322,200,255,309,317,-34,-13,3,5
11605,OR5AU1,84,41,4,0,27,12,1,0,322,211,269,317,322,57,29,3,0
15742,SOHLH2,78,46,10,0,56,28,7,1,322,188,248,305,321,22,18,3,-1
17465,TP53I11,51,38,15,9,96,60,12,4,322,175,224,295,309,-45,-22,3,5
13472,PYGO1,64,28,4,1,60,32,1,1,322,198,262,317,320,4,-4,3,0
18302,UGT2B15,87,44,5,1,31,22,2,1,322,204,256,315,320,56,22,3,0
11603,OR5AR1,8,8,3,0,3,2,0,0,322,311,312,319,322,5,6,3,0
17475,TP53TG3E,11,11,5,4,12,10,2,1,322,299,301,315,317,-1,1,3,3
1997,C5orf15,51,27,6,3,80,38,3,0,322,191,257,313,319,-29,-11,3,3
13855,REG4,40,32,4,0,27,22,1,0,322,255,268,317,322,13,10,3,0
19002,ZCCHC9,87,35,5,2,55,27,2,0,322,180,260,315,320,32,8,3,2
13138,PROZ,49,31,9,4,39,25,6,4,322,234,266,307,314,10,6,3,0
16116,ST3GAL4,35,24,8,4,107,67,5,1,322,180,231,309,317,-72,-43,3,3
17964,TSPAN32,49,44,12,5,32,28,9,7,322,241,250,301,310,17,16,3,-2
2242,CASP8AP2,55,26,6,1,71,40,3,0,322,196,256,313,321,-16,-14,3,1
14407,RTKN2,46,23,6,1,72,37,3,0,322,204,262,313,321,-26,-14,3,1
19257,ZNF331,85,36,5,2,47,21,2,1,322,190,265,315,319,38,15,3,1
17957,TSPAN16,31,30,10,4,26,26,7,0,322,265,266,305,318,5,4,3,4
14109,RNF138,58,30,9,2,78,42,6,1,322,186,250,307,319,-20,-12,3,1
19100,ZKSCAN1,59,29,7,5,72,25,4,0,322,191,268,311,317,-13,4,3,5
12687,PNMA5,21,13,4,0,28,17,1,0,322,273,292,317,322,-7,-4,3,0
14103,RNF126,43,19,8,4,90,51,5,0,322,189,252,309,318,-47,-32,3,4
2422,CCDC66,52,23,7,1,72,45,4,1,322,198,254,311,320,-20,-22,3,0
16655,TCEANC2,79,42,6,3,57,26,3,0,322,186,254,313,319,22,16,3,3
16654,TCEANC,111,53,6,2,57,28,3,0,322,154,241,313,320,54,25,3,2
16242,STRN4,45,21,8,4,53,29,5,5,322,224,272,309,313,-8,-8,3,-1
16881,THEM4,50,30,6,3,59,22,3,0,322,213,270,313,319,-9,8,3,3
16111,ST20,104,63,11,4,61,37,8,4,322,157,222,303,314,43,26,3,0
3044,CHN2,103,76,18,10,66,42,15,10,322,153,204,289,302,37,34,3,0
16645,TCEAL1,57,31,6,2,84,46,3,2,322,181,245,313,318,-27,-15,3,0
3045,CHODL,68,32,5,0,68,37,2,0,322,186,253,315,322,0,-5,3,0
14430,RTP5,26,15,3,0,14,10,0,0,322,282,297,319,322,12,5,3,0
16107,SSX7,32,26,6,1,41,32,3,0,322,249,264,313,321,-9,-6,3,1
16886,THG1L,74,32,5,0,49,26,2,1,322,199,264,315,321,25,6,3,-1
16101,SSX2B,83,71,11,4,62,51,8,5,322,177,200,303,313,21,20,3,-1
19092,ZIC1,41,27,9,5,46,34,6,1,322,235,261,307,316,-5,-7,3,4
17955,TSPAN14,49,24,8,7,79,36,5,0,322,194,262,309,315,-30,-12,3,7
14436,RUFY2,53,26,7,5,78,31,4,0,322,191,265,311,317,-25,-5,3,5
18170,UBA6,42,23,6,2,76,38,3,1,322,204,261,313,319,-34,-15,3,1
16665,TCF25,50,29,6,4,57,29,3,2,322,215,264,313,316,-7,0,3,2
1408,BAD,67,40,15,10,72,33,12,6,322,183,249,295,306,-5,7,3,4
1467,BCCIP,57,34,7,3,44,20,4,1,322,221,268,311,318,13,14,3,2
16128,ST7L,78,41,5,1,56,32,2,0,322,188,249,315,321,22,9,3,1
14350,RRAGB,67,37,8,5,73,38,5,2,322,182,247,309,315,-6,-1,3,3
12748,POLQ,81,48,3,0,36,16,0,0,322,205,258,319,322,45,32,3,0
19107,ZMAT1,94,44,6,1,52,25,3,1,322,176,253,313,320,42,19,3,0
14123,RNF165,91,50,6,2,53,28,3,2,322,178,244,313,318,38,22,3,0
14355,RRBP1,56,34,8,4,64,37,5,2,322,202,251,309,316,-8,-3,3,2
18018,TTC27,69,38,7,3,73,40,4,0,322,180,244,311,319,-4,-2,3,3
12738,POLE3,43,21,4,2,56,34,1,1,322,223,267,317,319,-13,-13,3,1
17965,TSPAN33,47,25,4,2,72,25,1,0,322,203,272,317,320,-25,0,3,2
3015,CHERP,39,23,9,3,78,44,6,2,322,205,255,307,317,-39,-21,3,1
16849,TGIF2LX,26,23,6,2,23,19,3,0,322,273,280,313,320,3,4,3,2
14358,RRM1,37,22,8,3,54,33,5,0,322,231,267,309,319,-17,-11,3,3
16675,TCIM,62,40,14,3,85,64,11,1,322,175,218,297,318,-23,-24,3,2
17729,TRBV7-6,10,10,9,4,7,6,6,2,322,305,306,307,316,3,4,3,2
19255,ZNF329,50,30,4,2,57,27,1,1,322,215,265,317,319,-7,3,3,1
12730,POLD1,55,33,6,3,60,34,3,1,322,207,255,313,318,-5,-1,3,2
1136,ASCL2,40,25,6,0,45,24,3,1,322,237,273,313,321,-5,1,3,-1
18751,WFDC5,28,24,8,3,17,16,5,2,322,277,282,309,317,11,8,3,1
2265,CAV3,48,42,13,3,32,24,10,5,322,242,256,299,314,16,18,3,-2
12725,POGLUT3,40,21,4,1,58,34,1,0,322,224,267,317,321,-18,-13,3,1
12721,POFUT2,64,27,7,6,62,30,4,1,322,196,265,311,315,2,-3,3,5
16668,TCF7,72,47,12,5,73,34,9,3,322,177,241,301,314,-1,13,3,2
14116,RNF146,88,50,13,5,70,41,10,0,322,164,231,299,317,18,9,3,5
148,ACER3,57,35,4,2,62,22,1,0,322,203,265,317,320,-5,13,3,2
14114,RNF144B,105,57,4,1,48,17,1,1,322,169,248,317,320,57,40,3,0
2253,CATIP,29,19,7,2,46,35,4,0,322,247,268,311,320,-17,-16,3,2
2251,CASZ1,73,32,6,0,64,25,3,0,322,185,265,313,322,9,7,3,0
16632,TBX6,81,46,8,1,62,37,5,1,322,179,239,309,320,19,9,3,0
16895,THOP1,40,26,11,8,87,39,8,2,322,195,257,303,312,-47,-13,3,6
3050,CHPF2,53,34,10,6,83,47,7,1,322,186,241,305,315,-30,-13,3,5
1482,BCL2L13,38,23,6,3,79,41,3,1,322,205,258,313,318,-41,-18,3,2
14065,RMND5B,49,32,8,7,62,33,5,1,322,211,257,309,314,-13,-1,3,6
2845,CENPO,37,22,5,1,57,32,2,0,322,228,268,315,321,-20,-10,3,1
19284,ZNF385A,65,31,6,2,47,16,3,3,322,210,275,313,317,18,15,3,-1
2437,CCDC82,56,28,4,1,65,35,1,0,322,201,259,317,321,-9,-7,3,1
16946,TIMM50,45,25,7,2,51,21,4,3,322,226,276,311,317,-6,4,3,-1
18766,WIZ,54,26,9,6,59,32,6,2,322,209,264,307,314,-5,-6,3,4
16947,TIMM8A,58,36,8,1,74,39,5,0,322,190,247,309,321,-16,-3,3,1
12580,PLEKHG1,78,47,8,4,71,38,5,1,322,173,237,309,317,7,9,3,3
19285,ZNF385B,67,45,15,4,75,50,12,3,322,180,227,295,315,-8,-5,3,1
16948,TIMM8B,52,30,10,6,54,27,7,1,322,216,265,305,315,-2,3,3,5
14484,S100A8,18,16,11,4,13,12,8,2,322,291,294,303,316,5,4,3,2
17941,TSHZ3,50,22,13,3,70,43,10,5,322,202,257,299,314,-20,-21,3,-2
18630,VTA1,53,25,8,2,67,37,5,1,322,202,260,309,319,-14,-12,3,1
16937,TIMM17A,60,28,6,3,64,41,3,1,322,198,253,313,318,-4,-13,3,2
16069,SSBP2,64,32,7,4,64,28,4,0,322,194,262,311,318,0,4,3,4
16068,SSBP1,51,33,6,4,56,32,3,2,322,215,257,313,316,-5,1,3,2
13127,PROKR2,69,35,4,1,36,14,1,1,322,217,273,317,320,33,21,3,0
16949,TIMM9,49,23,9,5,72,38,6,3,322,201,261,307,314,-23,-15,3,2
12567,PLEKHA1,58,28,6,1,54,27,3,0,322,210,267,313,321,4,1,3,1
14060,RMDN3,52,25,8,5,61,35,5,2,322,209,262,309,315,-9,-10,3,3
14056,RLN3,40,39,14,3,48,46,11,2,322,234,237,297,317,-8,-7,3,1
18615,VSIG10L,59,32,5,2,65,25,2,1,322,198,265,315,319,-6,7,3,1
14053,RLIM,39,21,8,2,57,28,5,1,322,226,273,309,319,-18,-7,3,1
1091,ARSD,42,21,6,3,65,34,3,1,322,215,267,313,318,-23,-13,3,2
2192,CAPN6,32,15,3,1,33,13,0,0,322,257,294,319,321,-1,2,3,1
724,ANKRD36B,73,41,7,3,83,46,4,0,322,166,235,311,319,-10,-5,3,3
14480,S100A6,39,20,6,4,46,26,3,1,322,237,276,313,317,-7,-6,3,3
14081,RNASEH2C,63,35,7,3,55,25,4,1,322,204,262,311,318,8,10,3,2
19262,ZNF33A,47,23,5,1,59,35,2,0,322,216,264,315,321,-12,-12,3,1
14446,RUSC1,52,26,7,2,60,26,4,2,322,210,270,311,318,-8,0,3,0
16244,STT3A,66,36,6,6,41,27,3,1,322,215,259,313,315,25,9,3,5
16630,TBX4,67,41,7,0,56,33,4,1,322,199,248,311,321,11,8,3,-1
12655,PM20D1,52,33,7,1,46,19,4,1,322,224,270,311,320,6,14,3,0
19264,ZNF34,88,47,6,4,48,18,3,0,322,186,257,313,318,40,29,3,4
3057,CHRM1,72,43,15,5,68,46,12,1,322,182,233,295,316,4,-3,3,4
3060,CHRM4,76,58,15,3,97,58,12,6,322,149,206,295,313,-21,0,3,-3
336,ADGRF4,81,51,9,2,53,30,6,1,322,188,241,307,319,28,21,3,1
19270,ZNF35,77,53,7,1,59,35,4,1,322,186,234,311,320,18,18,3,0
3061,CHRM5,85,54,7,2,54,24,4,1,322,183,244,311,319,31,30,3,1
12639,PLSCR3,57,32,8,3,81,40,5,4,322,184,250,309,315,-24,-8,3,-1
16910,THY1,57,34,6,3,61,36,3,0,322,204,252,313,319,-4,-2,3,3
2424,CCDC69,67,38,11,4,89,45,8,0,322,166,239,303,318,-22,-7,3,4
2224,CARS2,41,26,10,7,89,49,7,0,322,192,247,305,315,-48,-23,3,7
14462,RXRG,43,23,3,1,34,14,0,0,322,245,285,319,321,9,9,3,1
14453,RWDD2B,52,29,5,1,68,31,2,1,322,202,262,315,320,-16,-2,3,0
1104,ARV1,70,37,7,1,75,38,4,1,322,177,247,311,320,-5,-1,3,0
16919,TICRR,73,51,7,4,57,25,4,2,322,192,246,311,316,16,26,3,2
18763,WIPF3,61,33,6,2,58,31,3,1,322,203,258,313,319,3,2,3,1
16920,TIE1,56,31,5,0,48,32,2,0,322,218,259,315,322,8,-1,3,0
12626,PLPP5,64,28,6,4,49,23,3,0,322,209,271,313,318,15,5,3,4
2858,CEP112,66,36,8,3,50,25,5,1,322,206,261,309,318,16,11,3,2
19084,ZG16B,93,65,18,3,52,41,15,3,322,177,216,289,316,41,24,3,0
2855,CENPW,55,33,9,5,66,38,6,2,322,201,251,307,315,-11,-5,3,3
12619,PLP1,74,47,12,6,45,29,9,2,322,203,246,301,314,29,18,3,4
137,ACBD4,58,27,6,3,82,44,3,1,322,182,251,313,318,-24,-17,3,2
13098,PRKRA,34,21,7,3,82,40,4,0,322,206,261,311,319,-48,-19,3,3
14124,RNF166,69,37,14,7,91,47,11,1,322,162,238,297,314,-22,-10,3,6
710,ANKRD27,46,25,8,3,73,44,5,1,322,203,253,309,318,-27,-19,3,2
12760,POLR2D,49,28,3,3,61,33,0,0,322,212,261,319,319,-12,-5,3,3
1445,BBOX1,28,20,5,2,51,33,2,1,322,243,269,315,319,-23,-13,3,1
355,ADH6,42,32,8,1,25,18,5,1,322,255,272,309,320,17,14,3,0
12906,PPP1R13B,91,46,10,2,67,42,7,1,322,164,234,305,319,24,4,3,1
14262,RPL36AL,52,28,8,5,60,31,5,3,322,210,263,309,314,-8,-3,3,2
12904,PPP1R12B,104,71,14,3,61,37,11,1,322,157,214,297,318,43,34,3,2
14264,RPL37A,52,29,9,9,44,15,6,3,322,226,278,307,310,8,14,3,6
16725,TEDC2,56,40,14,7,84,50,11,6,322,182,232,297,309,-28,-10,3,1
14184,RO60,56,26,7,2,66,38,4,1,322,200,258,311,319,-10,-12,3,1
1441,BAZ2B,70,47,10,6,79,41,7,1,322,173,234,305,315,-9,6,3,5
1179,ATAD2,60,26,7,3,67,40,4,0,322,195,256,311,319,-7,-14,3,3
2947,CFAP77,43,34,9,4,69,45,6,2,322,210,243,307,316,-26,-11,3,2
16173,STEAP1,60,35,10,5,53,38,7,1,322,209,249,305,316,7,-3,3,4
2949,CFAP92,92,45,5,1,44,21,2,0,322,186,256,315,321,48,24,3,1
12893,PPM1L,90,50,7,5,69,36,4,1,322,163,236,311,316,21,14,3,4
18708,WDR5,39,22,6,3,80,40,3,0,322,203,260,313,319,-41,-18,3,3
18699,WDR41,48,26,8,6,67,28,5,0,322,207,268,309,316,-19,-2,3,6
12890,PPM1H,51,29,6,1,71,30,3,1,322,200,263,313,320,-20,-1,3,0
358,ADI1,67,40,5,2,26,12,2,0,322,229,270,315,320,41,28,3,2
18198,UBE2G2,41,24,7,2,84,34,4,1,322,197,264,311,319,-43,-10,3,1
2323,CCDC116,81,50,12,3,89,53,9,3,322,152,219,301,316,-8,-3,3,0
19173,ZNF2,65,28,5,0,59,28,2,0,322,198,266,315,322,6,0,3,0
12884,PPM1A,45,24,9,2,67,40,6,0,322,210,258,307,320,-22,-16,3,2
12877,PPIL2,46,25,8,3,88,38,5,1,322,188,259,309,318,-42,-13,3,2
2888,CEP78,50,27,6,1,52,26,3,0,322,220,269,313,321,-2,1,3,1
18006,TTC14,53,23,6,1,87,44,3,0,322,182,255,313,321,-34,-21,3,1
19175,ZNF200,93,44,5,2,53,30,2,0,322,176,248,315,320,40,14,3,2
14176,RNGTT,63,32,5,2,48,31,2,0,322,211,259,315,320,15,1,3,2
12910,PPP1R14C,52,31,8,2,45,26,5,1,322,225,265,309,319,7,5,3,1
1436,BATF3,86,52,13,4,63,39,10,2,322,173,231,299,316,23,13,3,2
16717,TEC,72,44,8,1,79,43,5,0,322,171,235,309,321,-7,1,3,1
2347,CCDC150,66,35,5,0,62,34,2,2,322,194,253,315,320,4,1,3,-2
2895,CEPT1,67,35,7,2,49,27,4,0,322,206,260,311,320,18,8,3,2
14215,RPE,64,40,7,5,55,26,4,1,322,203,256,311,316,9,14,3,4
14205,RP2,54,28,5,2,57,28,2,1,322,211,266,315,319,-3,0,3,1
14219,RPF2,71,31,6,0,50,26,3,0,322,201,265,313,322,21,5,3,0
16206,STK39,37,23,6,2,73,36,3,0,322,212,263,313,320,-36,-13,3,2
2374,CCDC181,80,54,6,2,76,48,3,0,322,166,220,313,320,4,6,3,2
16742,TENT2,65,40,6,1,65,31,3,0,322,192,251,313,321,0,9,3,1
2365,CCDC172,26,18,3,0,20,13,0,0,322,276,291,319,322,6,5,3,0
14225,RPIA,41,25,5,2,65,31,2,0,322,216,266,315,320,-24,-6,3,2
14233,RPL14,48,32,11,8,47,26,8,6,322,227,264,303,308,1,6,3,2
16205,STK38L,66,40,8,4,66,28,5,1,322,190,254,309,317,0,12,3,3
2349,CCDC152,59,34,6,3,70,36,3,0,322,193,252,313,319,-11,-2,3,3
14246,RPL26,59,37,11,7,41,19,8,2,322,222,266,303,313,18,18,3,5
16190,STK17A,59,28,7,1,76,43,4,2,322,187,251,311,319,-17,-15,3,-1
12946,PPP2R1B,42,22,5,3,65,27,2,0,322,215,273,315,319,-23,-5,3,3
14191,ROGDI,53,37,10,7,93,49,7,2,322,176,236,305,313,-40,-12,3,5
1427,BAP1,45,25,10,7,69,39,7,1,322,208,258,305,314,-24,-14,3,6
12980,PPTC7,53,29,6,0,50,37,3,0,322,219,256,313,322,3,-8,3,0
18716,WDR62,43,33,8,4,99,46,5,1,322,180,243,309,317,-56,-13,3,3
19154,ZNF157,94,62,7,1,39,22,4,0,322,189,238,311,321,55,40,3,1
12982,PPY,38,36,28,3,40,36,25,12,322,244,250,269,307,-2,0,3,-9
2342,CCDC144A,81,41,5,1,40,20,2,0,322,201,261,315,321,41,21,3,1
12922,PPP1R21,56,34,7,3,53,28,4,0,322,213,260,311,319,3,6,3,3
12921,PPP1R2,47,33,11,4,88,47,8,2,322,187,242,303,316,-41,-14,3,2
14187,ROBO3,66,31,10,3,84,47,7,0,322,172,244,305,319,-18,-16,3,3
1433,BASP1,77,47,10,8,64,34,7,0,322,181,241,305,314,13,13,3,8
360,ADIPOQ,70,34,4,0,50,26,1,0,322,202,262,317,322,20,8,3,0
16159,STARD9,53,23,6,5,80,36,3,0,322,189,263,313,317,-27,-13,3,5
19231,ZNF282,54,24,8,5,63,44,5,1,322,205,254,309,316,-9,-20,3,4
19220,ZNF273,54,32,5,1,73,33,2,0,322,195,257,315,321,-19,-1,3,1
18674,WDFY2,56,26,4,1,42,18,1,0,322,224,278,317,321,14,8,3,1
602,ALS2CL,50,30,4,2,89,51,1,0,322,183,241,317,320,-39,-21,3,2
699,ANKRD18A,55,27,4,0,81,40,1,0,322,186,255,317,322,-26,-13,3,0
17989,TSR2,46,27,5,2,50,23,2,1,322,226,272,315,319,-4,4,3,1
16220,STOML3,41,30,6,1,29,16,3,0,322,252,276,313,321,12,14,3,1
1161,ASPH,32,17,9,6,84,45,6,1,322,206,260,307,315,-52,-28,3,5
14329,RPS6KA2,53,31,12,2,89,62,9,2,322,180,229,301,318,-36,-31,3,0
17983,TSPYL1,65,29,4,3,59,22,1,0,322,198,271,317,319,6,7,3,3
3003,CHD1L,42,27,4,1,61,32,1,1,322,219,263,317,320,-19,-5,3,0
705,ANKRD20A4P,85,54,19,7,74,49,16,7,322,163,219,287,308,11,5,3,0
183,ACRV1,67,57,13,5,64,55,10,5,322,191,210,299,312,3,2,3,0
2401,CCDC32,63,35,5,3,51,26,2,0,322,208,261,315,319,12,9,3,3
16230,STRA6,89,52,8,2,74,40,5,2,322,159,230,309,318,15,12,3,0
12813,POTEE,86,59,6,0,71,43,3,1,322,165,220,313,321,15,16,3,-1
12782,POLRMT,62,38,9,6,92,44,6,2,322,168,240,307,314,-30,-6,3,4
14335,RPS6KB2,53,32,7,4,61,34,4,1,322,208,256,311,317,-8,-2,3,3
16231,STRA8,35,32,7,2,30,24,4,0,322,257,266,311,320,5,8,3,2
18750,WFDC3,92,72,26,6,75,53,23,6,322,155,197,273,310,17,19,3,0
12775,POLR3D,58,29,9,6,60,35,6,0,322,204,258,307,316,-2,-6,3,6
18016,TTC25,91,56,18,5,89,59,15,5,322,142,207,289,312,2,-3,3,0
19224,ZNF277,69,33,7,4,60,27,4,1,322,193,262,311,317,9,6,3,3
19225,ZNF28,80,44,6,2,45,25,3,2,322,197,253,313,318,35,19,3,0
1153,ASL,73,47,9,6,67,40,6,3,322,182,235,307,313,6,7,3,3
18017,TTC26,61,35,5,1,58,24,2,0,322,203,263,315,321,3,11,3,1
14128,RNF17,38,19,5,1,41,28,2,1,322,243,275,315,320,-3,-9,3,0
582,ALKBH6,70,37,10,5,52,35,7,3,322,200,250,305,314,18,2,3,2
14152,RNF222,93,60,5,0,47,21,2,1,322,182,241,315,321,46,39,3,-1
2393,CCDC22,45,26,11,3,70,39,8,2,322,207,257,303,317,-25,-13,3,1
19176,ZNF202,64,35,9,2,71,45,6,0,322,187,242,307,320,-7,-10,3,2
14164,RNF39,102,56,10,2,35,18,7,5,322,185,248,305,315,67,38,3,-3
16216,STN1,46,29,8,2,81,48,5,2,322,195,245,309,318,-35,-19,3,0
12864,PPIAL4C,45,38,29,17,36,34,26,14,322,241,250,267,291,9,4,3,3
14174,RNFT1,85,45,7,1,54,36,4,0,322,183,241,311,321,31,9,3,1
166,ACOT6,64,51,12,4,33,27,9,1,322,225,244,301,317,31,24,3,3
2971,CFTR,33,17,4,0,48,20,1,0,322,241,285,317,322,-15,-3,3,0
16150,STARD10,62,31,7,4,40,17,4,1,322,220,274,311,317,22,14,3,3
12851,PPDPF,51,29,10,8,61,30,7,2,322,210,263,305,312,-10,-1,3,6
19181,ZNF212,88,42,11,7,59,33,8,1,322,175,247,303,314,29,9,3,6
2384,CCDC191,98,60,14,2,81,47,11,3,322,143,215,297,317,17,13,3,-1
14307,RPS19BP1,59,31,9,7,38,25,6,3,322,225,266,307,312,21,6,3,4
12844,PPARG,90,56,11,6,51,37,8,4,322,181,229,303,312,39,19,3,2
16714,TEAD2,46,27,9,7,88,51,6,2,322,188,244,307,313,-42,-24,3,5
18687,WDR24,46,29,12,6,89,44,9,1,322,187,249,301,315,-43,-15,3,5
2289,CBWD1,40,29,8,3,73,35,5,3,322,209,258,309,316,-33,-6,3,0
14161,RNF32,83,51,15,7,72,41,12,2,322,167,230,295,313,11,10,3,5
12834,POU5F2,74,31,3,0,32,14,0,0,322,216,277,319,322,42,17,3,0
1455,BCAM,44,28,9,3,85,52,6,1,322,193,242,307,318,-41,-24,3,2
176,ACP3,51,27,6,3,63,43,3,1,322,208,252,313,318,-12,-16,3,2
19191,ZNF224,70,36,8,1,72,42,5,1,322,180,244,309,320,-2,-6,3,0
13025,PRDM12,76,47,6,2,83,50,3,1,322,163,225,313,319,-7,-3,3,1
2984,CGRRF1,71,43,8,3,57,29,5,1,322,194,250,309,318,14,14,3,2
13028,PRDM15,46,23,4,1,69,40,1,1,322,207,259,317,320,-23,-17,3,0
19202,ZNF236,65,29,7,3,58,31,4,3,322,199,262,311,316,7,-2,3,0
347,ADGRL3,40,12,5,2,31,15,2,0,322,251,295,315,320,9,-3,3,2
2392,CCDC201,77,46,4,0,50,26,1,0,322,195,250,317,322,27,20,3,0
2988,CHAD,53,37,9,2,46,31,6,2,322,223,254,307,318,7,6,3,0
2438,CCDC83,52,35,6,5,32,18,3,2,322,238,269,313,315,20,17,3,3
132,ACAP2,65,41,10,4,78,39,7,1,322,179,242,305,317,-13,2,3,3
12140,PDE7A,52,22,5,1,55,32,2,0,322,215,268,315,321,-3,-10,3,1
200,ACSS1,85,45,6,2,69,30,3,1,322,168,247,313,319,16,15,3,1
12308,PHACTR3,60,33,5,0,51,25,2,1,322,211,264,315,321,9,8,3,-1
19023,ZDHHC24,46,29,4,3,39,22,1,0,322,237,271,317,319,7,7,3,3
458,AHI1,76,32,4,1,44,21,1,0,322,202,269,317,321,32,11,3,1
13287,PSMC3,45,28,9,7,58,27,6,3,322,219,267,307,312,-13,1,3,4
12300,PGPEP1,76,40,10,5,81,39,7,1,322,165,243,305,316,-5,1,3,4
73,ABCG4,68,38,6,0,74,34,3,1,322,180,250,313,321,-6,4,3,-1
14758,SEMA3D,66,40,3,2,46,18,0,0,322,210,264,319,320,20,22,3,2
13896,RFC4,61,36,6,3,77,44,3,1,322,184,242,313,318,-16,-8,3,2
14761,SEMA3G,72,43,10,1,62,39,7,2,322,188,240,305,319,10,4,3,-1
16297,SULT1C4,77,45,8,2,53,27,5,0,322,192,250,309,320,24,18,3,2
2063,CA13,70,37,3,0,51,25,0,0,322,201,260,319,322,19,12,3,0
2061,CA11,69,40,10,8,74,40,7,2,322,179,242,305,312,-5,0,3,6
17155,TMEM191B,66,56,22,15,83,52,19,10,322,173,214,281,297,-17,4,3,5
13892,REXO5,75,39,10,2,66,40,7,1,322,181,243,305,319,9,-1,3,1
19430,ZNF585B,87,58,15,7,77,47,12,4,322,158,217,295,311,10,11,3,3
18133,TXNDC17,47,28,9,5,52,26,6,2,322,223,268,307,315,-5,2,3,3
994,ARHGEF4,63,42,14,4,127,75,11,2,322,132,205,297,316,-64,-33,3,2
992,ARHGEF38,46,31,6,1,25,15,3,1,322,251,276,313,320,21,16,3,0
12279,PGBD2,87,50,5,3,57,30,2,1,322,178,242,315,318,30,20,3,2
12278,PGBD1,53,23,4,2,58,30,1,0,322,211,269,317,320,-5,-7,3,2
3209,CLEC2D,90,56,6,2,55,24,3,2,322,177,242,313,318,35,32,3,0
17174,TMEM212,109,44,7,1,35,20,4,2,322,178,258,311,319,74,24,3,-1
18495,VAMP3,43,21,7,3,68,41,4,1,322,211,260,311,318,-25,-20,3,2
18040,TTC9,65,32,3,2,44,20,0,0,322,213,270,319,320,21,12,3,2
19434,ZNF589,46,33,10,5,80,42,7,0,322,196,247,305,317,-34,-9,3,5
3210,CLEC2L,55,48,8,3,30,23,5,3,322,237,251,309,316,25,25,3,0
17175,TMEM213,103,66,10,2,54,33,7,1,322,165,223,305,319,49,33,3,1
751,ANKS3,61,33,9,4,67,36,6,1,322,194,253,307,317,-6,-3,3,3
18515,VAX1,35,17,3,1,39,22,0,0,322,248,283,319,321,-4,-5,3,1
17135,TMEM176A,32,21,6,1,30,15,3,0,322,260,286,313,321,2,6,3,1
19409,ZNF566,76,38,8,2,64,39,5,3,322,182,245,309,317,12,-1,3,-1
15979,SPRYD4,32,17,3,1,59,28,0,0,322,231,277,319,321,-27,-11,3,1
1013,ARL10,81,53,13,5,71,47,10,1,322,170,222,299,316,10,6,3,4
17119,TMEM160,63,36,17,9,82,45,14,8,322,177,241,291,305,-19,-9,3,1
15977,SPRY4,117,85,18,4,65,47,15,0,322,140,190,289,318,52,38,3,4
2792,CDYL2,60,24,6,1,43,18,3,0,322,219,280,313,321,17,6,3,1
18790,WNT9B,101,57,6,1,46,20,3,0,322,175,245,313,321,55,37,3,1
19398,ZNF556,95,40,5,1,35,17,2,0,322,192,265,315,321,60,23,3,1
17121,TMEM161B,61,36,5,1,72,43,2,0,322,189,243,315,321,-11,-7,3,1
1009,ARID5B,80,34,5,1,87,51,2,0,322,155,237,315,321,-7,-17,3,1
15971,SPRR4,6,5,4,0,6,5,1,0,322,310,312,317,322,0,0,3,0
17126,TMEM167B,58,30,8,4,63,32,5,0,322,201,260,309,318,-5,-2,3,4
2083,CABP4,84,45,5,1,32,18,2,0,322,206,259,315,321,52,27,3,1
17128,TMEM169,92,53,6,2,53,29,3,1,322,177,240,313,319,39,24,3,1
19028,ZDHHC7,50,28,6,4,70,35,3,1,322,202,259,313,317,-20,-7,3,3
623,AMIGO2,40,19,4,0,96,44,1,0,322,186,259,317,322,-56,-25,3,0
14733,SEH1L,38,26,6,3,74,39,3,0,322,210,257,313,319,-36,-13,3,3
17132,TMEM171,77,60,15,2,87,52,12,3,322,158,210,295,317,-10,8,3,-1
3185,CLDN4,106,60,3,1,62,33,0,0,322,154,229,319,321,44,27,3,1
19032,ZEB2,83,53,9,5,98,54,6,1,322,141,215,307,316,-15,-1,3,4
19420,ZNF576,48,27,5,3,63,28,2,1,322,211,267,315,318,-15,-1,3,2
13922,RFXANK,63,43,14,8,87,48,11,6,322,172,231,297,308,-24,-5,3,2
12319,PHF1,68,45,14,9,67,36,11,2,322,187,241,297,311,1,9,3,7
12318,PHEX,39,16,4,2,65,32,1,0,322,218,274,317,320,-26,-16,3,2
12316,PHETA1,70,40,9,2,81,43,6,0,322,171,239,307,320,-11,-3,3,2
328,ADGRD2,31,18,3,1,23,17,0,0,322,268,287,319,321,8,1,3,1
13919,RFX6,36,17,3,0,17,6,0,0,322,269,299,319,322,19,11,3,0
19440,ZNF597,83,46,7,1,48,28,4,0,322,191,248,311,321,35,18,3,1
12253,PFDN5,68,31,13,9,47,24,10,5,322,207,267,299,308,21,7,3,4
13870,REPS1,52,31,8,6,78,46,5,2,322,192,245,309,314,-26,-15,3,4
14861,SETD1A,56,42,12,4,108,57,9,4,322,158,223,301,314,-52,-15,3,0
17877,TRMT1L,106,55,5,0,38,18,2,1,322,178,249,315,321,68,37,3,-1
13315,PSMG4,41,25,8,6,71,34,5,3,322,210,263,309,313,-30,-9,3,3
19456,ZNF619,75,36,5,1,37,13,2,0,322,210,273,315,321,38,23,3,1
12194,PDZD8,70,41,4,1,43,17,1,0,322,209,264,317,321,27,24,3,1
14847,SERPINI1,106,72,13,4,63,36,10,2,322,153,214,299,316,43,36,3,2
965,ARHGAP44,74,42,7,1,93,46,4,0,322,155,234,311,321,-19,-4,3,1
13843,RECQL5,66,39,10,6,64,35,7,0,322,192,248,305,316,2,4,3,6
12181,PDS5B,81,48,9,3,67,34,6,0,322,174,240,307,319,14,14,3,3
17876,TRMT13,76,35,5,1,55,32,2,0,322,191,255,315,321,21,3,3,1
17212,TMEM251,67,31,5,1,57,29,2,0,322,198,262,315,321,10,2,3,1
18049,TTLL1,66,43,11,8,78,41,8,2,322,178,238,303,312,-12,2,3,6
66,ABCE1,41,26,7,3,80,46,4,0,322,201,250,311,319,-39,-20,3,3
964,ARHGAP42,69,38,5,2,73,31,2,0,322,180,253,315,320,-4,7,3,2
15922,SPINK14,7,7,7,6,4,4,4,4,322,311,311,311,312,3,3,3,2
2006,C5orf58,25,22,12,6,27,27,9,2,322,270,273,301,314,-2,-5,3,4
17217,TMEM255B,87,57,9,2,66,37,6,1,322,169,228,307,319,21,20,3,1
13828,RDH10,77,40,5,2,68,35,2,0,322,177,247,315,320,9,5,3,2
245,ADA2,83,50,11,2,49,28,8,0,322,190,244,303,320,34,22,3,2
12165,PDK2,57,45,11,7,89,47,8,0,322,176,230,303,315,-32,-2,3,7
3268,CLTB,74,43,7,7,40,16,4,1,322,208,263,311,314,34,27,3,6
471,AIFM2,55,32,6,3,39,27,3,0,322,228,263,313,319,16,5,3,3
2519,CCNK,60,37,6,2,64,37,3,0,322,198,248,313,320,-4,0,3,2
12148,PDGFC,81,38,6,2,55,29,3,0,322,186,255,313,320,26,9,3,2
12146,PDGFA,77,37,7,6,60,35,4,1,322,185,250,311,315,17,2,3,5
12144,PDE9A,51,30,10,6,61,29,7,1,322,210,263,305,315,-10,1,3,5
2752,CDKAL1,60,27,5,3,42,21,2,2,322,220,274,315,317,18,6,3,1
15918,SPIN4,51,28,6,0,81,48,3,1,322,190,246,313,321,-30,-20,3,-1
323,ADGRA3,60,37,9,3,59,30,6,0,322,203,255,307,319,1,7,3,3
14779,SENP3,68,38,11,3,71,40,8,2,322,183,244,303,317,-3,-2,3,1
13854,REG3G,16,16,6,2,5,5,3,1,322,301,301,313,319,11,11,3,1
985,ARHGEF25,49,28,11,4,79,46,8,0,322,194,248,303,318,-30,-18,3,4
754,ANKUB1,41,18,4,1,42,17,1,0,322,239,287,317,321,-1,1,3,1
12248,PF4V1,14,14,8,3,17,16,5,3,322,291,292,309,316,-3,-2,3,0
2768,CDNF,74,46,9,1,89,55,6,2,322,159,221,307,319,-15,-9,3,-1
16534,TAS2R42,26,21,9,3,25,20,6,3,322,271,281,307,316,1,1,3,0
12235,PEX12,130,72,11,1,39,26,8,1,322,153,224,303,320,91,46,3,0
17196,TMEM236,93,54,4,1,37,23,1,0,322,192,245,317,321,56,31,3,1
14797,SEPTIN6,58,31,6,2,56,24,3,1,322,208,267,313,319,2,7,3,1
1551,BID,92,56,7,3,39,21,4,1,322,191,245,311,318,53,35,3,2
13859,RELCH,56,30,7,2,64,36,4,0,322,202,256,311,320,-8,-6,3,2
12221,PER1,49,27,11,7,106,57,8,0,322,167,238,303,315,-57,-30,3,7
14208,RPA2,44,28,8,3,70,44,5,1,322,208,250,309,318,-26,-16,3,2
17883,TRMT61A,65,28,5,2,61,27,2,0,322,196,267,315,320,4,1,3,2
17207,TMEM247,13,12,4,1,11,10,1,0,322,298,300,317,321,2,2,3,1
17202,TMEM241,49,26,4,2,64,27,1,0,322,209,269,317,320,-15,-1,3,2
68,ABCF2,49,34,5,3,58,24,2,1,322,215,264,315,318,-9,10,3,2
18489,UVSSA,65,29,8,3,54,15,5,1,322,203,278,309,318,11,14,3,2
13850,REEP6,60,35,12,2,71,45,9,3,322,191,242,301,317,-11,-10,3,-1
19451,ZNF613,65,38,11,1,97,61,8,1,322,160,223,303,320,-32,-23,3,0
14816,SERPINA10,84,35,4,0,35,15,1,0,322,203,272,317,322,49,20,3,0
18807,WWP2,49,28,6,1,61,31,3,2,322,212,263,313,319,-12,-3,3,-1
14835,SERPINB7,42,20,6,1,45,29,3,0,322,235,273,313,321,-3,-9,3,1
12201,PEAK1,73,29,6,1,58,26,3,0,322,191,267,313,321,15,3,3,1
14837,SERPINB9,58,29,4,1,71,32,1,1,322,193,261,317,320,-13,-3,3,0
19453,ZNF615,77,36,9,5,66,37,6,4,322,179,249,307,313,11,-1,3,1
3245,CLN5,51,28,7,3,49,22,4,0,322,222,272,311,319,2,6,3,3
13256,PSG3,62,44,4,0,37,22,1,1,322,223,256,317,321,25,22,3,-1
12346,PHLDA1,112,73,9,6,66,33,6,0,322,144,216,307,316,46,40,3,6
19387,ZNF543,61,31,6,3,50,35,3,2,322,211,256,313,317,11,-4,3,1
2821,CELF3,58,29,8,3,33,18,5,1,322,231,275,309,318,25,11,3,2
3125,CIRBP,35,23,10,8,107,60,7,1,322,180,239,305,313,-72,-37,3,7
12480,PKDREJ,29,10,3,2,24,11,0,0,322,269,301,319,320,5,-1,3,2
19310,ZNF429,87,38,5,2,54,25,2,0,322,181,259,315,320,33,13,3,2
13172,PRR23A,92,54,4,1,44,25,1,0,322,186,243,317,321,48,29,3,1
14570,SBSPON,74,42,5,0,51,24,2,0,322,197,256,315,322,23,18,3,0
12465,PIWIL1,80,41,5,0,46,19,2,0,322,196,262,315,322,34,22,3,0
13992,RHOH,102,57,6,1,45,26,3,0,322,175,239,313,321,57,31,3,1
1497,BCO1,58,40,9,3,61,41,6,2,322,203,241,307,317,-3,-1,3,1
563,ALG12,51,26,7,6,77,33,4,1,322,194,263,311,315,-26,-7,3,5
414,AGAP3,41,20,10,7,91,45,7,2,322,190,257,305,313,-50,-25,3,5
122,ACAD11,55,27,6,4,79,50,3,0,322,188,245,313,318,-24,-23,3,4
737,ANKRD53,102,68,11,4,55,29,8,1,322,165,225,303,317,47,39,3,3
18592,VPS37A,62,35,8,6,44,31,5,1,322,216,256,309,315,18,4,3,5
19047,ZFP14,83,46,5,2,51,24,2,0,322,188,252,315,320,32,22,3,2
1065,ARNT,45,31,8,3,64,37,5,1,322,213,254,309,318,-19,-6,3,2
13188,PRR7,63,37,17,9,104,66,14,5,322,155,219,291,308,-41,-29,3,4
16273,STYX,47,27,5,2,71,27,2,0,322,204,268,315,320,-24,0,3,2
2157,CAMK2A,56,26,4,1,58,29,1,0,322,208,267,317,321,-2,-3,3,1
13189,PRR9,42,36,4,2,48,38,1,0,322,232,248,317,320,-6,-2,3,2
19046,ZFP1,60,35,7,4,69,38,4,0,322,193,249,311,318,-9,-3,3,4
3143,CKMT1A,57,44,21,12,61,52,18,6,322,204,226,283,304,-4,-8,3,6
14594,SCD5,49,28,6,3,47,24,3,1,322,226,270,313,318,2,4,3,2
14599,SCG3,85,51,6,2,46,23,3,1,322,191,248,313,319,39,28,3,1
18246,UBR3,45,28,6,1,74,31,3,0,322,203,263,313,321,-29,-3,3,1
2810,CEBPZ,67,40,8,3,84,49,5,0,322,171,233,309,319,-17,-9,3,3
19337,ZNF470,58,29,6,0,37,23,3,1,322,227,270,313,321,21,6,3,-1
14565,SBK2,84,44,8,3,59,38,5,2,322,179,240,309,317,25,6,3,1
19309,ZNF428,54,37,9,7,46,23,6,4,322,222,262,307,311,8,14,3,3
17053,TMED4,50,25,5,4,57,27,2,0,322,215,270,315,318,-7,-2,3,4
16987,TLE7,32,19,3,0,9,5,0,0,322,281,298,319,322,23,14,3,0
18168,UBA5,44,32,8,5,61,32,5,2,322,217,258,309,315,-17,0,3,3
406,AFG3L2,36,19,6,4,105,49,3,2,322,181,254,313,316,-69,-30,3,2
16257,STX1B,53,23,7,6,99,54,4,0,322,170,245,311,316,-46,-31,3,6
16977,TLCD4,90,49,5,0,58,29,2,0,322,174,244,315,322,32,20,3,0
16258,STX2,41,25,5,3,69,36,2,0,322,212,261,315,319,-28,-11,3,3
568,ALG2,48,26,6,2,78,40,3,0,322,196,256,313,320,-30,-14,3,2
18228,UBIAD1,39,19,6,4,96,51,3,1,322,187,252,313,317,-57,-32,3,3
19067,ZFP92,26,17,3,0,35,21,0,0,322,261,284,319,322,-9,-4,3,0
18609,VRK1,53,35,5,2,65,34,2,1,322,204,253,315,319,-12,1,3,1
14542,SARDH,88,48,6,1,61,32,3,0,322,173,242,313,321,27,16,3,1
16986,TLE6,80,57,21,5,86,61,18,3,322,156,204,283,314,-6,-4,3,2
567,ALG1L2,92,71,19,4,82,63,16,1,322,148,188,287,317,10,8,3,3
12506,PLA2G2D,71,39,5,0,43,24,2,1,322,208,259,315,321,28,15,3,-1
1076,ARPC5L,64,28,5,2,45,31,2,1,322,213,263,315,319,19,-3,3,1
12503,PLA2G1B,46,41,28,10,43,39,25,7,322,233,242,269,305,3,2,3,3
16260,STX4,58,38,10,8,73,36,7,2,322,191,248,305,312,-15,2,3,6
3118,CILK1,55,26,5,1,47,24,2,0,322,220,272,315,321,8,2,3,1
609,AMBP,54,48,7,2,45,39,4,2,322,223,235,311,318,9,9,3,0
19058,ZFP57,55,31,5,0,29,16,2,0,322,238,275,315,322,26,15,3,0
1242,ATP1A3,80,51,15,10,68,48,12,6,322,174,223,295,306,12,3,3,4
19308,ZNF426,70,36,4,2,49,20,1,0,322,203,266,317,320,21,16,3,2
19055,ZFP37,55,27,6,1,69,40,3,0,322,198,255,313,321,-14,-13,3,1
215,ACTL8,57,34,5,1,62,34,2,0,322,203,254,315,321,-5,0,3,1
14561,SBDS,65,36,6,3,44,26,3,2,322,213,260,313,317,21,10,3,1
17003,TLR8,20,13,4,0,14,9,1,0,322,288,300,317,322,6,4,3,0
3123,CIPC,57,30,6,4,66,25,3,0,322,199,267,313,318,-9,5,3,4
18572,VPREB1,12,9,5,1,9,8,2,0,322,301,305,315,321,3,1,3,1
1513,BEND2,83,43,3,1,33,15,0,0,322,206,264,319,321,50,28,3,1
17898,TRPC5OS,42,30,5,3,18,13,2,0,322,262,279,315,319,24,17,3,3
617,AMER2,67,30,3,1,27,12,0,0,322,228,280,319,321,40,18,3,1
18541,VEZT,56,24,8,6,68,34,5,0,322,198,264,309,316,-12,-10,3,6
17076,TMEM117,63,33,5,2,76,31,2,0,322,183,258,315,320,-13,2,3,2
16005,SRARP,80,48,5,1,37,12,2,0,322,205,262,315,321,43,36,3,1
1033,ARL5C,86,68,25,9,61,44,22,14,322,175,210,275,299,25,24,3,-5
1518,BEND7,68,36,3,1,39,17,0,0,322,215,269,319,321,29,19,3,1
18787,WNT8A,55,48,6,3,25,22,3,0,322,242,252,313,319,30,26,3,3
444,AGRN,32,13,7,6,122,62,4,0,322,168,247,311,316,-90,-49,3,6
552,ALDH6A1,57,36,6,2,51,21,3,1,322,214,265,313,319,6,15,3,1
17084,TMEM126A,59,36,10,4,45,27,7,3,322,218,259,305,315,14,9,3,1
232,ACTRT2,12,9,4,1,5,4,1,1,322,305,309,317,320,7,5,3,0
14679,SDE2,94,44,4,3,30,19,1,1,322,198,259,317,318,64,25,3,2
13246,PSD,70,47,9,2,82,49,6,1,322,170,226,307,319,-12,-2,3,1
12353,PHLPP2,48,28,4,1,80,40,1,0,322,194,254,317,321,-32,-12,3,1
16006,SRBD1,44,22,5,1,84,45,2,1,322,194,255,315,320,-40,-23,3,0
14683,SDHA,51,24,8,5,67,46,5,1,322,204,252,309,316,-16,-22,3,4
2106,CACNB3,63,38,12,8,81,49,9,2,322,178,235,301,312,-18,-11,3,6
1529,BEX5,41,32,13,7,66,41,10,5,322,215,249,299,310,-25,-9,3,2
12351,PHLDB3,83,50,7,2,67,33,4,2,322,172,239,311,318,16,17,3,0
13253,PSG1,86,59,11,1,60,42,8,3,322,176,221,303,318,26,17,3,-2
1021,ARL16,55,27,7,6,49,26,4,2,322,218,269,311,314,6,1,3,4
14698,SDS,72,44,18,5,66,55,15,5,322,184,223,289,312,6,-11,3,0
2100,CACNA2D1,52,31,7,1,78,33,4,0,322,192,258,311,321,-26,-2,3,1
445,AGRP,36,31,25,7,41,37,22,11,322,245,254,275,304,-5,-6,3,-4
14712,SEC22A,59,30,10,3,67,30,7,0,322,196,262,305,319,-8,0,3,3
17113,TMEM151A,81,51,10,0,63,32,7,0,322,178,239,305,322,18,19,3,0
85,ABHD15,54,30,6,3,93,36,3,0,322,175,256,313,319,-39,-6,3,3
14669,SCYL2,61,31,6,3,61,29,3,0,322,200,262,313,319,0,2,3,3
439,AGPAT4,73,44,11,7,90,56,8,1,322,159,222,303,314,-17,-12,3,6
16283,SUFU,61,39,11,4,88,40,8,0,322,173,243,303,318,-27,-1,3,4
14646,SCPEP1,53,33,8,3,80,45,5,1,322,189,244,309,318,-27,-12,3,2
13204,PRSS1,26,21,7,0,26,21,4,2,322,270,280,311,320,0,0,3,-2
13972,RHBDL2,102,58,10,2,51,20,7,1,322,169,244,305,319,51,38,3,1
14624,SCN1A,80,44,6,5,53,20,3,2,322,189,258,313,315,27,24,3,3
14627,SCN2B,89,42,5,0,45,12,2,1,322,188,268,315,321,44,30,3,-1
18566,VN1R2,90,62,9,1,68,35,6,1,322,164,225,307,320,22,27,3,0
14629,SCN3B,73,33,3,0,41,18,0,0,322,208,271,319,322,32,15,3,0
18035,TTC5,47,21,6,3,52,28,3,0,322,223,273,313,319,-5,-7,3,3
16017,SRF,33,22,5,1,92,47,2,0,322,197,253,315,321,-59,-25,3,1
17058,TMED8,42,18,3,1,60,20,0,0,322,220,284,319,321,-18,-2,3,1
13217,PRSS38,31,27,3,0,17,11,0,0,322,274,284,319,322,14,16,3,0
17066,TMEM106A,65,36,5,1,67,30,2,1,322,190,256,315,320,-2,6,3,0
19349,ZNF488,55,31,6,0,69,32,3,0,322,198,259,313,322,-14,-1,3,0
12397,PIGM,46,30,5,2,86,43,2,0,322,190,249,315,320,-40,-13,3,2
2113,CACNG6,63,38,6,0,54,36,3,0,322,205,248,313,322,9,2,3,0
18559,VKORC1L1,39,21,4,2,74,39,1,0,322,209,262,317,320,-35,-18,3,2
12394,PIGH,54,34,10,4,58,36,7,1,322,210,252,305,317,-4,-2,3,3
18786,WNT7B,84,33,5,0,49,16,2,1,322,189,273,315,321,35,17,3,-1
19358,ZNF502,57,38,9,3,56,26,6,0,322,209,258,307,319,1,12,3,3
17071,TMEM109,45,28,6,2,60,25,3,1,322,217,269,313,319,-15,3,3,1
14651,SCRN3,71,34,8,5,61,34,5,1,322,190,254,309,316,10,0,3,4
431,AGMO,98,57,6,1,56,29,3,0,322,168,236,313,321,42,28,3,1
2121,CADM2,37,19,4,2,24,15,1,0,322,261,288,317,320,13,4,3,2
14659,SCX,77,59,20,7,95,63,17,7,322,150,200,285,308,-18,-4,3,0
434,AGO3,86,39,5,1,37,18,2,0,322,199,265,315,321,49,21,3,1
1517,BEND6,99,65,8,2,54,29,5,4,322,169,228,309,316,45,36,3,-2
18248,UBR5,42,28,5,5,88,52,2,0,322,192,242,315,317,-46,-24,3,5
2622,CD59,63,35,10,6,61,44,7,1,322,198,243,305,315,2,-9,3,5
12764,POLR2H,39,22,9,5,69,37,6,2,322,214,263,307,315,-30,-15,3,3
0,A1BG,66,46,6,3,44,28,3,2,322,212,248,313,317,22,18,3,1
10424,MZT2A,48,24,7,5,53,28,4,2,322,221,270,311,315,-5,-4,3,3
5149,ESYT1,43,24,9,8,74,38,6,2,322,205,260,307,312,-31,-14,3,6
5141,ESR2,71,32,5,1,64,36,2,1,322,187,254,315,320,7,-4,3,0
7358,HSPB2-C11orf52,69,61,26,12,43,37,23,12,322,210,224,273,298,26,24,3,0
10455,NACAD,52,33,6,2,88,50,3,1,322,182,239,313,319,-36,-17,3,1
3856,CXCL14,86,52,7,2,62,30,4,1,322,174,240,311,319,24,22,3,1
7371,HTATIP2,59,33,10,7,40,23,7,2,322,223,266,305,313,19,10,3,5
3857,CXCL16,49,31,5,3,62,28,2,1,322,211,263,315,318,-13,3,3,2
10451,NABP1,66,36,6,2,43,22,3,0,322,213,264,313,320,23,14,3,2
5117,ERO1A,46,26,5,2,66,26,2,0,322,210,270,315,320,-20,0,3,2
7385,HTR3B,88,46,5,1,40,15,2,0,322,194,261,315,321,48,31,3,1
5115,ERN1,84,46,4,1,33,20,1,0,322,205,256,317,321,51,26,3,1
10436,NAA20,63,33,9,5,55,37,6,2,322,204,252,307,315,8,-4,3,3
7399,HUS1,67,33,6,1,41,18,3,1,322,214,271,313,320,26,15,3,0
7477,IFNA10,8,7,3,2,3,3,0,0,322,311,312,319,320,5,4,3,2
7416,IARS2,46,31,7,4,61,31,4,0,322,215,260,311,318,-15,0,3,4
5095,ERGIC2,46,28,11,4,85,45,8,3,322,191,249,303,315,-39,-17,3,1
7426,ICAM5,69,43,9,3,70,37,6,1,322,183,242,307,318,-1,6,3,2
5087,ERCC8,46,32,7,2,66,27,4,0,322,210,263,311,320,-20,5,3,2
5084,ERCC6,40,23,9,4,87,47,6,1,322,195,252,307,317,-47,-24,3,3
5082,ERCC4,62,33,8,4,51,21,5,0,322,209,268,309,318,11,12,3,4
7445,IDO1,95,47,9,0,58,28,6,0,322,169,247,307,322,37,19,3,0
3873,CXorf51A,9,9,9,3,7,7,6,1,322,306,306,307,318,2,2,3,2
10404,MYOM1,99,55,4,1,45,26,1,0,322,178,241,317,321,54,29,3,1
5078,ERC2,51,19,4,0,53,31,1,0,322,218,272,317,322,-2,-12,3,0
5077,ERC1,52,32,7,5,58,27,4,1,322,212,263,311,316,-6,5,3,4
5073,ERBB2,50,36,7,3,85,46,4,0,322,187,240,311,319,-35,-10,3,3
7337,HSH2D,107,76,17,5,80,51,14,3,322,135,195,291,314,27,25,3,2
7333,HSFX3,42,36,10,3,28,24,7,2,322,252,262,305,317,14,12,3,1
5150,ESYT2,39,28,4,3,49,15,1,0,322,234,279,317,319,-10,13,3,3
10475,NANOS1,91,61,10,6,84,43,7,0,322,147,218,305,316,7,18,3,6
7209,HOMER1,69,32,6,3,69,34,3,1,322,184,256,313,318,0,-2,3,2
5197,EXOC1L,17,13,8,2,26,11,5,0,322,279,298,309,320,-9,2,3,2
10604,NDUFA6,45,28,9,5,66,28,6,3,322,211,266,307,314,-21,0,3,2
5195,EXO5,67,35,4,0,74,47,1,0,322,181,240,317,322,-7,-12,3,0
3777,CTDSPL2,52,26,7,1,77,47,4,1,322,193,249,311,320,-25,-21,3,0
7227,HOXA6,75,50,15,5,96,74,12,2,322,151,198,295,315,-21,-24,3,3
7234,HOXB4,78,48,6,1,60,26,3,2,322,184,248,313,319,18,22,3,-1
5191,EXD1,88,49,7,0,48,26,4,0,322,186,247,311,322,40,23,3,0
10573,NCR3LG1,59,28,4,0,63,29,1,0,322,200,265,317,322,-4,-1,3,0
10567,NCOA7,75,41,7,4,69,32,4,3,322,178,249,311,315,6,9,3,1
10554,NCKAP1L,67,37,3,1,38,20,0,0,322,217,265,319,321,29,17,3,1
7262,HPCAL4,44,19,4,0,55,25,1,0,322,223,278,317,322,-11,-6,3,0
3808,CTSK,87,51,4,1,61,31,1,0,322,174,240,317,321,26,20,3,1
3813,CTSW,60,51,13,5,69,55,10,7,322,193,216,299,310,-9,-4,3,-2
3814,CTSZ,59,34,5,2,39,20,2,2,322,224,268,315,318,20,14,3,0
5173,ETV5,76,57,12,5,85,54,9,0,322,161,211,301,317,-9,3,3,5
5168,ETV1,63,41,13,6,95,63,10,5,322,164,218,299,311,-32,-22,3,1
7301,HS6ST2,32,16,6,1,37,23,3,0,322,253,283,313,321,-5,-7,3,1
7302,HS6ST3,24,9,3,0,28,9,0,0,322,270,304,319,322,-4,0,3,0
10512,NBEAL1,57,31,5,3,56,28,2,0,322,209,263,315,319,1,3,3,3
10505,NAV2,63,35,16,5,79,52,13,7,322,180,235,293,310,-16,-17,3,-2
10504,NAV1,53,29,11,10,93,58,8,3,322,176,235,303,309,-40,-29,3,7
5162,ETHE1,47,25,11,7,59,32,8,3,322,216,265,303,312,-12,-7,3,4
5159,ETFBKMT,75,38,5,0,55,30,2,0,322,192,254,315,322,20,8,3,0
5155,ETDC,11,11,10,10,9,8,7,7,322,302,303,305,305,2,3,3,3
5071,ERAP2,64,31,7,2,91,49,4,0,322,167,242,311,320,-27,-18,3,2
7481,IFNA17,13,13,3,0,1,1,0,0,322,308,308,319,322,12,12,3,0
10622,NDUFB4,76,45,10,9,44,21,7,2,322,202,256,305,311,32,24,3,7
7822,IL25,24,23,4,0,10,10,1,1,322,288,289,317,321,14,13,3,-1
3947,CYP3A7-CYP3A51P,40,29,13,1,39,28,10,3,322,243,265,299,318,1,1,3,-2
10222,MTHFD2,57,31,7,3,46,33,4,1,322,219,258,311,318,11,-2,3,2
10218,MTG1,44,34,6,4,87,44,3,1,322,191,244,313,317,-43,-10,3,3
7753,IGSF8,47,27,12,4,96,64,9,5,322,179,231,301,313,-49,-37,3,-1
5004,ENTPD7,63,32,5,2,71,31,2,0,322,188,259,315,320,-8,1,3,2
7765,IKZF3,80,37,5,0,30,8,2,0,322,212,277,315,322,50,29,3,0
7769,IL10RA,90,66,7,3,45,33,4,0,322,187,223,311,319,45,33,3,3
4996,ENSA,54,35,6,4,45,21,3,2,322,223,266,313,316,9,14,3,2
4992,ENPP4,39,20,6,0,73,27,3,0,322,210,275,313,322,-34,-7,3,0
7797,IL18RAP,40,25,3,0,27,16,0,0,322,255,281,319,322,13,9,3,0
7810,IL2,14,14,4,1,13,12,1,0,322,295,296,317,321,1,2,3,1
3955,CYP4F22,28,19,3,0,31,15,0,0,322,263,288,319,322,-3,4,3,0
3965,CYREN,51,31,9,4,92,60,6,1,322,179,231,307,317,-41,-29,3,3
7488,IFNA8,12,11,3,0,3,3,0,0,322,307,308,319,322,9,8,3,0
10183,MT1A,44,40,34,12,37,32,31,20,322,241,250,257,290,7,8,3,-8
7843,IL4R,53,32,16,6,106,71,13,1,322,163,219,293,315,-53,-39,3,5
10161,MSRB2,74,33,7,2,67,39,4,1,322,181,250,311,319,7,-6,3,1
4949,EMG1,63,39,5,2,70,34,2,0,322,189,249,315,320,-7,5,3,2
4948,EME2,43,23,4,1,97,54,1,0,322,182,245,317,321,-54,-31,3,1
7876,INAVA,76,39,5,1,48,28,2,0,322,198,255,315,321,28,11,3,1
7885,INHA,79,60,11,4,76,48,8,1,322,167,214,303,317,3,12,3,3
10153,MSLNL,69,36,3,0,35,16,0,0,322,218,270,319,322,34,20,3,0
4932,ELP5,51,33,10,7,51,28,7,2,322,220,261,305,313,0,5,3,5
10141,MSH2,56,29,6,3,55,31,3,1,322,211,262,313,318,1,-2,3,2
7933,INTS14,70,48,6,1,69,46,3,1,322,183,228,313,320,1,2,3,0
3990,DACT2,30,20,5,2,24,12,2,1,322,268,290,315,319,6,8,3,1
10234,MTMR12,50,28,8,5,79,41,5,0,322,193,253,309,317,-29,-13,3,5
7734,IGLV4-69,8,8,4,1,9,6,1,1,322,305,308,317,320,-1,2,3,0
10240,MTMR7,98,54,12,7,50,31,9,7,322,174,237,301,308,48,23,3,0
5014,EPAS1,59,31,5,1,75,38,2,0,322,188,253,315,321,-16,-7,3,1
7498,IFNL2,27,22,6,0,23,20,3,1,322,272,280,313,321,4,2,3,-1
5058,EPRS1,68,39,6,2,51,27,3,0,322,203,256,313,320,17,12,3,2
10371,MYMX,33,33,18,9,41,37,15,6,322,248,252,289,307,-8,-4,3,3
3885,CYB561D2,57,32,11,5,90,54,8,6,322,175,236,303,311,-33,-22,3,-1
7536,IGFBP5,45,32,8,3,68,41,5,0,322,209,249,309,319,-23,-9,3,3
7538,IGFBP7,67,49,12,7,75,55,9,4,322,180,218,301,311,-8,-6,3,3
7546,IGHA1,33,30,6,2,31,26,3,0,322,258,266,313,320,2,4,3,2
5041,EPHB4,34,22,7,2,83,34,4,0,322,205,266,311,320,-49,-12,3,2
10348,MYH7,25,15,3,1,10,3,0,0,322,287,304,319,321,15,12,3,1
9390,MAML2,46,23,5,1,86,47,2,0,322,190,252,315,321,-40,-24,3,1
7588,IGHV1-69-2,17,16,14,10,13,11,11,10,322,292,295,297,302,4,5,3,0
10333,MYEF2,49,23,11,3,78,38,8,0,322,195,261,303,319,-29,-15,3,3
10311,MXRA7,35,26,5,4,56,19,2,0,322,231,277,315,318,-21,7,3,4
7615,IGHV3-7,13,13,13,6,12,11,10,5,322,297,298,299,311,1,2,3,1
7627,IGHV4-31,9,8,7,2,5,5,4,0,322,308,309,311,320,4,3,3,2
10299,MVB12A,79,46,14,10,55,35,11,8,322,188,241,297,304,24,11,3,2
7631,IGHV4-59,9,9,8,4,7,6,5,0,322,306,307,309,318,2,3,3,4
7633,IGHV4OR15-8,7,7,5,2,3,3,2,0,322,312,312,315,320,4,4,3,2
7653,IGKV1-39,12,11,10,7,7,7,7,3,322,303,304,305,312,5,4,3,4
7675,IGKV2D-28,13,13,9,4,6,6,6,4,322,303,303,307,314,7,7,3,0
10272,MTX1,41,25,11,6,68,36,8,5,322,213,261,303,311,-27,-11,3,1
3924,CYP27C1,67,37,3,0,48,20,0,0,322,207,265,319,322,19,17,3,0
7694,IGLC2,22,20,12,5,19,14,9,3,322,281,288,301,314,3,6,3,2
7705,IGLL5,16,12,6,4,12,9,3,0,322,294,301,313,318,4,3,3,4
5015,EPB41,49,27,4,2,33,17,1,0,322,240,278,317,320,16,10,3,2
10614,NDUFAF6,55,34,9,5,65,25,6,3,322,202,263,307,314,-10,9,3,2
7182,HNRNPA1L2,68,35,9,3,69,43,6,1,322,185,244,307,318,-1,-8,3,2
7942,INTS9,68,43,7,4,77,39,4,0,322,177,240,311,318,-9,4,3,4
10859,NME7,51,31,7,3,50,28,4,2,322,221,263,311,317,1,3,3,1
10886,NOD2,67,34,6,0,60,26,3,1,322,195,262,313,321,7,8,3,-1
3641,CRTAC1,64,36,9,3,56,31,6,2,322,202,255,307,317,8,5,3,1
6702,GRP,27,25,17,3,34,32,14,2,322,261,265,291,317,-7,-7,3,1
6703,GRPEL1,52,28,6,1,48,27,3,0,322,222,267,313,321,4,1,3,1
5421,FAM240B,90,69,12,5,74,51,9,1,322,158,202,301,316,16,18,3,4
10879,NOB1,43,28,11,3,65,39,8,0,322,214,255,303,319,-22,-11,3,3
10869,NMS,6,6,6,2,3,3,3,2,322,313,313,313,318,3,3,3,0
3647,CRX,83,47,5,2,41,21,2,0,322,198,254,315,320,42,26,3,2
10863,NMNAT1,83,43,6,2,34,23,3,1,322,205,256,313,319,49,20,3,1
6738,GSTM1,83,66,39,13,93,67,36,21,322,146,189,247,288,-10,-1,3,-8
5413,FAM234B,43,24,6,2,52,21,3,1,322,227,277,313,319,-9,3,3,1
6757,GTF2E1,56,32,3,1,87,46,0,0,322,179,244,319,321,-31,-14,3,1
5397,FAM217A,37,23,9,5,28,20,6,1,322,257,279,307,316,9,3,3,4
3676,CSAG3,45,37,17,14,39,32,14,9,322,238,253,291,299,6,5,3,5
3659,CRYBG1,64,39,3,0,65,32,0,0,322,193,251,319,322,-1,7,3,0
10851,NMD3,42,25,6,3,94,65,3,0,322,186,232,313,319,-52,-40,3,3
3661,CRYBG3,79,37,4,1,62,28,1,0,322,181,257,317,321,17,9,3,1
3662,CRYGA,18,16,9,5,12,11,6,2,322,292,295,307,315,6,5,3,3
6783,GTPBP6,34,23,10,7,78,36,7,2,322,210,263,305,313,-44,-13,3,5
6800,GUCY2F,33,17,3,2,17,10,0,0,322,272,295,319,320,16,7,3,2
6805,GVQW3,62,31,5,0,67,27,2,0,322,193,264,315,322,-5,4,3,0
5382,FAM204A,47,31,7,3,72,38,4,1,322,203,253,311,318,-25,-7,3,2
5370,FAM186A,71,42,6,0,52,24,3,1,322,199,256,313,321,19,18,3,-1
5369,FAM185A,49,29,9,4,86,45,6,2,322,187,248,307,316,-37,-16,3,2
6850,H2AJ,55,40,10,2,46,25,7,3,322,221,257,305,317,9,15,3,-1
5357,FAM174B,92,72,21,9,88,60,18,4,322,142,190,283,309,4,12,3,5
10895,NOL6,37,24,7,4,92,48,4,0,322,193,250,311,318,-55,-24,3,4
10898,NOL9,50,26,4,2,53,27,1,0,322,219,269,317,320,-3,-1,3,2
6673,GRIK4,45,18,4,0,56,26,1,0,322,221,278,317,322,-11,-8,3,0
6667,GRID2,57,33,6,2,47,21,3,1,322,218,268,313,319,10,12,3,1
5510,FANCI,49,32,7,3,61,24,4,0,322,212,266,311,319,-12,8,3,3
6519,GPC6,37,19,6,6,62,27,3,0,322,223,276,313,316,-25,-8,3,6
5504,FANCC,44,25,8,3,64,28,5,1,322,214,269,309,318,-20,-3,3,2
5503,FANCB,69,26,6,2,64,36,3,1,322,189,260,313,319,5,-10,3,1
6531,GPLD1,56,25,4,1,51,22,1,0,322,215,275,317,321,5,3,3,1
6539,GPR101,27,11,3,1,13,5,0,0,322,282,306,319,321,14,6,3,1
5496,FAM98B,50,26,8,3,71,37,5,2,322,201,259,309,317,-21,-11,3,1
3617,CRIM1,39,28,10,3,70,41,7,4,322,213,253,305,315,-31,-13,3,-1
6563,GPR157,80,43,16,9,71,43,13,8,322,171,236,293,305,9,0,3,1
10954,NPFFR1,77,35,4,1,30,10,1,0,322,215,277,317,321,47,25,3,1
3621,CRIPT,76,41,4,1,47,20,1,0,322,199,261,317,321,29,21,3,1
3622,CRISP1,11,9,3,3,9,6,0,0,322,302,307,319,319,2,3,3,3
6591,GPR37,59,30,4,0,45,17,1,0,322,218,275,317,322,14,13,3,0
3626,CRISPLD2,95,65,10,2,63,32,7,2,322,164,225,305,318,32,33,3,0
10938,NPAP1,75,40,4,1,29,11,1,0,322,218,271,317,321,46,29,3,1
10936,NOXO1,67,50,22,9,79,59,19,5,322,176,213,281,308,-12,-9,3,4
10927,NOTO,88,43,3,0,48,25,0,0,322,186,254,319,322,40,18,3,0
6628,GPSM1,43,24,7,6,93,56,4,1,322,186,242,311,315,-50,-32,3,5
5463,FAM76A,39,26,9,3,120,67,6,2,322,163,229,307,317,-81,-41,3,1
5460,FAM72B,91,66,17,7,77,47,14,7,322,154,209,291,308,14,19,3,0
6641,GRAMD1A,43,27,11,8,99,64,8,4,322,180,231,303,310,-56,-37,3,4
6654,GREB1,74,41,8,1,47,26,5,1,322,201,255,309,320,27,15,3,0
3636,CROCC,51,26,9,4,80,44,6,0,322,191,252,307,318,-29,-18,3,4
10913,NOS1,57,24,3,0,18,5,0,0,322,247,293,319,322,39,19,3,0
10910,NOP56,51,34,7,3,59,31,4,2,322,212,257,311,317,-8,3,3,1
10811,NKX2-2,49,24,3,0,29,9,0,0,322,244,289,319,322,20,15,3,0
10794,NKAIN2,48,23,7,1,55,26,4,1,322,219,273,311,320,-7,-3,3,0
7175,HNF1A,85,47,8,4,47,31,5,1,322,190,244,309,317,38,16,3,3
5252,F8A3,43,31,16,10,58,41,13,5,322,221,250,293,307,-15,-10,3,5
5282,FAM102A,48,26,8,6,103,46,5,0,322,171,250,309,316,-55,-20,3,6
3725,CST4,16,15,5,2,7,6,2,0,322,299,301,315,320,9,9,3,2
7049,HERPUD2,51,30,7,3,78,37,4,1,322,193,255,311,318,-27,-7,3,2
7051,HES2,89,52,7,1,52,22,4,0,322,181,248,311,321,37,30,3,1
7053,HES4,58,45,21,11,78,47,18,5,322,186,230,283,306,-20,-2,3,6
7059,HEXB,69,43,10,4,55,27,7,2,322,198,252,305,316,14,16,3,2
5266,FABP6,62,45,24,6,66,52,21,10,322,194,225,277,306,-4,-7,3,-4
7077,HHIP,73,40,4,1,50,23,1,0,322,199,259,317,321,23,17,3,1
5261,FABP12,28,25,15,6,17,16,12,3,322,277,281,295,313,11,9,3,3
7082,HIBADH,56,35,5,2,70,34,2,0,322,196,253,315,320,-14,1,3,2
5257,FAAP100,39,25,12,6,112,69,9,2,322,171,228,301,314,-73,-44,3,4
5256,FAAH2,62,35,6,0,60,29,3,0,322,200,258,313,322,2,6,3,0
10692,NETO2,53,26,7,2,58,35,4,0,322,211,261,311,320,-5,-9,3,2
10792,NIT2,43,24,5,4,60,29,2,0,322,219,269,315,318,-17,-5,3,4
3731,CST9L,15,14,5,2,10,9,2,0,322,297,299,315,320,5,5,3,2
5248,F7,31,18,6,1,28,17,3,0,322,263,287,313,321,3,1,3,1
5245,F2RL3,72,45,4,1,64,27,1,0,322,186,250,317,321,8,18,3,1
10674,NEK7,58,27,5,0,56,32,2,1,322,208,263,315,321,2,-5,3,-1
5242,F2R,53,28,5,4,74,42,2,1,322,195,252,315,317,-21,-14,3,3
10664,NEIL2,92,48,10,2,37,14,7,2,322,193,260,305,318,55,34,3,0
5235,F10,61,43,7,0,51,32,4,0,322,210,247,311,322,10,11,3,0
7137,HLCS,44,21,5,1,97,53,2,1,322,181,248,315,320,-53,-32,3,0
3751,CT47A12,53,47,10,5,36,32,7,5,322,233,243,305,312,17,15,3,0
10654,NEDD4,42,18,6,1,84,41,3,1,322,196,263,313,320,-42,-23,3,0
10653,NEDD1,64,29,5,3,56,34,2,0,322,202,259,315,319,8,-5,3,3
7170,HMOX2,37,23,6,2,70,44,3,2,322,215,255,313,318,-33,-21,3,0
3722,CST11,9,9,7,4,10,9,4,2,322,303,304,311,316,-1,0,3,2
7038,HEPACAM2,74,44,4,0,33,16,1,0,322,215,262,317,322,41,28,3,0
10712,NF2,56,33,6,2,47,24,3,1,322,219,265,313,319,9,9,3,1
5284,FAM104A,61,34,6,3,56,30,3,0,322,205,258,313,319,5,4,3,3
5329,FAM155B,29,18,6,0,22,13,3,0,322,271,291,313,322,7,5,3,0
6916,HABP4,61,36,6,2,63,28,3,1,322,198,258,313,319,-2,8,3,1
5321,FAM13C,75,53,13,4,65,42,10,4,322,182,227,299,314,10,11,3,0
5318,FAM136A,44,24,7,2,63,35,4,1,322,215,263,311,319,-19,-11,3,1
10782,NIPAL2,60,34,3,1,53,17,0,0,322,209,271,319,321,7,17,3,1
10781,NIPAL1,37,19,3,1,90,47,0,0,322,195,256,319,321,-53,-28,3,1
10777,NINL,33,18,7,2,104,60,4,1,322,185,244,311,319,-71,-42,3,1
10774,NIN,51,29,9,6,92,48,6,3,322,179,245,307,313,-41,-19,3,3
10768,NICN1,69,37,8,6,81,37,5,2,322,172,248,309,314,-12,0,3,4
10767,NIBAN3,78,39,4,1,35,11,1,0,322,209,272,317,321,43,28,3,1
10766,NIBAN2,31,18,8,4,91,58,5,1,322,200,246,309,317,-60,-40,3,3
6973,HCAR3,52,26,7,4,45,22,4,1,322,225,274,311,317,7,4,3,3
10763,NHSL1,73,50,10,6,82,60,7,5,322,167,212,305,311,-9,-10,3,1
6974,HCCS,64,39,6,2,49,21,3,1,322,209,262,313,319,15,18,3,1
3694,CSMD1,16,7,4,1,20,10,1,0,322,286,305,317,321,-4,-3,3,1
5293,FAM111B,68,45,7,1,52,26,4,2,322,202,251,311,319,16,19,3,-1
7003,HDGFL1,27,10,3,0,19,5,0,0,322,276,307,319,322,8,5,3,0
7014,HEATR5A,69,38,7,4,70,40,4,1,322,183,244,311,317,-1,-2,3,3
10744,NFYA,89,53,6,2,46,32,3,0,322,187,237,313,320,43,21,3,2
7017,HEATR9,42,25,9,1,28,18,6,1,322,252,279,307,320,14,7,3,0
7022,HECTD2,65,34,9,3,74,42,6,0,322,183,246,307,319,-9,-8,3,3
10735,NFKBID,52,31,8,3,103,57,5,2,322,167,234,309,317,-51,-26,3,1
7026,HECW2,69,31,3,1,65,34,0,0,322,188,257,319,321,4,-3,3,1
7029,HELLS,45,28,7,5,83,42,4,0,322,194,252,311,317,-38,-14,3,5
7030,HELQ,68,32,9,2,64,26,6,1,322,190,264,307,319,4,6,3,1
4927,ELOVL7,54,22,4,1,60,30,1,0,322,208,270,317,321,-6,-8,3,1
4926,ELOVL6,45,27,7,0,83,39,4,1,322,194,256,311,321,-38,-12,3,-1
6482,GORAB,92,30,5,3,50,33,2,0,322,180,259,315,319,42,-3,3,3
9568,MCAM,47,31,9,5,109,56,6,0,322,166,235,307,317,-62,-25,3,5
8844,LCORL,75,30,7,4,50,24,4,1,322,197,268,311,317,25,6,3,3
8851,LDB2,39,27,6,0,50,33,3,0,322,233,262,313,322,-11,-6,3,0
4539,DPP8,68,39,5,2,62,28,2,0,322,192,255,315,320,6,11,3,2
4219,DENND4A,47,29,6,2,85,40,3,1,322,190,253,313,319,-38,-11,3,1
9595,MCMDC2,79,51,7,1,56,36,4,2,322,187,235,311,319,23,15,3,-1
9589,MCM5,43,31,11,8,73,44,8,4,322,206,247,303,310,-30,-13,3,4
8871,LEKR1,86,57,13,4,93,62,10,3,322,143,203,299,315,-7,-5,3,1
4226,DENR,45,25,5,2,70,33,2,0,322,207,264,315,320,-25,-8,3,2
8877,LENG1,68,38,10,7,60,33,7,2,322,194,251,305,313,8,5,3,5
4228,DEPDC1B,52,30,6,2,74,44,3,1,322,196,248,313,319,-22,-14,3,1
4230,DEPDC5,52,30,10,4,82,50,7,1,322,188,242,305,317,-30,-20,3,3
4522,DPF1,57,33,8,2,89,42,5,2,322,176,247,309,318,-32,-9,3,0
8921,LHFPL4,36,19,8,6,29,15,5,3,322,257,288,309,313,7,4,3,3
9513,MAS1L,23,19,4,0,6,5,1,0,322,293,298,317,322,17,14,3,0
8923,LHFPL6,85,43,5,1,48,22,2,0,322,189,257,315,321,37,21,3,1
9562,MBTPS2,35,19,7,3,89,44,4,1,322,198,259,311,318,-54,-25,3,2
8940,LILRA2,104,56,4,1,30,14,1,0,322,188,252,317,321,74,42,3,1
8947,LILRB4,58,29,4,2,35,15,1,0,322,229,278,317,320,23,14,3,2
8966,LIN7A,62,36,10,1,66,45,7,0,322,194,241,305,321,-4,-9,3,1
4246,DFFB,68,38,6,1,56,23,3,2,322,198,261,313,319,12,15,3,-1
8969,LIN9,78,38,6,1,48,33,3,0,322,196,251,313,321,30,5,3,1
8979,LINGO4,34,18,4,2,28,14,1,0,322,260,290,317,320,6,4,3,2
9536,MBD1,54,29,11,7,58,36,8,3,322,210,257,303,312,-4,-7,3,4
4251,DGCR6,59,34,11,6,97,54,8,1,322,166,234,303,315,-38,-20,3,5
4490,DOC2B,68,36,4,1,34,15,1,0,322,220,271,317,321,34,21,3,1
9007,LMBR1,45,28,6,4,90,35,3,0,322,187,259,313,318,-45,-7,3,4
9605,MCTS1,47,30,5,2,39,15,2,1,322,236,277,315,319,8,15,3,1
8827,LCE4A,6,5,3,1,4,4,0,0,322,312,313,319,321,2,1,3,1
8817,LCE1F,6,6,6,4,9,6,3,1,322,307,310,313,317,-3,0,3,3
9615,MDGA2,68,44,4,1,42,18,1,0,322,212,260,317,321,26,26,3,1
8692,KRTAP4-16,35,35,8,1,19,19,5,1,322,268,268,309,320,16,16,3,0
9698,MESP2,83,59,13,3,72,50,10,1,322,167,213,299,318,11,9,3,2
9697,MESP1,70,38,5,2,63,27,2,1,322,189,257,315,319,7,11,3,1
8697,KRTAP4-6,12,11,3,2,5,4,0,0,322,305,307,319,320,7,7,3,2
4176,DEFB107A,3,3,3,1,0,0,0,0,322,319,319,319,321,3,3,3,1
4604,DTWD2,63,34,5,0,71,40,2,0,322,188,248,315,322,-8,-6,3,0
8718,KRTAP9-2,8,7,3,0,3,2,0,0,322,311,313,319,322,5,5,3,0
4603,DTWD1,76,38,6,1,72,37,3,1,322,174,247,313,320,4,1,3,0
8739,L2HGDH,50,29,5,1,49,21,2,1,322,223,272,315,320,1,8,3,0
4596,DTD1,36,21,6,3,70,34,3,1,322,216,267,313,318,-34,-13,3,2
9668,MEF2D,55,35,10,3,72,39,7,1,322,195,248,305,318,-17,-4,3,2
4189,DEFB124,9,9,9,9,6,6,6,6,322,307,307,307,307,3,3,3,3
9654,MED27,48,28,5,3,55,31,2,0,322,219,263,315,319,-7,-3,3,3
4193,DEFB128,5,5,4,1,1,1,1,1,322,316,316,317,320,4,4,3,0
4572,DRG1,37,22,9,4,60,34,6,1,322,225,266,307,317,-23,-12,3,3
8792,LARS1,62,33,5,4,53,25,2,0,322,207,264,315,318,9,8,3,4
8793,LARS2,51,24,8,4,68,35,5,2,322,203,263,309,316,-17,-11,3,2
8794,LAS1L,44,28,6,4,50,30,3,1,322,228,264,313,317,-6,-2,3,3
4201,DEFB135,8,8,7,7,4,4,4,4,322,310,310,311,311,4,4,3,3
9630,MEAK7,55,31,12,8,84,51,9,1,322,183,240,301,313,-29,-20,3,7
4204,DEFB4B,4,4,4,2,1,1,1,0,322,317,317,317,320,3,3,3,2
8803,LBHD1,85,52,6,2,48,19,3,0,322,189,251,313,320,37,33,3,2
8805,LBP,48,31,8,3,41,17,5,2,322,233,274,309,317,7,14,3,1
9617,MDH1B,79,50,13,0,70,43,10,3,322,173,229,299,319,9,7,3,-3
8815,LCE1D,4,4,4,0,4,4,1,1,322,314,314,317,321,0,0,3,-1
9011,LMCD1,100,43,5,3,46,25,2,0,322,176,254,315,319,54,18,3,3
9021,LMO1,63,42,11,7,57,41,8,2,322,202,239,303,313,6,1,3,5
4171,DEFB104B,3,3,3,1,0,0,0,0,322,319,319,319,321,3,3,3,1
9296,LYZL2,14,13,6,2,9,9,3,1,322,299,300,313,319,5,4,3,1
9206,LSM14A,59,24,7,3,53,29,4,3,322,210,269,311,316,6,-5,3,0
9211,LSM5,63,34,10,7,60,32,7,2,322,199,256,305,313,3,2,3,5
9456,MAP7,52,30,4,0,83,40,1,0,322,187,252,317,322,-31,-10,3,0
4392,DMXL2,62,32,6,2,56,24,3,1,322,204,266,313,319,6,8,3,1
4388,DMTF1,54,26,7,3,70,46,4,0,322,198,250,311,319,-16,-20,3,3
9235,LTO1,65,31,7,3,65,39,4,1,322,192,252,311,318,0,-8,3,2
9247,LXN,73,45,17,4,70,43,14,6,322,179,234,291,312,3,2,3,-2
9440,MAP3K3,53,28,5,3,81,41,2,0,322,188,253,315,319,-28,-13,3,3
9265,LYAR,49,28,7,2,54,37,4,1,322,219,257,311,319,-5,-9,3,1
4368,DMAC2,39,26,11,5,82,45,8,2,322,201,251,303,315,-43,-19,3,3
9433,MAP3K13,68,34,5,2,35,15,2,0,322,219,273,315,320,33,19,3,2
9295,LYZL1,7,7,4,1,11,11,1,1,322,304,304,317,320,-4,-4,3,0
9303,LZTS2,53,27,10,6,92,53,7,2,322,177,242,305,314,-39,-26,3,4
9512,MAS1,86,36,5,1,24,10,2,0,322,212,276,315,321,62,26,3,1
9304,LZTS3,48,35,4,4,51,20,1,1,322,223,267,317,317,-3,15,3,3
9305,M1AP,71,39,4,0,67,31,1,0,322,184,252,317,322,4,8,3,0
9314,MACO1,49,26,4,1,79,44,1,0,322,194,252,317,321,-30,-18,3,1
4344,DLEU7,41,26,6,1,51,26,3,1,322,230,270,313,320,-10,0,3,0
9319,MAD1L1,44,34,16,9,112,65,13,1,322,166,223,293,312,-68,-31,3,8
4342,DLD,47,28,9,3,90,49,6,2,322,185,245,307,317,-43,-21,3,1
4337,DKK3,48,28,9,7,77,45,6,1,322,197,249,307,314,-29,-17,3,6
9404,MANBAL,56,28,7,5,53,30,4,1,322,213,264,311,316,3,-2,3,4
9344,MAGEA8,39,20,5,4,34,17,2,2,322,249,285,315,316,5,3,3,2
9346,MAGEA9B,58,41,12,3,44,32,9,4,322,220,249,301,315,14,9,3,-1
4314,DIO3,83,45,5,4,26,19,2,2,322,213,258,315,316,57,26,3,2
9395,MAN1A2,51,25,5,2,91,48,2,0,322,180,249,315,320,-40,-23,3,2
9203,LSM10,50,27,10,6,63,37,7,1,322,209,258,305,315,-13,-10,3,5
9467,MAPK15,92,59,7,0,71,45,4,1,322,159,218,311,321,21,14,3,-1
9191,LRRTM1,36,19,5,0,49,23,2,0,322,237,280,315,322,-13,-4,3,0
4413,DNAI1,90,68,15,3,66,53,12,1,322,166,201,295,318,24,15,3,2
9054,LPAR4,57,40,15,7,95,55,12,3,322,170,227,295,312,-38,-15,3,4
9061,LPGAT1,60,31,4,1,52,18,1,0,322,210,273,317,321,8,13,3,1
4260,DGKI,66,28,3,1,41,19,0,0,322,215,275,319,321,25,9,3,1
9071,LRATD2,68,35,7,4,52,29,4,1,322,202,258,311,317,16,6,3,3
9072,LRBA,46,24,6,2,56,25,3,0,322,220,273,313,320,-10,-1,3,2
9074,LRCH2,45,23,6,1,59,34,3,1,322,218,265,313,320,-14,-11,3,0
9503,MARK1,60,33,7,2,61,30,4,0,322,201,259,311,320,-1,3,3,2
9075,LRCH3,54,30,7,1,74,36,4,0,322,194,256,311,321,-20,-6,3,1
4458,DNAJC6,46,27,5,0,94,50,2,0,322,182,245,315,322,-48,-23,3,0
9083,LRG1,91,54,7,1,53,28,4,0,322,178,240,311,321,38,26,3,1
9084,LRGUK,79,42,3,0,58,22,0,0,322,185,258,319,322,21,20,3,0
9088,LRIG3,77,38,13,5,61,38,10,2,322,184,246,299,315,16,0,3,3
9090,LRIT2,22,11,4,0,11,8,1,0,322,289,303,317,322,11,3,3,0
9092,LRMDA,90,55,7,2,58,32,4,1,322,174,235,311,319,32,23,3,1
9496,MARCHF8,43,30,8,4,100,46,5,0,322,179,246,309,318,-57,-16,3,4
9492,MARCHF4,47,15,3,1,48,18,0,0,322,227,289,319,321,-1,-3,3,1
9103,LRP6,59,30,8,5,60,30,5,0,322,203,262,309,317,-1,0,3,5
9110,LRRC10B,67,42,9,3,69,33,6,1,322,186,247,307,318,-2,9,3,2
9121,LRRC25,70,39,8,1,85,37,5,2,322,167,246,309,319,-15,2,3,-1
9127,LRRC31,29,20,6,2,27,12,3,0,322,266,290,313,320,2,8,3,2
9131,LRRC37A,48,27,9,3,82,39,6,4,322,192,256,307,315,-34,-12,3,-1
4436,DNAJC12,79,42,13,3,84,48,10,4,322,159,232,299,315,-5,-6,3,-1
9147,LRRC49,78,51,9,4,59,33,6,0,322,185,238,307,318,19,18,3,4
9155,LRRC58,50,24,4,1,88,36,1,0,322,184,262,317,321,-38,-12,3,1
9179,LRRFIP1,35,22,4,3,64,25,1,0,322,223,275,317,319,-29,-3,3,3
4173,DEFB105B,6,5,5,2,2,2,2,1,322,314,315,315,319,4,3,3,1
8676,KRTAP21-2,19,16,9,4,8,8,6,1,322,295,298,307,317,11,8,3,3
4922,ELOVL2,49,30,6,3,66,32,3,1,322,207,260,313,318,-17,-2,3,2
8287,KCP,68,34,6,1,59,28,3,0,322,195,260,313,321,9,6,3,1
8150,JUP,70,50,13,6,81,49,10,0,322,171,223,299,316,-11,1,3,6
8151,KAAG1,27,18,3,0,15,9,0,0,322,280,295,319,322,12,9,3,0
8152,KALRN,73,41,8,5,68,44,5,2,322,181,237,309,315,5,-3,3,3
8174,KATNAL2,98,58,11,1,62,38,8,0,322,162,226,303,321,36,20,3,1
4818,EHD3,42,22,3,1,47,22,0,0,322,233,278,319,321,-5,0,3,1
4801,EGF,72,40,4,1,60,29,1,0,322,190,253,317,321,12,11,3,1
4799,EFS,29,16,6,1,26,17,3,0,322,267,289,313,321,3,-1,3,1
4040,DCAF17,52,23,5,0,69,38,2,0,322,201,261,315,322,-17,-15,3,0
8243,KCNJ3,86,41,4,1,44,20,1,0,322,192,261,317,321,42,21,3,1
9985,MPP6,56,35,8,1,75,39,5,2,322,191,248,309,319,-19,-4,3,-1
8250,KCNK10,50,30,3,1,26,9,0,0,322,246,283,319,321,24,21,3,1
8252,KCNK13,61,37,5,0,54,25,2,0,322,207,260,315,322,7,12,3,0
4769,EFCAB11,51,26,4,3,58,33,1,0,322,213,263,317,319,-7,-7,3,3
8409,KIF3B,70,48,6,3,55,22,3,1,322,197,252,313,318,15,26,3,2
4757,EEF1B2,43,28,11,6,45,26,8,2,322,234,268,303,314,-2,2,3,4
4756,EEF1AKNMT,79,45,6,3,52,29,3,0,322,191,248,313,319,27,16,3,3
8310,KDELR2,63,36,6,3,58,29,3,1,322,201,257,313,318,5,7,3,2
9959,MOSPD3,52,37,13,10,85,46,10,5,322,185,239,299,307,-33,-9,3,5
4747,EEA1,44,28,5,2,119,66,2,0,322,159,228,315,320,-75,-38,3,2
8323,KDM4E,27,15,3,0,23,9,0,0,322,272,298,319,322,4,6,3,0
8329,KDM6A,83,40,5,2,41,21,2,2,322,198,261,315,318,42,19,3,0
4069,DCN,103,70,16,7,69,49,13,4,322,150,203,293,311,34,21,3,3
8371,KIAA1614,85,45,8,3,62,33,5,1,322,175,244,309,318,23,12,3,2
8374,KIAA1841,45,20,5,1,70,27,2,0,322,207,275,315,321,-25,-7,3,1
8388,KIF18A,59,25,6,1,84,36,3,0,322,179,261,313,321,-25,-11,3,1
8401,KIF25,100,62,6,1,65,34,3,0,322,157,226,313,321,35,28,3,1
8118,JAM2,80,53,8,4,58,27,5,3,322,184,242,309,315,22,26,3,1
10042,MRPL17,35,17,7,4,81,47,4,0,322,206,258,311,318,-46,-30,3,4
4848,EIF2S3B,97,53,10,3,44,26,7,3,322,181,243,305,316,53,27,3,0
8107,JADE2,43,28,8,0,102,62,5,0,322,177,232,309,322,-59,-34,3,0
10124,MS4A2,105,50,6,0,38,18,3,0,322,179,254,313,322,67,32,3,0
7952,IPO4,39,23,11,4,83,45,8,4,322,200,254,303,314,-44,-22,3,0
10112,MRRF,75,28,4,1,47,25,1,0,322,200,269,317,321,28,3,3,1
7980,IQGAP3,39,20,4,1,75,36,1,0,322,208,266,317,321,-36,-16,3,1
10101,MRPS28,54,34,12,6,65,34,9,4,322,203,254,301,312,-11,0,3,2
4906,ELL2,79,45,7,2,56,34,4,0,322,187,243,311,320,23,11,3,2
4901,ELFN2,39,23,4,0,38,20,1,1,322,245,279,317,321,1,3,3,-1
7999,IRF4,65,33,4,1,34,13,1,0,322,223,276,317,321,31,20,3,1
8010,IRS4,35,14,7,0,42,17,4,2,322,245,291,311,320,-7,-3,3,-2
8022,ISG20L2,52,24,4,3,40,23,1,1,322,230,275,317,318,12,1,3,2
8024,ISL2,117,81,12,4,57,29,9,0,322,148,212,301,318,60,52,3,4
4887,ELAC2,35,23,9,6,110,56,6,1,322,177,243,307,315,-75,-33,3,5
8033,ISY1,67,38,5,2,38,20,2,1,322,217,264,315,319,29,18,3,1
8039,ITGA1,82,41,5,1,43,9,2,1,322,197,272,315,320,39,32,3,0
10087,MRPS15,52,32,9,4,53,27,6,1,322,217,263,307,317,-1,5,3,3
8044,ITGA3,48,27,13,8,87,51,10,2,322,187,244,299,312,-39,-24,3,6
10083,MRPS10,56,26,6,2,50,23,3,0,322,216,273,313,320,6,3,3,2
8052,ITGAE,51,28,8,4,48,25,5,3,322,223,269,309,315,3,3,3,1
8053,ITGAL,81,38,5,1,27,9,2,0,322,214,275,315,321,54,29,3,1
4874,EIF4ENIF1,96,61,13,4,66,35,10,2,322,160,226,299,316,30,26,3,2
8065,ITGB6,45,27,5,0,48,22,2,1,322,229,273,315,321,-3,5,3,-1
4867,EIF4E,58,28,7,3,56,33,4,2,322,208,261,311,317,2,-5,3,1
8073,ITIH5,89,41,5,0,49,22,2,0,322,184,259,315,322,40,19,3,0
10061,MRPL38,53,30,8,4,64,36,5,2,322,205,256,309,316,-11,-6,3,2
10054,MRPL30,44,30,7,3,65,28,4,1,322,213,264,311,318,-21,2,3,2
8408,KIF3A,50,25,5,1,77,33,2,0,322,195,264,315,321,-27,-8,3,1
8416,KIF6,86,41,4,2,31,14,1,0,322,205,267,317,320,55,27,3,2
9713,METTL21A,79,45,6,2,28,18,3,0,322,215,259,313,320,51,27,3,2
4135,DDX41,72,55,18,13,75,49,15,8,322,175,218,289,301,-3,6,3,5
9834,MIPEP,43,26,5,4,56,34,2,0,322,223,262,315,318,-13,-8,3,4
4123,DDX21,40,27,5,1,54,32,2,0,322,228,263,315,321,-14,-5,3,1
8546,KMT5B,57,32,11,3,67,36,8,1,322,198,254,303,318,-10,-4,3,2
9821,MILR1,93,52,12,6,55,30,9,5,322,174,240,301,311,38,22,3,1
8551,KNL1,51,29,7,1,102,49,4,0,322,169,244,311,321,-51,-20,3,1
8552,KNOP1,50,27,6,3,81,37,3,0,322,191,258,313,319,-31,-10,3,3
4631,DUSP21,20,18,5,1,15,11,2,1,322,287,293,315,320,5,7,3,0
8561,KPNA7,71,43,6,0,43,24,3,0,322,208,255,313,322,28,19,3,0
8564,KPTN,63,40,7,4,71,29,4,2,322,188,253,311,316,-8,11,3,2
8565,KRAS,48,24,7,5,61,31,4,1,322,213,267,311,316,-13,-7,3,4
4130,DDX39A,37,26,11,5,75,43,8,2,322,210,253,303,315,-38,-17,3,3
9792,MICA,118,69,9,3,39,21,6,2,322,165,232,307,317,79,48,3,1
9784,MGST2,82,58,11,4,46,18,8,2,322,194,246,303,316,36,40,3,2
4697,EBAG9,75,43,7,2,64,43,4,3,322,183,236,311,317,11,0,3,-1
8587,KRT20,48,21,3,0,37,14,0,0,322,237,287,319,322,11,7,3,0
4617,DUS3L,44,27,12,7,83,48,9,2,322,195,247,301,313,-39,-21,3,5
9754,MFSD14B,43,28,7,3,63,32,4,0,322,216,262,311,319,-20,-4,3,3
9753,MFSD14A,45,26,7,2,83,45,4,0,322,194,251,311,320,-38,-19,3,2
8616,KRT74,35,19,3,1,9,6,0,0,322,278,297,319,321,26,13,3,1
8617,KRT75,55,27,7,2,36,16,4,0,322,231,279,311,320,19,11,3,2
4150,DDX59,43,29,7,4,91,48,4,0,322,188,245,311,318,-48,-19,3,4
8635,KRTAP10-1,12,12,4,1,11,7,1,1,322,299,303,317,320,1,5,3,0
9738,MFAP3L,90,61,18,6,71,49,15,5,322,161,212,289,311,19,12,3,1
8647,KRTAP11-1,34,34,4,0,6,6,1,0,322,282,282,317,322,28,28,3,0
8659,KRTAP19-1,24,18,5,4,9,9,2,1,322,289,295,315,317,15,9,3,3
9717,METTL24,50,43,12,3,37,26,9,1,322,235,253,301,318,13,17,3,2
9836,MIS12,69,43,7,4,65,38,4,1,322,188,241,311,317,4,5,3,3
9839,MISP,76,40,9,1,47,28,6,3,322,199,254,307,318,29,12,3,-2
4121,DDX19B,53,32,8,3,68,36,5,2,322,201,254,309,317,-15,-4,3,1
8535,KLRF2,12,11,5,1,15,15,2,0,322,295,296,315,321,-3,-4,3,1
8424,KIN,89,41,4,1,43,18,1,0,322,190,263,317,321,46,23,3,1
9924,MOB1B,58,32,5,3,89,37,2,0,322,175,253,315,319,-31,-5,3,3
4687,E2F4,50,28,8,7,69,38,5,1,322,203,256,309,314,-19,-10,3,6
8454,KLF18,44,24,3,0,13,5,0,0,322,265,293,319,322,31,19,3,0
8458,KLF5,88,56,8,2,62,24,5,1,322,172,242,309,319,26,32,3,1
9917,MND1,53,36,12,4,75,48,9,5,322,194,238,301,313,-22,-12,3,-1
4678,DYSF,59,24,5,1,49,29,2,0,322,214,269,315,321,10,-5,3,1
9908,MMP8,32,23,5,1,28,20,2,0,322,262,279,315,321,4,3,3,1
4081,DCTN3,59,38,11,8,52,29,8,4,322,211,255,303,310,7,9,3,4
4085,DCTPP1,41,25,8,5,69,44,5,2,322,212,253,309,315,-28,-19,3,3
8475,KLHL11,81,40,6,3,47,32,3,0,322,194,250,313,319,34,8,3,3
4677,DYRK4,73,47,8,4,66,31,5,0,322,183,244,309,318,7,16,3,4
8478,KLHL14,31,19,3,0,26,12,0,0,322,265,291,319,322,5,7,3,0
4676,DYRK3,80,34,4,1,47,22,1,0,322,195,266,317,321,33,12,3,1
4093,DDA1,52,27,9,5,65,30,6,2,322,205,265,307,315,-13,-3,3,3
8505,KLHL5,44,23,7,3,61,30,4,1,322,217,269,311,318,-17,-7,3,2
8508,KLHL8,44,19,3,1,61,25,0,0,322,217,278,319,321,-17,-6,3,1
8513,KLK12,20,20,7,3,16,12,4,1,322,286,290,311,318,4,8,3,2
4646,DUXA,56,40,8,1,77,42,5,0,322,189,240,309,321,-21,-2,3,1
9861,MLH3,54,27,7,3,94,50,4,0,322,174,245,311,319,-40,-23,3,3
4112,DDRGK1,44,27,7,6,55,30,4,2,322,223,265,311,314,-11,-3,3,4
4115,DDX1,47,26,6,2,61,28,3,0,322,214,268,313,320,-14,-2,3,2
4117,DDX11,44,27,6,2,80,49,3,0,322,198,246,313,320,-36,-22,3,2
9847,MKNK1,79,42,8,4,58,28,5,1,322,185,252,309,317,21,14,3,3
4119,DDX18,60,26,5,2,54,28,2,1,322,208,268,315,319,6,-2,3,1
6494,GP6,102,61,7,2,49,29,4,0,322,171,232,311,320,53,32,3,2
4317,DIP2C,48,25,11,5,94,56,8,2,322,180,241,303,315,-46,-31,3,3
11127,NUB1,51,29,8,4,66,34,5,1,322,205,259,309,317,-15,-5,3,3
6068,GALNS,47,30,8,7,64,38,5,0,322,211,254,309,315,-17,-8,3,7
10998,NPTX1,52,26,4,1,49,21,1,1,322,221,275,317,320,3,5,3,0
5886,FOXRED2,45,25,5,2,91,49,2,1,322,186,248,315,319,-46,-24,3,1
5888,FPGS,39,26,9,7,87,47,6,3,322,196,249,307,312,-48,-21,3,4
6225,GFRA1,62,30,4,2,29,14,1,0,322,231,278,317,320,33,16,3,2
6052,GAGE12H,20,15,10,4,9,8,7,6,322,293,299,305,312,11,7,3,-2
5974,FXR2,52,24,10,4,51,34,7,0,322,219,264,305,318,1,-10,3,4
5895,FRAS1,59,22,4,2,52,23,1,0,322,211,277,317,320,7,-1,3,2
11035,NR6A1,107,56,6,2,55,21,3,0,322,160,245,313,320,52,35,3,2
6155,GCC2,44,23,7,1,92,45,4,1,322,186,254,311,320,-48,-22,3,0
6237,GGCX,60,31,6,4,67,39,3,0,322,195,252,313,318,-7,-8,3,4
5899,FREM2,46,16,5,2,35,16,2,0,322,241,290,315,320,11,0,3,2
5611,FBXW4,42,25,3,2,79,36,0,0,322,201,261,319,320,-37,-11,3,2
6065,GALK1,63,37,11,6,70,32,8,5,322,189,253,303,311,-7,5,3,1
5752,FKBP15,51,31,5,1,56,28,2,0,322,215,263,315,321,-5,3,3,1
5911,FRMD6,66,38,15,6,95,58,12,0,322,161,226,295,316,-29,-20,3,6
5674,FFAR1,72,44,4,0,49,23,1,0,322,201,255,317,322,23,21,3,0
6439,GOLGA2,47,27,8,4,69,30,5,1,322,206,265,309,317,-22,-3,3,3
5882,FOXQ1,85,56,13,3,49,36,10,0,322,188,230,299,319,36,20,3,3
5811,FNDC1,66,28,3,1,24,9,0,0,322,232,285,319,321,42,19,3,1
6209,GEMIN8,66,27,5,3,48,23,2,0,322,208,272,315,319,18,4,3,3
5731,FHOD3,64,35,6,2,58,34,3,0,322,200,253,313,320,6,1,3,2
5651,FDX1,44,27,4,3,67,28,1,0,322,211,267,317,319,-23,-1,3,3
5991,FZD3,58,31,8,5,103,53,5,1,322,161,238,309,316,-45,-22,3,4
3522,CPA1,52,45,10,0,35,32,7,0,322,235,245,305,322,17,13,3,0
5812,FNDC10,54,32,7,2,77,31,4,0,322,191,259,311,320,-23,1,3,2
11080,NSMCE1,74,48,9,5,57,29,6,1,322,191,245,307,316,17,19,3,4
5877,FOXO6,78,43,10,1,68,37,7,1,322,176,242,305,320,10,6,3,0
6167,GCM2,44,17,6,0,33,15,3,0,322,245,290,313,322,11,2,3,0
5987,FYTTD1,94,52,9,3,49,22,6,0,322,179,248,307,319,45,30,3,3
3561,CPS1,85,36,5,3,47,23,2,1,322,190,263,315,318,38,13,3,2
6354,GLT6D1,35,27,3,0,7,4,0,0,322,280,291,319,322,28,23,3,0
5540,FBL,42,25,8,7,51,28,5,2,322,229,269,309,313,-9,-3,3,5
11158,NUDT7,74,57,12,1,86,53,9,4,322,162,212,301,317,-12,4,3,-3
6067,GALM,56,35,5,3,64,28,2,1,322,202,259,315,318,-8,7,3,2
5757,FKBP3,51,32,9,6,63,30,6,3,322,208,260,307,313,-12,2,3,3
3560,CPQ,64,34,8,4,82,48,5,1,322,176,240,309,317,-18,-14,3,3
5612,FBXW5,49,29,13,7,66,37,10,5,322,207,256,299,310,-17,-8,3,2
5696,FGF2,50,25,5,1,73,45,2,0,322,199,252,315,321,-23,-20,3,1
5575,FBXO17,59,48,6,3,55,30,3,2,322,208,244,313,317,4,18,3,1
5763,FKBP9,43,22,5,3,43,19,2,1,322,236,281,315,318,0,3,3,2
6117,GAS8,49,32,11,4,127,84,8,1,322,146,206,303,317,-78,-52,3,3
5774,FLNA,47,30,8,5,74,36,5,1,322,201,256,309,316,-27,-6,3,4
5936,FSIP2,74,34,8,4,51,19,5,1,322,197,269,309,317,23,15,3,3
11061,NRP2,90,49,12,6,69,46,9,0,322,163,227,301,316,21,3,3,6
6114,GAS2L3,42,22,5,1,100,36,2,0,322,180,264,315,321,-58,-14,3,1
5562,FBXL2,53,26,7,2,77,37,4,1,322,192,259,311,319,-24,-11,3,1
5708,FGFBP1,45,32,6,1,33,15,3,0,322,244,275,313,321,12,17,3,1
6102,GAPVD1,75,47,5,2,62,32,2,0,322,185,243,315,320,13,15,3,2
11118,NTPCR,60,30,5,3,45,20,2,1,322,217,272,315,318,15,10,3,2
6107,GARRE1,66,37,6,3,50,21,3,1,322,206,264,313,318,16,16,3,2
5615,FBXW9,60,33,9,4,62,37,6,2,322,200,252,307,316,-2,-4,3,2
6104,GAREM1,87,56,14,3,50,32,11,0,322,185,234,297,319,37,24,3,3
5577,FBXO21,37,19,9,3,89,52,6,0,322,196,251,307,319,-52,-33,3,3
5777,FLOT1,49,26,8,5,57,36,5,1,322,216,260,309,316,-8,-10,3,4
6263,GIGYF2,67,45,7,6,80,35,4,1,322,175,242,311,315,-13,10,3,5
5919,FRRS1L,83,39,6,1,44,25,3,0,322,195,258,313,321,39,14,3,1
11070,NSD1,61,34,5,1,56,25,2,1,322,205,263,315,320,5,9,3,0
6414,GNG2,67,49,16,4,82,60,13,0,322,173,213,293,318,-15,-11,3,4
6253,GHDC,49,33,9,3,83,45,6,2,322,190,244,307,317,-34,-12,3,1
5625,FCGR2A,133,98,24,10,70,46,21,8,322,119,178,277,304,63,52,3,2
11034,NR5A2,90,52,11,3,57,29,8,4,322,175,241,303,315,33,23,3,-1
11139,NUDT10,36,18,5,1,36,16,2,0,322,250,288,315,321,0,2,3,1
6412,GNG13,62,53,19,6,53,43,16,5,322,207,226,287,311,9,10,3,1
6277,GINS3,67,41,6,1,61,41,3,0,322,194,240,313,321,6,0,3,1
6373,GMEB1,64,37,4,3,40,16,1,0,322,218,269,317,319,24,21,3,3
3556,CPNE9,94,68,12,3,67,41,9,1,322,161,213,301,318,27,27,3,2
11132,NUCB2,53,26,7,3,50,26,4,2,322,219,270,311,317,3,0,3,1
6129,GATAD2B,88,53,12,4,45,30,9,3,322,189,239,301,315,43,23,3,1
3577,CPXM2,68,29,3,0,48,21,0,0,322,206,272,319,322,20,8,3,0
3555,CPNE8,56,22,6,2,49,25,3,0,322,217,275,313,320,7,-3,3,2
6453,GOLGA6L7,89,49,6,1,40,16,3,0,322,193,257,313,321,49,33,3,1
5617,FCAR,108,56,7,1,33,28,4,3,322,181,238,311,318,75,28,3,-2
11169,NUP133,52,20,7,5,52,33,4,0,322,218,269,311,317,0,-13,3,5
3609,CREG2,69,36,4,1,37,12,1,1,322,216,274,317,320,32,24,3,0
6040,GAD2,24,13,5,2,27,14,2,0,322,271,295,315,320,-3,-1,3,2
5825,FOCAD,51,25,5,2,70,34,2,0,322,201,263,315,320,-19,-9,3,2
5659,FEN1,41,20,10,7,83,58,7,1,322,198,244,305,314,-42,-38,3,6
6038,GABRR3,17,14,3,1,12,9,0,0,322,293,299,319,321,5,5,3,1
11178,NUP35,62,36,7,0,69,40,4,0,322,191,246,311,322,-7,-4,3,0
11191,NUPR1,83,44,8,3,45,25,5,1,322,194,253,309,318,38,19,3,2
6337,GLMP,79,43,6,1,45,13,3,2,322,198,266,313,319,34,30,3,-1
5592,FBXO4,68,36,5,4,59,26,2,1,322,195,260,315,317,9,10,3,3
6304,GJD3,43,20,5,4,67,35,2,2,322,212,267,315,316,-24,-15,3,2
6456,GOLGA7B,34,13,3,0,27,13,0,0,322,261,296,319,322,7,0,3,0
6334,GLIS2,55,28,10,3,84,41,7,1,322,183,253,305,318,-29,-13,3,2
6202,GDPGP1,76,44,11,4,116,65,8,2,322,130,213,303,316,-40,-21,3,2
6036,GABRR1,46,26,5,1,37,19,2,1,322,239,277,315,320,9,7,3,0
6179,GDA,80,54,14,7,56,33,11,3,322,186,235,297,312,24,21,3,4
11182,NUP50,61,29,7,2,50,26,4,2,322,211,267,311,318,11,3,3,0
6005,G6PC3,39,26,9,6,79,37,6,1,322,204,259,307,315,-40,-11,3,5
6459,GOLGA8F,89,44,3,2,25,12,0,0,322,208,266,319,320,64,32,3,2
6464,GOLGA8M,61,45,17,3,62,42,14,7,322,199,235,291,312,-1,3,3,-4
6003,G6PC,74,36,3,0,30,11,0,0,322,218,275,319,322,44,25,3,0
5670,FEZ1,80,49,8,6,61,30,5,2,322,181,243,309,314,19,19,3,4
5837,FOXB1,36,16,4,1,44,14,1,0,322,242,292,317,321,-8,2,3,1
5598,FBXO45,47,30,6,0,50,27,3,0,322,225,265,313,322,-3,3,3,0
6317,GLB1L2,24,14,4,4,43,25,1,0,322,255,283,317,318,-19,-11,3,4
11195,NUTF2,53,28,6,4,48,21,3,1,322,221,273,313,317,5,7,3,3
6025,GABRA6,29,23,5,0,6,4,2,0,322,287,295,315,322,23,19,3,0
2866,CEP164,46,23,7,3,71,39,5,0,322,205,260,310,319,-25,-16,2,3
15611,SMLR1,49,21,8,7,19,11,6,6,322,254,290,308,309,30,10,2,1
11364,OR11H1,12,12,4,0,14,13,2,0,322,296,297,316,322,-2,-1,2,0
15609,SMIM9,21,20,4,0,29,28,2,0,322,272,274,316,322,-8,-8,2,0
13076,PRKAG3,39,27,4,1,34,18,2,0,322,249,277,316,321,5,9,2,1
8470,KLHDC8A,73,55,14,8,50,38,12,2,322,199,229,296,312,23,17,2,6
13058,PRH2,102,83,35,16,87,71,33,16,322,133,168,254,290,15,12,2,0
8110,JAG2,38,20,3,1,87,40,1,0,322,197,262,318,321,-49,-20,2,1
8093,ITPRIPL2,44,20,4,1,74,35,2,0,322,204,267,316,321,-30,-15,2,1
8095,ITSN2,80,51,6,1,56,24,4,0,322,186,247,312,321,24,27,2,1
8108,JADE3,70,35,4,0,46,24,2,1,322,206,263,316,321,24,11,2,-1
19396,ZNF554,65,36,5,1,59,32,3,0,322,198,254,314,321,6,4,2,1
10058,MRPL35,52,29,8,3,55,33,6,1,322,215,260,308,318,-3,-4,2,2
11407,OR1L3,14,10,2,0,12,10,0,0,322,296,302,320,322,2,0,2,0
15596,SMIM35,30,11,2,0,22,7,0,0,322,270,304,320,322,8,4,2,0
16114,ST3GAL2,41,25,3,2,73,32,1,1,322,208,265,318,319,-32,-7,2,1
13015,PRB2,25,22,2,1,13,9,0,0,322,284,291,320,321,12,13,2,1
11406,OR1L1,11,8,3,0,5,4,1,0,322,306,310,318,322,6,4,2,0
8493,KLHL30,63,33,5,1,75,37,3,1,322,184,252,314,320,-12,-4,2,0
9873,MLX,53,27,7,2,52,28,5,1,322,217,267,310,319,1,-1,2,1
11367,OR11H4,18,12,6,4,23,17,4,3,322,281,293,312,315,-5,-5,2,1
9918,MNDA,17,16,4,0,17,13,2,0,322,288,293,316,322,0,3,2,0
8173,KATNAL1,54,22,5,3,59,32,3,0,322,209,268,314,319,-5,-10,2,3
16039,SRPRB,53,29,6,3,49,30,4,1,322,220,263,312,318,4,-1,2,2
3559,CPPED1,50,26,4,1,54,23,2,0,322,218,273,316,321,-4,3,2,1
10023,MRNIP,59,34,6,5,44,23,4,3,322,219,265,312,314,15,11,2,2
8168,KAT6A,53,25,8,2,83,45,6,1,322,186,252,308,319,-30,-20,2,1
13096,PRKG2,39,19,3,0,51,26,1,0,322,232,277,318,322,-12,-7,2,0
13095,PRKG1,76,38,6,2,62,38,4,0,322,184,246,312,320,14,0,2,2
2859,CEP120,54,27,7,2,57,33,5,0,322,211,262,310,320,-3,-6,2,2
1697,BTBD17,27,21,4,3,23,14,2,0,322,272,287,316,319,4,7,2,3
1695,BTBD11,61,30,7,0,82,46,5,0,322,179,246,310,322,-21,-16,2,0
8017,ISCA1,58,36,8,1,60,37,6,0,322,204,249,308,321,-2,-1,2,1
8124,JCHAIN,52,49,23,12,57,46,21,2,322,213,227,278,308,-5,3,2,10
8123,JCAD,32,6,4,0,47,22,2,0,322,243,294,316,322,-15,-16,2,0
4679,DYTN,28,19,2,0,13,7,0,0,322,281,296,320,322,15,12,2,0
16076,SSH3,63,36,6,3,75,39,4,1,322,184,247,312,318,-12,-3,2,2
10036,MRPL11,53,30,9,3,51,33,7,4,322,218,259,306,315,2,-3,2,-1
113,ABRAXAS2,54,27,6,0,54,34,4,0,322,214,261,312,322,0,-7,2,0
8116,JAKMIP2,79,40,5,2,60,27,3,2,322,183,255,314,318,19,13,2,0
15591,SMIM31,99,61,7,1,36,24,5,0,322,187,237,310,321,63,37,2,1
10085,MRPS12,62,34,9,5,64,33,7,2,322,196,255,306,315,-2,1,2,3
19314,ZNF432,69,44,4,1,70,26,2,1,322,183,252,316,320,-1,18,2,0
8483,KLHL20,59,26,4,1,63,32,2,0,322,200,264,316,321,-4,-6,2,1
1724,BTNL8,61,46,7,0,46,35,5,0,322,215,241,310,322,15,11,2,0
1449,BBS2,56,29,10,7,86,40,8,2,322,180,253,304,313,-30,-11,2,5
8062,ITGB3BP,67,41,9,1,58,28,7,3,322,197,253,306,318,9,13,2,-2
8497,KLHL34,15,7,2,0,10,6,0,0,322,297,309,320,322,5,1,2,0
19328,ZNF45,61,28,4,2,64,35,2,1,322,197,259,316,319,-3,-7,2,1
16166,STAT6,65,34,7,2,71,39,5,0,322,186,249,310,320,-6,-5,2,2
19324,ZNF444,68,34,11,7,67,33,9,3,322,187,255,302,312,1,1,2,4
19311,ZNF43,61,32,9,2,66,36,7,0,322,195,254,306,320,-5,-4,2,2
5716,FGFRL1,47,28,8,3,84,49,6,0,322,191,245,308,319,-37,-21,2,3
8049,ITGA8,63,23,3,0,38,17,1,0,322,221,282,318,322,25,6,2,0
8051,ITGAD,44,19,3,0,21,7,1,0,322,257,296,318,322,23,12,2,0
6026,GABRB1,53,34,9,1,36,23,7,2,322,233,265,306,319,17,11,2,-1
10080,MRPL57,44,28,5,3,60,24,3,1,322,218,270,314,318,-16,4,2,2
19313,ZNF431,73,41,6,1,57,31,4,1,322,192,250,312,320,16,10,2,0
13032,PRDM5,67,38,6,1,62,40,4,1,322,193,244,312,320,5,-2,2,0
4006,DAPP1,84,50,6,0,45,24,4,0,322,193,248,312,322,39,26,2,0
15574,SMIM14,50,30,6,4,54,26,4,1,322,218,266,312,317,-4,4,2,3
19404,ZNF561,78,37,5,2,63,37,3,3,322,181,248,314,317,15,0,2,-1
1729,BUB1B-PAK6,23,23,12,2,32,29,10,1,322,267,270,300,319,-9,-6,2,1
1465,BCAT1,67,37,5,0,62,38,3,0,322,193,247,314,322,5,-1,2,0
8453,KLF17,77,45,3,0,52,28,1,0,322,193,249,318,322,25,17,2,0
6103,GAR1,50,31,6,1,63,33,4,1,322,209,258,312,320,-13,-2,2,0
4098,DDC,47,33,8,1,45,29,6,0,322,230,260,308,321,2,4,2,1
10095,MRPS22,62,35,8,2,67,42,6,1,322,193,245,308,319,-5,-7,2,1
11408,OR1L4,19,18,4,0,13,10,2,0,322,290,294,316,322,6,8,2,0
2871,CEP20,49,21,5,2,83,46,3,1,322,190,255,314,319,-34,-25,2,1
8081,ITPA,47,28,9,7,76,44,7,2,322,199,250,306,313,-29,-16,2,5
13303,PSMD7,51,28,8,4,60,31,6,2,322,211,263,308,316,-9,-3,2,2
11363,OR11G2,102,55,6,1,44,21,4,0,322,176,246,312,321,58,34,2,1
19400,ZNF558,50,20,3,1,43,22,1,0,322,229,280,318,321,7,-2,2,1
9889,MMP12,81,47,2,1,31,16,0,0,322,210,259,320,321,50,31,2,1
5703,FGF5,94,42,5,0,57,33,3,1,322,171,247,314,321,37,9,2,-1
6094,GAMT,69,46,13,6,58,30,11,2,322,195,246,298,314,11,16,2,4
13052,PREX2,42,20,2,1,29,16,0,0,322,251,286,320,321,13,4,2,1
4868,EIF4E1B,81,51,7,2,61,34,5,2,322,180,237,310,318,20,17,2,0
13049,PREP,58,28,5,3,45,27,3,0,322,219,267,314,319,13,1,2,3
13048,PRELP,80,36,4,0,38,16,2,0,322,204,270,316,322,42,20,2,0
1454,BBX,73,47,9,3,68,41,7,1,322,181,234,306,318,5,6,2,2
11361,OR10Z1,97,54,2,0,21,11,0,0,322,204,257,320,322,76,43,2,0
3567,CPSF6,74,42,11,5,80,55,9,2,322,168,225,302,315,-6,-13,2,3
13113,PRMT7,53,24,10,5,89,51,8,0,322,180,247,304,317,-36,-27,2,5
16035,SRPK1,47,27,7,4,69,38,5,2,322,206,257,310,316,-22,-11,2,2
1618,BOLA2B,59,43,18,14,54,42,16,9,322,209,237,288,299,5,1,2,5
4734,EDDM3A,7,7,3,1,6,5,1,0,322,309,310,318,321,1,2,2,1
15764,SOX12,36,24,7,7,115,67,5,1,322,171,231,310,314,-79,-43,2,6
13214,PRSS35,66,42,6,1,94,47,4,0,322,162,233,312,321,-28,-5,2,1
9950,MORN1,57,30,10,3,83,48,8,3,322,182,244,304,316,-26,-18,2,0
11382,OR13H1,15,14,4,2,7,5,2,0,322,300,303,316,320,8,9,2,2
4073,DCPS,40,25,5,2,58,25,3,1,322,224,272,314,319,-18,0,2,1
15784,SP140L,59,34,5,2,46,21,3,0,322,217,267,314,320,13,13,2,2
8328,KDM5D,21,11,3,2,57,38,1,0,322,244,273,318,320,-36,-27,2,2
8420,KIFBP,46,26,7,3,72,41,5,1,322,204,255,310,318,-26,-15,2,2
15793,SPA17,58,31,2,0,46,16,0,0,322,218,275,320,322,12,15,2,0
9931,MOCOS,47,23,3,0,46,21,1,0,322,229,278,318,322,1,2,2,0
4744,EDNRA,51,29,5,1,61,33,3,1,322,210,260,314,320,-10,-4,2,0
1614,BOK,53,31,7,2,77,42,5,0,322,192,249,310,320,-24,-11,2,2
19384,ZNF536,45,22,4,2,42,21,2,1,322,235,279,316,319,3,1,2,1
4753,EEF1AKMT3,54,28,4,0,68,31,2,0,322,200,263,316,322,-14,-3,2,0
8433,KIRREL3,30,12,4,4,54,35,2,1,322,238,275,316,317,-24,-23,2,3
13193,PRRG1,51,29,7,1,80,53,5,1,322,191,240,310,320,-29,-24,2,0
8436,KIT,35,18,4,2,59,32,2,0,322,228,272,316,320,-24,-14,2,2
8301,KCTD21,76,48,10,6,56,38,8,0,322,190,236,304,316,20,10,2,6
8300,KCTD20,39,24,6,3,73,36,4,1,322,210,262,312,318,-34,-12,2,2
15757,SOWAHA,43,25,5,0,63,32,3,0,322,216,265,314,322,-20,-7,2,0
8346,KHNYN,32,22,8,3,103,51,6,0,322,187,249,308,319,-71,-29,2,3
8297,KCTD18,52,23,3,1,60,42,1,0,322,210,257,318,321,-8,-19,2,1
15724,SNX8,45,32,10,4,92,46,8,1,322,185,244,304,317,-47,-14,2,3
4711,ECEL1,33,21,5,3,52,30,3,1,322,237,271,314,318,-19,-9,2,2
11375,OR13C4,23,22,2,1,8,8,0,0,322,291,292,320,321,15,14,2,1
9935,MOG,104,63,7,0,55,29,5,0,322,163,230,310,322,49,34,2,0
90,ABHD17C,62,29,11,5,91,51,9,2,322,169,242,302,315,-29,-22,2,3
8387,KIF17,110,58,3,1,43,18,1,0,322,169,246,318,321,67,40,2,1
8386,KIF16B,55,28,6,1,73,44,4,1,322,194,250,312,320,-18,-16,2,0
1650,BRCC3,42,20,3,0,57,29,1,0,322,223,273,318,322,-15,-9,2,0
8378,KIAA2026,59,26,3,2,84,28,1,0,322,179,268,318,320,-25,-2,2,2
1649,BRCA2,41,21,5,0,115,65,3,0,322,166,236,314,322,-74,-44,2,0
8372,KIAA1671,44,24,4,1,59,22,2,1,322,219,276,316,320,-15,2,2,0
1668,BRIP1,56,27,4,2,56,33,2,1,322,210,262,316,319,0,-6,2,1
13234,PRUNE2,86,54,6,5,68,42,4,1,322,168,226,312,316,18,12,2,4
1644,BPY2,11,10,5,5,4,4,3,3,322,307,308,314,314,7,6,2,2
13231,PRTG,83,44,11,3,75,46,9,0,322,164,232,302,319,8,-2,2,3
8364,KIAA1210,56,25,2,1,34,14,0,0,322,232,283,320,321,22,11,2,1
1640,BPIFC,39,26,8,1,31,18,6,3,322,252,278,308,318,8,8,2,-2
8355,KIAA0586,48,27,5,2,69,33,3,0,322,205,262,314,320,-21,-6,2,2
15745,SORBS2,79,54,19,5,80,55,17,7,322,163,213,286,310,-1,-1,2,-2
8351,KIAA0319,50,20,4,0,55,20,2,0,322,217,282,316,322,-5,0,2,0
15749,SORCS3,25,10,3,0,20,11,1,0,322,277,301,318,322,5,-1,2,0
13185,PRR5,37,23,6,3,96,50,4,1,322,189,249,312,318,-59,-27,2,2
15832,SPATA16,20,15,3,2,9,5,1,0,322,293,302,318,320,11,10,2,2
1504,BDH2,64,39,9,4,90,45,7,2,322,168,238,306,316,-26,-6,2,2
15970,SPRR3,17,16,2,1,10,10,0,0,322,295,296,320,321,7,6,2,1
8452,KLF16,38,19,8,3,132,74,6,1,322,152,229,308,318,-94,-55,2,2
9999,MR1,61,36,4,0,82,37,2,0,322,179,249,316,322,-21,-1,2,0
15952,SPPL2A,48,24,4,2,63,33,2,0,322,211,265,316,320,-15,-9,2,2
4035,DCAF12L1,16,7,2,1,16,3,0,0,322,290,312,320,321,0,4,2,1
8227,KCNH7,26,16,4,2,56,27,2,1,322,240,279,316,319,-30,-11,2,1
2782,CDT1,55,26,8,3,63,39,6,0,322,204,257,308,319,-8,-13,2,3
15965,SPRR2B,6,6,3,0,6,5,1,0,322,310,311,318,322,0,1,2,0
2839,CENPI,38,18,8,2,104,65,6,2,322,180,239,308,318,-66,-47,2,0
8221,KCNH1,86,41,2,0,41,18,0,0,322,195,263,320,322,45,23,2,0
8214,KCNE4,89,39,4,0,46,22,2,0,322,187,261,316,322,43,17,2,0
1549,BICRA,67,37,11,1,105,57,9,1,322,150,228,302,320,-38,-20,2,0
15983,SPSB3,53,33,15,8,59,38,13,5,322,210,251,294,309,-6,-5,2,3
15993,SPTLC2,54,31,4,1,79,44,2,0,322,189,247,316,321,-25,-13,2,1
13119,PROC,84,63,12,6,49,42,10,1,322,189,217,300,315,35,21,2,5
8202,KCNB2,39,14,3,2,36,25,1,0,322,247,283,318,320,3,-11,2,2
11377,OR13C8,14,14,2,0,8,8,0,0,322,300,300,320,322,6,6,2,0
2847,CENPQ,55,26,7,2,89,46,5,0,322,178,250,310,320,-34,-20,2,2
1687,BSPH1,11,11,6,0,8,8,4,1,322,303,303,312,321,3,3,2,-1
8180,KBTBD11,24,14,3,1,76,35,1,1,322,222,273,318,320,-52,-21,2,0
11398,OR1E2,25,22,8,2,22,20,6,0,322,275,280,308,320,3,2,2,2
8232,KCNIP4,62,47,11,4,41,34,9,3,322,219,241,302,315,21,13,2,1
4788,EFL1,63,31,7,2,51,27,5,1,322,208,264,310,319,12,4,2,1
19369,ZNF516,79,51,12,3,97,63,10,2,322,146,208,300,317,-18,-12,2,1
13271,PSMA6,57,37,8,7,48,22,6,1,322,217,263,308,314,9,15,2,6
1597,BMPR1B,73,38,6,2,78,40,4,0,322,171,244,312,320,-5,-2,2,2
15845,SPATA31A3,19,15,3,0,18,12,1,0,322,285,295,318,322,1,3,2,0
8438,KIZ,51,30,7,0,88,38,5,2,322,183,254,310,320,-37,-8,2,-2
1596,BMPR1A,64,34,5,2,78,35,3,0,322,180,253,314,320,-14,-1,2,2
4049,DCAF8L2,42,23,6,1,34,11,4,1,322,246,288,312,320,8,12,2,0
8443,KLC3,72,44,11,4,57,35,9,5,322,193,243,302,313,15,9,2,-1
15854,SPATA33,48,22,6,3,58,22,4,2,322,216,278,312,317,-10,0,2,1
13010,PRAMEF7,10,3,2,0,5,3,0,0,322,307,316,320,322,5,0,2,0
4773,EFCAB2,61,34,7,3,65,41,5,0,322,196,247,310,319,-4,-7,2,3
15871,SPC25,58,34,6,3,83,37,4,1,322,181,251,312,318,-25,-3,2,2
13277,PSMB2,39,27,3,2,55,25,1,1,322,228,270,318,319,-16,2,2,1
8273,KCNQ1,67,48,11,3,74,50,9,0,322,181,224,302,319,-7,-2,2,3
15886,SPDYE3,51,28,8,5,45,26,6,4,322,226,268,308,313,6,2,2,1
13166,PRR16,62,40,11,3,85,54,9,2,322,175,228,302,317,-23,-14,2,1
13275,PSMB10,59,38,8,2,67,36,6,2,322,196,248,308,318,-8,2,2,0
11392,OR1A2,8,8,2,0,4,4,0,0,322,310,310,320,322,4,4,2,0
9986,MPP7,48,26,4,0,53,20,2,0,322,221,276,316,322,-5,6,2,0
8247,KCNJ8,58,32,8,2,55,33,6,1,322,209,257,308,319,3,-1,2,1
1558,BIRC5,45,25,7,6,81,37,5,0,322,196,260,310,316,-36,-12,2,6
5722,FH,56,33,7,3,58,29,5,1,322,208,260,310,318,-2,4,2,2
19368,ZNF514,59,34,6,2,72,41,4,2,322,191,247,312,318,-13,-7,2,0
18738,WDR97,77,40,4,1,40,21,2,0,322,205,261,316,321,37,19,2,1
1421,BAK1,46,25,8,4,75,47,6,0,322,201,250,308,318,-29,-22,2,4
16702,TDRD1,44,16,2,0,32,17,0,0,322,246,289,320,322,12,-1,2,0
12774,POLR3C,56,34,4,2,57,31,2,1,322,209,257,316,319,-1,3,2,1
12770,POLR2L,55,27,9,6,48,27,7,1,322,219,268,306,315,7,0,2,5
5671,FEZ2,42,22,10,7,101,59,8,2,322,179,241,304,313,-59,-37,2,5
16684,TCP10L2,35,25,9,5,27,19,7,1,322,260,278,306,316,8,6,2,4
3012,CHDH,62,34,5,0,63,35,3,1,322,197,253,314,321,-1,-1,2,-1
12765,POLR2I,44,31,12,9,60,30,10,7,322,218,261,300,306,-16,1,2,2
7706,IGLON5,48,24,7,3,46,23,5,0,322,228,275,310,319,2,1,2,3
11467,OR2T11,34,15,2,0,29,8,0,0,322,259,299,320,322,5,7,2,0
16688,TCP11X1,15,11,2,0,12,8,0,0,322,295,303,320,322,3,3,2,0
3931,CYP2C8,59,39,8,2,42,29,6,2,322,221,254,308,318,17,10,2,0
3013,CHEK1,56,35,6,2,57,31,4,1,322,209,256,312,319,-1,4,2,1
12754,POLR1F,63,29,6,0,56,38,4,0,322,203,255,312,322,7,-9,2,0
16672,TCHH,60,24,2,0,40,15,0,0,322,222,283,320,322,20,9,2,0
11048,NRG2,64,37,4,1,100,52,2,1,322,158,233,316,320,-36,-15,2,0
12752,POLR1D,62,35,10,4,51,27,8,0,322,209,260,304,318,11,8,2,4
7691,IGKV6D-21,3,3,3,1,4,1,1,1,322,315,318,318,320,-1,2,2,0
10266,MTSS1,66,37,14,11,77,49,12,4,322,179,236,296,307,-11,-12,2,7
16718,TECPR1,64,34,4,0,61,31,2,1,322,197,257,316,321,3,3,2,-1
16723,TECTB,16,11,4,0,17,9,2,0,322,289,302,316,322,-1,2,2,0
7687,IGKV3OR2-268,10,10,9,9,9,7,7,6,322,303,305,306,307,1,3,2,3
6171,GCNT2,56,24,4,0,68,27,2,1,322,198,271,316,321,-12,-3,2,-1
11470,OR2T27,8,7,2,0,9,8,0,0,322,305,307,320,322,-1,-1,2,0
10274,MTX3,47,28,4,1,54,25,2,1,322,221,269,316,320,-7,3,2,0
7673,IGKV2D-24,8,8,6,5,4,4,4,3,322,310,310,312,314,4,4,2,2
10250,MTRES1,67,34,5,1,68,30,3,0,322,187,258,314,321,-1,4,2,1
12779,POLR3GL,55,38,6,3,72,37,4,0,322,195,247,312,319,-17,1,2,3
1413,BAG5,60,29,6,2,56,32,4,0,322,206,261,312,320,4,-3,2,2
2998,CHCHD4,53,32,3,1,67,29,1,1,322,202,261,318,320,-14,3,2,0
10226,MTHFSD,67,40,7,5,81,46,5,0,322,174,236,310,317,-14,-6,2,5
7747,IGSF21,25,14,2,1,36,15,0,0,322,261,293,320,321,-11,-1,2,1
16603,TBCE,64,33,3,1,42,13,1,1,322,216,276,318,320,22,20,2,0
16609,TBL1X,42,26,9,5,83,47,7,1,322,197,249,306,316,-41,-21,2,4
5008,EOGT,62,30,5,3,82,29,3,0,322,178,263,314,319,-20,1,2,3
16612,TBL2,28,17,5,2,77,39,3,0,322,217,266,314,320,-49,-22,2,2
16614,TBP,60,32,7,3,58,40,5,1,322,204,250,310,318,2,-8,2,2
2993,CHAT,56,39,3,0,45,31,1,0,322,221,252,318,322,11,8,2,0
16618,TBRG1,76,41,4,1,48,31,2,0,322,198,250,316,321,28,10,2,1
12799,POP4,63,37,9,5,72,37,7,3,322,187,248,306,314,-9,0,2,2
16621,TBX10,68,49,7,1,19,13,5,0,322,235,260,310,321,49,36,2,1
16624,TBX19,129,77,5,2,44,24,3,0,322,149,221,314,320,85,53,2,2
16667,TCF4,68,38,10,8,97,56,8,1,322,157,228,304,313,-29,-18,2,7
1230,ATP10D,79,43,4,0,58,26,2,0,322,185,253,316,322,21,17,2,0
3001,CHCHD7,54,37,12,2,78,48,10,0,322,190,237,300,320,-24,-11,2,2
3002,CHD1,68,40,6,2,68,36,4,1,322,186,246,312,319,0,4,2,1
10238,MTMR4,43,33,9,4,65,32,7,1,322,214,257,306,317,-22,1,2,3
7731,IGLV3-9,13,12,12,3,10,10,10,3,322,299,300,300,316,3,2,2,0
16633,TBXA2R,104,60,5,2,40,20,3,0,322,178,242,314,320,64,40,2,2
11049,NRG3,63,36,5,1,58,30,3,0,322,201,256,314,321,5,6,2,1
12787,POMC,32,28,7,1,21,15,5,2,322,269,279,310,319,11,13,2,-1
16643,TCEA2,60,25,10,8,73,32,8,3,322,189,265,304,311,-13,-7,2,5
16649,TCEAL5,32,30,5,0,26,23,3,0,322,264,269,314,322,6,7,2,0
16656,TCERG1,45,23,4,1,58,35,2,0,322,219,264,316,321,-13,-12,2,1
5024,EPC2,50,26,6,1,70,40,4,2,322,202,256,312,319,-20,-14,2,-1
7664,IGKV1D-39,9,9,9,4,7,7,7,5,322,306,306,306,313,2,2,2,-1
1183,ATAD3C,94,56,4,1,34,12,2,1,322,194,254,316,320,60,44,2,0
11481,OR2V2,61,30,3,0,41,19,1,0,322,220,273,318,322,20,11,2,0
11045,NREP,39,22,12,8,88,58,10,0,322,195,242,300,314,-49,-36,2,8
7587,IGHV1-69,5,5,5,3,3,3,3,1,322,314,314,314,318,2,2,2,2
7586,IGHV1-58,5,5,5,2,3,3,3,0,322,314,314,314,320,2,2,2,2
12658,PMCH,51,47,14,4,26,22,12,3,322,245,253,296,315,25,25,2,1
16915,TIAM1,52,31,5,2,71,34,3,1,322,199,257,314,319,-19,-3,2,1
1102,ART5,75,60,17,9,82,65,15,2,322,165,197,290,311,-7,-5,2,7
16938,TIMM17B,51,38,7,4,53,22,5,3,322,218,262,310,315,-2,16,2,1
1097,ARSK,67,34,4,3,68,29,2,0,322,187,259,316,319,-1,5,2,3
16944,TIMM29,59,39,7,5,100,59,5,1,322,163,224,310,316,-41,-20,2,4
5036,EPHA7,36,21,3,1,24,16,1,0,322,262,285,318,321,12,5,2,1
3059,CHRM3,61,28,4,1,42,20,2,0,322,219,274,316,321,19,8,2,1
1094,ARSH,35,10,2,0,23,4,0,0,322,264,308,320,322,12,6,2,0
7663,IGKV1D-37,4,4,4,4,3,3,2,2,322,315,315,316,316,1,1,2,2
12641,PLSCR5,10,9,2,0,15,14,0,0,322,297,299,320,322,-5,-5,2,0
16960,TIPIN,41,23,3,2,82,45,1,0,322,199,254,318,320,-41,-22,2,2
1090,ARSB,48,27,3,1,59,21,1,0,322,215,274,318,321,-11,6,2,1
12637,PLSCR1,55,32,7,3,62,39,5,0,322,205,251,310,319,-7,-7,2,3
16972,TKTL2,48,22,3,1,36,16,1,0,322,238,284,318,321,12,6,2,1
3070,CHRNA9,61,35,8,2,45,27,6,0,322,216,260,308,320,16,8,2,2
1086,ARRDC3,81,48,12,5,68,36,10,1,322,173,238,300,316,13,12,2,4
5663,FERD3L,14,13,7,1,10,9,5,0,322,298,300,310,321,4,4,2,1
12629,PLPPR1,56,38,13,5,44,35,11,2,322,222,249,298,315,12,3,2,3
16994,TLNRD1,38,21,3,1,117,64,1,0,322,167,237,318,321,-79,-43,2,1
1070,ARPC1B,46,24,10,6,68,45,8,3,322,208,253,304,313,-22,-21,2,3
3897,CYBC1,40,23,5,2,78,45,3,2,322,204,254,314,318,-38,-22,2,0
12668,PMP2,36,28,6,5,31,18,4,2,322,255,276,312,315,5,10,2,3
3899,CYC1,39,23,7,5,68,34,5,1,322,215,265,310,316,-29,-11,2,4
12670,PMPCA,37,23,9,6,85,52,7,0,322,200,247,306,316,-48,-29,2,6
12727,POLA1,49,24,6,2,53,30,4,1,322,220,268,312,319,-4,-6,2,1
1178,ATAD1,49,28,5,2,60,39,3,0,322,213,255,314,320,-11,-11,2,2
16758,TES,111,65,4,0,41,27,2,0,322,170,230,316,322,70,38,2,0
16763,TESPA1,76,35,2,0,42,18,0,0,322,204,269,320,322,34,17,2,0
12720,POFUT1,36,26,5,3,93,48,3,1,322,193,248,314,318,-57,-22,2,2
16764,TET1,47,27,7,2,105,57,5,1,322,170,238,310,319,-58,-30,2,1
16778,TEX2,59,32,7,2,65,41,5,1,322,198,249,310,319,-6,-9,2,1
7635,IGHV5-51,7,6,4,1,7,6,2,1,322,308,310,316,320,0,0,2,0
19172,ZNF197,51,28,4,3,64,34,2,0,322,207,260,316,319,-13,-6,2,3
19168,ZNF185,41,20,4,3,61,26,2,1,322,220,276,316,318,-20,-6,2,2
16816,TFCP2L1,35,22,2,0,49,20,0,0,322,238,280,320,322,-14,2,2,0
16819,TFDP3,32,16,2,0,27,11,0,0,322,263,295,320,322,5,5,2,0
16836,TGFB1,47,25,9,2,78,45,7,2,322,197,252,306,318,-31,-20,2,0
16839,TGFB3,89,63,9,2,58,26,7,1,322,175,233,306,319,31,37,2,1
16845,TGFBRAP1,41,21,3,2,47,18,1,0,322,234,283,318,320,-6,3,2,2
16853,TGM3,26,16,2,0,20,9,0,0,322,276,297,320,322,6,7,2,0
16855,TGM5,46,18,2,0,59,19,0,0,322,217,285,320,322,-13,-1,2,0
7602,IGHV3-21,4,3,3,1,2,2,1,0,322,316,317,318,321,2,1,2,1
7601,IGHV3-20,8,8,4,2,7,6,2,0,322,307,308,316,320,1,2,2,2
5030,EPHA10,74,46,8,3,67,39,6,2,322,181,237,308,317,7,7,2,1
16889,THOC1,49,30,8,2,68,34,6,0,322,205,258,308,320,-19,-4,2,2
16900,THRSP,73,69,11,6,43,35,9,3,322,206,218,302,313,30,34,2,3
3900,CYCS,48,28,5,2,53,25,3,0,322,221,269,314,320,-5,3,2,2
1243,ATP1A4,80,42,5,1,38,16,3,0,322,204,264,314,321,42,26,2,1
16584,TBC1D3E,8,7,4,3,7,7,2,1,322,307,308,316,318,1,0,2,2
7750,IGSF3,43,24,9,7,86,47,7,3,322,193,251,306,312,-43,-23,2,4
2914,CETN3,52,30,9,3,60,36,7,0,322,210,256,306,319,-8,-6,2,3
7948,IPCEF1,68,38,3,0,48,25,1,0,322,206,259,318,322,20,13,2,0
2904,CERS5,44,18,5,2,56,26,3,2,322,222,278,314,318,-12,-8,2,0
1374,B3GAT3,65,29,5,5,43,23,3,1,322,214,270,314,316,22,6,2,4
3573,CPTP,45,25,10,3,103,58,8,3,322,174,239,304,316,-58,-33,2,0
7936,INTS4,49,22,9,2,40,26,7,0,322,233,274,306,320,9,-4,2,2
12951,PPP2R3A,42,18,6,3,100,53,4,1,322,180,251,312,318,-58,-35,2,2
2910,CES4A,85,47,4,0,59,28,2,1,322,178,247,316,321,26,19,2,-1
6139,GBE1,55,26,5,0,42,20,3,1,322,225,276,314,321,13,6,2,-1
19254,ZNF326,54,31,6,4,66,30,4,0,322,202,261,312,318,-12,1,2,4
1365,B3GALNT1,47,25,5,2,55,24,3,0,322,220,273,314,320,-8,1,2,2
10149,MSL1,57,31,9,6,64,34,7,1,322,201,257,306,315,-7,-3,2,5
7904,INPP5A,47,29,7,3,106,54,5,0,322,169,239,310,319,-59,-25,2,3
12915,PPP1R16B,35,23,7,0,48,29,5,0,322,239,270,310,322,-13,-6,2,0
16344,SVOP,79,46,4,1,42,21,2,0,322,201,255,316,321,37,25,2,1
16367,SYN2,47,19,4,1,65,33,2,0,322,210,270,316,321,-18,-14,2,1
151,ACKR1,29,18,3,0,18,16,1,0,322,275,288,318,322,11,2,2,0
2925,CFAP298,65,33,9,2,52,32,7,2,322,205,257,306,318,13,1,2,0
7884,ING5,58,31,4,1,36,19,2,1,322,228,272,316,320,22,12,2,0
7881,ING2,83,50,9,2,63,39,7,0,322,176,233,306,320,20,11,2,2
10155,MSMO1,101,58,12,6,54,33,10,2,322,167,231,300,314,47,25,2,4
19239,ZNF3,88,42,6,5,41,24,4,0,322,193,256,312,317,47,18,2,5
7872,IMPG2,89,41,3,0,35,15,1,1,322,198,266,318,321,54,26,2,-1
16388,SYNPO2,75,34,5,1,62,25,3,1,322,185,263,314,320,13,9,2,0
19237,ZNF292,71,38,9,5,86,49,7,3,322,165,235,306,314,-15,-11,2,2
1381,B3GNT6,108,71,8,4,52,28,6,3,322,162,223,308,315,56,43,2,1
3996,DALRD3,59,32,8,3,72,37,6,2,322,191,253,308,317,-13,-5,2,1
10125,MS4A3,21,19,7,2,30,23,5,1,322,271,280,310,319,-9,-4,2,1
19275,ZNF358,64,39,13,9,64,33,11,5,322,194,250,298,308,0,6,2,4
8007,IRGQ,54,30,8,4,93,39,6,1,322,175,253,308,317,-39,-9,2,3
1407,BACH2,62,31,8,2,79,42,6,1,322,181,249,308,319,-17,-11,2,1
6112,GAS2L1,48,29,13,4,87,57,11,4,322,187,236,298,314,-39,-28,2,0
16248,STX10,65,38,9,6,54,29,7,5,322,203,255,306,311,11,9,2,1
1399,B9D2,78,48,14,5,80,49,12,2,322,164,225,296,315,-2,-1,2,3
16254,STX18,42,27,4,3,64,30,2,0,322,216,265,316,319,-22,-3,2,3
7989,IRAK2,110,54,5,0,43,22,3,0,322,169,246,314,322,67,32,2,0
12991,PRAMEF1,33,13,2,0,21,10,0,0,322,268,299,320,322,12,3,2,0
4909,ELMO2,49,24,10,3,99,54,8,0,322,174,244,304,319,-50,-30,2,3
1393,B4GALT4,44,25,11,5,95,55,9,3,322,183,242,302,314,-51,-30,2,2
1392,B4GALT3,38,19,7,4,68,39,5,1,322,216,264,310,317,-30,-20,2,3
7975,IQCK,85,46,7,4,61,37,5,1,322,176,239,310,317,24,9,2,3
16280,SUCNR1,28,16,3,0,22,9,1,0,322,272,297,318,322,6,7,2,0
10110,MRPS7,46,27,6,6,55,30,4,1,322,221,265,312,315,-9,-3,2,5
1387,B4GALNT2,106,53,3,0,24,12,1,0,322,192,257,318,322,82,41,2,0
7970,IQCF6,9,9,7,1,8,7,5,2,322,305,306,310,319,1,2,2,-1
10113,MRS2,45,19,6,4,56,30,4,0,322,221,273,312,318,-11,-11,2,4
7967,IQCF2,12,12,5,1,10,9,3,2,322,300,301,314,319,2,3,2,-1
11356,OR10S1,6,5,2,0,3,3,0,0,322,313,314,320,322,3,2,2,0
4914,ELN,47,35,8,1,50,30,6,0,322,225,257,308,321,-3,5,2,1
7964,IQCD,71,46,8,4,74,35,6,0,322,177,241,308,318,-3,11,2,4
7962,IQCB1,68,33,9,1,57,34,7,0,322,197,255,306,321,11,-1,2,1
7959,IQANK1,74,41,3,2,52,21,1,1,322,196,260,318,319,22,20,2,1
2930,CFAP410,54,30,10,5,94,53,8,4,322,174,239,304,313,-40,-23,2,1
10160,MSRB1,55,34,10,5,100,51,8,0,322,167,237,304,317,-45,-17,2,5
16579,TBC1D31,62,36,6,3,57,34,4,0,322,203,252,312,319,5,2,2,3
156,ACMSD,36,29,4,1,34,26,2,0,322,252,267,316,321,2,3,2,1
7831,IL31RA,59,30,2,0,38,13,0,0,322,225,279,320,322,21,17,2,0
16472,TAF4B,47,28,5,1,87,50,3,1,322,188,244,314,320,-40,-22,2,0
7820,IL23R,77,40,3,0,53,22,1,1,322,192,260,318,321,24,18,2,-1
16479,TAF8,51,29,5,2,54,28,3,0,322,217,265,314,320,-3,1,2,2
10198,MTAP,35,21,5,2,81,40,3,1,322,206,261,314,319,-46,-19,2,1
16484,TAFA3,74,65,8,3,76,58,6,1,322,172,199,308,318,-2,7,2,2
7815,IL21R,60,30,5,1,67,35,3,0,322,195,257,314,321,-7,-5,2,1
19219,ZNF268,59,34,5,1,75,38,3,0,322,188,250,314,321,-16,-4,2,1
16494,TAMALIN,76,44,6,1,90,49,4,0,322,156,229,312,321,-14,-5,2,1
4988,ENPEP,40,23,7,4,61,34,5,0,322,221,265,310,318,-21,-11,2,4
16508,TAPT1,49,24,7,3,70,35,5,1,322,203,263,310,318,-21,-11,2,2
16516,TAS1R1,62,40,8,2,78,43,6,2,322,182,239,308,318,-16,-3,2,0
6151,GC,17,12,2,1,9,6,0,0,322,296,304,320,321,8,6,2,1
7795,IL18BP,70,36,7,4,59,37,5,1,322,193,249,310,317,11,-1,2,3
12848,PPBP,16,14,3,1,15,10,1,1,322,291,298,318,320,1,4,2,0
10206,MTDH,59,36,6,4,55,25,4,2,322,208,261,312,316,4,11,2,2
6158,GCG,45,37,8,2,36,30,6,0,322,241,255,308,320,9,7,2,2
12842,PPARA,60,36,6,3,79,43,4,1,322,183,243,312,318,-19,-7,2,2
7783,IL17A,16,8,4,4,5,4,2,2,322,301,310,316,316,11,4,2,2
1270,ATP5ME,57,34,11,8,55,27,9,7,322,210,261,302,307,2,7,2,1
19214,ZNF260,48,20,5,2,65,34,3,1,322,209,268,314,319,-17,-14,2,1
19213,ZNF26,97,50,5,1,48,22,3,0,322,177,250,314,321,49,28,2,1
5676,FFAR3,28,19,3,0,9,7,1,0,322,285,296,318,322,19,12,2,0
12828,POU3F4,17,11,3,2,8,4,1,1,322,297,307,318,319,9,7,2,1
1309,ATP8A2,45,24,5,2,53,21,3,0,322,224,277,314,320,-8,3,2,2
16458,TAF11L7,9,9,3,2,1,1,1,0,322,312,312,318,320,8,8,2,2
16456,TAF11L5,11,11,3,2,2,2,1,0,322,309,309,318,320,9,9,2,2
3963,CYP7B1,64,30,2,1,27,8,0,0,322,231,284,320,321,37,22,2,1
10162,MSRB3,72,33,3,0,53,21,1,0,322,197,268,318,322,19,12,2,0
16407,SYT3,53,34,11,3,65,39,9,2,322,204,249,302,317,-12,-5,2,1
16411,SYT7,65,38,4,1,55,21,2,0,322,202,263,316,321,10,17,2,1
10164,MST1,77,51,16,7,94,62,14,3,322,151,209,292,312,-17,-11,2,4
1330,ATXN3,52,27,6,2,63,29,4,0,322,207,266,312,320,-11,-2,2,2
16417,SYTL4,43,23,4,0,64,24,2,1,322,215,275,316,321,-21,-1,2,-1
16418,SYTL5,66,22,3,0,52,25,1,0,322,204,275,318,322,14,-3,2,0
16427,TAAR9,18,18,2,0,5,5,0,0,322,299,299,320,322,13,13,2,0
4957,EML4,44,23,4,0,63,32,2,0,322,215,267,316,322,-19,-9,2,0
10176,MT-ND1,65,36,7,4,89,53,5,1,322,168,233,310,317,-24,-17,2,3
19223,ZNF276,47,18,5,2,70,34,3,1,322,205,270,314,319,-23,-16,2,1
2952,CFAP97D1,100,49,3,1,39,19,1,0,322,183,254,318,321,61,30,2,1
2954,CFAP99,53,34,9,3,53,28,7,2,322,216,260,306,317,0,6,2,1
10181,MT-ND5,80,46,9,2,81,52,7,3,322,161,224,306,317,-1,-6,2,-1
2956,CFC1,13,7,2,1,9,8,0,0,322,300,307,320,321,4,-1,2,1
11054,NRIP3,70,44,8,2,45,25,6,1,322,207,253,308,319,25,19,2,1
12883,PPL,59,30,6,3,42,18,4,2,322,221,274,312,317,17,12,2,1
12882,PPIP5K2,44,28,6,5,72,35,4,0,322,206,259,312,317,-28,-7,2,5
11448,OR2H2,56,42,6,1,35,23,4,1,322,231,257,312,320,21,19,2,0
12880,PPIL6,107,63,5,1,59,36,3,0,322,156,223,314,321,48,27,2,1
18730,WDR86,52,38,12,5,54,35,10,4,322,216,249,300,313,-2,3,2,1
12878,PPIL3,69,45,8,3,50,26,6,0,322,203,251,308,319,19,19,2,3
7834,IL34,72,62,12,4,99,69,10,1,322,151,191,300,317,-27,-7,2,3
15549,SMC5,55,30,4,2,68,27,2,0,322,199,265,316,320,-13,3,2,2
71,ABCG1,66,45,7,1,91,48,5,1,322,165,229,310,320,-25,-3,2,0
2749,CDK7,84,48,9,3,49,27,7,3,322,189,247,306,316,35,21,2,0
14635,SCN9A,89,48,4,2,64,31,2,1,322,169,243,316,319,25,17,2,1
8999,LLCFC1,17,12,3,1,5,4,1,1,322,300,306,318,320,12,8,2,0
13838,REC114,34,29,9,0,17,16,7,1,322,271,277,306,321,17,13,2,-1
13836,RDM1,81,50,13,3,83,49,11,1,322,158,223,298,318,-2,1,2,2
14608,SCGB2A2,17,14,6,1,7,6,4,1,322,298,302,312,320,10,8,2,0
14616,SCLT1,36,22,4,2,74,35,2,0,322,212,265,316,320,-38,-13,2,2
14618,SCMH1,49,29,9,5,97,64,7,1,322,176,229,306,316,-48,-35,2,4
14620,SCML2,57,30,4,0,58,32,2,1,322,207,260,316,321,-1,-2,2,-1
13830,RDH12,75,44,6,1,61,31,4,0,322,186,247,312,321,14,13,2,1
14621,SCML4,64,31,4,0,38,15,2,0,322,220,276,316,322,26,16,2,0
13826,RD3,62,29,4,0,40,17,2,1,322,220,276,316,321,22,12,2,-1
8989,LIPK,21,16,3,0,13,9,1,0,322,288,297,318,322,8,7,2,0
19597,ZNF804B,18,9,2,0,10,3,0,0,322,294,310,320,322,8,6,2,0
2516,CCNI2,60,24,6,0,98,56,4,1,322,164,242,312,321,-38,-32,2,-1
2125,CADPS2,62,25,2,1,51,19,0,0,322,209,278,320,321,11,6,2,1
5783,FLT3,59,26,5,1,20,10,3,1,322,243,286,314,320,39,16,2,0
8968,LIN7C,52,19,5,4,61,27,3,0,322,209,276,314,318,-9,-8,2,4
5910,FRMD5,54,36,8,3,102,67,6,1,322,166,219,308,318,-48,-31,2,2
2112,CACNG5,71,34,5,0,31,15,3,1,322,220,273,314,321,40,19,2,-1
14668,SCYL1,40,23,8,7,71,39,6,5,322,211,260,308,310,-31,-16,2,2
8961,LIN28A,72,38,3,1,29,17,1,0,322,221,267,318,321,43,21,2,1
14672,SDC1,36,21,5,1,91,59,3,0,322,195,242,314,321,-55,-38,2,1
2110,CACNG3,31,17,2,0,15,7,0,0,322,276,298,320,322,16,10,2,0
2530,CCPG1,49,30,5,2,72,25,3,1,322,201,267,314,319,-23,5,2,1
13801,RBPMS2,60,40,9,0,69,42,7,0,322,193,240,306,322,-9,-2,2,0
5897,FRAT2,61,35,5,2,115,67,3,1,322,146,220,314,319,-54,-32,2,1
9523,MAT2B,52,27,6,4,57,35,4,0,322,213,260,312,318,-5,-8,2,4
8941,LILRA4,30,22,12,2,23,19,10,4,322,269,281,300,316,7,3,2,-2
19616,ZNF84,68,38,10,8,77,45,8,3,322,177,239,304,311,-9,-7,2,5
14509,SALL1,52,30,9,6,29,17,7,0,322,241,275,306,316,23,13,2,6
14510,SALL2,53,36,11,5,70,39,9,4,322,199,247,302,313,-17,-3,2,1
19644,ZNHIT3,56,35,6,2,54,29,4,0,322,212,258,312,320,2,6,2,2
2504,CCNC,49,26,6,3,63,36,4,0,322,210,260,312,319,-14,-10,2,3
13881,RETNLB,8,5,2,1,4,4,0,0,322,310,313,320,321,4,1,2,1
11247,OCLN,61,29,4,1,48,25,2,0,322,213,268,316,321,13,4,2,1
19622,ZNF85,59,27,10,6,77,50,8,3,322,186,245,304,313,-18,-23,2,3
11250,OCRL,46,24,5,1,53,28,3,1,322,223,270,314,320,-7,-4,2,0
2177,CANT1,55,31,10,5,102,49,8,1,322,165,242,304,316,-47,-18,2,4
13871,REPS2,70,30,3,0,50,19,1,1,322,202,273,318,321,20,11,2,-1
4259,DGKH,69,30,3,0,46,18,1,0,322,207,274,318,322,23,12,2,0
9036,LNX1,72,36,7,3,81,40,5,2,322,169,246,310,317,-9,-4,2,1
4487,DNTTIP1,53,31,11,7,63,35,9,4,322,206,256,302,311,-10,-4,2,3
9026,LMOD1,68,49,6,0,85,48,4,0,322,169,225,312,322,-17,1,2,0
5786,FLVCR1,47,27,4,0,65,21,2,0,322,210,274,316,322,-18,6,2,0
19609,ZNF83,103,58,7,0,43,25,5,2,322,176,239,310,320,60,33,2,-2
11257,ODF2L,54,34,6,3,48,24,4,0,322,220,264,312,319,6,10,2,3
9514,MASP1,57,39,6,2,53,38,4,2,322,212,245,312,318,4,1,2,0
4481,DNMT3A,46,21,11,3,108,63,9,0,322,168,238,302,319,-62,-42,2,3
13853,REG3A,2,2,2,0,2,2,0,0,322,318,318,320,322,0,0,2,0
14586,SCARA5,44,28,6,0,40,21,4,0,322,238,273,312,322,4,7,2,0
2149,CALN1,55,29,3,0,31,15,1,0,322,236,278,318,322,24,14,2,0
26,AASS,80,42,5,1,58,23,3,2,322,184,257,314,319,22,19,2,-1
4486,DNTT,27,18,2,0,25,10,0,0,322,270,294,320,322,2,8,2,0
14687,SDHAF4,70,33,5,4,53,33,3,0,322,199,256,314,318,17,0,2,4
13791,RBMY1J,2,2,2,2,0,0,0,0,322,320,320,320,320,2,2,2,2
14502,SACM1L,44,23,5,4,86,37,3,0,322,192,262,314,318,-42,-14,2,4
13720,RB1,73,45,6,5,64,31,4,0,322,185,246,312,317,9,14,2,5
14801,SERAC1,51,26,6,4,85,43,4,0,322,186,253,312,318,-34,-17,2,4
2558,CD109,35,19,2,0,56,25,0,0,322,231,278,320,322,-21,-6,2,0
13733,RBFOX1,78,34,5,0,58,32,3,0,322,186,256,314,322,20,2,2,0
8868,LEF1,75,42,8,3,72,44,6,1,322,175,236,308,318,3,-2,2,2
9590,MCM6,43,22,6,2,57,31,4,2,322,222,269,312,318,-14,-9,2,0
14810,SERINC3,51,30,5,4,56,31,3,1,322,215,261,314,317,-5,-1,2,3
13729,RBBP8NL,34,17,6,2,42,26,4,1,322,246,279,312,319,-8,-9,2,1
13728,RBBP8,57,31,6,2,56,30,4,0,322,209,261,312,320,1,1,2,2
4537,DPP6,67,40,7,4,59,28,5,1,322,196,254,310,317,8,12,2,3
9592,MCM8,58,39,5,2,50,27,3,2,322,214,256,314,318,8,12,2,0
5780,FLRT2,64,27,2,0,43,13,0,0,322,215,282,320,322,21,14,2,0
11130,NUBPL,65,30,4,2,61,28,2,0,322,196,264,316,320,4,2,2,2
3542,CPLX2,40,27,10,7,49,27,8,2,322,233,268,304,313,-9,0,2,5
4540,DPP9,58,25,5,1,50,19,3,2,322,214,278,314,319,8,6,2,-1
2008,C6,11,7,3,0,8,5,1,0,322,303,310,318,322,3,2,2,0
4217,DENND2D,56,28,11,4,44,30,9,3,322,222,264,302,315,12,-2,2,1
14869,SETD9,60,35,7,2,65,36,5,1,322,197,251,310,319,-5,-1,2,1
2574,CD2,20,17,2,0,15,13,0,0,322,287,292,320,322,5,4,2,0
14871,SETDB2,51,19,3,0,70,35,1,0,322,201,268,318,322,-19,-16,2,0
19558,ZNF75A,54,27,5,3,67,38,3,0,322,201,257,314,319,-13,-11,2,3
8829,LCE6A,4,4,2,0,2,2,0,0,322,316,316,320,322,2,2,2,0
9606,MCTS2P,86,51,7,3,36,19,5,2,322,200,252,310,317,50,32,2,1
8824,LCE3C,2,2,2,2,0,0,0,0,322,320,320,320,320,2,2,2,2
2581,CD226,101,59,4,2,50,25,2,0,322,171,238,316,320,51,34,2,2
2040,C8orf82,40,26,6,3,89,49,4,1,322,193,247,312,318,-49,-23,2,2
3480,COQ7,72,51,5,2,60,28,3,0,322,190,243,314,320,12,23,2,2
14706,SEC14L3,73,39,4,2,38,15,2,0,322,211,268,316,320,35,24,2,2
14756,SEMA3B,77,46,4,1,60,27,2,0,322,185,249,316,321,17,19,2,1
14711,SEC16B,52,24,4,2,49,25,2,0,322,221,273,316,320,3,-1,2,2
4240,DESI1,37,25,5,3,53,21,3,2,322,232,276,314,317,-16,4,2,1
8932,LHX9,90,55,18,6,80,49,16,7,322,152,218,288,309,10,6,2,-1
19577,ZNF780A,66,32,7,2,66,28,5,2,322,190,262,310,318,0,4,2,0
4506,DOK4,51,36,11,3,94,52,9,1,322,177,234,302,318,-43,-16,2,2
8922,LHFPL5,79,32,6,3,50,26,4,1,322,193,264,312,318,29,6,2,2
2082,CABP2,14,12,2,1,6,3,0,0,322,302,307,320,321,8,9,2,1
4233,DEPTOR,69,39,6,2,83,50,4,1,322,170,233,312,319,-14,-11,2,1
3531,CPD,65,32,5,2,50,21,3,0,322,207,269,314,320,15,11,2,2
2072,CA8,47,25,2,1,40,19,0,0,322,235,278,320,321,7,6,2,1
2067,CA4,53,45,16,6,51,47,14,3,322,218,230,292,313,2,-2,2,3
4515,DOT1L,50,27,10,6,91,45,8,1,322,181,250,304,315,-41,-18,2,5
14792,SEPTIN14,91,43,3,1,35,18,1,0,322,196,261,318,321,56,25,2,1
13763,RBM39,46,24,9,6,70,46,7,1,322,206,252,306,315,-24,-22,2,5
4231,DEPDC7,77,41,5,1,78,36,3,0,322,167,245,314,321,-1,5,2,1
13756,RBM26,38,26,6,3,84,63,4,1,322,200,233,312,318,-46,-37,2,2
4526,DPH2,47,29,8,7,64,39,6,1,322,211,254,308,314,-17,-10,2,6
9581,MCHR2,78,45,5,1,44,15,3,0,322,200,262,314,321,34,30,2,1
8883,LEPROT,49,30,7,3,100,55,5,2,322,173,237,310,317,-51,-25,2,1
8881,LEP,74,35,2,1,35,16,0,0,322,213,271,320,321,39,19,2,1
13749,RBM18,83,32,6,1,42,23,4,0,322,197,267,312,321,41,9,2,1
13747,RBM15B,43,22,7,3,66,31,5,0,322,213,269,310,319,-23,-9,2,3
2557,CD101,78,36,4,0,54,26,2,0,322,190,260,316,322,24,10,2,0
2052,C9orf43,72,29,3,0,59,19,1,0,322,191,274,318,322,13,10,2,0
9098,LRP2,39,15,3,2,41,13,1,0,322,242,294,318,320,-2,2,2,2
2203,CAPZA1,47,25,6,5,56,27,4,1,322,219,270,312,316,-9,-2,2,4
4648,DVL1,46,22,7,7,62,30,5,2,322,214,270,310,313,-16,-8,2,5
14224,RPH3AL,65,41,7,0,79,53,5,3,322,178,228,310,319,-14,-12,2,-3
14037,RIOX2,44,26,8,2,78,47,6,3,322,200,249,308,317,-34,-21,2,-1
4340,DLAT,28,21,5,2,91,44,3,0,322,203,257,314,320,-63,-23,2,2
14197,ROR1,54,17,4,0,62,36,2,1,322,206,269,316,321,-8,-19,2,-1
14198,ROR2,55,27,5,1,96,45,3,1,322,171,250,314,320,-41,-18,2,0
4343,DLEC1,63,33,5,1,43,21,3,0,322,216,268,314,321,20,12,2,1
19688,ZSWIM5,67,31,4,1,70,34,2,0,322,185,257,316,321,-3,-3,2,1
11209,NXF3,74,46,3,0,31,20,1,1,322,217,256,318,321,43,26,2,-1
2367,CCDC174,52,25,9,2,72,44,7,0,322,198,253,306,320,-20,-19,2,2
3502,COX19,57,25,4,1,59,26,2,0,322,206,271,316,321,-2,-1,2,1
4301,DHX57,67,35,11,4,71,54,9,0,322,184,233,302,318,-4,-19,2,4
5835,FOXA2,73,37,3,1,17,13,1,1,322,232,272,318,320,56,24,2,0
2364,CCDC171,45,22,4,0,77,33,2,1,322,200,267,316,321,-32,-11,2,-1
2378,CCDC185,48,24,3,0,8,1,1,0,322,266,297,318,322,40,23,2,0
14230,RPL12,43,30,10,7,53,22,8,3,322,226,270,304,312,-10,8,2,4
19686,ZSWIM3,100,52,7,3,67,40,5,2,322,155,230,310,317,33,12,2,1
2353,CCDC158,35,23,2,0,11,6,0,0,322,276,293,320,322,24,17,2,0
11179,NUP37,44,21,7,3,72,48,5,0,322,206,253,310,319,-28,-27,2,3
9292,LYST,75,43,6,0,57,25,4,1,322,190,254,312,321,18,18,2,-1
14248,RPL27,51,30,10,9,52,24,8,3,322,219,268,304,310,-1,6,2,6
14006,RIC1,49,25,7,1,74,40,5,0,322,199,257,310,321,-25,-15,2,1
14002,RHPN1,62,35,8,2,76,45,6,1,322,184,242,308,319,-14,-10,2,1
9279,LYPD8,24,22,3,1,17,15,1,0,322,281,285,318,321,7,7,2,1
4369,DMAC2L,40,25,5,3,93,50,3,2,322,189,247,314,317,-53,-25,2,1
13995,RHOT1,56,31,9,3,75,37,7,3,322,191,254,306,316,-19,-6,2,0
9410,MAOA,57,31,3,0,51,26,1,1,322,214,265,318,321,6,5,2,-1
4334,DKC1,35,25,5,0,66,35,3,3,322,221,262,314,319,-31,-10,2,-3
9258,LY6K,91,53,5,3,58,28,3,0,322,173,241,314,319,33,25,2,3
14063,RMND1,60,35,6,3,67,29,4,0,322,195,258,312,319,-7,6,2,3
9388,MAMDC4,93,52,11,3,68,37,9,6,322,161,233,302,313,25,15,2,-3
14080,RNASEH2B,40,25,8,2,69,37,6,2,322,213,260,308,318,-29,-12,2,0
14126,RNF168,75,34,4,2,42,24,2,0,322,205,264,316,320,33,10,2,2
14133,RNF182,78,40,7,2,77,37,5,0,322,167,245,310,320,1,3,2,2
9356,MAGEB6,53,28,2,0,39,17,0,0,322,230,277,320,322,14,11,2,0
14071,RNASE2,17,14,4,1,9,9,2,0,322,296,299,316,321,8,5,2,1
14069,RNASE12,8,4,4,2,5,5,2,0,322,309,313,316,320,3,-1,2,2
14068,RNASE11,16,16,7,3,9,7,5,3,322,297,299,310,316,7,9,2,0
4330,DISP1,82,41,6,5,64,36,4,0,322,176,245,312,317,18,5,2,5
9352,MAGEB2,38,15,5,1,27,16,3,2,322,257,291,314,319,11,-1,2,-1
9398,MAN2A1,57,30,4,0,65,29,2,0,322,200,263,316,322,-8,1,2,0
9351,MAGEB18,21,8,3,1,26,12,1,0,322,275,302,318,321,-5,-4,2,1
4332,DISP3,49,24,4,2,46,21,2,1,322,227,277,316,319,3,3,2,1
2399,CCDC3,57,37,4,2,41,18,2,0,322,224,267,316,320,16,19,2,2
9401,MAN2B2,46,18,4,2,54,26,2,0,322,222,278,316,320,-8,-8,2,2
2396,CCDC27,37,27,3,1,15,7,1,0,322,270,288,318,321,22,20,2,1
9345,MAGEA9,17,14,7,3,18,14,5,3,322,287,294,310,316,-1,0,2,0
14055,RLN2,54,45,15,3,82,62,13,1,322,186,215,294,318,-28,-17,2,2
11187,NUP85,48,31,10,6,81,50,8,2,322,193,241,304,314,-33,-19,2,4
14157,RNF24,60,29,7,3,71,42,5,1,322,191,251,310,318,-11,-13,2,2
4331,DISP2,66,33,3,1,29,12,1,0,322,227,277,318,321,37,21,2,1
9340,MAGEA2B,51,49,27,8,57,42,25,15,322,214,231,270,299,-6,7,2,-7
14170,RNF5,39,24,9,5,75,36,7,2,322,208,262,306,315,-36,-12,2,3
14178,RNLS,64,36,6,1,49,27,4,0,322,209,259,312,321,15,9,2,1
19682,ZSCAN5C,44,27,3,0,25,13,1,0,322,253,282,318,322,19,14,2,0
19679,ZSCAN4,72,35,3,0,64,32,1,0,322,186,255,318,322,8,3,2,0
4266,DHCR24,40,25,9,7,58,32,7,4,322,224,265,306,311,-18,-7,2,3
14451,RWDD1,59,30,7,2,62,32,5,0,322,201,260,310,320,-3,-2,2,2
13941,RGS1,20,17,3,0,10,5,1,0,322,292,300,318,322,10,12,2,0
9172,LRRC8B,54,34,3,1,78,28,1,0,322,190,260,318,321,-24,6,2,1
9167,LRRC74A,7,4,3,1,11,4,1,1,322,304,314,318,320,-4,0,2,0
14398,RSU1,37,26,6,2,49,20,4,0,322,236,276,312,320,-12,6,2,2
14400,RTCA,67,36,5,3,43,28,3,0,322,212,258,314,319,24,8,2,3
4430,DNAJB7,96,56,10,4,54,23,8,4,322,172,243,304,314,42,33,2,0
19663,ZSCAN1,29,22,7,1,33,26,5,2,322,260,274,310,319,-4,-4,2,-1
19662,ZRSR2,56,31,6,2,60,31,4,2,322,206,260,312,318,-4,0,2,0
13927,RGL3,71,39,12,3,67,40,10,6,322,184,243,300,313,4,-1,2,-3
9140,LRRC40,61,17,6,1,66,34,4,1,322,195,271,312,320,-5,-17,2,0
4270,DHFR,47,26,3,3,51,28,1,1,322,224,268,318,318,-4,-2,2,2
13917,RFX4,52,36,11,5,38,30,9,3,322,232,256,302,314,14,6,2,2
13945,RGS13,21,15,3,1,12,8,1,0,322,289,299,318,321,9,7,2,1
14452,RWDD2A,59,33,3,2,74,32,1,0,322,189,257,318,320,-15,1,2,2
9124,LRRC28,62,34,5,2,43,23,3,1,322,217,265,314,319,19,11,2,1
19657,ZPLD1,102,49,2,0,37,16,0,0,322,183,257,320,322,65,33,2,0
14458,RXFP3,24,13,6,1,17,11,4,1,322,281,298,312,320,7,2,2,0
2220,CARMIL3,55,24,4,2,66,25,2,1,322,201,273,316,319,-11,-1,2,1
13910,RFT1,53,27,4,3,59,29,2,0,322,210,266,316,319,-6,-2,2,3
9117,LRRC2,80,38,4,1,50,22,2,0,322,192,262,316,321,30,16,2,1
4442,DNAJC18,59,30,9,4,101,47,7,2,322,162,245,306,316,-42,-17,2,2
4443,DNAJC19,55,37,12,3,70,41,10,5,322,197,244,300,314,-15,-4,2,-2
11161,NUF2,38,19,6,0,82,38,4,3,322,202,265,312,319,-44,-19,2,-3
4444,DNAJC2,56,30,4,1,40,24,2,1,322,226,268,316,320,16,6,2,0
9174,LRRC8D,39,25,5,2,76,34,3,1,322,207,263,314,319,-37,-9,2,1
14378,RSF1,52,28,9,5,102,63,7,0,322,168,231,306,317,-50,-35,2,5
9441,MAP3K4,61,38,16,11,73,45,14,7,322,188,239,292,304,-12,-7,2,4
9465,MAPK13,87,44,5,2,36,11,3,0,322,199,267,314,320,51,33,2,2
9257,LY6H,33,25,10,4,32,25,8,0,322,257,272,304,318,1,0,2,4
2314,CCDC103,89,68,26,14,81,66,24,11,322,152,188,272,297,8,2,2,3
3517,COX7B2,37,32,18,7,38,34,16,4,322,247,256,288,311,-1,-2,2,3
4391,DMXL1,45,25,6,1,90,40,4,1,322,187,257,312,320,-45,-15,2,0
14325,RPS4Y2,18,17,2,0,5,5,0,0,322,299,300,320,322,13,12,2,0
4400,DNAH1,75,38,9,4,73,39,7,1,322,174,245,306,317,2,-1,2,3
4285,DHRS7C,13,11,6,2,19,15,4,0,322,290,296,312,320,-6,-4,2,2
19671,ZSCAN22,63,30,6,0,46,20,4,1,322,213,272,312,321,17,10,2,-1
13970,RHBDF2,54,27,6,2,56,33,4,1,322,212,262,312,319,-2,-6,2,1
2282,CBLN3,71,39,5,2,96,55,3,1,322,155,228,314,319,-25,-16,2,1
14343,RPTOR,34,15,7,4,115,64,5,0,322,173,243,310,318,-81,-49,2,4
9197,LRTM2,31,15,4,0,48,36,2,1,322,243,271,316,321,-17,-21,2,-1
9181,LRRIQ1,77,50,17,8,62,47,15,5,322,183,225,290,309,15,3,2,3
2279,CBLL2,26,23,5,2,18,10,3,0,322,278,289,314,320,8,13,2,2
9193,LRRTM3,27,7,2,1,23,8,0,0,322,272,307,320,321,4,-1,2,1
9192,LRRTM2,77,49,11,5,53,30,9,5,322,192,243,302,312,24,19,2,0
5816,FNDC4,71,35,11,8,75,44,9,3,322,176,243,302,311,-4,-9,2,5
2477,CCL23,7,7,6,3,7,7,4,0,322,308,308,312,319,0,0,2,3
11228,OARD1,66,42,6,4,57,32,4,0,322,199,248,312,318,9,10,2,4
9188,LRRN3,48,25,3,2,43,27,1,0,322,231,270,318,320,5,-2,2,2
4412,DNAH9,42,28,4,0,33,21,2,1,322,247,273,316,321,9,7,2,-1
14359,RRM2,40,17,9,5,75,43,7,2,322,207,262,306,315,-35,-26,2,3
9184,LRRK1,69,40,4,1,40,13,2,1,322,213,269,316,320,29,27,2,0
14371,RRS1,38,23,8,1,89,59,6,2,322,195,240,308,319,-51,-36,2,-1
1992,C4orf51,27,25,4,1,20,17,2,2,322,275,280,316,319,7,8,2,-1
9608,MCUB,44,27,6,5,61,30,4,0,322,217,265,312,317,-17,-3,2,5
1987,C4orf45,38,27,7,1,29,22,5,3,322,255,273,310,318,9,5,2,-2
13443,PVALB,39,33,21,7,41,28,19,8,322,242,261,282,307,-2,5,2,-1
8604,KRT38,49,22,2,0,21,12,0,0,322,252,288,320,322,28,10,2,0
9766,MGAM,57,28,6,2,40,29,4,0,322,225,265,312,320,17,-1,2,2
1799,C15orf40,64,35,11,5,74,34,9,5,322,184,253,302,312,-10,1,2,0
4147,DDX55,62,27,4,3,57,34,2,0,322,203,261,316,319,5,-7,2,3
15380,SLC44A5,71,38,7,0,52,31,5,3,322,199,253,310,319,19,7,2,-3
15384,SLC45A4,53,30,4,0,127,67,2,0,322,142,225,316,322,-74,-37,2,0
15393,SLC4A1,75,43,5,3,56,30,3,0,322,191,249,314,319,19,13,2,3
13447,PWP1,36,22,7,4,94,58,5,1,322,192,242,310,317,-58,-36,2,3
2694,CDH10,41,18,5,0,46,27,3,1,322,235,277,314,321,-5,-9,2,-1
13445,PVR,52,21,7,3,51,24,5,2,322,219,277,310,317,1,-3,2,1
4144,DDX52,62,26,4,1,72,30,2,0,322,188,266,316,321,-10,-4,2,1
1793,C14orf132,65,37,9,5,107,58,7,0,322,150,227,306,317,-42,-21,2,5
8606,KRT4,42,29,6,2,40,20,4,0,322,240,273,312,320,2,9,2,2
15404,SLC50A1,48,25,5,4,60,20,3,1,322,214,277,314,317,-12,5,2,3
15409,SLC52A3,93,55,17,6,88,58,15,1,322,141,209,290,315,5,-3,2,5
15411,SLC5A10,80,45,3,1,51,28,1,0,322,191,249,318,321,29,17,2,1
2696,CDH12,52,22,3,0,59,19,1,0,322,211,281,318,322,-7,3,2,0
15419,SLC5A7,12,5,2,0,8,4,0,0,322,302,313,320,322,4,1,2,0
2702,CDH19,40,22,5,2,33,13,3,1,322,249,287,314,319,7,9,2,1
9780,MGMT,31,18,5,3,40,26,3,0,322,251,278,314,319,-9,-8,2,3
1786,C12orf71,51,47,12,2,42,34,10,3,322,229,241,300,317,9,13,2,-1
8580,KRT14,61,40,3,0,31,15,1,0,322,230,267,318,322,30,25,2,0
1781,C12orf56,56,39,5,1,42,26,3,0,322,224,257,314,321,14,13,2,1
15434,SLC6A19,65,36,3,0,22,13,1,0,322,235,273,318,322,43,23,2,0
8605,KRT39,25,10,2,0,23,8,0,0,322,274,304,320,322,2,2,2,0
8607,KRT40,23,10,2,1,18,6,0,0,322,281,306,320,321,5,4,2,1
4623,DUSP12,42,23,9,3,77,48,7,1,322,203,251,306,318,-35,-25,2,2
8622,KRT8,62,32,4,3,46,17,2,1,322,214,273,316,318,16,15,2,2
15278,SLC2A2,52,37,11,1,28,20,9,2,322,242,265,302,319,24,17,2,-1
13502,R3HDML,61,51,8,0,41,35,6,0,322,220,236,308,322,20,16,2,0
13500,R3HDM2,61,37,12,8,56,31,10,4,322,205,254,300,310,5,6,2,4
15289,SLC30A2,91,58,5,1,64,29,3,0,322,167,235,314,321,27,29,2,1
5975,FXYD1,54,45,29,10,59,49,27,6,322,209,228,266,306,-5,-4,2,4
15298,SLC31A2,73,45,10,5,47,30,8,0,322,202,247,304,317,26,15,2,5
15299,SLC32A1,36,20,3,0,23,12,1,1,322,263,290,318,321,13,8,2,-1
15307,SLC35A4,39,21,7,4,81,37,5,2,322,202,264,310,316,-42,-16,2,2
4612,DUOX2,54,24,2,0,17,3,0,0,322,251,295,320,322,37,21,2,0
15324,SLC35F3,57,27,4,1,64,30,2,0,322,201,265,316,321,-7,-3,2,1
15328,SLC35G1,41,21,7,1,85,48,5,1,322,196,253,310,320,-44,-27,2,0
15331,SLC35G4,25,24,3,0,11,7,1,0,322,286,291,318,322,14,17,2,0
15357,SLC39A13,39,25,9,7,92,52,7,1,322,191,245,306,314,-53,-27,2,6
4614,DUOXA2,23,12,4,0,17,12,2,0,322,282,298,316,322,6,0,2,0
5750,FKBP11,45,30,9,3,97,47,7,1,322,180,245,306,318,-52,-17,2,2
15339,SLC37A2,89,51,5,3,31,15,3,0,322,202,256,314,319,58,36,2,3
15341,SLC37A4,40,27,9,4,90,52,7,3,322,192,243,306,315,-50,-25,2,1
11325,OPTN,59,34,8,7,71,41,6,0,322,192,247,308,315,-12,-7,2,7
15344,SLC38A11,37,19,4,0,39,27,2,0,322,246,276,316,322,-2,-8,2,0
15349,SLC38A6,88,44,6,2,59,33,4,0,322,175,245,312,320,29,11,2,2
15350,SLC38A7,55,25,4,3,67,35,2,1,322,200,262,316,318,-12,-10,2,2
11327,OR10A3,91,42,5,1,56,30,3,0,322,175,250,314,321,35,12,2,1
13470,PYGL,52,34,6,2,70,31,4,0,322,200,257,312,320,-18,3,2,2
8614,KRT72,51,27,3,0,13,9,1,0,322,258,286,318,322,38,18,2,0
11330,OR10A6,51,25,3,0,39,14,1,1,322,232,283,318,321,12,11,2,-1
13421,PTRH2,49,30,9,3,106,64,7,1,322,167,228,306,318,-57,-34,2,2
8821,LCE2D,6,6,3,0,1,1,1,0,322,315,315,318,322,5,5,2,0
1752,C11orf21,52,30,3,0,30,18,1,0,322,240,274,318,322,22,12,2,0
4122,DDX20,34,19,5,1,150,84,3,0,322,138,219,314,321,-116,-65,2,1
72,ABCG2,59,36,7,0,65,27,5,0,322,198,259,310,322,-6,9,2,0
9837,MIS18A,55,29,5,2,66,27,3,2,322,201,266,314,318,-11,2,2,0
11346,OR10H4,29,19,2,1,10,5,0,0,322,283,298,320,321,19,14,2,1
4120,DDX19A,42,23,5,3,78,39,3,1,322,202,260,314,318,-36,-16,2,2
11347,OR10H5,89,41,4,1,34,11,2,0,322,199,270,316,321,55,30,2,1
19427,ZNF583,80,40,6,2,62,28,4,0,322,180,254,312,320,18,12,2,2
6015,GABBR1,72,31,8,6,89,49,6,1,322,161,242,308,315,-17,-18,2,5
4116,DDX10,46,29,3,1,60,29,1,0,322,216,264,318,321,-14,0,2,1
19424,ZNF580,73,39,8,6,57,28,6,4,322,192,255,308,312,16,11,2,2
1,A1CF,28,12,3,1,21,6,1,1,322,273,304,318,320,7,6,2,0
13353,PTGES3L,65,42,8,2,60,33,6,1,322,197,247,308,319,5,9,2,1
2726,CDK11A,97,54,9,4,47,20,7,3,322,178,248,306,315,50,34,2,1
2737,CDK20,63,38,10,4,77,46,8,5,322,182,238,304,313,-14,-8,2,-1
9854,MKX,63,37,10,2,56,31,8,3,322,203,254,304,317,7,6,2,-1
1751,C11orf16,39,32,10,7,49,32,8,4,322,234,258,304,311,-10,0,2,3
9855,MLANA,106,68,6,1,49,27,4,0,322,167,227,312,321,57,41,2,1
15522,SMAD3,38,25,9,4,122,81,7,0,322,162,216,306,318,-84,-56,2,4
1746,C10orf88,64,33,5,2,56,35,3,0,322,202,254,314,320,8,-2,2,2
75,ABCG8,67,31,2,0,28,11,0,0,322,227,280,320,322,39,20,2,0
1745,C10orf82,32,30,8,2,47,41,6,0,322,243,251,308,320,-15,-11,2,2
13342,PTF1A,36,31,11,2,29,23,9,1,322,257,268,302,319,7,8,2,1
1743,C10orf67,93,57,6,1,71,37,4,0,322,158,228,312,321,22,20,2,1
9865,MLLT10,49,31,6,3,86,45,4,1,322,187,246,312,318,-37,-14,2,2
7534,IGFBP3,83,62,9,1,73,47,7,1,322,166,213,306,320,10,15,2,0
15493,SLFN12L,79,43,5,2,46,22,3,0,322,197,257,314,320,33,21,2,2
4141,DDX5,47,33,10,6,108,55,8,1,322,167,234,304,315,-61,-22,2,5
15463,SLC9A2,46,29,6,0,47,23,4,0,322,229,270,312,322,-1,6,2,0
13418,PTPRU,45,18,3,1,67,31,1,0,322,210,273,318,321,-22,-13,2,1
4140,DDX49,52,27,9,6,49,30,7,3,322,221,265,306,313,3,-3,2,3
5995,FZD7,87,52,13,2,66,34,11,0,322,169,236,298,320,21,18,2,2
15448,SLC7A14,75,34,3,1,33,15,1,0,322,214,273,318,321,42,19,2,1
4133,DDX3Y,49,25,2,1,57,28,0,0,322,216,269,320,321,-8,-3,2,1
8573,KRI1,44,26,8,3,106,51,6,1,322,172,245,308,318,-62,-25,2,2
8568,KRBOX1,44,34,9,2,42,26,7,2,322,236,262,306,318,2,8,2,0
1775,C12orf40,84,49,3,0,52,26,1,0,322,186,247,318,322,32,23,2,0
19450,ZNF611,70,37,6,1,81,38,4,3,322,171,247,312,318,-11,-1,2,-2
15458,SLC8A1,82,45,7,0,61,38,5,1,322,179,239,310,321,21,7,2,-1
11334,OR10C1,7,7,2,0,11,7,0,0,322,304,308,320,322,-4,0,2,0
4628,DUSP18,65,41,5,1,78,39,3,1,322,179,242,314,320,-13,2,2,0
13382,PTPN1,40,25,6,2,74,46,4,1,322,208,251,312,319,-34,-21,2,1
2713,CDH7,88,42,4,0,40,17,2,0,322,194,263,316,322,48,25,2,0
19445,ZNF606,81,49,8,2,62,30,6,4,322,179,243,308,316,19,19,2,-2
19444,ZNF605,61,35,4,2,31,14,2,0,322,230,273,316,320,30,21,2,2
15474,SLC9B2,46,22,5,3,66,24,3,0,322,210,276,314,319,-20,-2,2,3
15477,SLCO1A2,90,58,22,14,72,49,20,15,322,160,215,280,293,18,9,2,-1
15487,SLCO5A1,67,37,3,0,53,23,1,1,322,202,262,318,321,14,14,2,-1
5746,FITM2,50,26,6,2,68,28,4,1,322,204,268,312,319,-18,-2,2,1
15490,SLF2,73,35,11,3,69,43,9,1,322,180,244,302,318,4,-8,2,2
2721,CDIN1,66,30,5,0,62,35,3,0,322,194,257,314,322,4,-5,2,0
9822,MINAR1,57,28,2,0,40,14,0,0,322,225,280,320,322,17,14,2,0
8549,KNDC1,38,16,3,2,58,26,1,0,322,226,280,318,320,-20,-10,2,2
9731,MEX3A,90,41,11,5,75,43,9,1,322,157,238,302,316,15,-2,2,4
15274,SLC2A11,68,39,10,2,70,41,8,5,322,184,242,304,315,-2,-2,2,-3
13507,RAB11FIP2,38,14,5,0,97,50,3,0,322,187,258,314,322,-59,-36,2,0
8766,LAMC2,68,34,2,0,41,12,0,0,322,213,276,320,322,27,22,2,0
1946,C2orf16,33,17,6,3,31,14,4,4,322,258,291,312,315,2,3,2,-1
13644,RAMP3,13,12,2,0,10,8,0,0,322,299,302,320,322,3,4,2,0
14987,SHD,75,56,17,10,59,37,15,4,322,188,229,290,308,16,19,2,6
13642,RAMP1,77,59,19,9,81,59,17,4,322,164,204,286,309,-4,0,2,5
14990,SHFL,63,43,11,3,105,69,9,1,322,154,210,302,318,-42,-26,2,2
1945,C2orf15,65,40,11,2,79,42,9,1,322,178,240,302,319,-14,-2,2,1
8778,LANCL2,42,23,5,3,72,36,3,0,322,208,263,314,319,-30,-13,2,3
4580,DSC3,61,26,3,0,45,17,1,0,322,216,279,318,322,16,9,2,0
13633,RALGAPA2,71,44,7,3,67,33,5,1,322,184,245,310,318,4,11,2,2
15001,SHISAL2A,26,22,8,1,28,18,6,2,322,268,282,308,319,-2,4,2,-1
1941,C2CD4C,55,26,4,0,45,28,2,1,322,222,268,316,321,10,-2,2,-1
4588,DSG3,78,36,5,0,39,19,3,0,322,205,267,314,322,39,17,2,0
14975,SHANK1,59,25,5,3,45,22,3,3,322,218,275,314,316,14,3,2,0
15017,SHROOM2,44,27,8,4,70,36,6,1,322,208,259,308,317,-26,-9,2,3
2612,CD40LG,79,40,5,1,48,26,3,0,322,195,256,314,321,31,14,2,1
15018,SHROOM3,58,31,9,6,72,36,7,0,322,192,255,306,316,-14,-5,2,6
8748,LACTB2,65,37,7,4,64,25,5,0,322,193,260,310,318,1,12,2,4
5953,FUCA1,49,26,5,3,78,37,3,1,322,195,259,314,318,-29,-11,2,2
15036,SIGLEC6,72,33,4,1,45,14,2,0,322,205,275,316,321,27,19,2,1
15041,SIGMAR1,34,24,7,5,68,31,5,1,322,220,267,310,316,-34,-7,2,4
8744,L3MBTL4,77,40,4,0,53,22,2,1,322,192,260,316,321,24,18,2,-1
5760,FKBP6,84,56,4,0,52,29,2,0,322,186,237,316,322,32,27,2,0
8741,L3MBTL1,66,33,5,2,61,33,3,1,322,195,256,314,319,5,0,2,1
4597,DTD2,45,27,4,2,99,38,2,1,322,178,257,316,319,-54,-11,2,1
8787,LARP1B,44,26,6,2,55,28,4,1,322,223,268,312,319,-11,-2,2,1
19532,ZNF713,87,38,6,3,33,17,4,2,322,202,267,312,317,54,21,2,1
13508,RAB11FIP3,55,31,8,7,80,54,6,5,322,187,237,308,310,-25,-23,2,2
11291,OLR1,74,47,16,7,80,51,14,5,322,168,224,292,310,-6,-4,2,2
8819,LCE2B,6,6,2,0,1,1,0,0,322,315,315,320,322,5,5,2,0
14897,SFRP5,50,29,6,2,42,29,4,2,322,230,264,312,318,8,0,2,0
13683,RASA4,88,53,14,7,82,45,12,7,322,152,224,296,308,6,8,2,0
14900,SFT2D2,52,30,6,4,74,39,4,0,322,196,253,312,318,-22,-9,2,4
13681,RASA2,40,19,6,2,107,56,4,1,322,175,247,312,319,-67,-37,2,1
4209,DENND10,35,20,6,3,103,51,4,0,322,184,251,312,319,-68,-31,2,3
14904,SFTPA2,50,37,8,5,50,36,6,2,322,222,249,308,315,0,1,2,3
14906,SFTPC,56,46,19,5,44,34,17,1,322,222,242,286,316,12,12,2,4
8812,LCE1A,4,4,3,0,1,1,1,0,322,317,317,318,322,3,3,2,0
8807,LBX1,24,9,2,0,19,6,0,0,322,279,307,320,322,5,3,2,0
8806,LBR,34,24,7,3,109,50,5,0,322,179,248,310,319,-75,-26,2,3
8801,LAYN,55,31,5,2,79,39,3,0,322,188,252,314,320,-24,-8,2,2
2601,CD320,52,32,7,4,56,28,5,1,322,214,262,310,317,-4,4,2,3
1971,C3orf52,55,28,5,1,93,44,3,1,322,174,250,314,320,-38,-16,2,0
14939,SH2B3,40,31,5,1,107,72,3,0,322,175,219,314,321,-67,-41,2,1
14941,SH2D1B,51,28,2,0,43,16,0,0,322,228,278,320,322,8,12,2,0
14947,SH2D5,107,59,10,1,53,41,8,5,322,162,222,304,316,54,18,2,-4
2594,CD300E,73,36,4,1,35,16,2,0,322,214,270,316,321,38,20,2,1
19538,ZNF721,86,46,6,3,43,30,4,0,322,193,246,312,319,43,16,2,3
4569,DRD3,34,23,4,0,23,14,2,0,322,265,285,316,322,11,9,2,0
1961,C2orf92,88,55,10,2,68,46,8,2,322,166,221,304,318,20,9,2,0
41,ABCA9,86,37,5,0,42,21,3,0,322,194,264,314,322,44,16,2,0
19534,ZNF716,89,41,4,1,52,28,2,0,322,181,253,316,321,37,13,2,1
14965,SH3GLB2,37,25,7,7,81,41,5,1,322,204,256,310,314,-44,-16,2,6
15071,SIVA1,51,27,8,5,65,34,6,1,322,206,261,308,316,-14,-7,2,4
9675,MEI1,103,72,26,10,72,58,24,13,322,147,192,272,299,31,14,2,-3
13598,RAD17,52,29,6,1,87,47,4,0,322,183,246,312,321,-35,-18,2,1
13535,RAB32,53,34,8,4,57,39,6,1,322,212,249,308,317,-4,-5,2,3
15173,SLC22A12,27,19,2,0,7,3,0,0,322,288,300,320,322,20,16,2,0
8690,KRTAP4-11,17,17,4,3,21,20,2,1,322,284,285,316,318,-4,-3,2,2
8687,KRTAP3-2,43,37,6,2,18,15,4,1,322,261,270,312,319,25,22,2,1
13546,RAB3B,55,28,2,0,42,20,0,0,322,225,274,320,322,13,8,2,0
9707,METTL11B,43,20,4,0,40,18,2,0,322,239,284,316,322,3,2,2,0
1872,C1orf167,53,36,8,0,52,23,6,1,322,217,263,308,321,1,13,2,-1
2655,CDC16,41,23,7,4,63,33,5,1,322,218,266,310,317,-22,-10,2,3
15183,SLC22A24,19,13,2,0,5,2,0,0,322,298,307,320,322,14,11,2,0
8680,KRTAP23-1,2,2,2,2,0,0,0,0,322,320,320,320,320,2,2,2,2
15207,SLC25A15,53,28,4,1,63,34,2,1,322,206,260,316,320,-10,-6,2,0
13537,RAB33B,54,26,6,1,78,25,4,0,322,190,271,312,321,-24,1,2,1
2657,CDC20B,104,63,7,0,55,29,5,0,322,163,230,310,322,49,34,2,0
9676,MEI4,21,9,2,0,20,9,0,0,322,281,304,320,322,1,0,2,0
8673,KRTAP20-3,4,4,3,2,1,1,1,0,322,317,317,318,320,3,3,2,2
13529,RAB28,61,39,12,3,85,62,10,4,322,176,221,300,315,-24,-23,2,-1
15220,SLC25A27,111,77,14,3,62,39,12,3,322,149,206,296,316,49,38,2,0
4608,DTX3L,54,32,5,1,50,24,3,0,322,218,266,314,321,4,8,2,1
3467,COPS7A,55,24,8,3,53,29,6,2,322,214,269,308,317,2,-5,2,1
15231,SLC25A37,57,30,7,2,45,25,5,2,322,220,267,310,318,12,5,2,0
15232,SLC25A38,55,31,8,3,61,31,6,0,322,206,260,308,319,-6,0,2,3
15237,SLC25A42,83,54,5,1,42,24,3,1,322,197,244,314,320,41,30,2,0
8655,KRTAP13-4,6,6,2,0,3,3,0,0,322,313,313,320,322,3,3,2,0
15253,SLC26A4,83,54,6,0,48,21,4,0,322,191,247,312,322,35,33,2,0
15270,SLC29A3,62,37,5,0,71,24,3,0,322,189,261,314,322,-9,13,2,0
9701,METAP1,66,35,12,2,88,55,10,0,322,168,232,300,320,-22,-20,2,2
19494,ZNF675,52,29,7,3,85,46,5,1,322,185,247,310,318,-33,-17,2,2
1883,C1orf35,47,25,7,6,75,39,5,1,322,200,258,310,315,-28,-14,2,5
19495,ZNF676,37,22,3,0,50,23,1,0,322,235,277,318,322,-13,-1,2,0
15077,SIX6,24,10,2,0,23,5,0,0,322,275,307,320,322,1,5,2,0
15082,SKAP2,55,29,3,0,45,26,1,0,322,222,267,318,322,10,3,2,0
8723,KRTAP9-8,4,4,2,0,5,4,0,0,322,313,314,320,322,-1,0,2,0
1904,C1QTNF2,56,38,3,0,76,39,1,0,322,190,245,318,322,-20,-1,2,0
11306,OPA3,41,25,7,3,73,33,5,1,322,208,264,310,318,-32,-8,2,2
15092,SLA2,102,65,5,3,54,33,3,0,322,166,224,314,319,48,32,2,3
8720,KRTAP9-4,7,7,3,3,4,3,1,1,322,311,312,318,318,3,4,2,2
15094,SLAIN2,84,45,6,2,52,31,4,1,322,186,246,312,319,32,14,2,1
11307,OPALIN,30,15,2,0,12,5,0,0,322,280,302,320,322,18,10,2,0
2638,CD84,83,42,3,1,41,15,1,0,322,198,265,318,321,42,27,2,1
19507,ZNF69,69,34,5,1,52,27,3,0,322,201,261,314,321,17,7,2,1
13577,RAB9B,57,27,4,0,64,33,2,1,322,201,262,316,321,-7,-6,2,-1
15111,SLC12A2,45,21,2,1,85,31,0,0,322,192,270,320,321,-40,-10,2,1
4605,DTX1,38,24,5,2,30,10,3,0,322,254,288,314,320,8,14,2,2
15114,SLC12A5,73,50,22,10,64,36,20,7,322,185,236,280,305,9,14,2,3
15119,SLC13A1,70,41,3,1,39,27,1,0,322,213,254,318,321,31,14,2,1
1889,C1orf56,61,41,8,3,87,47,6,1,322,174,234,308,318,-26,-6,2,2
15130,SLC15A5,24,13,4,0,8,5,2,1,322,290,304,316,321,16,8,2,-1
8705,KRTAP5-3,22,20,2,0,15,14,0,0,322,285,288,320,322,7,6,2,0
15147,SLC17A3,19,13,3,0,14,9,1,0,322,289,300,318,322,5,4,2,0
8699,KRTAP4-8,26,26,7,3,34,32,5,1,322,262,264,310,318,-8,-6,2,2
5756,FKBP2,57,35,13,7,64,40,11,8,322,201,247,298,307,-7,-5,2,-1
5755,FKBP1C,71,53,10,0,57,41,8,0,322,194,228,304,322,14,12,2,0
12622,PLPP1,58,35,7,1,76,38,5,1,322,188,249,310,320,-18,-3,2,0
7836,IL36B,28,24,4,1,20,15,2,0,322,274,283,316,321,8,9,2,1
17915,TRPV5,42,14,3,0,35,13,1,1,322,245,295,318,321,7,1,2,-1
5196,EXOC1,75,45,5,2,52,30,3,0,322,195,247,314,320,23,15,2,2
6725,GSKIP,71,45,6,0,72,43,4,0,322,179,234,312,322,-1,2,2,0
18363,UPRT,60,34,6,3,92,49,4,1,322,170,239,312,318,-32,-15,2,2
5208,EXOC8,60,33,9,1,105,58,7,0,322,157,231,306,321,-45,-25,2,1
11551,OR51E1,37,21,3,1,22,13,1,0,322,263,288,318,321,15,8,2,1
18814,XAGE3,30,24,21,6,29,27,19,9,322,263,271,282,307,1,-3,2,-3
7191,HNRNPCL4,38,20,3,2,19,9,1,1,322,265,293,318,319,19,11,2,1
18357,UPK3A,31,24,8,1,30,23,6,4,322,261,275,308,317,1,1,2,-3
3765,CTAGE9,80,59,15,7,56,41,13,8,322,186,222,294,307,24,18,2,-1
12276,PGAP4,65,36,5,0,82,38,3,0,322,175,248,314,322,-17,-2,2,0
3648,CRY1,84,51,6,2,47,24,4,1,322,191,247,312,319,37,27,2,1
3361,CNTNAP2,72,32,5,2,46,21,3,1,322,204,269,314,319,26,11,2,1
18348,UNKL,59,26,4,1,67,29,2,0,322,196,267,316,321,-8,-3,2,1
7183,HNRNPA1P48,89,70,26,15,91,63,24,4,322,142,189,272,303,-2,7,2,11
3212,CLEC3B,97,75,25,8,84,58,23,3,322,141,189,274,311,13,17,2,5
3215,CLEC4D,17,9,2,1,14,8,0,0,322,291,305,320,321,3,1,2,1
3216,CLEC4E,84,44,3,1,46,21,1,1,322,192,257,318,320,38,23,2,0
3217,CLEC4F,44,17,3,2,34,15,1,0,322,244,290,318,320,10,2,2,2
17698,TRBV19,4,4,3,0,6,6,1,1,322,312,312,318,321,-2,-2,2,-1
322,ADGRA2,53,28,6,2,80,36,4,2,322,189,258,312,318,-27,-8,2,0
17648,TRAV34,3,3,3,1,1,1,1,1,322,318,318,318,320,2,2,2,0
6720,GSG1,84,45,7,3,49,22,5,1,322,189,255,310,318,35,23,2,2
5419,FAM237B,38,23,3,0,19,7,1,0,322,265,292,318,322,19,16,2,0
18377,URB1,36,20,6,1,70,37,4,1,322,216,265,312,320,-34,-17,2,0
11870,PAGE3,7,7,3,1,2,2,1,0,322,313,313,318,321,5,5,2,1
18810,XAF1,80,40,7,3,51,30,5,2,322,191,252,310,317,29,10,2,1
17609,TRAPPC2,60,36,4,0,70,36,2,0,322,192,250,316,322,-10,0,2,0
18811,XAGE1A,22,15,9,4,18,10,7,5,322,282,297,306,313,4,5,2,-1
7218,HORMAD2,29,17,7,0,30,14,5,2,322,263,291,310,320,-1,3,2,-2
7213,HOOK1,34,22,6,0,52,29,4,0,322,236,271,312,322,-18,-7,2,0
18381,URI1,41,22,7,4,90,52,5,1,322,191,248,310,317,-49,-30,2,3
17621,TRAT1,14,9,2,0,4,4,0,0,322,304,309,320,322,10,5,2,0
18376,URAD,18,17,6,0,25,15,4,0,322,279,290,312,322,-7,2,2,0
10619,NDUFB11,50,34,10,7,50,27,8,4,322,222,261,304,311,0,7,2,3
17624,TRAV10,3,3,3,0,1,1,1,1,322,318,318,318,321,2,2,2,-1
17640,TRAV24,2,2,2,1,0,0,0,0,322,320,320,320,321,2,2,2,1
10612,NDUFAF4,65,42,6,1,50,29,4,1,322,207,251,312,320,15,13,2,0
6714,GSDMA,82,53,8,1,46,27,6,1,322,194,242,308,320,36,26,2,0
6294,GJB2,46,21,3,0,32,17,1,1,322,244,284,318,321,14,4,2,-1
5420,FAM240A,46,23,2,1,14,9,0,0,322,262,290,320,321,32,14,2,1
3365,CNTNAP4,19,12,2,1,21,9,0,0,322,282,301,320,321,-2,3,2,1
17643,TRAV26-2,2,2,2,1,0,0,0,0,322,320,320,320,321,2,2,2,1
321,ADGRA1,23,14,3,1,16,9,1,0,322,283,299,318,321,7,5,2,1
5401,FAM220A,54,31,8,4,51,32,6,0,322,217,259,308,318,3,-1,2,4
6755,GTF2A2,63,35,8,4,55,30,6,1,322,204,257,308,317,8,5,2,3
17777,TRIL,30,15,4,2,52,23,2,0,322,240,284,316,320,-22,-8,2,2
3650,CRYAA,26,22,6,2,12,12,4,0,322,284,288,312,320,14,10,2,2
17771,TRHDE,45,24,5,0,50,25,3,0,322,227,273,314,322,-5,-1,2,0
17772,TRHR,25,11,4,4,13,9,2,2,322,284,302,316,316,12,2,2,2
6771,GTF3A,62,36,7,3,51,32,5,2,322,209,254,310,317,11,4,2,1
6298,GJB6,30,22,6,1,39,24,4,0,322,253,276,312,321,-9,-2,2,1
7146,HMCN2,69,42,4,0,46,24,2,0,322,207,256,316,322,23,18,2,0
6409,GNG10,49,29,9,4,80,39,7,1,322,193,254,306,317,-31,-10,2,3
18828,XKR5,61,29,3,0,53,21,1,0,322,208,272,318,322,8,8,2,0
12226,PERP,70,29,3,0,41,16,1,0,322,211,277,318,322,29,13,2,0
12236,PEX13,59,28,6,4,53,32,4,1,322,210,262,312,317,6,-4,2,3
18305,UGT2B4,90,64,20,10,51,36,18,6,322,181,222,284,306,39,28,2,4
6299,GJB7,76,42,7,4,73,40,5,3,322,173,240,310,315,3,2,2,1
3750,CT47A11,10,8,7,5,10,10,5,2,322,302,304,310,315,0,-2,2,3
18304,UGT2B28,13,11,2,1,13,10,0,0,322,296,301,320,321,0,1,2,1
11929,PARM1,38,20,4,0,54,26,2,0,322,230,276,316,322,-16,-6,2,0
17792,TRIM27,38,21,9,4,77,41,7,1,322,207,260,306,317,-39,-20,2,3
18298,UGT2A2,10,8,3,2,12,6,1,1,322,300,308,318,319,-2,2,2,1
5227,EYA2,47,21,5,3,53,26,3,1,322,222,275,314,318,-6,-5,2,2
17760,TRGJP2,2,2,2,2,0,0,0,0,322,320,320,320,320,2,2,2,2
18825,XK,28,14,2,0,39,18,0,0,322,255,290,320,322,-11,-4,2,0
3220,CLEC5A,26,19,5,4,20,15,3,2,322,276,288,314,316,6,4,2,2
17747,TREM1,54,44,5,1,31,24,3,0,322,237,254,314,321,23,20,2,1
18322,ULK4,76,38,9,6,77,49,7,2,322,169,235,306,314,-1,-11,2,4
11909,PAPOLG,77,41,5,1,56,29,3,0,322,189,252,314,321,21,12,2,1
11910,PAPPA,35,10,2,0,50,32,0,0,322,237,280,320,322,-15,-22,2,0
17724,TRBV6-8,8,8,6,5,5,5,4,3,322,309,309,312,314,3,3,2,2
10641,NDUFV3,37,24,4,3,68,36,2,0,322,217,262,316,319,-31,-12,2,3
17742,TRDN,34,25,8,1,24,18,6,4,322,264,279,308,317,10,7,2,-3
17743,TRDV1,3,3,3,1,1,1,1,0,322,318,318,318,321,2,2,2,1
12249,PFAS,38,26,9,8,79,39,7,2,322,205,257,306,312,-41,-13,2,6
12247,PF4,21,16,4,2,26,19,2,1,322,275,287,316,319,-5,-3,2,1
18312,UHRF1BP1,47,21,5,2,61,29,3,1,322,214,272,314,319,-14,-8,2,1
11913,PAPSS2,86,52,4,0,38,15,2,0,322,198,255,316,322,48,37,2,0
12246,PEX7,56,30,4,1,64,30,2,1,322,202,262,316,320,-8,0,2,0
10860,NME8,21,14,5,1,18,15,3,0,322,283,293,314,321,3,-1,2,1
12244,PEX5L,68,33,5,0,53,23,3,0,322,201,266,314,322,15,10,2,0
7155,HMGCL,41,32,8,4,89,57,6,0,322,192,233,308,318,-48,-25,2,4
6764,GTF2H3,63,31,6,4,63,28,4,1,322,196,263,312,317,0,3,2,3
17752,TRERF1,44,28,5,2,86,46,3,0,322,192,248,314,320,-42,-18,2,2
11626,OR5K1,16,9,3,1,12,7,1,0,322,294,306,318,321,4,2,2,1
5426,FAM243B,41,32,10,6,27,17,8,4,322,254,273,304,312,14,15,2,2
3199,CLEC17A,73,40,3,0,51,21,1,0,322,198,261,318,322,22,19,2,0
10846,NLRP8,67,28,2,1,47,23,0,0,322,208,271,320,321,20,5,2,1
12305,PGS1,63,26,7,5,56,34,5,2,322,203,262,310,315,7,-8,2,3
7279,HR,75,33,5,0,53,32,3,0,322,194,257,314,322,22,1,2,0
7277,HPSE2,54,28,7,1,55,31,5,0,322,213,263,310,321,-1,-3,2,1
11832,P4HA3,84,44,10,5,68,33,8,1,322,170,245,304,316,16,11,2,4
3166,CLCNKB,61,33,6,0,68,44,4,1,322,193,245,312,321,-7,-11,2,-1
3387,COG8,59,28,6,6,86,40,4,0,322,177,254,312,316,-27,-12,2,6
18454,USP46,48,32,5,2,65,30,3,0,322,209,260,314,320,-17,2,2,2
12370,PI4K2A,36,19,6,2,65,42,4,0,322,221,261,312,320,-29,-23,2,2
3638,CROT,46,29,6,2,82,46,4,2,322,194,247,312,318,-36,-17,2,0
7271,HPS1,48,32,11,8,58,27,9,1,322,216,263,302,313,-10,5,2,7
7270,HPRT1,62,39,6,2,44,23,4,2,322,216,260,312,318,18,16,2,0
10537,NCAPG2,34,17,7,2,64,33,5,0,322,224,272,310,320,-30,-16,2,2
17448,TOPBP1,70,38,6,1,70,38,4,0,322,182,246,312,321,0,0,2,1
5177,EVA1B,71,52,16,10,66,41,14,2,322,185,229,292,310,5,11,2,8
3810,CTSO,51,32,4,1,90,43,2,0,322,181,247,316,321,-39,-11,2,1
10542,NCBP2AS2,46,25,11,6,68,37,9,7,322,208,260,302,309,-22,-12,2,-1
17455,TOR3A,48,26,7,3,72,42,5,2,322,202,254,310,317,-24,-16,2,1
17456,TOR4A,52,27,4,1,89,52,2,2,322,181,243,316,319,-37,-25,2,-1
11537,OR4Q3,58,27,2,0,41,16,0,0,322,223,279,320,322,17,11,2,0
11841,PABPC3,82,39,3,0,83,42,1,0,322,157,241,318,322,-1,-3,2,0
5551,FBP2,56,50,6,1,31,24,4,0,322,235,248,312,321,25,26,2,1
12377,PIAS3,45,26,7,3,90,55,5,1,322,187,241,310,318,-45,-29,2,2
12378,PIAS4,39,25,8,4,108,62,6,0,322,175,235,308,318,-69,-37,2,4
18462,USP54,47,20,7,2,86,46,5,1,322,189,256,310,319,-39,-26,2,1
18463,USP6,80,42,4,0,27,13,2,0,322,215,267,316,322,53,29,2,0
17393,TNKS1BP1,39,24,8,6,122,75,6,0,322,161,223,308,316,-83,-51,2,6
7300,HS6ST1,37,21,7,5,160,79,5,0,322,125,222,310,317,-123,-58,2,5
887,APOOL,46,22,3,1,63,26,1,0,322,213,274,318,321,-17,-4,2,1
7299,HS3ST6,60,48,10,0,39,27,8,1,322,223,247,304,321,21,21,2,-1
882,APOL5,30,23,5,0,14,12,3,0,322,278,287,314,322,16,11,2,0
12392,PIGF,99,44,9,7,40,27,7,2,322,183,251,306,313,59,17,2,5
5618,FCER1A,5,3,2,1,5,5,0,0,322,312,314,320,321,0,-2,2,1
17418,TNS3,39,21,6,2,103,60,4,0,322,180,241,312,320,-64,-39,2,2
10532,NCAM2,29,15,3,1,71,25,1,1,322,222,282,318,320,-42,-10,2,0
5447,FAM50B,63,34,3,1,51,23,1,0,322,208,265,318,321,12,11,2,1
7284,HRH1,57,33,5,0,76,46,3,0,322,189,243,314,322,-19,-13,2,0
17427,TOM1,54,35,12,8,91,47,10,1,322,177,240,300,313,-37,-12,2,7
17428,TOM1L1,61,40,9,4,60,31,7,1,322,201,251,306,317,1,9,2,3
19021,ZDHHC22,65,40,7,5,57,23,5,1,322,200,259,310,316,8,17,2,4
7281,HRC,103,70,23,14,70,41,21,15,322,149,211,278,293,33,29,2,-1
7280,HRAS,46,30,10,6,53,27,8,2,322,223,265,304,314,-7,3,2,4
18456,USP48,49,25,6,2,55,28,4,1,322,218,269,312,319,-6,-3,2,1
857,APOB,36,14,3,1,24,7,1,1,322,262,301,318,320,12,7,2,0
856,APOA5,33,20,2,0,16,9,0,0,322,273,293,320,322,17,11,2,0
239,ACVRL1,64,45,11,5,76,44,9,0,322,182,233,302,317,-12,1,2,5
18406,USP17L11,26,23,9,1,33,29,7,4,322,263,270,306,317,-7,-6,2,-3
17545,TRAJ12,4,4,4,4,2,2,2,2,322,316,316,316,316,2,2,2,2
11857,PADI3,54,30,2,0,58,26,0,0,322,210,266,320,322,-4,4,2,0
12323,PHF13,46,25,8,2,101,45,6,0,322,175,252,308,320,-55,-20,2,2
17553,TRAJ20,2,2,2,2,0,0,0,0,322,320,320,320,320,2,2,2,2
6684,GRIP2,74,54,14,3,59,35,12,5,322,189,233,296,314,15,19,2,-2
11859,PADI6,35,20,4,1,12,4,2,1,322,275,298,316,320,23,16,2,0
10592,NDST3,62,25,2,0,43,19,0,0,322,217,278,320,322,19,6,2,0
6686,GRK1,49,26,2,0,19,6,0,0,322,254,290,320,322,30,20,2,0
17556,TRAJ23,4,4,4,4,2,2,2,2,322,316,316,316,316,2,2,2,2
10588,NDRG3,54,27,5,3,37,19,3,1,322,231,276,314,318,17,8,2,2
17565,TRAJ31,3,3,3,3,1,1,1,1,322,318,318,318,318,2,2,2,2
17571,TRAJ37,2,2,2,2,0,0,0,0,322,320,320,320,320,2,2,2,2
12313,PHC1,57,28,11,7,59,31,9,6,322,206,263,302,309,-2,-3,2,1
5430,FAM24B,104,48,11,3,48,32,9,1,322,170,242,302,318,56,16,2,2
5194,EXO1,76,44,7,2,67,39,5,1,322,179,239,310,319,9,5,2,1
244,ADA,52,35,8,4,67,37,6,3,322,203,250,308,315,-15,-2,2,1
6416,GNG4,76,40,8,4,59,33,6,1,322,187,249,308,317,17,7,2,3
10603,NDUFA5,57,31,9,3,59,31,7,1,322,206,260,306,318,-2,0,2,2
17542,TRAJ1,3,3,3,3,1,1,1,1,322,318,318,318,318,2,2,2,2
10587,NDRG2,42,30,14,11,97,58,12,5,322,183,234,296,306,-55,-28,2,6
17466,TP53I13,67,43,14,9,66,40,12,3,322,189,239,296,310,1,3,2,6
10571,NCR2,14,14,2,0,5,4,0,0,322,303,304,320,322,9,10,2,0
6420,GNGT1,77,43,6,2,57,27,4,1,322,188,252,312,319,20,16,2,1
3802,CTSC,53,26,4,1,53,25,2,0,322,216,271,316,321,0,1,2,1
12350,PHLDB2,49,30,3,0,72,36,1,0,322,201,256,318,322,-23,-6,2,0
7251,HOXD11,49,21,5,1,49,32,3,0,322,224,269,314,321,0,-11,2,1
18806,WWP1,35,20,4,3,93,45,2,1,322,194,257,316,318,-58,-25,2,2
7247,HOXC8,63,45,7,1,64,32,5,4,322,195,245,310,317,-1,13,2,-3
11540,OR4X1,9,9,5,2,7,6,3,1,322,306,307,314,319,2,3,2,1
18434,USP28,60,37,6,2,64,30,4,1,322,198,255,312,319,-4,7,2,1
839,APEH,46,28,10,7,75,45,8,0,322,201,249,304,315,-29,-17,2,7
7231,HOXB13,34,13,3,1,59,19,1,0,322,229,290,318,321,-25,-6,2,1
5554,FBXL12,49,28,8,7,90,49,6,2,322,183,245,308,313,-41,-21,2,5
5188,EVX1,40,25,4,1,44,27,2,0,322,238,270,316,321,-4,-2,2,1
17516,TPST1,64,41,12,4,70,43,10,0,322,188,238,300,318,-6,-2,2,4
18431,USP25,58,24,5,2,83,41,3,1,322,181,257,314,319,-25,-17,2,1
831,APBB1IP,49,21,2,1,37,13,0,0,322,236,288,320,321,12,8,2,1
489,AK7,99,63,14,5,68,38,12,7,322,155,221,296,310,31,25,2,-2
17522,TPX2,44,27,5,2,60,40,3,2,322,218,255,314,318,-16,-13,2,0
19010,ZDHHC12,46,27,10,4,83,39,8,3,322,193,256,304,315,-37,-12,2,1
6782,GTPBP4,57,29,4,1,49,24,2,0,322,216,269,316,321,8,5,2,1
12216,PELO,66,36,7,3,58,24,5,0,322,198,262,310,319,8,12,2,3
6269,GIMAP6,16,9,3,1,33,16,1,0,322,273,297,318,321,-17,-7,2,1
17952,TSPAN11,64,37,13,7,65,44,11,5,322,193,241,298,310,-1,-7,2,2
12001,PCDH20,40,24,2,0,30,11,0,0,322,252,287,320,322,10,13,2,0
7011,HEATR1,51,28,6,5,48,29,4,0,322,223,265,312,317,3,-1,2,5
6372,GMDS,60,40,4,2,68,36,2,0,322,194,246,316,320,-8,4,2,2
18000,TSTD3,69,40,8,2,89,44,6,1,322,164,238,308,319,-20,-4,2,1
18175,UBALD2,67,46,16,8,81,46,14,5,322,174,230,292,309,-14,0,2,3
7000,HDDC2,38,25,9,3,71,33,7,5,322,213,264,306,314,-33,-8,2,-2
12100,PCYT1B,82,45,4,3,45,23,2,1,322,195,254,316,318,37,22,2,2
18166,UBA2,46,26,7,3,61,32,5,1,322,215,264,310,318,-15,-6,2,2
694,ANKRD13B,79,43,11,7,59,24,9,1,322,184,255,302,314,20,19,2,6
5591,FBXO39,60,47,5,0,37,27,3,0,322,225,248,314,322,23,20,2,0
18013,TTC23,66,41,10,7,61,37,8,3,322,195,244,304,312,5,4,2,4
10800,NKD1,44,19,4,0,48,17,2,0,322,230,286,316,322,-4,2,2,0
6990,HDAC11,56,37,9,4,101,56,7,3,322,165,229,306,315,-45,-19,2,1
12008,PCDHA12,48,26,3,0,60,32,1,0,322,214,264,318,322,-12,-6,2,0
3679,CSE1L,45,26,7,4,53,29,5,1,322,224,267,310,317,-8,-3,2,3
611,AMD1,51,32,10,5,117,56,8,1,322,154,234,304,316,-66,-24,2,4
6984,HCRT,36,30,17,6,34,23,15,2,322,252,269,290,314,2,7,2,4
10758,NHLRC2,37,20,5,1,83,52,3,0,322,202,250,314,321,-46,-32,2,1
12011,PCDHA3,38,20,2,1,35,12,0,0,322,249,290,320,321,3,8,2,1
3697,CSN1S1,6,6,2,1,4,4,0,0,322,312,312,320,321,2,2,2,1
6343,GLRA1,51,34,12,8,27,19,10,6,322,244,269,300,308,24,15,2,2
7015,HEATR5B,62,26,5,2,53,30,3,1,322,207,266,314,319,9,-4,2,1
10814,NKX2-5,42,25,6,1,50,36,4,0,322,230,261,312,321,-8,-11,2,1
6866,H2BC21,90,50,10,4,84,54,8,0,322,148,218,304,318,6,-4,2,4
17968,TSPAN6,51,26,6,4,43,18,4,1,322,228,278,312,317,8,8,2,3
3326,CNNM2,59,34,4,2,61,28,2,0,322,202,260,316,320,-2,6,2,2
3283,CMC2,52,32,10,8,75,49,8,5,322,195,241,304,309,-23,-17,2,3
11588,OR52R1,7,7,2,0,1,1,0,0,322,314,314,320,322,6,6,2,0
12120,PDE11A,86,42,3,0,47,22,1,0,322,189,258,318,322,39,20,2,0
588,ALOX12B,68,49,5,0,62,34,3,0,322,192,239,314,322,6,15,2,0
590,ALOX15B,59,34,3,1,33,15,1,0,322,230,273,318,321,26,19,2,1
5350,FAM170A,36,32,5,0,30,27,3,1,322,256,263,314,321,6,5,2,-1
17990,TSR3,56,32,8,6,51,23,6,6,322,215,267,308,310,5,9,2,0
10810,NKX2-1,34,20,3,1,42,12,1,0,322,246,290,318,321,-8,8,2,1
6877,H2BW1,37,35,14,2,30,23,12,4,322,255,264,296,316,7,12,2,-2
595,ALPI,47,23,5,1,28,19,3,1,322,247,280,314,320,19,4,2,0
12113,PDCD6-AHRR,69,59,37,29,86,69,35,22,322,167,194,250,271,-17,-10,2,7
703,ANKRD20A2P,93,64,24,9,89,63,22,13,322,140,195,276,300,4,1,2,-4
18180,UBASH3A,52,33,5,1,27,10,3,0,322,243,279,314,321,25,23,2,1
11590,OR56A1,58,28,2,0,22,10,0,0,322,242,284,320,322,36,18,2,0
18178,UBAP2,50,29,9,4,86,37,7,0,322,186,256,306,318,-36,-8,2,4
613,AMDHD2,60,33,10,5,81,51,8,0,322,181,238,304,317,-21,-18,2,5
10759,NHLRC3,47,21,6,1,72,38,4,1,322,203,263,312,320,-25,-17,2,0
3295,CMTM6,49,23,5,4,65,28,3,0,322,208,271,314,318,-16,-5,2,4
6914,HAAO,42,32,5,4,40,29,3,2,322,240,261,314,316,2,3,2,2
658,ANGPT1,82,56,9,0,68,41,7,1,322,172,225,306,321,14,15,2,-1
18137,TXNDC9,60,30,9,5,75,40,7,2,322,187,252,306,315,-15,-10,2,3
18134,TXNDC2,72,45,9,1,70,45,7,2,322,180,232,306,319,2,0,2,-1
656,ANGEL1,36,24,7,2,116,61,5,1,322,170,237,310,319,-80,-37,2,1
652,ANAPC4,53,32,7,1,89,47,5,2,322,180,243,310,319,-36,-15,2,-1
12057,PCDHGC5,69,37,5,2,61,31,3,0,322,192,254,314,320,8,6,2,2
12029,PCDHB3,48,22,2,1,50,28,0,0,322,224,272,320,321,-2,-6,2,1
6941,HARS2,55,36,6,4,64,34,4,1,322,203,252,312,317,-9,2,2,3
6939,HARBI1,53,26,6,1,83,38,4,0,322,186,258,312,321,-30,-12,2,1
618,AMER3,44,23,4,0,39,12,2,0,322,239,287,316,322,5,11,2,0
3310,CNGA3,40,19,4,2,22,12,2,0,322,260,291,316,320,18,7,2,2
12051,PCDHGB4,66,37,4,1,48,27,2,0,322,208,258,316,321,18,10,2,1
11607,OR5B17,13,11,2,1,4,4,0,0,322,305,307,320,321,9,7,2,1
18120,TWIST2,51,33,4,0,68,39,2,0,322,203,250,316,322,-17,-6,2,0
18107,TUSC1,38,24,3,1,64,28,1,0,322,220,270,318,321,-26,-4,2,1
6922,HACL1,60,41,7,2,61,36,5,0,322,201,245,310,320,-1,5,2,2
6923,HADH,53,29,7,3,50,18,5,1,322,219,275,310,318,3,11,2,2
5583,FBXO3,51,30,9,3,83,41,7,0,322,188,251,306,319,-32,-11,2,3
5334,FAM160B1,60,32,7,1,83,46,5,0,322,179,244,310,321,-23,-14,2,1
18147,TYMS,47,27,9,5,65,32,7,2,322,210,263,306,315,-18,-5,2,3
10797,NKAP,51,31,7,1,57,23,5,2,322,214,268,310,319,-6,8,2,-1
11610,OR5B3,19,17,2,1,6,5,0,0,322,297,300,320,321,13,12,2,1
12014,PCDHA6,36,18,3,1,62,29,1,1,322,224,275,318,320,-26,-11,2,0
18030,TTC38,58,37,14,7,80,50,12,5,322,184,235,296,310,-22,-13,2,2
6897,H3Y2,14,14,2,0,7,6,0,0,322,301,302,320,322,7,8,2,0
18037,TTC7A,40,20,7,3,63,33,5,3,322,219,269,310,316,-23,-13,2,0
6352,GLS2,52,36,8,2,79,51,6,4,322,191,235,308,316,-27,-15,2,-2
6976,HCFC1R1,70,38,11,8,66,37,9,3,322,186,247,302,311,4,1,2,5
6353,GLT1D1,30,15,2,0,36,17,0,0,322,256,290,320,322,-6,-2,2,0
3683,CSF2RA,84,44,6,1,54,25,4,1,322,184,253,312,320,30,19,2,0
3684,CSF2RB,33,18,3,0,53,27,1,0,322,236,277,318,322,-20,-9,2,0
12065,PCGF6,48,30,5,4,58,40,3,0,322,216,252,314,318,-10,-10,2,4
676,ANKEF1,56,22,2,0,45,18,0,0,322,221,282,320,322,11,4,2,0
12075,PCMTD2,46,26,7,3,72,41,5,1,322,204,255,310,318,-26,-15,2,2
5305,FAM122B,51,30,5,1,46,25,3,1,322,225,267,314,320,5,5,2,0
18151,TYRP1,51,34,10,5,45,32,8,2,322,226,256,304,315,6,2,2,3
12021,PCDHB10,32,12,4,1,75,47,2,1,322,215,263,316,320,-43,-35,2,0
12070,PCLAF,52,26,7,4,48,23,5,2,322,222,273,310,316,4,3,2,2
6949,HAUS3,76,39,6,1,74,44,4,0,322,172,239,312,321,2,-5,2,1
18073,TUBA3C,53,42,6,1,57,46,4,0,322,212,234,312,321,-4,-4,2,1
277,ADAMTS17,76,40,5,3,72,35,3,1,322,174,247,314,318,4,5,2,2
17944,TSLP,62,28,3,2,80,37,1,0,322,180,257,318,320,-18,-9,2,2
7132,HLA-DRB1,41,30,5,2,35,32,3,0,322,246,260,314,320,6,-2,2,2
5285,FAM104B,67,35,8,2,45,23,6,1,322,210,264,308,319,22,12,2,1
18276,UEVLD,57,31,5,2,45,24,3,0,322,220,267,314,320,12,7,2,2
11949,PASD1,26,17,4,1,17,9,2,0,322,279,296,316,321,9,8,2,1
3248,CLNK,103,68,11,2,63,35,9,0,322,156,219,302,320,40,33,2,2
11564,OR51V1,9,8,3,2,6,6,1,0,322,307,308,318,320,3,2,2,2
17846,TRIM7,69,42,6,1,69,36,4,1,322,184,244,312,320,0,6,2,0
17848,TRIM72,87,44,4,1,29,13,2,1,322,206,265,316,320,58,31,2,0
5249,F8,69,34,6,1,73,39,4,1,322,180,249,312,320,-4,-5,2,0
3732,CSTA,69,52,18,7,44,37,16,10,322,209,233,288,305,25,15,2,-3
12187,PDXP,48,27,11,6,64,39,9,6,322,210,256,302,310,-16,-12,2,0
537,ALDH16A1,45,24,4,1,64,24,2,2,322,213,274,316,319,-19,0,2,-1
6796,GUCY1A2,64,27,3,1,63,36,1,0,322,195,259,318,321,1,-9,2,1
17851,TRIM75P,25,18,3,1,15,10,1,0,322,282,294,318,321,10,8,2,1
7100,HINT3,54,31,8,1,67,30,6,2,322,201,261,308,319,-13,1,2,-1
5251,F8A2,4,3,2,2,2,1,0,0,322,316,318,320,320,2,2,2,2
18271,UCN2,106,65,9,3,59,36,7,3,322,157,221,306,316,47,29,2,0
11954,PATE4,69,38,3,1,47,22,1,1,322,206,262,318,320,22,16,2,0
11955,PATJ,71,29,4,0,52,26,2,0,322,199,267,316,322,19,3,2,0
11565,OR52A1,80,32,2,0,40,20,0,0,322,202,270,320,322,40,12,2,0
10690,NET1,51,26,6,2,77,35,4,0,322,194,261,312,320,-26,-9,2,2
17843,TRIM67,53,33,3,1,27,11,1,1,322,242,278,318,320,26,22,2,0
6795,GUCY1A1,47,21,4,3,35,17,2,0,322,240,284,316,319,12,4,2,3
3735,CSTF2,53,27,6,4,53,35,4,1,322,216,260,312,317,0,-8,2,3
18979,ZC3H18,62,30,7,5,51,28,5,0,322,209,264,310,317,11,2,2,5
18294,UGT1A7,44,22,5,2,42,22,3,0,322,236,278,314,320,2,0,2,2
3237,CLIP4,65,32,8,1,87,55,6,0,322,170,235,308,321,-22,-23,2,1
18291,UGT1A4,35,24,9,3,31,20,7,5,322,256,278,306,314,4,4,2,-2
11936,PARP15,86,43,6,1,49,27,4,1,322,187,252,312,320,37,16,2,0
3239,CLK2,64,29,7,3,81,46,5,0,322,177,247,310,319,-17,-17,2,3
11938,PARP2,48,28,9,4,51,35,7,3,322,223,259,306,315,-3,-7,2,1
18835,XPC,48,28,8,4,107,65,6,0,322,167,229,308,318,-59,-37,2,4
11940,PARP4,46,25,6,1,65,38,4,0,322,211,259,312,321,-19,-13,2,1
12207,PECR,63,34,7,4,50,26,5,2,322,209,262,310,316,13,8,2,2
5389,FAM20B,45,27,4,1,76,28,2,0,322,201,267,316,321,-31,-1,2,1
17819,TRIM49C,16,13,4,2,17,12,2,1,322,289,297,316,319,-1,1,2,1
5243,F2RL1,53,27,6,0,66,35,4,1,322,203,260,312,321,-13,-8,2,-1
5565,FBXL3,48,24,11,2,89,50,9,0,322,185,248,302,320,-41,-26,2,2
17824,TRIM51,43,37,5,1,28,19,3,0,322,251,266,314,321,15,18,2,1
17830,TRIM58,80,38,3,0,35,17,1,0,322,207,267,318,322,45,21,2,0
17833,TRIM6-TRIM34,32,22,5,1,16,12,3,2,322,274,288,314,319,16,10,2,-1
10842,NLRP4,35,15,2,0,21,13,0,0,322,266,294,320,322,14,2,2,0
7107,HIRA,56,27,8,4,76,42,6,4,322,190,253,308,314,-20,-15,2,0
11619,OR5H1,65,31,2,1,28,13,0,0,322,229,278,320,321,37,18,2,1
10691,NETO1,31,18,3,0,16,10,1,1,322,275,294,318,321,15,8,2,-1
539,ALDH1A1,77,52,9,2,63,39,7,2,322,182,231,306,318,14,13,2,0
11977,PBX1,72,45,7,6,81,49,5,0,322,169,228,310,316,-9,-4,2,6
18939,ZBTB3,75,48,9,5,58,31,7,2,322,189,243,306,315,17,17,2,3
18240,UBQLN2,42,26,5,1,96,53,3,1,322,184,243,314,320,-54,-27,2,0
18231,UBL4B,71,43,11,2,57,43,9,2,322,194,236,302,318,14,0,2,0
11973,PBK,39,23,8,2,82,42,6,1,322,201,257,308,319,-43,-19,2,1
728,ANKRD40,48,21,5,3,47,29,3,1,322,227,272,314,318,1,-8,2,2
6846,H2AC4,86,70,36,14,93,70,34,5,322,143,182,252,303,-7,0,2,9
5358,FAM174C,67,41,10,7,51,29,8,1,322,204,252,304,314,16,12,2,6
3666,CRYGN,80,61,11,5,68,47,9,1,322,174,214,302,316,12,14,2,4
6854,H2AX,74,43,10,8,70,43,8,4,322,178,236,304,310,4,0,2,4
17918,TRUB1,55,26,8,3,80,37,6,0,322,187,259,308,319,-25,-11,2,3
11580,OR52K1,52,22,2,0,50,22,0,0,322,220,278,320,322,2,0,2,0
275,ADAMTS15,60,29,11,4,74,25,9,7,322,188,268,302,311,-14,4,2,-3
18857,XYLT1,55,33,4,2,51,26,2,0,322,216,263,316,320,4,7,2,2
17936,TSGA13,93,64,7,2,41,29,5,1,322,188,229,310,319,52,35,2,1
17937,TSHB,10,9,4,2,9,8,2,1,322,303,305,316,319,1,1,2,1
10718,NFATC2IP,37,18,5,2,70,44,3,1,322,215,260,314,319,-33,-26,2,1
12136,PDE6C,36,20,5,1,19,10,3,1,322,267,292,314,320,17,10,2,0
6858,H2BC10,68,55,32,18,98,80,30,11,322,156,187,260,293,-30,-25,2,7
17919,TRUB2,46,29,3,2,61,25,1,1,322,215,268,318,319,-15,4,2,1
262,ADAM29,16,11,2,0,16,10,0,0,322,290,301,320,322,0,1,2,0
18267,UCK2,32,19,5,4,102,69,3,1,322,188,234,314,317,-70,-50,2,3
11961,PAX2,48,27,4,0,39,16,2,0,322,235,279,316,322,9,11,2,0
6312,GKN1,32,26,6,3,30,26,4,1,322,260,270,312,318,2,0,2,2
541,ALDH1A3,59,46,8,1,98,58,6,2,322,165,218,308,319,-39,-12,2,-1
17862,TRIP13,35,26,5,2,79,41,3,0,322,208,255,314,320,-44,-15,2,2
10695,NEU3,54,32,5,2,81,31,3,0,322,187,259,314,320,-27,1,2,2
5566,FBXL4,59,27,5,1,90,55,3,0,322,173,240,314,321,-31,-28,2,1
10698,NEURL1B,38,27,8,3,87,59,6,1,322,197,236,308,318,-49,-32,2,2
17867,TRIT1,45,28,8,5,73,42,6,0,322,204,252,308,317,-28,-14,2,5
17868,TRMO,64,36,9,4,75,44,7,2,322,183,242,306,316,-11,-8,2,2
544,ALDH1L2,52,31,3,0,64,19,1,0,322,206,272,318,322,-12,12,2,0
17912,TRPV2,91,68,23,8,98,71,21,6,322,133,183,278,308,-7,-3,2,2
11963,PAX4,38,24,2,0,29,15,0,0,322,255,283,320,322,9,9,2,0
10700,NEURL3,91,56,8,0,64,42,6,3,322,167,224,308,319,27,14,2,-3
6393,GNAI3,50,32,4,1,42,24,2,0,322,230,266,316,321,8,8,2,1
18956,ZBTB49,80,56,10,3,70,44,8,2,322,172,222,304,317,10,12,2,1
5595,FBXO42,49,27,7,5,74,32,5,0,322,199,263,310,317,-25,-5,2,5
11574,OR52E6,9,9,2,0,6,6,0,0,322,307,307,320,322,3,3,2,0
17908,TRPM8,78,40,3,0,60,34,1,0,322,184,248,318,322,18,6,2,0
746,ANKRD66,29,18,6,3,20,14,4,1,322,273,290,312,318,9,4,2,2
6655,GREB1L,77,46,7,2,70,41,5,0,322,175,235,310,320,7,5,2,2
3595,CRCP,47,28,6,2,56,29,4,1,322,219,265,312,319,-9,-1,2,1
19025,ZDHHC4,55,26,8,3,56,32,6,3,322,211,264,308,316,-1,-6,2,0
18547,VHL,48,24,4,1,63,26,2,1,322,211,272,316,320,-15,-2,2,0
1022,ARL17A,54,29,7,4,76,42,5,1,322,192,251,310,317,-22,-13,2,3
11705,OR8K3,7,5,2,1,1,1,0,0,322,314,316,320,321,6,4,2,1
380,ADRA1A,99,55,8,4,51,28,6,0,322,172,239,308,318,48,27,2,4
17274,TMEM68,58,32,7,3,47,27,5,0,322,217,263,310,319,11,5,2,3
17271,TMEM64,51,36,5,1,90,46,3,0,322,181,240,314,321,-39,-10,2,1
17093,TMEM132B,54,24,4,2,35,17,2,1,322,233,281,316,319,19,7,2,1
18550,VILL,69,46,13,1,92,53,11,5,322,161,223,298,316,-23,-7,2,-4
6592,GPR37L1,54,18,5,2,57,16,3,0,322,211,288,314,320,-3,2,2,2
11771,OTOS,29,25,6,2,23,22,4,1,322,270,275,312,319,6,3,2,1
19122,ZMYND11,57,36,7,4,68,36,5,0,322,197,250,310,318,-11,0,2,4
17260,TMEM52B,73,42,4,1,59,24,2,1,322,190,256,316,320,14,18,2,0
7377,HTR1B,35,23,4,0,46,29,2,0,322,241,270,316,322,-11,-6,2,0
3124,CIR1,59,35,6,3,66,30,4,3,322,197,257,312,316,-7,5,2,0
17247,TMEM40,75,50,8,1,90,51,6,1,322,157,221,308,320,-15,-1,2,0
11768,OTOP2,55,35,5,0,37,24,3,0,322,230,263,314,322,18,11,2,0
3576,CPXM1,38,20,6,3,62,36,4,0,322,222,266,312,319,-24,-16,2,3
6535,GPN2,63,37,6,3,54,29,4,0,322,205,256,312,319,9,8,2,3
12493,PKNOX2,53,32,14,3,78,54,12,1,322,191,236,296,318,-25,-22,2,2
11766,OTOL1,15,11,3,2,21,14,1,0,322,286,297,318,320,-6,-3,2,2
3880,CXXC4,63,26,4,1,57,24,2,0,322,202,272,316,321,6,2,2,1
5483,FAM90A10P,29,26,4,0,21,15,2,0,322,272,281,316,322,8,11,2,0
18774,WNT10B,60,38,8,0,77,47,6,0,322,185,237,308,322,-17,-9,2,0
18643,VWA8,39,24,5,2,53,24,3,0,322,230,274,314,320,-14,0,2,2
18632,VTI1A,63,33,5,2,49,24,3,0,322,210,265,314,320,14,9,2,2
7476,IFNA1,15,14,3,1,8,7,1,0,322,299,301,318,321,7,7,2,1
3865,CXCR1,44,25,3,2,27,7,1,0,322,251,290,318,320,17,18,2,2
12568,PLEKHA2,41,28,6,1,71,34,4,0,322,210,260,312,321,-30,-6,2,1
1016,ARL13B,66,33,6,2,56,39,4,0,322,200,250,312,320,10,-6,2,2
11762,OTOA,73,36,2,0,44,19,0,0,322,205,267,320,322,29,17,2,0
18659,WASHC1,39,22,10,7,66,41,8,1,322,217,259,304,314,-27,-19,2,6
19070,ZFPM2,78,36,4,2,53,30,2,1,322,191,256,316,319,25,6,2,1
6603,GPR63,54,22,2,0,65,32,0,0,322,203,268,320,322,-11,-10,2,0
178,ACP5,72,51,18,5,70,59,16,6,322,180,212,288,311,2,-8,2,-1
1042,ARMC1,45,24,7,5,72,43,5,1,322,205,255,310,316,-27,-19,2,4
5506,FANCD2OS,52,47,16,12,45,44,14,8,322,225,231,292,302,7,3,2,4
12584,PLEKHG4B,51,31,5,2,76,38,3,0,322,195,253,314,320,-25,-7,2,2
5505,FANCD2,54,27,3,2,46,20,1,0,322,222,275,318,320,8,7,2,2
370,ADO,61,30,7,3,62,34,5,0,322,199,258,310,319,-1,-4,2,3
11653,OR6C6,76,48,7,1,66,45,5,0,322,180,229,310,321,10,3,2,1
5132,ESCO1,49,32,5,2,79,49,3,1,322,194,241,314,319,-30,-17,2,1
10939,NPAS1,76,53,15,5,90,56,13,2,322,156,213,294,315,-14,-3,2,3
6516,GPC3,42,25,3,2,40,17,1,0,322,240,280,318,320,2,8,2,2
7359,HSPB3,48,40,14,5,42,34,12,3,322,232,248,296,314,6,6,2,2
5129,ERVV-2,88,50,4,0,33,18,2,0,322,201,254,316,322,55,32,2,0
18753,WFDC8,81,55,11,4,55,35,9,1,322,186,232,302,317,26,20,2,3
18754,WFDC9,18,16,4,2,10,7,2,0,322,294,299,316,320,8,9,2,2
18667,WBP11,55,26,7,3,60,41,5,1,322,207,255,310,318,-5,-15,2,2
5126,ERVK3-1,70,33,8,4,47,29,6,2,322,205,260,308,316,23,4,2,2
5125,ERVH48-1,76,47,9,5,62,37,7,4,322,184,238,306,313,14,10,2,1
940,ARHGAP15,80,42,5,0,62,29,3,0,322,180,251,314,322,18,13,2,0
12466,PIWIL2,118,75,4,1,27,13,2,0,322,177,234,316,321,91,62,2,1
213,ACTL7A,30,21,6,5,13,10,4,4,322,279,291,312,313,17,11,2,1
12468,PIWIL4,104,67,10,2,61,32,8,1,322,157,223,304,319,43,35,2,1
375,ADPGK,54,26,8,4,62,42,6,1,322,206,254,308,317,-8,-16,2,3
18662,WASHC3,62,42,10,5,43,25,8,1,322,217,255,304,316,19,17,2,4
11780,OTUD6B,45,26,5,3,77,40,3,0,322,200,256,314,319,-32,-14,2,3
11040,NRBP1,53,28,5,3,41,22,3,0,322,228,272,314,319,12,6,2,3
11703,OR8J3,55,21,2,0,44,19,0,0,322,223,282,320,322,11,2,2,0
6444,GOLGA6B,35,24,3,1,32,25,1,0,322,255,273,318,321,3,-1,2,1
1028,ARL4A,85,43,6,1,79,47,4,2,322,158,232,312,319,6,-4,2,-1
18543,VGLL1,26,26,10,1,20,14,8,1,322,276,282,304,320,6,12,2,0
12577,PLEKHD1,78,41,4,1,41,12,2,0,322,203,269,316,321,37,29,2,1
18631,VTCN1,57,34,8,2,43,25,6,1,322,222,263,308,319,14,9,2,1
17235,TMEM275,17,13,3,0,12,10,1,0,322,293,299,318,322,5,3,2,0
10430,N4BP3,73,38,2,0,62,28,0,0,322,187,256,320,322,11,10,2,0
5485,FAM90A16P,26,24,7,3,18,18,5,2,322,278,280,310,317,8,6,2,1
180,ACP7,57,32,4,0,53,23,2,0,322,212,267,316,322,4,9,2,0
17186,TMEM225,6,4,2,1,6,6,0,0,322,310,312,320,321,0,-2,2,1
11503,OR4D1,82,45,2,1,46,14,0,0,322,194,263,320,321,36,31,2,1
7436,IDE,48,31,5,2,48,20,3,0,322,226,271,314,320,0,11,2,2
18607,VPS8,76,41,8,4,51,31,6,3,322,195,250,308,315,25,10,2,1
18608,VPS9D1,63,42,11,6,98,60,9,0,322,161,220,302,316,-35,-18,2,6
10419,MYT1L,71,34,6,2,54,22,4,0,322,197,266,312,320,17,12,2,2
11727,ORM1,29,29,9,5,24,22,7,4,322,269,271,306,313,5,7,2,1
3433,COLCA2,47,36,7,1,59,45,5,1,322,216,241,310,320,-12,-9,2,0
10417,MYSM1,57,22,5,2,55,30,3,1,322,210,270,314,319,2,-8,2,1
19117,ZMYM3,39,23,10,7,96,47,8,1,322,187,252,304,314,-57,-24,2,6
10402,MYOF,44,27,7,2,53,33,5,4,322,225,262,310,316,-9,-6,2,-2
991,ARHGEF37,102,70,15,4,83,52,13,5,322,137,200,294,313,19,18,2,-1
17171,TMEM209,51,29,6,2,74,33,4,0,322,197,260,312,320,-23,-4,2,2
17169,TMEM207,20,16,2,0,15,10,0,0,322,287,296,320,322,5,6,2,0
10963,NPIPA2,77,54,20,10,74,50,18,14,322,171,218,284,298,3,4,2,-4
11734,OSBP2,59,40,13,6,92,54,11,5,322,171,228,298,311,-33,-14,2,1
11728,ORM2,21,20,4,0,24,19,2,0,322,277,283,316,322,-3,1,2,0
12535,PLAUR,80,45,7,3,46,19,5,2,322,196,258,310,317,34,26,2,1
3095,CHTF18,50,31,5,2,73,37,3,1,322,199,254,314,319,-23,-6,2,1
17167,TMEM204,87,55,10,5,41,24,8,3,322,194,243,304,314,46,31,2,2
191,ACSL5,54,33,7,5,47,23,5,2,322,221,266,310,315,7,10,2,3
11729,ORMDL1,46,25,5,5,57,34,3,1,322,219,263,314,316,-11,-9,2,4
17157,TMEM192,46,24,5,1,58,23,3,0,322,218,275,314,321,-12,1,2,1
996,ARHGEF5,42,22,5,0,54,32,3,0,322,226,268,314,322,-12,-10,2,0
19099,ZIM3,98,47,4,0,37,14,2,0,322,187,261,316,322,61,33,2,0
10967,NPIPA8,89,70,30,12,87,68,28,11,322,146,184,264,299,2,2,2,1
10965,NPIPA5,72,53,27,14,107,82,25,13,322,143,187,270,295,-35,-29,2,1
405,AFG1L,76,39,11,1,89,52,9,0,322,157,231,302,321,-13,-13,2,1
12521,PLAAT1,41,30,8,1,55,30,6,2,322,226,262,308,319,-14,0,2,-1
12520,PLAA,54,35,5,3,73,45,3,0,322,195,242,314,319,-19,-10,2,3
11741,OSBPL6,60,31,5,4,57,30,3,0,322,205,261,314,318,3,1,2,4
11719,ORAI2,57,32,6,3,78,42,4,0,322,187,248,312,319,-21,-10,2,3
421,AGBL3,82,65,24,11,102,74,22,4,322,138,183,276,307,-20,-9,2,7
6543,GPR12,68,32,3,1,42,18,1,1,322,212,272,318,320,26,14,2,0
17115,TMEM154,64,31,6,0,72,39,4,1,322,186,252,312,321,-8,-8,2,-1
3119,CILP,45,20,2,0,18,9,0,0,322,259,293,320,322,27,11,2,0
7395,HTRA3,49,30,6,3,53,28,4,2,322,220,264,312,317,-4,2,2,1
1012,ARL1,55,33,11,3,73,42,9,2,322,194,247,302,317,-18,-9,2,1
334,ADGRF2,70,37,3,1,35,16,1,0,322,217,269,318,321,35,21,2,1
17120,TMEM161A,74,38,7,2,61,32,5,2,322,187,252,310,318,13,6,2,0
17233,TMEM272,56,29,6,1,42,32,4,1,322,224,261,312,320,14,-3,2,0
3091,CHST8,43,32,5,2,56,36,3,1,322,223,254,314,319,-13,-4,2,1
7467,IFIT1B,67,39,3,0,47,25,1,0,322,208,258,318,322,20,14,2,0
1008,ARID5A,51,32,8,1,103,58,6,4,322,168,232,308,317,-52,-26,2,-3
7460,IFI30,63,46,22,16,45,33,20,16,322,214,243,280,290,18,13,2,0
6572,GPR176,55,27,5,2,71,51,3,0,322,196,244,314,320,-16,-24,2,2
6556,GPR15,31,17,4,1,24,9,2,0,322,267,296,316,321,7,8,2,1
3616,CRHR2,35,24,7,0,33,22,5,0,322,254,276,310,322,2,2,2,0
6569,GPR171,28,20,6,4,10,9,4,3,322,284,293,312,315,18,11,2,1
12508,PLA2G2F,42,25,2,1,22,9,0,0,322,258,288,320,321,20,16,2,1
7307,HSD11B1L,70,38,7,3,48,20,5,3,322,204,264,310,316,22,18,2,0
7409,HYKK,70,35,6,2,65,33,4,0,322,187,254,312,320,5,2,2,2
12510,PLA2G4A,52,29,4,2,69,30,2,0,322,201,263,316,320,-17,-1,2,2
12511,PLA2G4B,71,43,14,9,98,63,12,3,322,153,216,296,310,-27,-20,2,6
7458,IFI27L1,56,33,11,3,70,32,9,4,322,196,257,302,315,-14,1,2,-1
11661,OR6J1,80,45,4,1,37,12,2,0,322,205,265,316,321,43,33,2,1
6559,GPR152,51,36,3,0,31,22,1,0,322,240,264,318,322,20,14,2,0
3431,COL9A2,59,34,8,1,78,46,6,0,322,185,242,308,321,-19,-12,2,1
7417,IBA57,41,28,5,2,89,44,3,0,322,192,250,314,320,-48,-16,2,2
196,ACSM3,82,59,19,7,92,62,17,5,322,148,201,286,310,-10,-3,2,2
7356,HSPB11,52,27,7,3,47,28,5,3,322,223,267,310,316,5,-1,2,0
6599,GPR55,48,19,4,1,70,38,2,0,322,204,265,316,321,-22,-19,2,1
6442,GOLGA5,62,40,6,1,75,46,4,0,322,185,236,312,321,-13,-6,2,1
5056,EPPIN-WFDC6,12,11,3,0,7,6,1,0,322,303,305,318,322,5,5,2,0
18482,UTP6,51,33,10,5,60,36,8,0,322,211,253,304,317,-9,-3,2,5
17360,TNFRSF13B,21,18,4,2,17,12,2,1,322,284,292,316,319,4,6,2,1
17031,TMC1,57,23,2,0,40,11,0,0,322,225,288,320,322,17,12,2,0
12426,PIK3R5,52,30,5,0,44,26,3,0,322,226,266,314,322,8,4,2,0
330,ADGRE2,74,38,3,0,49,16,1,0,322,199,268,318,322,25,22,2,0
11806,P2RX1,54,39,6,0,55,37,4,0,322,213,246,312,322,-1,2,2,0
17035,TMC5,79,43,7,7,68,42,5,1,322,175,237,310,314,11,1,2,6
6627,GPS2,49,27,5,1,52,26,3,1,322,221,269,314,320,-3,1,2,0
6625,GPRIN3,59,24,2,0,41,10,0,0,322,222,288,320,322,18,14,2,0
17353,TNFRSF10A,57,30,6,0,72,36,4,1,322,193,256,312,321,-15,-6,2,-1
11803,OXSR1,48,28,7,3,74,38,5,0,322,200,256,310,319,-26,-10,2,3
6623,GPRIN1,29,17,7,2,118,60,5,1,322,175,245,310,319,-89,-43,2,1
12607,PLIN4,59,30,6,0,36,21,4,3,322,227,271,312,319,23,9,2,-3
344,ADGRG7,51,19,2,0,20,12,0,0,322,251,291,320,322,31,7,2,0
18681,WDR12,37,26,5,2,58,33,3,0,322,227,263,314,320,-21,-7,2,2
17037,TMC7,60,31,3,1,43,16,1,0,322,219,275,318,321,17,15,2,1
460,AHNAK2,49,26,4,0,67,34,2,0,322,206,262,316,322,-18,-8,2,0
3077,CHRNG,92,65,15,11,53,39,13,5,322,177,218,294,306,39,26,2,6
17348,TNFAIP6,59,45,7,1,54,44,5,2,322,209,233,310,319,5,1,2,-1
18507,VASH2,52,26,5,3,92,53,3,0,322,178,243,314,319,-40,-27,2,3
3078,CHST1,61,34,3,0,55,23,1,0,322,206,265,318,322,6,11,2,0
3079,CHST10,52,34,11,7,70,42,9,2,322,200,246,302,313,-18,-8,2,5
12441,PIP4K2A,70,32,5,0,60,31,3,0,322,192,259,314,322,10,1,2,0
5632,FCHO2,55,33,7,4,89,41,5,0,322,178,248,310,318,-34,-8,2,4
18717,WDR64,41,23,2,0,38,14,0,0,322,243,285,320,322,3,9,2,0
1053,ARMCX1,39,20,6,4,71,32,4,2,322,212,270,312,316,-32,-12,2,2
17361,TNFRSF13C,58,34,4,1,68,33,2,2,322,196,255,316,319,-10,1,2,-1
11673,OR6X1,13,13,4,0,9,9,2,0,322,300,300,316,322,4,4,2,0
12422,PIK3R1,70,42,8,3,76,43,6,1,322,176,237,308,318,-6,-1,2,2
11813,P2RX7,86,42,5,0,49,25,3,0,322,187,255,314,322,37,17,2,0
7308,HSD11B2,68,47,13,3,81,52,11,6,322,173,223,298,313,-13,-5,2,-3
5546,FBLN7,56,40,9,5,94,53,7,1,322,172,229,306,316,-38,-13,2,4
5165,ETNPPL,53,37,17,5,78,59,15,3,322,191,226,290,314,-25,-22,2,2
18468,USP9Y,43,18,2,1,27,13,0,0,322,252,291,320,321,16,5,2,1
17016,TM4SF4,55,45,9,5,29,25,7,2,322,238,252,306,315,26,20,2,3
6267,GIMAP4,16,13,3,0,17,12,1,0,322,289,297,318,322,-1,1,2,0
12406,PIGV,55,20,7,3,60,30,5,0,322,207,272,310,319,-5,-10,2,3
17383,TNFSF4,97,54,7,0,58,28,5,2,322,167,240,310,320,39,26,2,-2
3153,CLCA1,20,11,2,0,8,3,0,0,322,294,308,320,322,12,8,2,0
17017,TM4SF5,21,21,8,2,17,14,6,0,322,284,287,308,320,4,7,2,2
18729,WDR83OS,64,43,16,12,61,41,14,11,322,197,238,292,299,3,2,2,1
17382,TNFSF18,58,34,7,2,46,31,5,0,322,218,257,310,320,12,3,2,2
5164,ETNK2,56,39,11,1,76,48,9,1,322,190,235,302,320,-20,-9,2,0
10502,NAT9,64,34,7,4,66,34,5,2,322,192,254,310,316,-2,0,2,2
18470,UST,51,26,5,1,91,29,3,0,322,180,267,314,321,-40,-3,2,1
897,AQP12A,11,10,3,0,4,4,1,0,322,307,308,318,322,7,6,2,0
18471,UTF1,24,20,6,3,23,17,4,2,322,275,285,312,317,1,3,2,1
3887,CYB5B,52,28,5,2,57,29,3,0,322,213,265,314,320,-5,-1,2,2
7315,HSD17B2,69,30,5,0,59,23,3,0,322,194,269,314,322,10,7,2,0
17373,TNFRSF9,87,47,5,1,59,29,3,0,322,176,246,314,321,28,18,2,1
18476,UTP18,41,25,7,4,77,46,5,1,322,204,251,310,317,-36,-21,2,3
1067,ARNTL,76,45,7,3,61,42,5,2,322,185,235,310,317,15,3,2,1
18477,UTP20,41,24,3,0,66,37,1,0,322,215,261,318,322,-25,-13,2,0
5157,ETFA,48,31,8,3,72,32,6,3,322,202,259,308,316,-24,-1,2,0
903,AQP6,91,52,5,0,56,26,3,1,322,175,244,314,321,35,26,2,-1
18508,VASN,81,36,8,3,51,38,6,1,322,190,248,308,318,30,-2,2,2
10413,MYPOP,57,30,7,4,76,38,5,1,322,189,254,310,317,-19,-8,2,3
3085,CHST2,82,58,5,3,61,31,3,0,322,179,233,314,319,21,27,2,3
18683,WDR17,69,44,7,2,56,29,5,0,322,197,249,310,320,13,15,2,2
12595,PLEKHN1,60,35,3,0,95,56,1,0,322,167,231,318,322,-35,-21,2,0
17316,TMPRSS11E,19,14,2,0,26,12,0,0,322,277,296,320,322,-7,2,2,0
1051,ARMC8,45,26,5,4,88,47,3,0,322,189,249,314,318,-43,-21,2,4
5470,FAM83B,62,32,2,0,40,18,0,0,322,220,272,320,322,22,14,2,0
11690,OR8B4,14,11,4,2,13,11,2,0,322,295,300,316,320,1,0,2,2
18690,WDR27,66,33,8,3,53,28,6,3,322,203,261,308,316,13,5,2,0
17041,TMCC3,74,39,7,0,65,34,5,1,322,183,249,310,321,9,5,2,-1
6616,GPRASP1,86,45,3,1,44,19,1,1,322,192,258,318,320,42,26,2,0
17330,TMSB15B,54,28,9,3,98,63,7,1,322,170,231,306,318,-44,-35,2,2
3845,CWF19L1,49,29,4,3,65,35,2,0,322,208,258,316,319,-16,-6,2,3
17322,TMPRSS3,70,36,5,0,61,34,3,1,322,191,252,314,321,9,2,2,-1
12451,PIR,64,29,7,4,68,36,5,3,322,190,257,310,315,-4,-7,2,1
6488,GOT1L1,10,7,5,1,9,8,3,1,322,303,307,314,320,1,-1,2,0
10372,MYNN,63,28,8,3,56,37,6,1,322,203,257,308,318,7,-9,2,2
11689,OR8B3,13,8,3,0,16,9,1,0,322,293,305,318,322,-3,-1,2,0
7512,IFT46,56,29,8,3,63,33,6,1,322,203,260,308,318,-7,-4,2,2
11519,OR4F6,11,10,2,0,6,4,0,0,322,305,308,320,322,5,6,2,0
17313,TMPRSS11A,30,23,2,0,19,7,0,0,322,273,292,320,322,11,16,2,0
7344,HSPA14,46,27,8,3,77,43,6,3,322,199,252,308,316,-31,-16,2,0
5060,EPS15L1,61,32,6,4,54,33,4,3,322,207,257,312,315,7,-1,2,1
6484,GORASP2,31,21,7,3,76,47,5,0,322,215,254,310,319,-45,-26,2,3
11678,OR7C1,69,31,4,0,30,11,2,0,322,223,280,316,322,39,20,2,0
1043,ARMC10,53,31,6,2,44,22,4,1,322,225,269,312,319,9,9,2,1
14102,RNF125,78,35,3,0,52,19,2,0,322,192,268,317,322,26,16,1,0
8682,KRTAP25-1,3,3,3,1,2,2,2,0,322,317,317,317,321,1,1,1,1
15208,SLC25A16,60,39,12,4,100,56,11,4,322,162,227,299,314,-40,-17,1,0
8703,KRTAP5-11,7,7,1,0,9,9,0,0,322,306,306,321,322,-2,-2,1,0
18685,WDR19,71,41,10,4,67,31,9,2,322,184,250,303,316,4,10,1,2
9378,MAJIN,47,35,11,6,47,36,10,4,322,228,251,301,312,0,-1,1,2
19684,ZSWIM1,48,25,5,2,103,53,4,1,322,171,244,313,319,-55,-28,1,1
14163,RNF38,44,20,9,2,74,37,8,0,322,204,265,305,320,-30,-17,1,2
6504,GPATCH1,63,34,6,0,57,33,5,1,322,202,255,311,321,6,1,1,-1
9382,MAL2,68,38,9,3,65,28,8,1,322,189,256,305,318,3,10,1,2
9336,MAGEA10,82,55,4,2,45,24,3,0,322,195,243,315,320,37,31,1,2
5766,FKTN,33,17,6,2,91,39,5,0,322,198,266,311,320,-58,-22,1,2
18258,UBXN2B,71,35,6,2,60,28,5,0,322,191,259,311,320,11,7,1,2
14988,SHE,77,42,2,0,41,20,1,0,322,204,260,319,322,36,22,1,0
18702,WDR45,82,46,6,2,55,26,5,2,322,185,250,311,318,27,20,1,0
9294,LYZ,98,56,10,1,57,32,9,2,322,167,234,303,319,41,24,1,-1
4579,DSC2,49,22,3,0,46,22,2,0,322,227,278,317,322,3,0,1,0
6915,HABP2,24,13,2,0,20,11,1,0,322,278,298,319,322,4,2,1,0
6378,GML,16,16,4,0,14,14,3,2,322,292,292,315,320,2,2,1,-2
18243,UBQLNL,62,34,2,0,57,30,1,0,322,203,258,319,322,5,4,1,0
18624,VSTM2B,33,23,3,0,20,13,2,1,322,269,286,317,321,13,10,1,-1
5351,FAM170B,13,6,1,0,7,4,0,0,322,302,312,321,322,6,2,1,0
6545,GPR135,65,29,4,0,71,39,3,0,322,186,254,315,322,-6,-10,1,0
18113,TVP23A,67,45,3,1,55,23,2,0,322,200,254,317,321,12,22,1,1
9384,MALRD1,24,14,3,0,26,19,2,0,322,272,289,317,322,-2,-5,1,0
14970,SH3RF2,44,23,2,0,50,27,1,0,322,228,272,319,322,-6,-4,1,0
9348,MAGEB10,111,64,6,0,54,25,5,2,322,157,233,311,320,57,39,1,-2
8670,KRTAP2-4,13,11,3,0,7,7,2,0,322,302,304,317,322,6,4,1,0
6891,H3C3,55,43,25,13,81,55,24,5,322,186,224,273,304,-26,-12,1,8
19701,ZYG11B,38,24,4,2,89,36,3,0,322,195,262,315,320,-51,-12,1,2
14253,RPL30,54,34,9,7,40,18,8,3,322,228,270,305,312,14,16,1,4
5751,FKBP14,61,31,3,2,65,22,2,0,322,196,269,317,320,-4,9,1,2
9284,LYRM2,52,30,5,2,77,32,4,0,322,193,260,313,320,-25,-2,1,2
8667,KRTAP2-1,12,12,6,1,16,15,5,0,322,294,295,311,321,-4,-3,1,1
1895,C1QB,17,15,4,0,5,5,3,0,322,300,302,315,322,12,10,1,0
15110,SLC12A1,36,17,4,3,20,9,3,0,322,266,296,315,319,16,8,1,3
6370,GMCL1,61,33,3,1,75,29,2,0,322,186,260,317,321,-14,4,1,1
18163,UAP1,82,51,5,0,44,25,4,0,322,196,246,313,322,38,26,1,0
9287,LYRM9,64,47,13,2,111,79,12,7,322,147,196,297,313,-47,-32,1,-5
62,ABCD1,55,40,10,4,78,37,9,8,322,189,245,303,310,-23,3,1,-4
9288,LYSMD1,85,52,7,2,67,34,6,1,322,170,236,309,319,18,18,1,1
15120,SLC13A2,32,23,1,0,20,12,0,0,322,270,287,321,322,12,11,1,0
14249,RPL27A,52,37,10,8,43,18,9,5,322,227,267,303,309,9,19,1,3
8711,KRTAP5-9,59,52,9,0,72,54,8,0,322,191,216,305,322,-13,-2,1,0
19524,ZNF705G,19,11,1,0,15,8,0,0,322,288,303,321,322,4,3,1,0
15214,SLC25A21,50,28,5,2,55,35,4,2,322,217,259,313,318,-5,-7,1,0
18119,TWIST1,68,35,4,1,48,30,3,1,322,206,257,315,320,20,5,1,0
8717,KRTAP9-1,6,5,3,0,10,10,2,1,322,306,307,317,321,-4,-5,1,-1
9343,MAGEA6,30,23,5,3,44,24,4,4,322,248,275,313,315,-14,-1,1,-1
1949,C2orf50,75,36,4,1,35,22,3,0,322,212,264,315,321,40,14,1,1
18619,VSIG8,53,33,4,1,68,48,3,2,322,201,241,315,319,-15,-15,1,-1
8675,KRTAP21-1,4,4,4,1,3,3,3,0,322,315,315,315,321,1,1,1,1
14983,SHC3,39,26,10,7,54,37,9,3,322,229,259,303,312,-15,-11,1,4
561,ALG10B,57,37,4,1,76,38,3,0,322,189,247,315,321,-19,-1,1,1
14099,RNF121,48,26,7,3,58,36,6,1,322,216,260,309,318,-10,-10,1,2
18620,VSIR,101,60,2,0,31,15,1,0,322,190,247,319,322,70,45,1,0
18241,UBQLN3,22,14,3,0,25,12,2,1,322,275,296,317,321,-3,2,1,-1
4583,DSCC1,57,27,6,1,69,40,5,1,322,196,255,311,320,-12,-13,1,0
8746,LACRT,2,2,2,0,2,2,1,0,322,318,318,319,322,0,0,1,0
15171,SLC22A10,12,8,2,1,15,9,1,1,322,295,305,319,320,-3,-1,1,0
15033,SIGLEC14,69,40,4,0,63,33,3,0,322,190,249,315,322,6,7,1,0
4347,DLG3,37,16,5,2,86,38,4,1,322,199,268,313,319,-49,-22,1,1
15034,SIGLEC15,61,35,8,1,96,56,7,2,322,165,231,307,319,-35,-21,1,-1
390,ADSL,44,28,5,4,65,35,4,1,322,213,259,313,317,-21,-7,1,3
352,ADH1C,53,42,11,5,57,43,10,2,322,212,237,301,315,-4,-1,1,3
18212,UBE2QL1,33,20,1,1,35,16,0,0,322,254,286,321,321,-2,4,1,1
14203,RP1,27,7,1,0,18,7,0,0,322,277,308,321,322,9,0,1,0
5500,FAM9C,104,43,4,2,45,16,3,1,322,173,263,315,319,59,27,1,1
6901,H4C12,77,59,41,40,113,88,40,31,322,132,175,241,251,-36,-29,1,9
6863,H2BC15,55,28,5,3,103,56,4,0,322,164,238,313,319,-48,-28,1,3
15074,SIX3,76,41,2,0,41,18,1,0,322,205,263,319,322,35,23,1,0
337,ADGRF5,78,43,1,0,29,15,0,0,322,215,264,321,322,49,28,1,0
6529,GPIHBP1,31,13,2,0,46,23,1,0,322,245,286,319,322,-15,-10,1,0
15170,SLC22A1,102,61,15,4,89,60,14,2,322,131,201,293,316,13,1,1,2
5580,FBXO25,61,30,5,3,83,36,4,2,322,178,256,313,317,-22,-6,1,1
9357,MAGEB6B,9,9,2,1,11,10,1,1,322,302,303,319,320,-2,-1,1,0
5,A4GALT,51,33,3,0,92,60,2,1,322,179,229,317,321,-41,-27,1,-1
586,ALMS1,45,23,9,4,94,49,8,6,322,183,250,305,312,-49,-26,1,-2
1880,C1orf216,47,27,6,3,100,58,5,0,322,175,237,311,319,-53,-31,1,3
2,A2M,61,41,10,2,58,38,9,4,322,203,243,303,316,3,3,1,-2
14194,ROPN1,60,50,12,1,53,40,11,2,322,209,232,299,319,7,10,1,-1
5521,FARSB,33,22,4,1,62,31,3,0,322,227,269,315,321,-29,-9,1,1
8695,KRTAP4-4,7,7,1,0,8,8,0,0,322,307,307,321,322,-1,-1,1,0
14193,ROMO1,71,37,7,6,48,19,6,3,322,203,266,309,313,23,18,1,3
9354,MAGEB4,35,19,4,1,14,6,3,0,322,273,297,315,321,21,13,1,1
18202,UBE2J2,57,39,6,3,59,31,5,1,322,206,252,311,318,-2,8,1,2
5828,FOLR2,37,33,10,2,34,30,9,0,322,251,259,303,320,3,3,1,2
15064,SIRT2,68,40,5,4,46,18,4,3,322,208,264,313,315,22,22,1,1
8733,KY,52,29,1,0,25,9,0,0,322,245,284,321,322,27,20,1,0
9311,MACC1,66,33,3,0,65,27,2,0,322,191,262,317,322,1,6,1,0
15032,SIGLEC12,17,11,2,0,26,22,1,0,322,279,289,319,322,-9,-11,1,0
14228,RPL10L,36,34,10,0,35,29,9,3,322,251,259,303,319,1,5,1,-3
4326,DIS3,43,22,7,1,82,49,6,0,322,197,251,309,321,-39,-27,1,1
5328,FAM155A,29,13,1,0,59,15,0,0,322,234,294,321,322,-30,-2,1,0
15145,SLC17A1,18,13,1,0,5,5,0,0,322,299,304,321,322,13,8,1,0
308,ADCY3,53,29,9,5,92,56,8,2,322,177,237,305,315,-39,-27,1,3
18721,WDR73,41,18,6,4,76,43,5,1,322,205,261,311,317,-35,-25,1,3
14180,RNPC3,87,47,10,3,76,56,9,1,322,159,219,303,318,11,-9,1,2
4320,DIPK1C,30,20,3,1,32,21,2,1,322,260,281,317,320,-2,-1,1,0
628,AMN1,55,31,8,4,101,64,7,1,322,166,227,307,317,-46,-33,1,3
18757,WFS1,42,25,12,3,126,81,11,1,322,154,216,299,318,-84,-56,1,2
9366,MAGEE2,15,6,2,0,22,8,1,0,322,285,308,319,322,-7,-2,1,0
15000,SHISAL1,37,16,3,0,52,22,2,0,322,233,284,317,322,-15,-6,1,0
2379,CCDC186,55,26,5,0,60,21,4,0,322,207,275,313,322,-5,5,1,0
14226,RPL10,51,31,11,9,47,21,10,4,322,224,270,301,309,4,10,1,5
18628,VSX1,77,43,5,2,41,27,4,0,322,204,252,313,320,36,16,1,2
15004,SHLD1,75,44,8,5,57,34,7,2,322,190,244,307,315,18,10,1,3
1874,C1orf185,21,20,9,1,16,14,8,1,322,285,288,305,320,5,6,1,0
5356,FAM174A,48,29,7,2,85,52,6,0,322,189,241,309,320,-37,-23,1,2
15088,SKOR2,20,11,2,0,22,12,1,0,322,280,299,319,322,-2,-1,1,0
8763,LAMB3,97,49,5,2,62,36,4,0,322,163,237,313,320,35,13,1,2
15014,SHPRH,37,21,8,1,89,46,7,0,322,196,255,307,321,-52,-25,1,1
15148,SLC17A4,54,18,1,0,33,18,0,0,322,235,286,321,322,21,0,1,0
19487,ZNF668,69,41,11,5,93,56,10,4,322,160,225,301,313,-24,-15,1,1
596,ALPK1,59,30,6,1,76,32,5,1,322,187,260,311,320,-17,-2,1,0
2408,CCDC43,59,34,9,1,62,40,8,5,322,201,248,305,316,-3,-6,1,-4
15021,SI,8,6,2,0,4,2,1,1,322,310,314,319,321,4,4,1,-1
8722,KRTAP9-7,4,4,1,0,5,4,0,0,322,313,314,321,322,-1,0,1,0
6487,GOT1,47,28,6,3,61,35,5,0,322,214,259,311,319,-14,-7,1,3
8753,LAIR1,89,49,4,1,38,20,3,0,322,195,253,315,321,51,29,1,1
4592,DSPP,27,14,1,0,13,1,0,0,322,282,307,321,322,14,13,1,0
4602,DTNBP1,43,26,7,3,63,34,6,1,322,216,262,309,318,-20,-8,1,2
18645,VWC2L,15,12,3,2,24,13,2,2,322,283,297,317,318,-9,-1,1,0
1934,C22orf39,66,33,5,4,44,23,4,2,322,212,266,313,316,22,10,1,2
9205,LSM12,49,35,5,1,43,20,4,2,322,230,267,313,319,6,15,1,-1
9274,LYPD3,74,53,14,5,110,83,13,3,322,138,186,295,314,-36,-30,1,2
18272,UCN3,15,12,1,0,17,13,0,0,322,290,297,321,322,-2,-1,1,0
450,AGTRAP,54,27,10,7,77,41,9,8,322,191,254,303,307,-23,-14,1,-1
14696,SDR42E2,68,36,2,0,51,29,1,0,322,203,257,319,322,17,7,1,0
14695,SDR42E1,66,33,1,1,31,12,0,0,322,225,277,321,321,35,21,1,1
18520,VCL,44,20,8,6,96,45,7,1,322,182,257,307,315,-52,-25,1,5
14694,SDR39U1,46,27,12,6,69,33,11,5,322,207,262,299,311,-23,-6,1,1
14693,SDR16C5,45,24,1,1,24,10,0,0,322,253,288,321,321,21,14,1,1
18405,USP17L10,25,17,2,0,14,10,1,0,322,283,295,319,322,11,7,1,0
4500,DOCK8,70,42,8,2,64,36,7,1,322,188,244,307,319,6,6,1,1
2218,CARMIL1,39,26,7,4,82,48,6,0,322,201,248,309,318,-43,-22,1,4
14468,RYR3,61,33,10,8,42,18,9,5,322,219,271,303,309,19,15,1,3
6611,GPR85,84,46,6,2,76,42,5,0,322,162,234,311,320,8,4,1,2
5474,FAM83F,47,17,2,0,44,19,1,0,322,231,286,319,322,3,-2,1,0
5472,FAM83D,95,49,10,1,72,40,9,2,322,155,233,303,319,23,9,1,-1
8955,LIMK1,31,23,8,7,102,58,7,0,322,189,241,307,315,-71,-35,1,7
18411,USP17L18,9,7,3,1,13,11,2,0,322,300,304,317,321,-4,-4,1,1
18412,USP17L19,14,13,2,0,7,6,1,0,322,301,303,319,322,7,7,1,0
9107,LRR1,43,22,4,0,92,53,3,1,322,187,247,315,321,-49,-31,1,-1
18415,USP17L21,1,1,1,0,1,1,0,0,322,320,320,321,322,0,0,1,0
18417,USP17L23,9,9,8,1,10,9,7,5,322,303,304,307,316,-1,0,1,-4
15227,SLC25A33,57,36,3,2,40,15,2,1,322,225,271,317,319,17,21,1,1
18423,USP17L8,32,23,2,0,14,10,1,0,322,276,289,319,322,18,13,1,0
19656,ZPBP2,42,24,2,0,22,14,1,0,322,258,284,319,322,20,10,1,0
34,ABCA2,62,33,11,6,89,63,10,0,322,171,226,301,316,-27,-30,1,6
4440,DNAJC16,45,24,4,3,95,53,3,0,322,182,245,315,319,-50,-29,1,3
5913,FRMD8,68,35,8,4,81,45,7,1,322,173,242,307,317,-13,-10,1,3
8939,LILRA1,23,13,2,0,25,10,1,0,322,274,299,319,322,-2,3,1,0
36,ABCA4,45,22,3,0,46,23,2,0,322,231,277,317,322,-1,-1,1,0
508,AKIP1,56,30,6,3,58,36,5,1,322,208,256,311,318,-2,-6,1,2
9126,LRRC30,5,5,1,1,2,2,0,0,322,315,315,321,321,3,3,1,1
4514,DOP1B,51,27,6,3,118,60,5,2,322,153,235,311,317,-67,-33,1,1
18812,XAGE1B,20,15,9,4,19,16,8,6,322,283,291,305,312,1,-1,1,-2
8913,LGR5,91,50,5,0,42,22,4,0,322,189,250,313,322,49,28,1,0
8914,LGR6,46,28,4,0,68,38,3,0,322,208,256,315,322,-22,-10,1,0
8917,LHCGR,39,22,4,1,30,16,3,1,322,253,284,315,320,9,6,1,0
2081,CABP1,97,59,9,3,70,40,8,2,322,155,223,305,317,27,19,1,1
5916,FRMPD3,24,6,3,0,60,30,2,0,322,238,286,317,322,-36,-24,1,0
5425,FAM243A,15,12,6,4,15,14,5,4,322,292,296,311,314,0,-2,1,0
6601,GPR61,62,36,6,4,38,22,5,2,322,222,264,311,316,24,14,1,2
449,AGTR2,13,8,1,0,6,4,0,0,322,303,310,321,322,7,4,1,0
6690,GRK5,46,20,2,1,84,37,1,0,322,192,265,319,321,-38,-17,1,1
5429,FAM24A,27,22,7,2,12,12,6,1,322,283,288,309,319,15,10,1,1
2091,CACNA1B,42,17,4,1,41,19,3,1,322,239,286,315,320,1,-2,1,0
8933,LIAS,50,26,4,2,53,27,3,1,322,219,269,315,319,-3,-1,1,1
5555,FBXL13,82,40,7,2,78,45,6,1,322,162,237,309,319,4,-5,1,1
18536,VEGFC,81,50,3,1,52,27,2,0,322,189,245,317,321,29,23,1,1
14709,SEC14L6,83,44,3,1,42,22,2,0,322,197,256,317,321,41,22,1,1
18403,USP16,61,31,4,1,61,34,3,1,322,200,257,315,320,0,-3,1,0
4502,DOHH,57,29,8,1,62,36,7,4,322,203,257,307,317,-5,-7,1,-3
2099,CACNA1S,16,8,2,0,12,8,1,0,322,294,306,319,322,4,0,1,0
8973,LINC02203,4,3,1,0,13,4,0,0,322,305,315,321,322,-9,-1,1,0
2122,CADM3,27,13,2,1,29,18,1,0,322,266,291,319,321,-2,-5,1,1
6675,GRIN1,51,27,2,0,35,18,1,1,322,236,277,319,321,16,9,1,-1
14592,SCCPDH,47,26,7,2,68,35,6,0,322,207,261,309,320,-21,-9,1,2
482,AJUBA,74,45,10,4,70,40,9,2,322,178,237,303,316,4,5,1,2
18480,UTP3,61,33,4,1,70,32,3,0,322,191,257,315,321,-9,1,1,1
18453,USP45,83,40,8,3,54,31,7,0,322,185,251,307,319,29,9,1,3
6642,GRAMD1B,78,47,7,0,71,42,6,1,322,173,233,309,321,7,5,1,-1
2176,CAND2,76,49,13,5,91,61,12,4,322,155,212,297,313,-15,-12,1,1
6659,GRHL2,27,15,2,1,30,15,1,1,322,265,292,319,320,-3,0,1,0
14595,SCEL,31,13,1,0,34,14,0,0,322,257,295,321,322,-3,-1,1,0
18799,WT1,59,33,5,3,66,39,4,0,322,197,250,313,319,-7,-6,1,3
9070,LRATD1,91,54,6,1,55,36,5,0,322,176,232,311,321,36,18,1,1
14548,SART3,53,27,8,5,69,38,7,1,322,200,257,307,316,-16,-11,1,4
4468,DNASE1L3,90,56,8,2,68,40,7,2,322,164,226,307,318,22,16,1,0
18442,USP35,48,26,7,3,95,59,6,0,322,179,237,309,319,-47,-33,1,3
14591,SCART1,56,29,4,0,60,25,3,1,322,206,268,315,321,-4,4,1,-1
2165,CAMKK2,35,21,7,1,118,69,6,2,322,169,232,309,319,-83,-48,1,-1
19615,ZNF839,51,31,9,2,81,45,8,0,322,190,246,305,320,-30,-14,1,2
9015,LMLN2,60,39,5,2,37,21,4,1,322,225,262,313,319,23,18,1,1
476,AIMP2,44,26,7,3,77,49,6,1,322,201,247,309,318,-33,-23,1,2
475,AIMP1,59,34,5,2,50,28,4,1,322,213,260,313,319,9,6,1,1
327,ADGRD1,47,24,4,0,67,36,3,2,322,208,262,315,320,-20,-12,1,-2
9037,LNX2,60,35,2,0,46,21,1,0,322,216,266,319,322,14,14,1,0
4479,DNMBP,47,23,5,1,91,58,4,0,322,184,241,313,321,-44,-35,1,1
9022,LMO2,56,40,8,3,72,49,7,1,322,194,233,307,318,-16,-9,1,2
8998,LKAAEAR1,46,39,13,5,51,39,12,5,322,225,244,297,312,-5,0,1,0
6423,GNL2,60,29,5,1,53,28,4,1,322,209,265,313,320,7,1,1,0
8978,LINGO3,50,30,13,7,61,44,12,7,322,211,248,297,308,-11,-14,1,0
466,AICDA,92,57,7,0,55,32,6,0,322,175,233,309,322,37,25,1,0
2201,CAPS2,78,45,7,2,91,59,6,0,322,153,218,309,320,-13,-14,1,2
14497,SAA2,98,66,15,7,70,51,14,2,322,154,205,293,313,28,15,1,5
8980,LINS1,51,32,6,3,84,46,5,0,322,187,244,311,319,-33,-14,1,3
14638,SCNN1B,47,29,5,2,36,20,4,0,322,239,273,313,320,11,9,1,2
19655,ZPBP,13,10,5,1,10,7,4,2,322,299,305,313,319,3,3,1,-1
14501,SAC3D1,43,26,8,2,100,48,7,2,322,179,248,307,318,-57,-22,1,0
8987,LIPI,25,21,4,0,22,18,3,2,322,275,283,315,320,3,3,1,-2
5801,FMO5,70,41,7,3,92,64,6,1,322,160,217,309,318,-22,-23,1,2
14625,SCN1B,65,36,4,2,50,27,3,1,322,207,259,315,319,15,9,1,1
4448,DNAJC25,48,21,5,0,62,39,4,0,322,212,262,313,322,-14,-18,1,0
14623,SCN11A,74,37,3,0,39,12,2,0,322,209,273,317,322,35,25,1,0
6668,GRID2IP,42,24,3,0,78,43,2,0,322,202,255,317,322,-36,-19,1,0
469,AIF1L,57,30,10,7,76,49,9,1,322,189,243,303,314,-19,-19,1,6
31,ABCA10,79,39,6,0,48,24,5,2,322,195,259,311,320,31,15,1,-2
5864,FOXL1,55,37,6,0,75,57,5,0,322,192,228,311,322,-20,-20,1,0
14519,SAMD15,81,45,5,1,72,42,4,0,322,169,235,313,321,9,3,1,1
6672,GRIK3,24,11,3,3,16,8,2,1,322,282,303,317,318,8,3,1,2
6670,GRIK1,33,17,5,2,35,21,4,2,322,254,284,313,318,-2,-4,1,0
19626,ZNF860,72,35,3,1,61,29,2,0,322,189,258,317,321,11,6,1,1
329,ADGRE1,51,28,1,0,60,25,0,0,322,211,269,321,322,-9,3,1,0
14617,SCLY,65,37,5,3,58,27,4,1,322,199,258,313,318,7,10,1,2
20,AARD,77,38,4,1,65,25,3,0,322,180,259,315,321,12,13,1,1
4518,DPEP1,61,47,10,2,33,20,9,1,322,228,255,303,319,28,27,1,1
6600,GPR6,26,17,1,0,6,4,0,0,322,290,301,321,322,20,13,1,0
9135,LRRC38,43,18,3,1,40,23,2,1,322,239,281,317,320,3,-5,1,0
18587,VPS33A,60,31,7,2,61,32,6,0,322,201,259,309,320,-1,-1,1,2
14896,SFRP4,53,39,6,2,41,28,5,0,322,228,255,311,320,12,11,1,2
18300,UGT2B10,29,18,1,0,18,15,0,0,322,275,289,321,322,11,3,1,0
6560,GPR153,44,28,9,4,91,61,8,4,322,187,233,305,314,-47,-33,1,0
6565,GPR160,64,40,15,6,65,36,14,10,322,193,246,293,306,-1,4,1,-4
13,AADAT,49,29,3,0,60,27,2,2,322,213,266,317,320,-11,2,1,-2
4407,DNAH3,52,25,1,0,15,5,0,0,322,255,292,321,322,37,20,1,0
18306,UGT2B7,63,50,9,1,57,45,8,2,322,202,227,305,319,6,5,1,-1
6571,GPR174,59,35,3,0,34,21,2,0,322,229,266,317,322,25,14,1,0
1998,C5orf22,48,25,8,1,63,40,7,0,322,211,257,307,321,-15,-15,1,1
14344,RPUSD1,47,25,9,4,90,51,8,2,322,185,246,305,316,-43,-26,1,2
6574,GPR18,39,30,7,3,42,28,6,4,322,241,264,309,315,-3,2,1,-1
5931,FSD1L,77,39,8,4,87,50,7,0,322,158,233,307,318,-10,-11,1,4
18584,VPS26C,55,29,5,3,42,20,4,2,322,225,273,313,317,13,9,1,1
419,AGBL1,32,10,1,0,21,8,0,0,322,269,304,321,322,11,2,1,0
8828,LCE5A,12,12,3,1,18,15,2,0,322,292,295,317,321,-6,-3,1,1
18313,UHRF1BP1L,49,25,7,5,88,47,6,0,322,185,250,309,317,-39,-22,1,5
6765,GTF2H4,55,31,9,5,66,44,8,4,322,201,247,305,313,-11,-13,1,1
6575,GPR180,54,28,5,2,62,26,4,0,322,206,268,313,320,-8,2,1,2
4552,DPYD,53,21,6,1,65,31,5,0,322,204,270,311,321,-12,-10,1,1
5534,FATE1,16,15,4,0,15,15,3,0,322,291,292,315,322,1,0,1,0
4550,DPY19L4,52,28,6,4,86,40,5,0,322,184,254,311,318,-34,-12,1,4
6763,GTF2H2C,48,23,5,4,84,53,4,0,322,190,246,313,318,-36,-30,1,4
14330,RPS6KA3,52,25,5,0,63,29,4,1,322,207,268,313,321,-11,-4,1,-1
12,AADACL4,31,15,2,0,11,3,1,0,322,280,304,319,322,20,12,1,0
2009,C6orf118,50,20,3,0,58,26,2,0,322,214,276,317,322,-8,-6,1,0
18610,VRK2,55,30,3,0,63,39,2,2,322,204,253,317,320,-8,-9,1,-2
1968,C3orf33,74,43,8,4,72,44,7,1,322,176,235,307,317,2,-1,1,3
9271,LYNX1-SLURP2,34,24,7,3,30,25,6,2,322,258,273,309,317,4,-1,1,1
6552,GPR143,57,39,12,0,72,42,11,3,322,193,241,299,319,-15,-3,1,-3
9262,LY86,20,15,4,1,14,11,3,1,322,288,296,315,320,6,4,1,0
2330,CCDC125,58,34,3,1,53,22,2,0,322,211,266,317,321,5,12,1,1
8799,LATS2,84,45,6,1,54,26,5,0,322,184,251,311,321,30,19,1,1
2325,CCDC12,47,34,11,6,116,62,10,0,322,159,226,301,316,-69,-28,1,6
40,ABCA8,44,26,5,1,65,32,4,2,322,213,264,313,319,-21,-6,1,-1
5390,FAM20C,43,23,5,2,110,57,4,0,322,169,242,313,320,-67,-34,1,2
19547,ZNF732,55,23,5,0,59,29,4,0,322,208,270,313,322,-4,-6,1,0
14927,SGO2,59,32,5,0,84,39,4,2,322,179,251,313,320,-25,-7,1,-2
5935,FSIP1,103,70,22,10,83,54,21,11,322,136,198,279,301,20,16,1,-1
534,ALAS2,40,28,8,4,38,28,7,2,322,244,266,307,316,2,0,1,2
5392,FAM210B,44,23,5,3,83,53,4,2,322,195,246,313,317,-39,-30,1,1
2321,CCDC114,87,56,8,2,59,33,7,2,322,176,233,307,318,28,23,1,0
5817,FNDC5,73,46,15,7,79,57,14,5,322,170,219,293,310,-6,-11,1,2
2299,CBX6,44,26,7,3,89,53,6,2,322,189,243,309,317,-45,-27,1,1
14907,SFTPD,30,28,3,1,38,23,2,0,322,254,271,317,321,-8,5,1,1
1983,C4orf19,71,47,6,3,48,29,5,2,322,203,246,311,317,23,18,1,1
18605,VPS54,47,27,3,2,76,38,2,0,322,199,257,317,320,-29,-11,1,2
19674,ZSCAN26,78,35,7,3,60,40,6,1,322,184,247,309,318,18,-5,1,2
409,AFP,51,20,2,0,44,25,1,0,322,227,277,319,322,7,-5,1,0
2276,CBLC,36,28,4,0,43,32,3,2,322,243,262,315,320,-7,-4,1,-2
6589,GPR34,40,35,8,3,33,24,7,5,322,249,263,307,314,7,11,1,-2
8895,LGALS16,8,8,3,1,6,6,2,0,322,308,308,317,321,2,2,1,1
6595,GPR42,15,13,1,0,10,9,0,0,322,297,300,321,322,5,4,1,0
6445,GOLGA6C,31,24,7,0,36,24,6,2,322,255,274,309,320,-5,0,1,-2
18349,UPB1,96,54,4,0,47,24,3,0,322,179,244,315,322,49,30,1,0
2049,C9orf16,56,32,13,9,63,40,12,10,322,203,250,297,303,-7,-8,1,-1
18356,UPK2,55,47,8,3,50,33,7,0,322,217,242,307,319,5,14,1,3
2241,CASP8,50,30,8,3,81,40,7,0,322,191,252,307,319,-31,-10,1,3
2053,C9orf50,66,51,10,1,55,42,9,0,322,201,229,303,321,11,9,1,1
14789,SEPTIN10,68,37,5,3,59,35,4,2,322,195,250,313,317,9,2,1,1
4433,DNAJC1,64,30,3,2,49,24,2,1,322,209,268,317,319,15,6,1,1
8872,LELP1,2,2,2,1,2,2,1,0,322,318,318,319,321,0,0,1,1
512,AKNAD1,90,49,5,3,56,23,4,1,322,176,250,313,318,34,26,1,2
19567,ZNF77,59,29,4,3,78,39,3,0,322,185,254,315,319,-19,-10,1,3
14386,RSPH3,69,37,2,1,45,18,1,0,322,208,267,319,321,24,19,1,1
4434,DNAJC10,46,21,5,3,60,33,4,1,322,216,268,313,318,-14,-12,1,2
14423,RTN4R,58,40,8,1,133,73,7,2,322,131,209,307,319,-75,-33,1,-1
18367,UQCR10,61,36,10,7,50,26,9,3,322,211,260,303,312,11,10,1,4
14427,RTP2,24,23,2,0,16,13,1,0,322,282,286,319,322,8,10,1,0
6718,GSDME,68,48,7,3,77,47,6,2,322,177,227,309,317,-9,1,1,1
440,AGPAT5,38,21,7,6,103,69,6,0,322,181,232,309,316,-65,-48,1,6
38,ABCA6,43,25,3,0,42,20,2,1,322,237,277,317,321,1,5,1,-1
4525,DPH1,45,27,7,3,96,48,6,0,322,181,247,309,319,-51,-21,1,3
2060,CA10,23,9,2,0,21,9,1,1,322,278,304,319,321,2,0,1,-1
14434,RUBCNL,49,28,5,2,69,32,4,0,322,204,262,313,320,-20,-4,1,2
4533,DPM3,62,38,11,7,59,33,10,5,322,201,251,301,310,3,5,1,2
18557,VIT,49,33,9,1,55,30,8,0,322,218,259,305,321,-6,3,1,1
8845,LCP1,62,37,6,1,72,44,5,1,322,188,241,311,320,-10,-7,1,0
14829,SERPINB13,22,10,3,1,23,9,2,0,322,277,303,317,321,-1,1,1,1
19666,ZSCAN16,66,45,11,4,78,50,10,3,322,178,227,301,315,-12,-5,1,1
9182,LRRIQ3,114,78,11,2,70,50,10,4,322,138,194,301,316,44,28,1,-2
8846,LCP2,35,16,3,1,27,17,2,2,322,260,289,317,319,8,-1,1,-1
2015,C6orf163,72,43,7,3,80,47,6,1,322,170,232,309,318,-8,-4,1,2
19562,ZNF763,83,50,8,1,79,50,7,3,322,160,222,307,318,4,0,1,-2
6762,GTF2H2,66,35,6,2,80,49,5,1,322,176,238,311,319,-14,-14,1,1
19563,ZNF764,57,35,6,3,101,58,5,0,322,164,229,311,319,-44,-23,1,3
5399,FAM219A,31,19,7,7,127,69,6,1,322,164,234,309,314,-96,-50,1,6
2024,C7orf26,69,44,14,9,58,37,13,2,322,195,241,295,311,11,7,1,7
18560,VLDLR,63,37,7,2,104,58,6,0,322,155,227,309,320,-41,-21,1,2
14827,SERPINB11,32,23,3,1,42,28,2,0,322,248,271,317,321,-10,-5,1,1
6735,GSTA5,18,16,2,1,4,2,1,0,322,300,304,319,321,14,14,1,1
14815,SERPINA1,47,31,11,0,41,30,10,3,322,234,261,301,319,6,1,1,-3
2030,C8A,24,10,2,0,11,5,1,0,322,287,307,319,322,13,5,1,0
18824,XIRP2,31,11,1,1,25,13,0,0,322,266,298,321,321,6,-2,1,1
19665,ZSCAN12,53,29,6,1,57,38,5,0,322,212,255,311,321,-4,-9,1,1
9177,LRRCC1,55,21,3,2,64,36,2,0,322,203,265,317,320,-9,-15,1,2
520,AKR1C4,21,18,2,0,29,18,1,0,322,272,286,319,322,-8,0,1,0
5557,FBXL15,60,34,9,5,107,66,8,0,322,155,222,305,317,-47,-32,1,5
18341,UNC79,92,40,2,0,23,8,1,0,322,207,274,319,322,69,32,1,0
18342,UNC80,45,20,2,0,20,7,1,0,322,257,295,319,322,25,13,1,0
429,AGL,36,18,6,2,96,53,5,0,322,190,251,311,320,-60,-35,1,2
6680,GRIN3A,18,11,6,1,12,9,5,2,322,292,302,311,319,6,2,1,-1
7531,IGFALS,75,47,13,3,64,38,12,2,322,183,237,297,317,11,9,1,1
640,AMY1C,5,5,1,0,4,2,0,0,322,313,315,321,322,1,3,1,0
7851,IL9,3,3,2,1,2,2,1,0,322,317,317,319,321,1,1,1,1
7860,ILVBL,36,23,10,4,95,57,9,1,322,191,242,303,317,-59,-34,1,3
16401,SYT13,65,34,2,0,43,23,1,1,322,214,265,319,321,22,11,1,-1
6245,GGT6,90,55,6,1,55,28,5,2,322,177,239,311,319,35,27,1,-1
16402,SYT14,72,32,4,2,38,16,3,1,322,212,274,315,319,34,16,1,1
924,ARFGAP3,46,30,6,5,85,47,5,2,322,191,245,311,315,-39,-17,1,3
5147,ESS2,63,33,8,3,75,45,7,2,322,184,244,307,317,-12,-12,1,1
16422,TAAR1,14,14,1,0,8,5,0,0,322,300,303,321,322,6,9,1,0
7334,HSFX4,30,24,8,6,36,29,7,4,322,256,269,307,312,-6,-5,1,2
16423,TAAR2,8,6,1,0,7,5,0,0,322,307,311,321,322,1,1,1,0
16425,TAAR6,9,9,2,1,9,8,1,0,322,304,305,319,321,0,1,1,1
16426,TAAR8,11,10,1,0,2,2,0,0,322,309,310,321,322,9,8,1,0
1317,ATPAF2,48,31,11,4,100,46,10,7,322,174,245,301,311,-52,-15,1,-3
17315,TMPRSS11D,39,17,2,1,21,6,1,1,322,262,299,319,320,18,11,1,0
4960,EMP1,82,53,12,4,77,46,11,5,322,163,223,299,313,5,7,1,-1
1337,AUH,56,29,8,3,76,49,7,1,322,190,244,307,318,-20,-20,1,2
7330,HSF5,46,21,1,0,28,12,0,0,322,248,289,321,322,18,9,1,0
907,AQR,67,31,5,2,50,29,4,1,322,205,262,313,319,17,2,1,1
6145,GBP4,88,49,4,0,40,13,3,0,322,194,260,315,322,48,36,1,0
16346,SWAP70,44,27,4,1,56,35,3,2,322,222,260,315,319,-12,-8,1,-1
16358,SYCP2,92,57,14,3,67,42,13,4,322,163,223,295,315,25,15,1,-1
1350,AVPR1A,83,40,3,1,32,16,2,1,322,207,266,317,320,51,24,1,0
7888,INHBC,69,31,2,0,68,39,1,0,322,185,252,319,322,1,-8,1,0
7320,HSD17B8,64,43,13,9,85,41,12,2,322,173,238,297,311,-21,2,1,7
229,ACTR6,69,40,7,1,55,29,6,0,322,198,253,309,321,14,11,1,1
17352,TNFAIP8L3,75,35,5,2,57,30,4,1,322,190,257,313,319,18,5,1,1
5151,ESYT3,57,28,4,0,64,40,3,1,322,201,254,315,321,-7,-12,1,-1
1345,AVEN,65,44,4,1,62,24,3,0,322,195,254,315,321,3,20,1,1
5154,ETDB,15,14,10,2,12,11,9,3,322,295,297,303,317,3,3,1,-1
6147,GBP6,79,37,1,1,43,10,0,0,322,200,275,321,321,36,27,1,1
16383,SYNJ2,38,18,5,1,65,36,4,3,322,219,268,313,318,-27,-18,1,-2
17350,TNFAIP8L1,43,23,8,1,74,37,7,0,322,205,262,307,321,-31,-14,1,1
7324,HSDL1,42,27,9,4,115,52,8,1,322,165,243,305,317,-73,-25,1,3
5135,ESF1,47,26,5,2,94,48,4,1,322,181,248,313,319,-47,-22,1,1
16438,TACR1,58,33,3,1,45,25,2,0,322,219,264,317,321,13,8,1,1
5133,ESCO2,66,30,5,2,74,38,4,1,322,182,254,313,319,-8,-8,1,1
5643,FCRL5,25,14,2,0,11,5,1,0,322,286,303,319,322,14,9,1,0
17268,TMEM63A,62,35,11,5,68,39,10,1,322,192,248,301,316,-6,-4,1,4
1295,ATP6V1C2,82,51,10,5,55,32,9,7,322,185,239,303,310,27,19,1,-2
17262,TMEM54,63,36,7,3,56,26,6,2,322,203,260,309,317,7,10,1,1
1293,ATP6V1B2,50,29,6,3,66,36,5,3,322,206,257,311,316,-16,-7,1,0
4989,ENPP1,50,25,5,0,72,34,4,0,322,200,263,313,322,-22,-9,1,0
7381,HTR2A,50,25,7,5,36,22,6,3,322,236,275,309,314,14,3,1,2
19217,ZNF266,85,47,4,1,54,29,3,0,322,183,246,315,321,31,18,1,1
4969,ENAM,79,48,13,4,33,20,12,3,322,210,254,297,315,46,28,1,1
16522,TAS2R14,76,39,6,4,76,49,5,1,322,170,234,311,317,0,-10,1,3
4994,ENPP6,75,37,2,0,51,23,1,0,322,196,262,319,322,24,14,1,0
7390,HTR5A,22,9,1,0,16,5,0,0,322,284,308,321,322,6,4,1,0
953,ARHGAP28,60,26,5,2,66,28,4,1,322,196,268,313,319,-6,-2,1,1
1265,ATP5IF1,47,28,6,5,57,23,5,2,322,218,271,311,315,-10,5,1,3
4998,ENTPD1,78,39,2,1,25,9,1,0,322,219,274,319,321,53,30,1,1
17275,TMEM69,50,35,5,2,79,40,4,1,322,193,247,313,319,-29,-5,1,1
16483,TAFA2,99,67,18,2,75,52,17,3,322,148,203,287,317,24,15,1,-1
17278,TMEM72,24,19,3,0,29,17,2,1,322,269,286,317,321,-5,2,1,-1
7819,IL23A,105,71,18,7,81,52,17,8,322,136,199,287,307,24,19,1,-1
6231,GFY,64,34,7,4,64,25,6,2,322,194,263,309,316,0,9,1,2
17280,TMEM74B,64,47,10,3,64,34,9,3,322,194,241,303,316,0,13,1,0
19222,ZNF275,55,35,5,1,45,18,4,2,322,222,269,313,319,10,17,1,-1
944,ARHGAP19-SLIT1,51,46,23,9,43,36,22,12,322,228,240,277,301,8,10,1,-3
4978,ENKD1,69,33,8,5,60,35,7,3,322,193,254,307,314,9,-2,1,2
7829,IL3,17,15,4,0,18,17,3,2,322,287,290,315,320,-1,-2,1,-2
4975,ENG,60,35,4,0,58,32,3,0,322,204,255,315,322,2,3,1,0
19064,ZFP90,69,44,18,12,105,69,17,6,322,148,209,287,304,-36,-25,1,6
17287,TMEM87A,46,25,7,3,83,37,6,1,322,193,260,309,318,-37,-12,1,2
5124,ERVFRD-1,37,18,7,5,35,16,6,6,322,250,288,309,311,2,2,1,-1
5636,FCN1,78,40,3,0,27,9,2,0,322,217,273,317,322,51,31,1,0
4971,ENDOD1,44,26,9,2,109,50,8,2,322,169,246,305,318,-65,-24,1,0
931,ARG1,47,41,10,3,41,33,9,4,322,234,248,303,315,6,8,1,-1
16343,SVIP,38,25,4,1,66,23,3,0,322,218,274,315,321,-28,2,1,1
7914,INSC,95,53,4,1,59,27,3,0,322,168,242,315,321,36,26,1,1
307,ADCY2,71,42,9,2,43,24,8,2,322,208,256,305,318,28,18,1,0
1442,BBC3,68,37,12,6,110,73,11,5,322,144,212,299,311,-42,-36,1,1
16147,STAP1,34,25,5,1,39,21,4,1,322,249,276,313,320,-5,4,1,0
8068,ITGBL1,44,22,1,0,64,32,0,0,322,214,268,321,322,-20,-10,1,0
7255,HOXD4,48,35,7,1,45,32,6,2,322,229,255,309,319,3,3,1,-1
1443,BBIP1,63,39,10,2,68,41,9,5,322,191,242,303,315,-5,-2,1,-3
17461,TP53,68,55,28,15,105,71,27,12,322,149,196,267,295,-37,-16,1,3
16179,STIL,53,20,4,0,63,37,3,0,322,206,265,315,322,-10,-17,1,0
7268,HPN,67,43,10,0,60,44,9,1,322,195,235,303,321,7,-1,1,-1
19330,ZNF454,104,60,6,3,68,39,5,2,322,150,223,311,317,36,21,1,1
1438,BAZ1A,70,35,4,2,76,35,3,0,322,176,252,315,320,-6,0,1,2
4881,EIF5A2,58,31,5,1,68,26,4,2,322,196,265,313,319,-10,5,1,-1
16197,STK31,68,39,3,0,64,31,2,0,322,190,252,317,322,4,8,1,0
5705,FGF7,90,65,14,3,87,53,13,3,322,145,204,295,316,3,12,1,0
17443,TOP2A,39,27,10,5,84,49,9,4,322,199,246,303,313,-45,-22,1,1
4889,ELAPOR1,79,44,4,2,47,25,3,1,322,196,253,315,319,32,19,1,1
17497,TPM4,34,21,7,4,62,31,6,1,322,226,270,309,317,-28,-10,1,3
7246,HOXC6,91,44,12,4,73,40,11,6,322,158,238,299,312,18,4,1,-2
4934,ELSPBP1,35,27,9,1,21,18,8,2,322,266,277,305,319,14,9,1,-1
4853,EIF3D,42,27,9,5,61,32,8,3,322,219,263,305,314,-19,-5,1,2
8115,JAKMIP1,45,24,7,1,50,26,6,2,322,227,272,309,319,-5,-2,1,-1
4847,EIF2S3,43,29,7,4,49,29,6,1,322,230,264,309,317,-6,0,1,3
824,AP5S1,43,26,3,3,81,45,2,1,322,198,251,317,318,-38,-19,1,2
115,ABTB1,57,34,10,3,100,58,9,3,322,165,230,303,316,-43,-24,1,0
17525,TRABD,44,25,7,2,77,41,6,1,322,201,256,309,319,-33,-16,1,1
19011,ZDHHC13,51,26,6,3,59,33,5,0,322,212,263,311,319,-8,-7,1,3
4856,EIF3G,56,27,5,1,36,16,4,3,322,230,279,313,318,20,11,1,-2
19012,ZDHHC14,61,35,8,3,91,59,7,1,322,170,228,307,318,-30,-24,1,2
1468,BCDIN3D,64,41,7,1,60,41,6,2,322,198,240,309,319,4,0,1,-1
16122,ST6GALNAC2,54,42,14,5,72,52,13,6,322,196,228,295,311,-18,-10,1,-1
16125,ST6GALNAC5,67,35,7,7,68,45,6,1,322,187,242,309,314,-1,-10,1,6
5189,EVX2,29,14,1,0,30,17,0,0,322,263,291,321,322,-1,-3,1,0
17510,TPRN,53,28,6,4,104,63,5,0,322,165,231,311,318,-51,-35,1,4
838,APCS,7,7,1,1,5,5,0,0,322,310,310,321,321,2,2,1,1
17440,TONSL,43,20,4,1,69,44,3,0,322,210,258,315,321,-26,-24,1,1
4890,ELAPOR2,55,40,11,1,84,43,10,1,322,183,239,301,320,-29,-3,1,0
8016,IRX6,41,15,1,1,56,30,0,0,322,225,277,321,321,-15,-15,1,1
6126,GATA6,70,38,6,0,62,37,5,2,322,190,247,311,320,8,1,1,-2
16294,SULT1B1,82,45,5,1,42,23,4,1,322,198,254,313,320,40,22,1,0
7958,IPPK,55,27,7,0,65,33,6,0,322,202,262,309,322,-10,-6,1,0
16298,SULT1E1,67,43,5,1,44,30,4,0,322,211,249,313,321,23,13,1,1
5692,FGF16,22,17,1,0,19,12,0,0,322,281,293,321,322,3,5,1,0
4924,ELOVL4,63,33,5,1,45,27,4,0,322,214,262,313,321,18,6,1,1
19271,ZNF350,59,36,7,2,95,48,6,2,322,168,238,309,318,-36,-12,1,0
16310,SUN2,36,24,10,6,100,60,9,1,322,186,238,303,315,-64,-36,1,5
16218,STOML1,56,32,7,4,84,37,6,0,322,182,253,309,318,-28,-5,1,4
6257,GHRHR,30,26,3,0,19,17,2,1,322,273,279,317,321,11,9,1,-1
17369,TNFRSF25,88,61,9,2,64,48,8,1,322,170,213,305,319,24,13,1,1
6132,GATD1,46,23,4,3,60,33,3,1,322,216,266,315,318,-14,-10,1,2
1368,B3GALT2,50,33,10,4,40,24,9,5,322,232,265,303,313,10,9,1,-1
4931,ELP4,83,49,4,2,59,25,3,1,322,180,248,315,319,24,24,1,1
5156,ETF1,52,31,4,3,56,18,3,0,322,214,273,315,319,-4,13,1,3
1384,B3GNT9,80,45,7,1,75,42,6,1,322,167,235,309,320,5,3,1,0
1385,B3GNTL1,59,29,6,2,63,43,5,2,322,200,250,311,318,-4,-14,1,0
16285,SUGP1,46,26,9,4,78,46,8,3,322,198,250,305,315,-32,-20,1,1
6270,GIMAP7,18,17,1,0,13,12,0,0,322,291,293,321,322,5,5,1,0
17399,TNNI1,76,39,5,1,32,13,4,0,322,214,270,313,321,44,26,1,1
16271,STXBP6,91,46,4,1,51,28,3,0,322,180,248,315,321,40,18,1,1
881,APOL4,72,36,6,2,66,35,5,1,322,184,251,311,319,6,1,1,1
868,APOBR,65,25,3,1,62,27,2,0,322,195,270,317,321,3,-2,1,1
867,APOBEC4,42,23,7,2,29,16,6,4,322,251,283,309,316,13,7,1,-2
16259,STX3,64,30,4,2,50,28,3,0,322,208,264,315,320,14,2,1,2
6113,GAS2L2,41,25,4,1,35,22,3,1,322,246,275,315,320,6,3,1,0
865,APOBEC3G,55,32,6,3,81,48,5,2,322,186,242,311,317,-26,-16,1,1
4898,ELF4,38,20,4,1,53,24,3,1,322,231,278,315,320,-15,-4,1,0
1410,BAG2,65,34,3,1,48,22,2,0,322,209,266,317,321,17,12,1,1
16227,STPG2,107,62,4,0,61,30,3,0,322,154,230,315,322,46,32,1,0
1418,BAIAP2L1,53,25,7,1,67,29,6,2,322,202,268,309,319,-14,-4,1,-1
16221,STON1,82,44,3,0,49,20,2,0,322,191,258,317,322,33,24,1,0
7773,IL12A,74,51,10,1,83,46,9,3,322,165,225,303,318,-9,5,1,-2
16554,TBATA,14,10,3,0,20,9,2,0,322,288,303,317,322,-6,1,1,0
7770,IL10RB,52,32,4,2,61,30,3,1,322,209,260,315,319,-9,2,1,1
19156,ZNF160,76,39,6,2,61,41,5,1,322,185,242,311,319,15,-2,1,1
1026,ARL2BP,41,25,6,3,66,28,5,0,322,215,269,311,319,-25,-3,1,3
16843,TGFBR3,47,28,4,1,76,27,3,0,322,199,267,315,321,-29,1,1,1
1030,ARL4D,59,36,11,6,99,57,10,7,322,164,229,301,309,-40,-21,1,-1
7616,IGHV3-72,7,6,5,5,6,5,4,3,322,309,311,313,314,1,1,1,2
169,ACOT9,38,24,6,3,47,21,5,2,322,237,277,311,317,-9,3,1,1
1140,ASDURF,84,67,53,44,92,80,52,45,322,146,175,217,233,-8,-13,1,-1
5063,EPS8L2,54,29,4,1,89,41,3,0,322,179,252,315,321,-35,-12,1,1
16813,TFB1M,43,24,5,1,81,49,4,0,322,198,249,313,321,-38,-25,1,1
1138,ASCL4,16,11,2,0,25,10,1,0,322,281,301,319,322,-9,1,1,0
19129,ZNF101,58,29,6,1,73,42,5,0,322,191,251,311,321,-15,-13,1,1
7614,IGHV3-66,3,2,2,0,1,1,1,0,322,318,319,319,322,2,1,1,0
1131,ASB9,63,43,14,5,81,56,13,5,322,178,223,295,312,-18,-13,1,0
7605,IGHV3-33,12,11,10,5,15,12,9,6,322,295,299,303,311,-3,-1,1,-1
19131,ZNF107,49,29,5,0,70,40,4,0,322,203,253,313,322,-21,-11,1,0
7628,IGHV4-34,38,30,24,12,29,26,23,12,322,255,266,275,298,9,4,1,0
6178,GCSH,44,25,11,4,101,58,10,1,322,177,239,301,317,-57,-33,1,3
957,ARHGAP32,56,27,9,3,72,45,8,0,322,194,250,305,319,-16,-18,1,3
7642,IGKJ1,1,1,1,0,1,0,0,0,322,320,321,321,322,0,1,1,0
7655,IGKV1-6,4,4,4,1,4,3,3,3,322,314,315,315,318,0,1,1,-2
6176,GCSAM,40,29,11,1,46,30,10,7,322,236,263,301,314,-6,-1,1,-6
7652,IGKV1-37,2,2,2,0,1,1,1,0,322,319,319,319,322,1,1,1,0
5025,EPCAM,55,33,8,1,54,38,7,2,322,213,251,307,319,1,-5,1,-1
16779,TEX22,101,70,29,15,76,59,28,13,322,145,193,265,294,25,11,1,2
7647,IGKV1-12,6,3,3,1,3,3,2,1,322,313,316,317,320,3,0,1,0
1167,ASPSCR1,44,26,4,2,81,33,3,1,322,197,263,315,319,-37,-7,1,1
7632,IGHV4-61,9,9,7,4,7,7,6,4,322,306,306,309,314,2,2,1,0
16792,TEX44,16,14,4,0,12,9,3,0,322,294,299,315,322,4,5,1,0
16798,TEX50,12,11,6,4,13,12,5,3,322,297,299,311,315,-1,-1,1,1
7637,IGHV7-4-1,3,3,3,2,4,4,2,1,322,315,315,317,319,-1,-1,1,1
7636,IGHV6-1,3,2,2,1,1,1,1,0,322,318,319,319,321,2,1,1,1
16808,TFAP2B,9,5,1,0,18,11,0,0,322,295,306,321,322,-9,-6,1,0
7480,IFNA16,10,9,1,0,2,1,0,0,322,310,312,321,322,8,8,1,0
17065,TMEM104,39,23,7,3,105,54,6,0,322,178,245,309,319,-66,-31,1,3
1120,ASB15,31,19,2,0,17,10,1,1,322,274,293,319,321,14,9,1,-1
16884,THEMIS,67,28,3,1,59,27,2,0,322,196,267,317,321,8,1,1,1
7521,IGBP1P2,44,33,4,3,31,18,3,0,322,247,271,315,319,13,15,1,3
5655,FECH,41,21,5,4,72,33,4,1,322,209,268,313,317,-31,-12,1,3
1054,ARMCX2,57,35,8,5,68,45,7,2,322,197,242,307,315,-11,-10,1,3
16955,TINAG,27,17,1,1,10,6,0,0,322,285,299,321,321,17,11,1,1
17032,TMC2,66,34,2,0,50,22,1,0,322,206,266,319,322,16,12,1,0
16968,TK2,68,52,23,11,101,62,22,11,322,153,208,277,300,-33,-10,1,0
19152,ZNF154,74,39,4,2,51,23,3,0,322,197,260,315,320,23,16,1,2
5054,EPOR,53,24,5,2,102,56,4,2,322,167,242,313,318,-49,-32,1,0
16888,THNSL2,44,27,2,0,46,34,1,0,322,232,261,319,322,-2,-7,1,0
17022,TM9SF1,65,34,7,1,59,26,6,3,322,198,262,309,318,6,8,1,-2
173,ACOXL,71,48,7,1,81,51,6,0,322,170,223,309,321,-10,-3,1,1
7543,IGFL4,61,45,16,6,71,40,15,5,322,190,237,291,311,-10,5,1,1
19147,ZNF141,57,26,3,1,44,24,2,0,322,221,272,317,321,13,2,1,1
19139,ZNF132,70,39,6,2,47,33,5,1,322,205,250,311,319,23,6,1,1
5047,EPM2A,50,32,5,1,116,64,4,0,322,156,226,313,321,-66,-32,1,1
16940,TIMM22,45,21,5,1,63,40,4,0,322,214,261,313,321,-18,-19,1,1
16935,TIMM10B,65,46,7,4,69,44,6,0,322,188,232,309,318,-4,2,1,4
16929,TIGD6,70,45,3,0,63,34,2,0,322,189,243,317,322,7,11,1,0
16923,TIGAR,68,40,2,1,56,24,1,0,322,198,258,319,321,12,16,1,1
7581,IGHV1-2,19,19,18,4,19,17,17,5,322,284,286,287,313,0,2,1,-1
7583,IGHV1-3,7,6,6,1,5,5,5,0,322,310,311,311,321,2,1,1,1
7584,IGHV1-45,9,9,4,3,7,3,3,0,322,306,310,315,319,2,6,1,3
17045,TMCO4,48,22,3,1,85,51,2,0,322,189,249,317,321,-37,-29,1,1
1113,ASAP3,50,27,10,7,119,61,9,1,322,153,234,303,314,-69,-34,1,6
16904,THSD7B,37,21,1,0,28,7,0,0,322,257,294,321,322,9,14,1,0
19153,ZNF155,75,44,10,5,101,61,9,2,322,146,217,303,315,-26,-17,1,3
16903,THSD7A,32,18,2,0,22,10,1,1,322,268,294,319,321,10,8,1,-1
17046,TMCO5A,30,20,5,1,20,16,4,1,322,272,286,313,320,10,4,1,0
16901,THSD1,66,30,5,1,67,42,4,0,322,189,250,313,321,-1,-12,1,1
17048,TMDD1,33,29,12,4,32,27,11,4,322,257,266,299,314,1,2,1,0
7515,IFT74,55,36,8,4,87,42,7,0,322,180,244,307,318,-32,-6,1,4
16896,THPO,95,70,17,11,94,63,16,9,322,133,189,289,302,1,7,1,2
16759,TESC,66,40,14,3,50,40,13,4,322,206,242,295,315,16,0,1,-1
17112,TMEM150C,78,54,16,2,81,47,15,8,322,163,221,291,312,-3,7,1,-6
7658,IGKV1D-12,4,4,4,3,3,3,3,2,322,315,315,315,317,1,1,1,1
164,ACOT2,47,32,11,5,107,63,10,0,322,168,227,301,317,-60,-31,1,5
17218,TMEM256,48,31,12,8,68,36,11,6,322,206,255,299,308,-20,-5,1,2
16611,TBL1Y,16,8,2,0,10,3,1,0,322,296,311,319,322,6,5,1,0
7735,IGLV5-37,9,9,8,3,7,7,7,3,322,306,306,307,316,2,2,1,0
1235,ATP13A1,44,26,9,6,85,35,8,2,322,193,261,305,314,-41,-9,1,4
17215,TMEM254,68,40,8,3,76,45,7,3,322,178,237,307,316,-8,-5,1,0
1232,ATP11B,43,20,5,1,84,51,4,0,322,195,251,313,321,-41,-31,1,1
5098,ERI1,65,41,7,2,44,28,6,1,322,213,253,309,319,21,13,1,1
17177,TMEM215,28,14,5,0,20,11,4,0,322,274,297,313,322,8,3,1,0
197,ACSM4,26,14,4,1,28,16,3,1,322,268,292,315,320,-2,-2,1,0
17203,TMEM242,59,34,7,3,52,32,6,1,322,211,256,309,318,7,2,1,2
5092,ERG,47,24,5,0,39,21,4,1,322,236,277,313,321,8,3,1,-1
6219,GFM1,67,40,6,4,56,29,5,0,322,199,253,311,318,11,11,1,4
975,ARHGEF10,49,27,6,1,86,48,5,0,322,187,247,311,321,-37,-21,1,1
987,ARHGEF28,51,20,3,0,73,38,2,0,322,198,264,317,322,-22,-18,1,0
16606,TBCK,84,49,7,3,55,32,6,1,322,183,241,309,318,29,17,1,2
961,ARHGAP39,42,26,6,3,92,65,5,1,322,188,231,311,318,-50,-39,1,2
5107,ERICH6B,25,12,1,0,11,8,0,0,322,286,302,321,322,14,4,1,0
19083,ZG16,80,42,3,0,50,22,2,1,322,192,258,317,321,30,20,1,-1
7748,IGSF22,50,19,1,0,29,14,0,0,322,243,289,321,322,21,5,1,0
17232,TMEM271,33,19,2,0,29,17,1,1,322,260,286,319,321,4,2,1,-1
16587,TBC1D3H,3,3,1,1,3,3,0,0,322,316,316,321,321,0,0,1,1
16586,TBC1D3G,8,8,5,5,8,7,4,2,322,306,307,313,315,0,1,1,3
19081,ZFYVE28,64,41,9,2,76,35,8,2,322,182,246,305,318,-12,6,1,0
160,ACOT1,46,31,11,6,99,62,10,3,322,177,229,301,313,-53,-31,1,3
16580,TBC1D32,85,47,7,2,63,35,6,1,322,174,240,309,319,22,12,1,1
1252,ATP2B1,53,26,5,3,65,31,4,0,322,204,265,313,319,-12,-5,1,3
7751,IGSF5,65,27,2,0,66,30,1,0,322,191,265,319,322,-1,-3,1,0
19209,ZNF253,83,52,11,4,61,36,10,2,322,178,234,301,316,22,16,1,2
16567,TBC1D20,50,30,4,3,64,32,3,2,322,208,260,315,317,-14,-2,1,1
1259,ATP4B,43,35,5,1,28,22,4,0,322,251,265,313,321,15,13,1,1
19212,ZNF257,90,60,14,3,67,47,13,3,322,165,215,295,316,23,13,1,0
16648,TCEAL4,62,39,8,7,63,35,7,2,322,197,248,307,313,-1,4,1,5
17173,TMEM211,14,14,2,0,16,13,1,1,322,292,295,319,321,-2,1,1,-1
16754,TERF1,59,30,4,3,57,17,3,0,322,206,275,315,319,2,13,1,3
16726,TEDDM1,93,47,2,1,55,25,1,0,322,174,250,319,321,38,22,1,1
16715,TEAD3,43,23,9,5,93,66,8,1,322,186,233,305,316,-50,-43,1,4
17149,TMEM185A,74,47,14,5,62,42,13,4,322,186,233,295,313,12,5,1,1
7690,IGKV6-21,6,6,6,3,6,6,5,1,322,310,310,311,318,0,0,1,2
16722,TECTA,82,35,2,2,40,16,1,0,322,200,271,319,320,42,19,1,2
17143,TMEM181,36,18,4,3,101,36,3,0,322,185,268,315,319,-65,-18,1,3
17141,TMEM179B,42,28,9,4,71,35,8,3,322,209,259,305,315,-29,-7,1,1
7684,IGKV3D-15,2,2,2,0,1,1,1,1,322,319,319,319,321,1,1,1,-1
7720,IGLV2-8,5,5,4,1,7,5,3,1,322,310,312,315,320,-2,0,1,0
16733,TEKT4,75,50,9,2,75,44,8,3,322,172,228,305,317,0,6,1,-1
19120,ZMYM6,42,20,4,1,85,40,3,0,322,195,262,315,321,-43,-20,1,1
7677,IGKV2D-30,4,3,2,0,1,1,1,1,322,317,318,319,321,3,2,1,-1
16738,TENM1,28,11,2,1,40,18,1,0,322,254,293,319,321,-12,-7,1,1
17134,TMEM175,61,41,14,9,108,65,13,2,322,153,216,295,311,-47,-24,1,7
7674,IGKV2D-26,6,5,4,4,3,3,3,1,322,313,314,315,317,3,2,1,3
7692,IGKV6D-41,1,1,1,0,0,0,0,0,322,321,321,321,322,1,1,1,0
19105,ZKSCAN7,65,36,7,1,57,32,6,3,322,200,254,309,318,8,4,1,-2
17151,TMEM186,79,53,6,4,63,26,5,0,322,180,243,311,318,16,27,1,4
16709,TDRD7,31,17,2,0,91,37,1,0,322,200,268,319,322,-60,-20,1,0
16704,TDRD12,103,54,5,0,51,24,4,1,322,168,244,313,321,52,30,1,-1
17153,TMEM19,46,33,10,5,96,50,9,0,322,180,239,303,317,-50,-17,1,5
7704,IGLL1,94,65,17,9,56,40,16,3,322,172,217,289,310,38,25,1,6
16689,TCP11X2,22,17,2,0,20,16,1,0,322,280,289,319,322,2,1,1,0
17164,TMEM201,28,16,7,3,104,70,6,0,322,190,236,309,319,-76,-54,1,3
7707,IGLV1-36,6,5,5,1,6,5,4,3,322,310,312,313,318,0,0,1,-2
5083,ERCC5,57,27,5,1,72,42,4,0,322,193,253,313,321,-15,-15,1,1
16679,TCN1,47,29,6,4,33,22,5,2,322,242,271,311,316,14,7,1,2
19184,ZNF215,46,28,5,1,63,35,4,0,322,213,259,313,321,-17,-7,1,1
7713,IGLV10-54,7,6,5,2,5,4,4,2,322,310,312,313,318,2,2,1,0
16674,TCHP,57,28,8,2,66,46,7,1,322,199,248,307,319,-9,-18,1,1
16671,TCFL5,44,25,3,1,45,21,2,2,322,233,276,317,319,-1,4,1,-1
7715,IGLV2-11,6,5,5,2,5,5,4,1,322,311,312,313,319,1,0,1,1
17541,TRAIP,62,45,9,3,72,47,8,2,322,188,230,305,317,-10,-2,1,1
16083,SSR4,63,31,8,4,47,26,7,4,322,212,265,307,314,16,5,1,0
4844,EIF2D,55,34,9,4,49,27,8,3,322,218,261,305,315,6,7,1,1
5593,FBXO40,43,15,1,0,34,15,0,0,322,245,292,321,322,9,0,1,0
8547,KMT5C,61,37,13,4,76,42,12,6,322,185,243,297,312,-15,-5,1,-2
6004,G6PC2,38,24,4,2,32,19,3,0,322,252,279,315,320,6,5,1,2
18920,ZBED6CL,33,20,4,1,80,44,3,0,322,209,258,315,321,-47,-24,1,1
15503,SLITRK2,33,11,3,1,30,11,2,0,322,259,300,317,321,3,0,1,1
4634,DUSP26,49,32,6,1,28,24,5,0,322,245,266,311,321,21,8,1,1
15508,SLK,57,37,7,2,94,62,6,3,322,171,223,309,317,-37,-25,1,-1
270,ADAMTS1,72,47,12,3,84,45,11,1,322,166,230,299,318,-12,2,1,2
17938,TSHR,86,44,4,1,43,21,3,0,322,193,257,315,321,43,23,1,1
4635,DUSP28,71,39,6,2,60,29,5,2,322,191,254,311,318,11,10,1,0
17931,TSEN54,41,22,7,2,66,44,6,0,322,215,256,309,320,-25,-22,1,2
1758,C11orf53,18,14,3,0,23,17,2,0,322,281,291,317,322,-5,-3,1,0
5741,FILIP1,82,53,4,1,37,19,3,1,322,203,250,315,320,45,34,1,0
17929,TSEN2,44,27,4,3,72,44,3,1,322,206,251,315,318,-28,-17,1,2
1755,C11orf45,72,45,8,1,99,64,7,0,322,151,213,307,321,-27,-19,1,1
15495,SLFN14,76,37,2,0,41,17,1,0,322,205,268,319,322,35,20,1,0
17940,TSHZ2,79,39,5,0,54,27,4,1,322,189,256,313,321,25,12,1,-1
17841,TRIM65,50,22,6,3,81,45,5,1,322,191,255,311,318,-31,-23,1,2
7018,HEBP1,58,36,4,2,81,46,3,0,322,183,240,315,320,-23,-10,1,2
15447,SLC7A13,48,33,1,0,45,26,0,0,322,229,263,321,322,3,7,1,0
17982,TSPY9P,3,3,1,0,0,0,0,0,322,319,319,321,322,3,3,1,0
17981,TSPY8,2,2,1,0,1,1,0,0,322,319,319,321,322,1,1,1,0
17980,TSPY4,3,3,1,0,0,0,0,0,322,319,319,321,322,3,3,1,0
17979,TSPY3,1,1,1,0,0,0,0,0,322,321,321,321,322,1,1,1,0
17978,TSPY2,3,3,1,0,0,0,0,0,322,319,319,321,322,3,3,1,0
1773,C12orf29,56,32,7,3,69,35,6,2,322,197,255,309,317,-13,-3,1,1
19441,ZNF598,43,25,5,4,74,42,4,1,322,205,255,313,317,-31,-17,1,3
5999,G0S2,89,65,13,3,73,52,12,1,322,160,205,297,318,16,13,1,2
712,ANKRD29,69,41,6,3,85,56,5,3,322,168,225,311,316,-16,-15,1,0
7028,HELB,63,27,6,1,76,45,5,0,322,183,250,311,321,-13,-18,1,1
715,ANKRD30BL,41,26,4,1,48,36,3,0,322,233,260,315,321,-7,-10,1,1
15484,SLCO3A1,41,30,8,2,69,37,7,1,322,212,255,307,319,-28,-7,1,1
18917,ZBED4,41,24,6,2,103,50,5,1,322,178,248,311,319,-62,-26,1,1
4640,DUSP6,100,70,16,4,108,80,15,1,322,114,172,291,317,-8,-10,1,3
18932,ZBTB2,89,46,5,0,47,26,4,0,322,186,250,313,322,42,20,1,0
5737,FIGLA,18,16,3,1,7,6,2,0,322,297,300,317,321,11,10,1,1
8486,KLHL23,37,17,6,2,100,53,5,0,322,185,252,311,320,-63,-36,1,2
4659,DYNC1LI1,41,28,7,1,75,41,6,0,322,206,253,309,321,-34,-13,1,1
1723,BTNL3,26,14,1,1,28,10,0,0,322,268,298,321,321,-2,4,1,1
15565,SMIM1,75,54,33,14,88,64,32,13,322,159,204,257,295,-13,-10,1,1
8498,KLHL35,66,44,11,8,63,35,10,5,322,193,243,301,309,3,9,1,3
4661,DYNC2H1,66,34,7,4,70,37,6,0,322,186,251,309,318,-4,-3,1,4
15576,SMIM17,76,36,5,2,62,35,4,2,322,184,251,313,318,14,1,1,0
15579,SMIM2,46,38,12,4,32,29,11,9,322,244,255,299,309,14,9,1,-5
17921,TSBP1,34,20,2,0,21,9,1,0,322,267,293,319,322,13,11,1,0
17852,TRIM77,10,8,1,0,3,2,0,0,322,309,312,321,322,7,6,1,0
1719,BTN3A1,57,32,6,3,94,52,5,1,322,171,238,311,318,-37,-20,1,2
15585,SMIM26,67,40,9,6,52,33,8,2,322,203,249,305,314,15,7,1,4
6029,GABRD,39,23,8,2,38,24,7,2,322,245,275,307,318,1,-1,1,0
8469,KLHDC7B,50,35,3,0,57,27,2,0,322,215,260,317,322,-7,8,1,0
15603,SMIM42,17,16,5,4,15,15,4,3,322,290,291,313,315,2,1,1,1
5254,FA2H,72,55,19,11,77,50,18,11,322,173,217,285,300,-5,5,1,0
6314,GLA,71,42,7,4,50,24,6,2,322,201,256,309,316,21,18,1,2
8506,KLHL6,66,31,1,0,34,7,0,0,322,222,284,321,322,32,24,1,0
8509,KLHL9,51,21,7,3,91,46,6,0,322,180,255,309,319,-40,-25,1,3
8510,KLK1,69,48,15,5,39,28,14,2,322,214,246,293,315,30,20,1,3
15540,SMARCD1,28,17,9,5,98,48,8,0,322,196,257,305,317,-70,-31,1,5
6023,GABRA4,21,14,1,0,19,13,0,0,322,282,295,321,322,2,1,1,0
17880,TRMT44,57,27,6,2,88,46,5,2,322,177,249,311,318,-31,-19,1,0
5260,FABP1,18,11,5,1,6,4,4,1,322,298,307,313,320,12,7,1,0
6022,GABRA3,48,25,2,0,43,21,1,1,322,231,276,319,321,5,4,1,-1
258,ADAM21,79,46,7,2,74,46,6,0,322,169,230,309,320,5,0,1,2
1744,C10orf71,20,13,1,0,24,14,0,0,322,278,295,321,322,-4,-1,1,0
260,ADAM23,63,44,11,4,88,56,10,0,322,171,222,301,318,-25,-12,1,4
19418,ZNF574,45,28,13,7,126,69,12,5,322,151,225,297,310,-81,-41,1,2
7065,HEYL,59,28,3,2,41,20,2,0,322,222,274,317,320,18,8,1,2
5273,FADS6,97,56,9,2,68,40,8,2,322,157,226,305,318,29,16,1,0
1068,ARNTL2,43,26,3,0,64,27,2,0,322,215,269,317,322,-21,-1,1,0
8574,KRIT1,73,45,6,1,66,30,5,0,322,183,247,311,321,7,15,1,1
8575,KRR1,53,24,7,3,56,35,6,1,322,213,263,309,318,-3,-11,1,2
6339,GLOD4,52,29,9,6,92,53,8,2,322,178,240,305,314,-40,-24,1,4
15325,SLC35F4,42,24,2,0,30,17,1,0,322,250,281,319,322,12,7,1,0
63,ABCD2,36,18,4,1,38,15,3,1,322,248,289,315,320,-2,3,1,0
18087,TUBB6,45,29,12,8,98,62,11,3,322,179,231,299,311,-53,-33,1,5
15308,SLC35A5,60,32,8,5,80,41,7,3,322,182,249,307,314,-20,-9,1,2
657,ANGEL2,40,17,4,1,71,36,3,0,322,211,269,315,321,-31,-19,1,1
15312,SLC35B4,45,25,3,1,59,31,2,0,322,218,266,317,321,-14,-6,1,1
8623,KRT80,49,25,2,0,39,14,1,0,322,234,283,319,322,10,11,1,0
5589,FBXO36,55,28,6,0,81,43,5,0,322,186,251,311,322,-26,-15,1,0
18056,TTLL4,52,28,8,6,107,56,7,3,322,163,238,307,313,-55,-28,1,3
297,ADARB1,85,61,28,18,105,72,27,15,322,132,189,267,289,-20,-11,1,3
660,ANGPT4,61,28,2,0,42,18,1,0,322,219,276,319,322,19,10,1,0
15336,SLC36A3,46,24,2,1,41,26,1,0,322,235,272,319,321,5,-2,1,1
5979,FXYD5,37,17,7,2,44,29,6,2,322,241,276,309,318,-7,-12,1,0
18069,TUB,48,24,9,3,62,41,8,0,322,212,257,305,319,-14,-17,1,3
18063,TTPA,79,46,6,2,60,32,5,2,322,183,244,311,318,19,14,1,0
8638,KRTAP10-12,10,8,2,1,2,2,1,1,322,310,312,319,320,8,6,1,0
300,ADAT2,31,15,2,0,103,53,1,0,322,188,254,319,322,-72,-38,1,0
15288,SLC30A10,77,32,3,1,33,16,2,0,322,212,274,317,321,44,16,1,1
5315,FAM133B,67,35,7,1,66,38,6,2,322,189,249,309,319,1,-3,1,-1
15281,SLC2A4RG,38,23,8,2,68,29,7,6,322,216,270,307,314,-30,-6,1,-4
18094,TUBGCP2,41,24,7,3,81,36,6,0,322,200,262,309,319,-40,-12,1,3
6936,HAPLN2,66,47,8,1,58,35,7,1,322,198,240,307,320,8,12,1,0
646,ANAPC10,57,31,9,3,74,43,8,3,322,191,248,305,316,-17,-12,1,0
301,ADAT3,110,68,15,7,60,37,14,5,322,152,217,293,310,50,31,1,2
15264,SLC27A6,44,29,3,1,51,32,2,1,322,227,261,317,320,-7,-3,1,0
1841,C19orf25,53,30,6,1,47,24,5,1,322,222,268,311,320,6,6,1,0
8654,KRTAP13-3,1,1,1,0,2,2,0,0,322,319,319,321,322,-1,-1,1,0
18106,TUNAR,72,37,2,0,47,18,1,0,322,203,267,319,322,25,19,1,0
15251,SLC26A2,45,22,4,1,121,66,3,2,322,156,234,315,319,-76,-44,1,-1
8657,KRTAP16-1,10,5,1,0,9,6,0,0,322,303,311,321,322,1,-1,1,0
19483,ZNF662,79,43,3,1,53,26,2,1,322,190,253,317,320,26,17,1,0
15240,SLC25A45,79,41,5,1,91,46,4,1,322,152,235,313,320,-12,-5,1,0
8615,KRT73,21,10,2,0,19,10,1,0,322,282,302,319,322,2,0,1,0
291,ADAMTSL3,26,13,1,0,22,8,0,0,322,274,301,321,322,4,5,1,0
15444,SLC7A1,42,28,5,1,75,38,4,1,322,205,256,313,320,-33,-10,1,0
17999,TSTD2,43,20,5,1,82,51,4,0,322,197,251,313,321,-39,-31,1,1
18012,TTC22,68,31,4,0,58,25,3,1,322,196,266,315,321,10,6,1,-1
1790,C13orf42,27,15,1,0,25,7,0,0,322,270,300,321,322,2,8,1,0
5992,FZD4,47,20,1,1,75,31,0,0,322,200,271,321,321,-28,-11,1,1
15422,SLC66A1,43,24,7,6,82,51,6,0,322,197,247,309,316,-39,-27,1,6
15423,SLC66A2,60,39,5,5,67,34,4,1,322,195,249,313,316,-7,5,1,4
287,ADAMTS8,31,10,2,0,35,21,1,0,322,256,291,319,322,-4,-11,1,0
1782,C12orf57,64,36,11,8,63,34,10,2,322,195,252,301,312,1,2,1,6
18886,YOD1,52,23,6,3,110,62,5,0,322,160,237,311,319,-58,-39,1,3
8577,KRT10,92,46,3,1,32,14,2,0,322,198,262,317,321,60,32,1,1
15438,SLC6A4,85,44,4,0,33,17,3,0,322,204,261,315,322,52,27,1,0
17988,TSR1,55,26,4,3,64,41,3,1,322,203,255,315,318,-9,-15,1,2
19452,ZNF614,55,35,8,2,81,35,7,0,322,186,252,307,320,-26,0,1,2
1778,C12orf45,51,28,5,2,55,26,4,2,322,216,268,313,318,-4,2,1,0
8576,KRT1,17,5,1,0,18,12,0,0,322,287,305,321,322,-1,-7,1,0
15403,SLC4A9,47,24,2,0,46,18,1,0,322,229,280,319,322,1,6,1,0
5294,FAM114A1,55,32,5,2,68,36,4,0,322,199,254,313,320,-13,-4,1,2
688,ANKRA2,67,43,5,1,76,45,4,2,322,179,234,313,319,-9,-2,1,-1
6989,HDAC10,55,33,9,1,81,45,8,2,322,186,244,305,319,-26,-12,1,-1
6985,HCRTR1,44,32,9,3,44,34,8,1,322,234,256,305,318,0,-2,1,2
8591,KRT25,28,17,1,0,5,3,0,0,322,289,302,321,322,23,14,1,0
8595,KRT3,52,25,4,2,45,30,3,0,322,225,267,315,320,7,-5,1,2
15387,SLC46A3,69,37,5,0,55,25,4,0,322,198,260,313,322,14,12,1,0
15385,SLC46A1,40,27,9,4,116,64,8,0,322,166,231,305,318,-76,-37,1,4
8599,KRT33B,48,36,4,1,40,29,3,0,322,234,257,315,321,8,7,1,1
686,ANKMY1,52,33,12,6,129,83,11,2,322,141,206,299,314,-77,-50,1,4
6980,HCN1,28,10,1,0,30,8,0,0,322,264,304,321,322,-2,2,1,0
1803,C15orf65,99,69,17,1,99,75,16,5,322,124,178,289,316,0,-6,1,-4
8603,KRT37,36,18,2,0,27,14,1,0,322,259,290,319,322,9,4,1,0
18036,TTC6,72,43,8,1,75,41,7,1,322,175,238,307,320,-3,2,1,0
15356,SLC39A12,44,19,1,0,37,14,0,0,322,241,289,321,322,7,5,1,0
8612,KRT7,68,39,8,3,49,29,7,2,322,205,254,307,317,19,10,1,1
15610,SMKR1,77,55,11,0,80,51,10,3,322,165,216,301,319,-3,4,1,-3
18975,ZC3H12D,106,49,3,1,35,13,2,0,322,181,260,317,321,71,36,1,1
16078,SSNA1,51,33,11,6,58,34,10,3,322,213,255,301,313,-7,-1,1,3
8233,KCNJ1,55,35,5,4,56,27,4,1,322,211,260,313,317,-1,8,1,3
8245,KCNJ5,77,46,4,0,49,24,3,0,322,196,252,315,322,28,22,1,0
17644,TRAV27,1,1,1,0,0,0,0,0,322,321,321,321,322,1,1,1,0
19355,ZNF497,65,41,16,3,119,78,15,0,322,138,203,291,319,-54,-37,1,3
15935,SPIRE2,59,26,5,1,50,29,4,2,322,213,267,313,319,9,-3,1,-1
15936,SPN,84,38,3,1,54,26,2,1,322,184,258,317,320,30,12,1,0
17642,TRAV26-1,4,4,2,1,5,5,1,0,322,313,313,319,321,-1,-1,1,1
15951,SPP2,5,5,1,0,11,10,0,0,322,306,307,321,322,-6,-5,1,0
1560,BIRC7,61,45,8,2,49,38,7,2,322,212,239,307,318,12,7,1,0
19000,ZCCHC7,61,32,4,1,48,25,3,0,322,213,265,315,321,13,7,1,1
15957,SPRED1,49,32,5,2,73,35,4,0,322,200,255,313,320,-24,-3,1,2
15963,SPRR1B,9,8,3,1,7,7,2,1,322,306,307,317,320,2,1,1,0
8224,KCNH4,63,29,1,0,24,13,0,0,322,235,280,321,322,39,16,1,0
17622,TRAV1-1,6,6,6,2,5,5,5,2,322,311,311,311,318,1,1,1,0
8222,KCNH2,63,33,3,0,39,22,2,1,322,220,267,317,321,24,11,1,-1
8246,KCNJ6,40,19,6,2,29,17,5,2,322,253,286,311,318,11,2,1,0
1564,BLCAP,55,27,8,3,78,43,7,3,322,189,252,307,316,-23,-16,1,0
15612,SMN1,72,41,6,1,44,21,5,2,322,206,260,311,319,28,20,1,-1
1588,BMP3,78,39,3,0,44,24,2,1,322,200,259,317,321,34,15,1,-1
17674,TRBJ1-5,1,1,1,1,0,0,0,0,322,321,321,321,321,1,1,1,1
17673,TRBJ1-4,2,2,2,2,1,1,1,1,322,319,319,319,319,1,1,1,1
17672,TRBJ1-3,2,2,2,2,1,1,1,1,322,319,319,319,319,1,1,1,1
7190,HNRNPCL3,17,14,2,0,6,5,1,1,322,299,303,319,321,11,9,1,-1
8282,KCNT1,65,32,2,1,31,16,1,0,322,226,274,319,321,34,16,1,1
17663,TRAV8-6,7,7,1,0,6,6,0,0,322,309,309,321,322,1,1,1,0
15876,SPDL1,51,30,9,4,93,53,8,1,322,178,239,305,317,-42,-23,1,3
1566,BLK,28,11,2,0,22,12,1,0,322,272,299,319,322,6,-1,1,0
1584,BMP10,16,4,1,0,15,10,0,0,322,291,308,321,322,1,-6,1,0
1576,BLOC1S6,60,32,6,4,60,28,5,1,322,202,262,311,317,0,4,1,3
5212,EXOSC2,33,16,4,2,74,39,3,0,322,215,267,315,320,-41,-23,1,2
8251,KCNK12,49,24,4,1,16,7,3,0,322,257,291,315,321,33,17,1,1
5723,FHAD1,86,57,9,2,74,36,8,0,322,162,229,305,320,12,21,1,2
17654,TRAV40,2,2,2,1,2,1,1,0,322,318,319,319,321,0,1,1,1
8220,KCNG4,77,26,4,0,42,17,3,2,322,203,279,315,320,35,9,1,-2
8219,KCNG3,89,51,5,1,42,25,4,0,322,191,246,313,321,47,26,1,1
15972,SPRR5,4,4,2,0,4,3,1,0,322,314,315,319,322,0,1,1,0
17569,TRAJ35,1,1,1,1,0,0,0,0,322,321,321,321,321,1,1,1,1
16033,SRP72,45,27,6,3,67,37,5,0,322,210,258,311,319,-22,-10,1,3
17576,TRAJ41,1,1,1,1,0,0,0,0,322,321,321,321,321,1,1,1,1
17575,TRAJ40,2,2,2,2,1,1,1,1,322,319,319,319,319,1,1,1,1
17573,TRAJ39,1,1,1,1,0,0,0,0,322,321,321,321,321,1,1,1,1
16040,SRPX,62,38,8,2,58,31,7,3,322,202,253,307,317,4,7,1,-1
8170,KAT7,41,26,10,3,65,46,9,0,322,216,250,303,319,-24,-20,1,3
8163,KASH5,32,18,7,0,45,27,6,0,322,245,277,309,322,-13,-9,1,0
15976,SPRY3,59,27,3,2,74,43,2,0,322,189,252,317,320,-15,-16,1,2
8161,KANTR,89,44,4,1,61,29,3,0,322,172,249,315,321,28,15,1,1
17564,TRAJ30,1,1,1,1,0,0,0,0,322,321,321,321,321,1,1,1,1
16059,SRSF7,45,36,9,4,71,38,8,4,322,206,248,305,314,-26,-2,1,0
112,ABRAXAS1,63,34,5,2,72,24,4,2,322,187,264,313,318,-9,10,1,0
8131,JMJD7,55,33,9,3,83,51,8,4,322,184,238,305,315,-28,-18,1,-1
17555,TRAJ22,2,2,2,2,1,1,1,1,322,319,319,319,319,1,1,1,1
16018,SRFBP1,57,35,2,1,57,27,1,0,322,208,260,319,321,0,8,1,1
4802,EGFL6,26,15,1,0,33,17,0,0,322,263,290,321,322,-7,-2,1,0
820,AP4M1,63,39,10,4,82,50,9,1,322,177,233,303,317,-19,-11,1,3
8190,KCNA1,24,13,2,0,29,10,1,0,322,269,299,319,322,-5,3,1,0
8191,KCNA10,35,14,3,0,20,8,2,0,322,267,300,317,322,15,6,1,0
16012,SRD5A3,41,25,5,1,73,35,4,2,322,208,262,313,319,-32,-10,1,-1
8200,KCNAB3,56,26,3,1,99,46,2,0,322,167,250,317,321,-43,-20,1,1
6288,GJA3,46,18,3,0,68,35,2,0,322,208,269,317,322,-22,-17,1,0
1522,BEST4,85,50,8,5,66,39,7,3,322,171,233,307,314,19,11,1,2
8204,KCNC2,9,7,1,0,10,0,0,0,322,303,315,321,322,-1,7,1,0
8205,KCNC3,46,27,4,0,56,28,3,2,322,220,267,315,320,-10,-1,1,-2
17606,TRAPPC11,43,28,6,3,70,38,5,1,322,209,256,311,318,-27,-10,1,2
19347,ZNF486,73,43,6,1,56,39,5,0,322,193,240,311,321,17,4,1,1
1531,BFSP1,72,47,9,3,63,34,8,2,322,187,241,305,317,9,13,1,1
15984,SPSB4,71,36,5,0,78,44,4,1,322,173,242,313,321,-7,-8,1,-1
19001,ZCCHC8,61,30,4,1,57,28,3,0,322,204,264,315,321,4,2,1,1
6064,GALE,55,28,12,10,97,53,11,5,322,170,241,299,307,-42,-25,1,5
17697,TRBV18,3,2,2,1,1,1,1,0,322,318,319,319,321,2,1,1,1
4760,EEF1E1-BLOC1S5,49,44,28,22,58,52,27,21,322,215,226,267,279,-9,-8,1,1
18994,ZCCHC17,53,30,7,4,63,34,6,0,322,206,258,309,318,-10,-4,1,4
4707,EBPL,57,34,5,3,46,27,4,2,322,219,261,313,317,11,7,1,1
781,ANXA2,45,29,6,5,59,36,5,1,322,218,257,311,316,-14,-7,1,4
6302,GJC3,57,45,12,5,68,51,11,3,322,197,226,299,314,-11,-6,1,2
4700,EBF3,40,26,4,1,49,17,3,0,322,233,279,315,321,-9,9,1,1
7138,HLF,61,31,4,2,67,44,3,1,322,194,247,315,319,-6,-13,1,1
789,ANXA8L1,55,34,6,1,43,37,5,0,322,224,251,311,321,12,-3,1,1
8411,KIF4A,44,21,5,1,64,32,4,1,322,214,269,313,320,-20,-11,1,0
790,ANXA9,70,43,6,2,84,51,5,0,322,168,228,311,320,-14,-8,1,2
96,ABHD6,49,21,9,6,79,40,8,1,322,194,261,305,315,-30,-19,1,5
15700,SNX13,46,24,6,2,82,39,5,1,322,194,259,311,319,-36,-15,1,1
1659,BRDT,102,76,24,16,82,58,23,7,322,138,188,275,299,20,18,1,9
7150,HMGA2,65,30,9,2,75,50,8,1,322,182,242,305,319,-10,-20,1,1
6297,GJB5,35,28,3,0,48,31,2,0,322,239,263,317,322,-13,-3,1,0
8383,KIF13B,70,39,5,1,95,44,4,0,322,157,239,313,321,-25,-5,1,1
17761,TRGV1,24,24,23,9,27,24,22,9,322,271,274,277,304,-3,0,1,0
1677,BRS3,35,16,3,1,38,18,2,0,322,249,288,317,321,-3,-2,1,1
8428,KIR3DL1,28,13,1,0,8,6,0,0,322,286,303,321,322,20,7,1,0
18985,ZC3H8,58,32,4,2,53,29,3,0,322,211,261,315,320,5,3,1,2
15645,SNAP25,74,52,18,3,66,40,17,6,322,182,230,287,313,8,12,1,-3
19386,ZNF541,47,21,2,0,36,21,1,0,322,239,280,319,322,11,0,1,0
17808,TRIM41,57,31,6,4,58,32,5,5,322,207,259,311,313,-1,-1,1,-1
1685,BSN,46,26,7,1,56,23,6,0,322,220,273,309,321,-10,3,1,1
15637,SMYD2,32,19,7,4,65,35,6,2,322,225,268,309,316,-33,-16,1,2
7123,HLA-DOA,70,46,2,0,65,31,1,0,322,187,245,319,322,5,15,1,0
8447,KLF11,78,46,9,3,82,53,8,0,322,162,223,305,319,-4,-7,1,3
17822,TRIM5,66,39,6,5,58,32,5,0,322,198,251,311,317,8,7,1,5
15627,SMR3B,6,3,1,1,6,6,0,0,322,310,313,321,321,0,-3,1,1
19390,ZNF547,118,67,12,4,58,33,11,4,322,146,222,299,314,60,34,1,0
15618,SMOX,69,38,12,7,61,38,11,6,322,192,246,299,309,8,0,1,1
17834,TRIM60,72,35,4,1,45,29,3,0,322,205,258,315,321,27,6,1,1
6306,GJE1,14,11,2,0,4,4,1,0,322,304,307,319,322,10,7,1,0
19391,ZNF548,73,35,6,2,69,47,5,1,322,180,240,311,319,4,-12,1,1
17759,TRGJP1,1,1,1,1,0,0,0,0,322,321,321,321,321,1,1,1,1
17758,TRGJP,1,1,1,1,0,0,0,0,322,321,321,321,321,1,1,1,1
17703,TRBV24-1,10,10,10,7,11,10,9,3,322,301,302,303,312,-1,0,1,4
15808,SPAG4,82,61,19,8,96,63,18,3,322,144,198,285,311,-14,-2,1,5
18992,ZCCHC13,10,10,1,0,3,3,0,0,322,309,309,321,322,7,7,1,0
7171,HMSD,53,33,15,5,54,38,14,10,322,215,251,293,307,-1,-5,1,-5
1617,BOLA2-SMG1P6,64,36,10,3,65,37,9,4,322,193,249,303,315,-1,-1,1,-1
7172,HMX1,31,24,7,4,30,17,6,4,322,261,281,309,314,1,7,1,0
15799,SPACA5B,3,3,2,0,3,3,1,0,322,316,316,319,322,0,0,1,0
19375,ZNF524,69,43,13,5,88,47,12,6,322,165,232,297,311,-19,-4,1,-1
17719,TRBV6-2,3,2,2,1,1,1,1,0,322,318,319,319,321,2,1,1,1
5728,FHL3,50,22,9,3,85,51,8,4,322,187,249,305,315,-35,-29,1,-1
6296,GJB4,35,24,6,1,39,22,5,0,322,248,276,311,321,-4,2,1,1
6050,GAGE12E,11,11,11,5,12,11,10,4,322,299,300,301,313,-1,0,1,1
5217,EXOSC7,39,22,7,2,73,43,6,2,322,210,257,309,318,-34,-21,1,0
15818,SPANXC,36,31,16,8,27,20,15,6,322,259,271,291,308,9,11,1,2
8307,KCTD8,41,27,5,3,49,32,4,0,322,232,263,313,319,-8,-5,1,3
19371,ZNF518A,41,26,6,2,104,45,5,1,322,177,251,311,319,-63,-19,1,1
6048,GAGE12B,15,12,12,11,21,19,11,11,322,286,291,299,300,-6,-7,1,0
805,AP1S3,62,35,4,2,58,19,3,1,322,202,268,315,319,4,16,1,1
7167,HMHB1,6,6,6,3,9,9,5,1,322,307,307,311,318,-3,-3,1,2
1621,BOP1,44,24,8,6,77,44,7,3,322,201,254,307,313,-33,-20,1,3
4737,EDEM2,40,17,8,2,68,32,7,2,322,214,273,307,318,-28,-15,1,0
15777,SOX7,85,48,4,1,57,32,3,1,322,180,242,315,320,28,16,1,0
8335,KEAP1,38,25,11,8,99,53,10,2,322,185,244,301,312,-61,-28,1,6
8337,KERA,11,5,1,0,11,3,0,0,322,300,314,321,322,0,2,1,0
15756,SOSTDC1,67,45,3,0,34,19,2,0,322,221,258,317,322,33,26,1,0
1634,BPIFA3,7,7,1,1,2,2,0,0,322,313,313,321,321,5,5,1,1
17748,TREM2,34,33,6,2,21,18,5,0,322,267,271,311,320,13,15,1,2
1636,BPIFB2,9,6,1,0,17,5,0,0,322,296,311,321,322,-8,1,1,0
8352,KIAA0319L,39,21,5,2,69,31,4,0,322,214,270,313,320,-30,-10,1,2
17750,TREML2,96,43,2,0,33,15,1,0,322,193,264,319,322,63,28,1,0
8363,KIAA1191,48,24,5,5,54,21,4,1,322,220,277,313,316,-6,3,1,4
17755,TRGC1,25,21,2,0,21,11,1,0,322,276,290,319,322,4,10,1,0
17756,TRGC2,17,17,7,4,19,14,6,0,322,286,291,309,318,-2,3,1,4
5037,EPHA8,57,32,5,0,42,24,4,0,322,223,266,313,322,15,8,1,0
15451,SLC7A4,38,21,6,1,38,24,5,2,322,246,277,311,319,0,-3,1,-1
3769,CTC1,77,45,10,6,86,47,9,1,322,159,230,303,315,-9,-2,1,5
10882,NOC3L,47,25,5,0,70,40,4,0,322,205,257,313,322,-23,-15,1,0
10129,MS4A6A,48,40,11,1,28,23,10,0,322,246,259,301,321,20,17,1,1
13771,RBM47,78,52,9,3,58,29,8,2,322,186,241,305,317,20,23,1,1
10479,NANS,49,34,6,2,56,31,5,0,322,217,257,311,320,-7,3,1,2
10114,MRTFA,54,33,12,8,93,55,11,3,322,175,234,299,311,-39,-22,1,5
11429,OR2AG2,64,29,3,0,59,29,2,0,322,199,264,317,322,5,0,1,0
12141,PDE7B,57,30,2,0,77,38,1,0,322,188,254,319,322,-20,-8,1,0
12199,PDZRN4,22,16,3,1,21,8,2,2,322,279,298,317,319,1,8,1,-1
10481,NAP1L2,89,52,3,0,41,21,2,0,322,192,249,317,322,48,31,1,0
3144,CKMT1B,61,42,15,5,63,54,14,5,322,198,226,293,312,-2,-12,1,0
11878,PAIP2B,54,34,3,0,66,25,2,0,322,202,263,317,322,-12,9,1,0
3373,COA6,65,42,6,6,43,26,5,1,322,214,254,311,315,22,16,1,5
9572,MCCC2,40,22,6,3,72,30,5,2,322,210,270,311,317,-32,-8,1,1
13759,RBM3,43,29,7,4,85,43,6,2,322,194,250,309,316,-42,-14,1,2
11856,PADI2,38,21,2,1,56,29,1,0,322,228,272,319,321,-18,-8,1,1
11855,PADI1,48,23,1,0,49,25,0,0,322,225,274,321,322,-1,-2,1,0
4227,DEPDC1,47,22,6,1,88,46,5,1,322,187,254,311,320,-41,-24,1,0
11575,OR52E8,11,8,2,0,4,4,1,0,322,307,310,319,322,7,4,1,0
13001,PRAMEF2,21,12,1,0,15,10,0,0,322,286,300,321,322,6,2,1,0
13774,RBM5,72,43,7,4,75,40,6,0,322,175,239,309,318,-3,3,1,4
10132,MS4A8,13,12,2,0,18,16,1,0,322,291,294,319,322,-5,-4,1,0
3581,CR2,48,17,6,5,31,12,5,3,322,243,293,311,314,17,5,1,2
12202,PEAK3,83,58,9,2,57,35,8,0,322,182,229,305,320,26,23,1,2
11242,OC90,4,3,1,0,5,2,0,0,322,313,317,321,322,-1,1,1,0
11312,OPN1MW,15,12,4,0,14,12,3,2,322,293,298,315,320,1,0,1,-2
11906,PAPLN,66,36,5,2,56,26,4,0,322,200,260,313,320,10,10,1,2
11555,OR51G1,4,4,1,0,1,1,0,0,322,317,317,321,322,3,3,1,0
4243,DEUP1,45,36,11,5,66,44,10,3,322,211,242,301,314,-21,-8,1,2
2529,CCP110,59,32,5,0,70,37,4,1,322,193,253,313,321,-11,-5,1,-1
12920,PPP1R1C,88,61,11,2,81,51,10,3,322,153,210,301,317,7,10,1,-1
11401,OR1I1,79,25,3,1,35,12,2,0,322,208,285,317,321,44,13,1,1
2535,CCR4,76,38,2,0,39,23,1,0,322,207,261,319,322,37,15,1,0
12955,PPP2R5B,66,37,10,5,72,40,9,4,322,184,245,303,313,-6,-3,1,1
11065,NRTN,82,59,21,6,83,59,20,2,322,157,204,281,314,-1,0,1,4
11892,PALMD,36,18,2,1,55,28,1,0,322,231,276,319,321,-19,-10,1,1
12937,PPP1R3G,89,52,5,1,47,28,4,0,322,186,242,313,321,42,24,1,1
3843,CWC25,70,36,3,2,46,21,2,0,322,206,265,317,320,24,15,1,2
3712,CSPG4,34,17,2,0,100,64,1,0,322,188,241,319,322,-66,-47,1,0
11887,PALD1,50,27,5,2,56,30,4,0,322,216,265,313,320,-6,-3,1,2
12440,PIP,11,11,8,3,10,9,7,2,322,301,302,307,317,1,2,1,1
12954,PPP2R5A,60,37,5,1,52,27,4,0,322,210,258,313,321,8,10,1,1
9584,MCM10,65,36,6,1,67,42,5,1,322,190,244,311,320,-2,-6,1,0
2555,CCZ1,55,35,10,6,60,35,9,6,322,207,252,303,310,-5,0,1,0
13007,PRAMEF4,21,7,1,0,9,6,0,0,322,292,309,321,322,12,1,1,0
4024,DBNDD2,60,32,10,5,69,42,9,7,322,193,248,303,310,-9,-10,1,-2
13699,RASGRP4,85,42,4,0,47,20,3,2,322,190,260,315,320,38,22,1,-2
4014,DAZ4,7,4,1,0,3,2,0,0,322,312,316,321,322,4,2,1,0
3635,CRNN,38,23,4,4,24,15,3,1,322,260,284,315,317,14,8,1,3
12296,PGM2L1,59,23,3,0,45,20,2,0,322,218,279,317,322,14,3,1,0
11817,P2RY12,17,11,3,1,16,7,2,1,322,289,304,317,320,1,4,1,0
10045,MRPL2,51,31,10,3,71,43,9,2,322,200,248,303,317,-20,-12,1,1
10709,NEXMIF,20,9,3,1,32,14,2,0,322,270,299,317,321,-12,-5,1,1
13689,RASD2,56,30,3,0,55,26,2,2,322,211,266,317,320,1,4,1,-2
2863,CEP135,47,28,3,1,61,27,2,0,322,214,267,317,321,-14,1,1,1
11576,OR52H1,38,33,6,0,37,33,5,1,322,247,256,311,321,1,0,1,-1
10922,NOTCH2NLB,77,58,32,18,98,73,31,21,322,147,191,259,283,-21,-15,1,-3
3159,CLCN2,63,38,5,3,50,28,4,1,322,209,256,313,318,13,10,1,2
11811,P2RX5-TAX1BP3,67,26,4,1,40,21,3,0,322,215,275,315,321,27,5,1,1
2860,CEP126,53,28,3,1,61,33,2,0,322,208,261,317,321,-8,-5,1,1
3591,CRB1,50,24,7,2,51,30,6,3,322,221,268,309,317,-1,-6,1,-1
11593,OR56A5,28,28,6,0,14,14,5,0,322,280,280,311,322,14,14,1,0
9625,ME1,54,37,2,0,38,24,1,0,322,230,261,319,322,16,13,1,0
11594,OR56B1,24,11,1,0,13,8,0,0,322,285,303,321,322,11,3,1,0
9603,MCTP1,74,42,4,0,66,33,3,0,322,182,247,315,322,8,9,1,0
11585,OR52N2,9,9,1,0,14,12,0,0,322,299,301,321,322,-5,-3,1,0
2868,CEP170B,30,14,4,1,94,55,3,0,322,198,253,315,321,-64,-41,1,1
11055,NRK,37,20,2,1,40,21,1,1,322,245,281,319,320,-3,-1,1,0
10487,NAPEPLD,57,34,7,5,85,35,6,1,322,180,253,309,316,-28,-1,1,4
13009,PRAMEF6,5,2,1,0,5,2,0,0,322,312,318,321,322,0,0,1,0
13737,RBKS,85,53,7,1,50,29,6,1,322,187,240,309,320,35,24,1,0
12291,PGLYRP2,16,7,2,0,17,11,1,0,322,289,304,319,322,-1,-4,1,0
13014,PRB1,40,34,7,1,16,13,6,0,322,266,275,309,321,24,21,1,1
3829,CUL2,48,24,5,1,60,38,4,1,322,214,260,313,320,-12,-14,1,0
13730,RBBP9,37,27,4,2,72,34,3,1,322,213,261,315,319,-35,-7,1,1
4221,DENND4C,51,31,7,3,67,36,6,2,322,204,255,309,317,-16,-5,1,1
3527,CPA6,29,11,1,0,36,21,0,0,322,257,290,321,322,-7,-10,1,0
3639,CRP,15,12,3,1,12,9,2,0,322,295,301,317,321,3,3,1,1
12191,PDZD3,47,25,3,1,39,24,2,1,322,236,273,317,320,8,1,1,0
13038,PRDX2,57,38,20,16,61,42,19,7,322,204,242,283,299,-4,-4,1,9
12415,PIK3C2G,57,27,1,0,42,21,0,0,322,223,274,321,322,15,6,1,0
2877,CEP41,63,28,4,2,58,30,3,1,322,201,264,315,319,5,-2,1,1
3474,COQ10B,52,33,8,6,88,45,7,0,322,182,244,307,316,-36,-12,1,6
11579,OR52J3,5,5,1,0,6,6,0,0,322,311,311,321,322,-1,-1,1,0
10503,NATD1,71,38,4,2,66,28,3,0,322,185,256,315,320,5,10,1,2
3357,CNTN4,62,32,4,0,65,32,3,0,322,195,258,315,322,-3,0,1,0
9543,MBD3L4,8,8,3,1,6,6,2,0,322,308,308,317,321,2,2,1,1
3823,CTXND1,35,12,5,0,40,19,4,0,322,247,291,313,322,-5,-7,1,0
12818,POTEJ,52,33,5,0,50,30,4,0,322,220,259,313,322,2,3,1,0
11523,OR4K15,14,12,3,0,4,2,2,0,322,304,308,317,322,10,10,1,0
12129,PDE4B,68,52,11,3,82,53,10,2,322,172,217,301,317,-14,-1,1,1
10829,NLN,39,26,9,4,93,52,8,2,322,190,244,305,316,-54,-26,1,2
11968,PAX9,53,23,3,2,58,29,2,0,322,211,270,317,320,-5,-6,1,2
12809,POTEB2,8,7,1,0,8,1,0,0,322,306,314,321,322,0,6,1,0
4261,DGKK,28,14,1,0,29,9,0,0,322,265,299,321,322,-1,5,1,0
12815,POTEG,53,38,9,3,38,23,8,4,322,231,261,305,315,15,15,1,-1
10225,MTHFS,79,43,8,5,62,34,7,2,322,181,245,307,315,17,9,1,3
13879,RET,65,43,8,5,59,44,7,2,322,198,235,307,315,6,-1,1,3
12796,PON2,40,25,10,7,93,59,9,3,322,189,238,303,312,-53,-34,1,4
2987,CHAC2,82,52,9,2,48,31,8,1,322,192,239,305,319,34,21,1,1
12824,POU2F3,70,43,9,1,75,47,8,2,322,177,232,305,319,-5,-4,1,-1
10219,MTG2,47,24,4,2,55,25,3,1,322,220,273,315,319,-8,-1,1,1
11530,OR4M2B,17,15,2,0,8,7,1,0,322,297,300,319,322,9,8,1,0
12829,POU4F1,40,20,7,2,41,24,6,0,322,241,278,309,320,-1,-4,1,2
13872,RER1,60,33,8,3,55,29,7,1,322,207,260,307,318,5,4,1,2
11446,OR2G6,78,40,5,1,42,23,4,1,322,202,259,313,320,36,17,1,0
12830,POU4F2,45,24,3,0,29,15,2,0,322,248,283,317,322,16,9,1,0
12801,POP7,38,22,9,6,76,37,8,2,322,208,263,305,314,-38,-15,1,4
12795,PON1,79,38,4,1,54,21,3,2,322,189,263,315,319,25,17,1,-1
11550,OR51D1,60,29,1,0,43,19,0,0,322,219,274,321,322,17,10,1,0
11168,NUP107,53,25,5,4,63,35,4,2,322,206,262,313,316,-10,-10,1,2
12206,PECAM1,76,30,2,0,40,17,1,0,322,206,275,319,322,36,13,1,0
11985,PCBD2,45,26,4,3,59,30,3,0,322,218,266,315,319,-14,-4,1,3
3674,CSAG1,63,43,10,5,52,32,9,5,322,207,247,303,312,11,11,1,0
3673,CSAD,78,38,5,1,61,27,4,1,322,183,257,313,320,17,11,1,0
12769,POLR2K,70,46,12,6,49,30,11,2,322,203,246,299,314,21,16,1,4
3574,CPVL,53,31,9,2,39,26,8,0,322,230,265,305,320,14,5,1,2
12773,POLR3B,40,22,3,1,89,52,2,1,322,193,248,317,320,-49,-30,1,0
12482,PKHD1L1,38,12,1,0,21,5,0,0,322,263,305,321,322,17,7,1,0
3008,CHD6,59,34,5,3,83,45,4,1,322,180,243,313,318,-24,-11,1,2
2999,CHCHD5,50,26,5,3,47,25,4,1,322,225,271,313,318,3,1,1,2
11520,OR4K1,22,18,2,2,12,10,1,0,322,288,294,319,320,10,8,1,2
13903,RFNG,67,41,12,8,64,29,11,5,322,191,252,299,309,3,12,1,3
10733,NFKBIA,62,33,9,3,132,66,8,1,322,128,223,305,318,-70,-33,1,2
3332,CNOT2,49,29,12,10,74,42,11,1,322,199,251,299,311,-25,-13,1,9
11521,OR4K13,68,36,1,0,24,5,0,0,322,230,281,321,322,44,31,1,0
10827,NLGN4Y,18,11,4,2,36,28,3,0,322,268,283,315,320,-18,-17,1,2
13899,RFFL,49,26,10,6,82,43,9,1,322,191,253,303,315,-33,-17,1,5
12789,POMGNT2,53,35,9,7,74,37,8,1,322,195,250,305,314,-21,-2,1,6
11534,OR4N5,14,11,3,2,8,7,2,1,322,300,304,317,319,6,4,1,1
12473,PKD1L1,88,50,6,1,54,27,5,2,322,180,245,311,319,34,23,1,-1
9509,MARVELD1,43,16,3,1,95,49,2,0,322,184,257,317,321,-52,-33,1,1
4249,DGAT2L6,35,15,3,0,23,14,2,0,322,264,293,317,322,12,1,1,0
10463,NAGA,31,22,9,6,94,47,8,3,322,197,253,305,313,-63,-25,1,3
3525,CPA4,59,35,2,1,55,31,1,0,322,208,256,319,321,4,4,1,1
11546,OR51B4,42,27,6,0,53,35,5,0,322,227,260,311,322,-11,-8,1,0
2961,CFHR1,32,28,5,0,32,27,4,1,322,258,267,313,321,0,1,1,-1
3960,CYP4Z1,24,9,1,0,28,11,0,0,322,270,302,321,322,-4,-2,1,0
9531,MAVS,46,31,5,2,64,33,4,1,322,212,258,313,319,-18,-2,1,1
11549,OR51C1P,9,7,1,0,11,9,0,0,322,302,306,321,322,-2,-2,1,0
3967,CYRIB,47,23,7,4,63,27,6,0,322,212,272,309,318,-16,-4,1,4
13821,RCOR1,61,32,6,4,88,44,5,2,322,173,246,311,316,-27,-12,1,2
2513,CCNG2,58,37,10,7,135,76,9,2,322,129,209,303,313,-77,-39,1,5
11918,PAQR7,39,22,6,1,89,49,5,1,322,194,251,311,320,-50,-27,1,0
2940,CFAP58,84,48,10,2,62,42,9,0,322,176,232,303,320,22,6,1,2
3849,CX3CR1,39,29,4,1,53,36,3,0,322,230,257,315,321,-14,-7,1,1
9535,MB21D2,56,33,5,1,73,37,4,0,322,193,252,313,321,-17,-4,1,1
9537,MBD2,51,30,4,2,51,26,3,1,322,220,266,315,319,0,4,1,1
10167,MSTO1,30,18,8,5,118,65,7,2,322,174,239,307,315,-88,-47,1,3
3496,COX11,34,21,7,3,80,40,6,1,322,208,261,309,318,-46,-19,1,2
13814,RCCD1,50,23,6,3,89,49,5,1,322,183,250,311,318,-39,-26,1,2
2964,CFHR4,22,16,7,1,29,23,6,1,322,271,283,309,320,-7,-7,1,0
12459,PITPNM2,59,36,9,2,79,49,8,2,322,184,237,305,318,-20,-13,1,0
11934,PARP12,78,50,8,2,49,32,7,1,322,195,240,307,319,29,18,1,1
11541,OR4X2,20,20,3,3,13,10,2,0,322,289,292,317,319,7,10,1,3
10210,MTERF4,50,38,8,3,80,44,7,1,322,192,240,307,318,-30,-6,1,2
11323,OPRPN,11,4,3,1,4,3,2,1,322,307,315,317,320,7,1,1,0
3132,CITED2,70,41,12,7,85,57,11,8,322,167,224,299,307,-15,-16,1,-1
11357,OR10T2,5,5,1,0,8,6,0,0,322,309,311,321,322,-3,-1,1,0
10840,NLRP2B,21,11,2,0,13,10,1,0,322,288,301,319,322,8,1,1,0
12843,PPARD,50,32,4,2,65,27,3,2,322,207,263,315,318,-15,5,1,0
12464,PITX3,62,49,9,2,58,45,8,1,322,202,228,305,319,4,4,1,1
11321,OPRL1,61,32,3,0,68,27,2,0,322,193,263,317,322,-7,5,1,0
13857,RELA,57,27,12,10,69,50,11,1,322,196,245,299,311,-12,-23,1,9
10841,NLRP3,86,38,1,0,39,15,0,0,322,197,269,321,322,47,23,1,0
3951,CYP4B1,20,16,3,1,33,20,2,1,322,269,286,317,320,-13,-4,1,0
12854,PPEF2,103,70,6,1,57,34,5,1,322,162,218,311,320,46,36,1,0
12461,PITRM1,37,27,9,4,88,51,8,1,322,197,244,305,317,-51,-24,1,3
4253,DGCR8,34,22,7,3,95,44,6,1,322,193,256,309,318,-61,-22,1,2
11101,NT5DC3,66,30,2,0,71,40,1,0,322,185,252,319,322,-5,-10,1,0
12861,PPHLN1,71,50,14,6,82,48,13,4,322,169,224,295,312,-11,2,1,2
11935,PARP14,46,22,4,1,66,38,3,0,322,210,262,315,321,-20,-16,1,1
10611,NDUFAF3,45,27,7,5,61,32,6,0,322,216,263,309,317,-16,-5,1,5
13105,PRM1,11,10,10,1,10,9,9,5,322,301,303,303,316,1,1,1,-4
3325,CNNM1,51,24,2,0,59,21,1,0,322,212,277,319,322,-8,3,1,0
9900,MMP24,47,29,9,5,78,50,8,6,322,197,243,305,311,-31,-21,1,-1
11276,OIP5,52,29,6,3,74,41,5,1,322,196,252,311,318,-22,-12,1,2
3563,CPSF2,52,29,6,2,65,29,5,2,322,205,264,311,318,-13,0,1,0
11258,ODF3,31,25,6,1,21,16,5,2,322,270,281,311,319,10,9,1,-1
13284,PSMB9,48,36,11,4,89,38,10,1,322,185,248,301,317,-41,-2,1,3
11136,NUDCD2,53,32,5,3,56,30,4,0,322,213,260,313,319,-3,2,1,3
9912,MMS19,41,20,10,8,87,45,9,1,322,194,257,303,313,-46,-25,1,7
11710,OR9A2,44,38,4,1,25,19,3,0,322,253,265,315,321,19,19,1,1
2772,CDR1,47,41,19,16,40,35,18,8,322,235,246,285,298,7,6,1,8
9724,METTL4,69,37,8,2,66,30,7,1,322,187,255,307,319,3,7,1,1
11646,OR6B1,37,15,1,0,29,10,0,0,322,256,297,321,322,8,5,1,0
10555,NCKAP5,82,46,8,1,66,35,7,1,322,174,241,307,320,16,11,1,0
9888,MMP11,62,39,13,4,100,63,12,7,322,160,220,297,311,-38,-24,1,-3
11650,OR6C2,14,8,1,0,6,0,0,0,322,302,314,321,322,8,8,1,0
9881,MMD,44,23,7,3,112,65,6,1,322,166,234,309,318,-68,-42,1,2
2664,CDC34,53,31,11,7,66,38,10,4,322,203,253,301,311,-13,-7,1,3
3793,CTPS1,37,22,5,2,84,47,4,1,322,201,253,313,319,-47,-25,1,1
11697,OR8G5,17,13,2,0,16,8,1,0,322,289,301,319,322,1,5,1,0
12342,PHKA2,49,24,3,3,52,25,2,1,322,221,273,317,318,-3,-1,1,2
11083,NSMCE4A,38,25,8,3,102,65,7,2,322,182,232,307,317,-64,-40,1,1
13532,RAB2B,68,35,4,2,41,26,3,0,322,213,261,315,320,27,9,1,2
11629,OR5K4,11,11,2,0,4,4,1,0,322,307,307,319,322,7,7,1,0
9700,MET,54,28,5,0,70,31,4,0,322,198,263,313,322,-16,-3,1,0
13238,PRXL2C,52,25,2,1,49,27,1,0,322,221,270,319,321,3,-2,1,1
10961,NPHS2,21,14,1,0,15,10,0,0,322,286,298,321,322,6,4,1,0
13240,PRY2,4,4,1,0,4,4,0,0,322,314,314,321,322,0,0,1,0
9936,MOGAT1,64,46,10,1,68,63,9,0,322,190,213,303,321,-4,-17,1,1
11634,OR5M11,8,7,1,0,7,6,0,0,322,307,309,321,322,1,1,1,0
11726,ORC6,61,26,4,2,39,24,3,0,322,222,272,315,320,22,2,1,2
11635,OR5M3,11,9,1,0,5,4,0,0,322,306,309,321,322,6,5,1,0
11723,ORC3,62,38,5,1,59,26,4,0,322,201,258,313,321,3,12,1,1
4172,DEFB105A,1,1,1,0,0,0,0,0,322,321,321,321,322,1,1,1,0
4170,DEFB104A,1,1,1,0,0,0,0,0,322,321,321,321,322,1,1,1,0
3779,CTH,80,47,4,2,76,44,3,0,322,166,231,315,320,4,3,1,2
3529,CPB1,39,28,10,4,32,26,9,0,322,251,268,303,318,7,2,1,4
3261,CLRN2,10,10,2,0,9,9,1,0,322,303,303,319,322,1,1,1,0
13258,PSG5,93,53,4,1,55,22,3,1,322,174,247,315,320,38,31,1,0
13260,PSG7,81,53,6,0,46,22,5,3,322,195,247,311,319,35,31,1,-3
13261,PSG8,76,54,11,4,52,38,10,0,322,194,230,301,318,24,16,1,4
13541,RAB37,74,45,4,0,80,46,3,0,322,168,231,315,322,-6,-1,1,0
2789,CDY2A,5,2,1,1,3,1,0,0,322,314,319,321,321,2,1,1,1
3605,CREBL2,56,31,3,1,66,31,2,0,322,200,260,317,321,-10,0,1,1
11659,OR6C76,6,5,1,1,10,5,0,0,322,306,312,321,321,-4,0,1,1
9736,MFAP2,54,38,9,2,69,51,8,4,322,199,233,305,316,-15,-13,1,-2
3728,CST7,46,36,10,4,46,33,9,5,322,230,253,303,313,0,3,1,-1
11681,OR7D4,76,37,2,0,38,16,1,0,322,208,269,319,322,38,21,1,0
11680,OR7D2,86,41,3,1,47,20,2,0,322,189,261,317,321,39,21,1,1
13399,PTPRA,45,29,9,7,96,50,8,1,322,181,243,305,314,-51,-21,1,6
9803,MICU2,49,27,5,3,74,37,4,0,322,199,258,313,319,-25,-10,1,3
9799,MICOS10,46,32,6,3,52,26,5,2,322,224,264,311,317,-6,6,1,1
10704,NEUROD4,29,7,2,0,11,5,1,0,322,282,310,319,322,18,2,1,0
13414,PTPRQ,46,26,9,1,39,29,8,0,322,237,267,305,321,7,-3,1,1
9763,MFSD8,50,25,7,2,110,55,6,1,322,162,242,309,319,-60,-30,1,1
13423,PTS,59,34,8,3,65,27,7,0,322,198,261,307,319,-6,7,1,3
4102,DDI2,44,23,5,3,84,43,4,0,322,194,256,313,319,-40,-20,1,3
3611,CRELD2,57,35,9,5,65,30,8,3,322,200,257,305,314,-8,5,1,2
2691,CDCP1,50,21,3,0,57,23,2,0,322,215,278,317,322,-7,-2,1,0
9778,MGLL,64,29,7,3,84,50,6,0,322,174,243,309,319,-20,-21,1,3
2697,CDH13,49,23,2,1,67,31,1,0,322,206,268,319,321,-18,-8,1,1
11143,NUDT14,59,33,15,7,81,48,14,5,322,182,241,293,310,-22,-15,1,2
3263,CLSPN,41,25,3,1,78,30,2,0,322,203,267,317,321,-37,-5,1,1
13437,PUS1,45,28,5,5,74,36,4,2,322,203,258,313,315,-29,-8,1,3
11671,OR6T1,6,6,1,0,3,2,0,0,322,313,314,321,322,3,4,1,0
13478,PYURF,47,30,8,3,60,33,7,1,322,215,259,307,318,-13,-3,1,2
2681,CDC6,79,41,7,2,63,41,6,1,322,180,240,309,319,16,0,1,1
9815,MIER3,92,48,9,2,53,36,8,1,322,177,238,305,319,39,12,1,1
2724,CDK1,51,27,11,4,72,43,10,3,322,199,252,301,315,-21,-16,1,1
3265,CLSTN2,54,15,1,0,26,12,0,0,322,242,295,321,322,28,3,1,0
2667,CDC40,60,31,4,2,46,23,3,0,322,216,268,315,320,14,8,1,2
13494,QSOX2,35,21,6,4,85,53,5,0,322,202,248,311,318,-50,-32,1,4
12327,PHF20,53,32,6,2,87,52,5,2,322,182,238,311,318,-34,-20,1,0
13343,PTGDR,20,14,1,0,18,13,0,0,322,284,295,321,322,2,1,1,0
13344,PTGDR2,102,66,12,3,53,33,11,6,322,167,223,299,313,49,33,1,-3
11660,OR6F1,23,20,2,0,12,9,1,0,322,287,293,319,322,11,11,1,0
11691,OR8B8,50,25,1,0,44,13,0,0,322,228,284,321,322,6,12,1,0
4113,DDT,63,40,9,2,55,35,8,2,322,204,247,305,318,8,5,1,0
11687,OR8B12,18,17,2,2,10,9,1,0,322,294,296,319,320,8,8,1,2
13491,QRSL1,35,20,4,2,57,31,3,0,322,230,271,315,320,-22,-11,1,2
2736,CDK2,39,25,7,2,67,37,6,0,322,216,260,309,320,-28,-12,1,2
2730,CDK14,69,49,8,3,53,38,7,1,322,200,235,307,318,16,11,1,2
9741,MFF,44,26,8,7,63,37,7,2,322,215,259,307,313,-19,-11,1,5
11269,OGFOD2,42,19,5,2,66,30,4,0,322,214,273,313,320,-24,-11,1,2
9744,MFN1,61,34,4,4,83,41,3,0,322,178,247,315,318,-22,-7,1,4
11666,OR6N1,9,5,1,0,11,9,0,0,322,302,308,321,322,-2,-4,1,0
13228,PRSS58,18,16,1,0,7,7,0,0,322,297,299,321,322,11,9,1,0
4061,DCHS2,58,24,2,0,20,12,1,0,322,244,286,319,322,38,12,1,0
11298,ONECUT3,77,44,3,0,36,13,2,0,322,209,265,317,322,41,31,1,0
11248,OCM,43,38,13,7,34,30,12,2,322,245,254,297,313,9,8,1,5
10607,NDUFA9,47,29,6,5,48,26,5,2,322,227,267,311,315,-1,3,1,3
3822,CTXN3,12,8,1,0,16,11,0,0,322,294,303,321,322,-4,-3,1,0
11370,OR12D2,11,8,1,0,13,13,0,0,322,298,301,321,322,-2,-5,1,0
13643,RAMP2,68,50,25,8,64,48,24,7,322,190,224,273,307,4,2,1,1
10934,NOX5,66,40,2,1,53,22,1,0,322,203,260,319,321,13,18,1,1
9648,MED21,59,38,9,3,62,34,8,1,322,201,250,305,318,-3,4,1,2
4192,DEFB127,3,3,2,0,4,3,1,0,322,315,316,319,322,-1,0,1,0
11371,OR12D3,13,7,1,0,10,2,0,0,322,299,313,321,322,3,5,1,0
4038,DCAF15,52,28,10,5,92,64,9,1,322,178,230,303,316,-40,-36,1,4
11443,OR2F2,10,10,1,0,22,20,0,0,322,290,292,321,322,-12,-10,1,0
11786,OTX2,40,30,4,0,32,17,3,0,322,250,275,315,322,8,13,1,0
9660,MED6,58,40,5,2,52,30,4,1,322,212,252,313,319,6,10,1,1
3631,CRLF3,54,28,7,4,70,39,6,0,322,198,255,309,318,-16,-11,1,4
13156,PRPS2,38,21,5,3,93,46,4,2,322,191,255,313,317,-55,-25,1,1
13158,PRPSAP2,46,32,12,5,93,39,11,1,322,183,251,299,316,-47,-7,1,4
13625,RAG2,46,33,15,5,53,34,14,6,322,223,255,293,311,-7,-1,1,-1
2609,CD3G,109,61,7,1,56,33,6,1,322,157,228,309,320,53,28,1,0
3416,COL4A4,49,29,3,1,57,32,2,0,322,216,261,317,321,-8,-3,1,1
10006,MREG,63,31,4,0,63,31,3,1,322,196,260,315,321,0,0,1,-1
2838,CENPH,55,27,6,3,69,26,5,3,322,198,269,311,316,-14,1,1,0
3173,CLDN16,90,50,6,1,53,29,5,0,322,179,243,311,321,37,21,1,1
10017,MRGPRX4,19,13,1,0,12,10,0,0,322,291,299,321,322,7,3,1,0
2850,CENPT,42,22,9,6,74,43,8,0,322,206,257,305,316,-32,-21,1,6
2590,CD2AP,39,18,4,0,84,45,3,1,322,199,259,315,321,-45,-27,1,-1
11295,OMP,75,64,48,13,89,77,47,21,322,158,181,227,288,-14,-13,1,-8
9633,MECR,63,32,7,3,68,35,6,0,322,191,255,309,319,-5,-3,1,3
2593,CD300C,61,41,5,0,43,29,4,1,322,218,252,313,321,18,12,1,-1
12153,PDHA1,42,25,7,3,57,37,6,1,322,223,260,309,318,-15,-12,1,2
4028,DBT,62,28,3,1,51,21,2,1,322,209,273,317,320,11,7,1,0
13121,PROCR,61,34,6,3,48,25,5,3,322,213,263,311,316,13,9,1,0
11598,OR5A2,70,26,1,1,30,12,0,0,322,222,284,321,321,40,14,1,1
2604,CD36,86,48,10,3,70,38,9,4,322,166,236,303,315,16,10,1,-1
2598,CD300LF,23,18,2,0,22,14,1,1,322,277,290,319,321,1,4,1,-1
4029,DBX1,17,16,2,0,17,13,1,0,322,288,293,319,322,0,3,1,0
10931,NOX1,45,26,6,1,35,24,5,1,322,242,272,311,320,10,2,1,0
11795,OXCT1,53,35,7,3,74,40,6,0,322,195,247,309,319,-21,-5,1,3
10932,NOX3,19,9,1,0,13,4,0,0,322,290,309,321,322,6,5,1,0
13130,PROP1,25,16,2,2,13,11,1,0,322,284,295,319,320,12,5,1,2
10011,MRGPRE,40,20,1,0,12,4,0,0,322,270,298,321,322,28,16,1,0
10010,MRGPRD,16,13,2,1,12,10,1,0,322,294,299,319,321,4,3,1,1
9987,MPPE1,51,29,7,4,64,39,6,1,322,207,254,309,317,-13,-10,1,3
11008,NPY5R,22,18,2,0,37,23,1,0,322,263,281,319,322,-15,-5,1,0
4048,DCAF8L1,22,12,1,0,22,9,0,0,322,278,301,321,322,0,3,1,0
12359,PHRF1,36,19,9,6,115,59,8,1,322,171,244,305,315,-79,-40,1,5
9965,MPC2,53,28,6,2,60,24,5,1,322,209,270,311,319,-7,4,1,1
12364,PHYHIP,88,45,7,0,71,43,6,0,322,163,234,309,322,17,2,1,0
12363,PHYHD1,79,55,13,5,81,52,12,3,322,162,215,297,314,-2,3,1,2
9679,MEIOB,56,40,8,3,53,29,7,1,322,213,253,307,318,3,11,1,2
11620,OR5H14,65,32,4,1,35,14,3,1,322,222,276,315,320,30,18,1,0
9957,MOSPD1,72,40,5,0,48,29,4,1,322,202,253,313,321,24,11,1,-1
9955,MOS,21,20,2,0,5,5,1,1,322,296,297,319,321,16,15,1,-1
10543,NCBP2L,35,20,4,2,35,24,3,1,322,252,278,315,319,0,-4,1,1
13208,PRSS21,34,30,7,4,21,14,6,1,322,267,278,309,317,13,16,1,3
9662,MED8,65,40,5,2,54,30,4,0,322,203,252,313,320,11,10,1,2
11749,OSGEPL1,53,29,6,2,95,52,5,1,322,174,241,311,319,-42,-23,1,1
2805,CEBPA,54,27,2,1,74,34,1,1,322,194,261,319,320,-20,-7,1,0
13212,PRSS3,51,45,16,6,44,33,15,1,322,227,244,291,315,7,12,1,5
2640,CD8A,62,37,4,1,60,30,3,0,322,200,255,315,321,2,7,1,1
9689,MEOX1,66,48,6,2,48,34,5,2,322,208,240,311,318,18,14,1,0
13218,PRSS41,50,43,8,0,38,32,7,0,322,234,247,307,322,12,11,1,0
13221,PRSS50,29,25,5,2,25,22,4,2,322,268,275,313,318,4,3,1,0
13222,PRSS51,75,48,4,1,38,21,3,0,322,209,253,315,321,37,27,1,1
2624,CD6,53,33,6,0,30,22,5,0,322,239,267,311,322,23,11,1,0
4181,DEFB113,2,2,2,2,1,1,1,0,322,319,319,319,320,1,1,1,2
2819,CELF1,49,23,4,1,54,28,3,2,322,219,271,315,319,-5,-5,1,-1
2623,CD5L,22,7,1,0,20,10,0,0,322,280,305,321,322,2,-3,1,0
11410,OR1L8,62,34,2,2,66,36,1,0,322,194,252,319,320,-4,-2,1,2
2615,CD47,58,36,9,5,70,41,8,2,322,194,245,305,315,-12,-5,1,3
11434,OR2B11,90,48,4,0,31,14,3,0,322,201,260,315,322,59,34,1,0
9663,MED9,60,34,7,2,87,47,6,1,322,175,241,309,319,-27,-13,1,1
11442,OR2F1,43,16,1,1,26,12,0,0,322,253,294,321,321,17,4,1,1
3420,COL5A2,62,35,5,1,66,35,4,0,322,194,252,313,321,-4,0,1,1
3271,CLTRN,86,50,7,2,76,51,6,2,322,160,221,309,318,10,-1,1,0
3421,COL5A3,34,15,1,0,34,24,0,0,322,254,283,321,322,0,-9,1,0
11293,OMD,70,33,4,0,40,15,3,1,322,212,274,315,321,30,18,1,-1
13168,PRR19,64,41,6,1,58,29,5,1,322,200,252,311,320,6,12,1,0
3623,CRISP2,19,14,1,0,24,15,0,0,322,279,293,321,322,-5,-1,1,0
11405,OR1K1,13,11,4,2,18,15,3,0,322,291,296,315,320,-5,-4,1,2
13173,PRR23B,10,7,1,0,6,4,0,0,322,306,311,321,322,4,3,1,0
13174,PRR23C,91,58,3,0,57,30,2,0,322,174,234,317,322,34,28,1,0
9980,MPP1,56,35,6,1,69,29,5,2,322,197,258,311,319,-13,6,1,-1
13179,PRR30,26,18,2,0,9,6,1,0,322,287,298,319,322,17,12,1,0
9970,MPHOSPH10,64,29,7,2,60,34,6,0,322,198,259,309,320,4,-5,1,2
11988,PCBP3,67,48,9,5,79,48,8,7,322,176,226,305,310,-12,0,1,-2
3182,CLDN25,11,11,3,0,9,9,2,1,322,302,302,317,321,2,2,1,-1
11341,OR10G8,2,2,1,0,1,1,0,0,322,319,319,321,322,1,1,1,0
12663,PMFBP1,72,47,11,8,99,58,10,4,322,151,217,301,310,-27,-11,1,4
11478,OR2T6,20,12,1,0,5,4,0,0,322,297,306,321,322,15,8,1,0
4308,DIAPH3,54,23,4,0,50,24,3,0,322,218,275,315,322,4,-1,1,0
10335,MYF5,7,5,1,0,4,2,0,0,322,311,315,321,322,3,3,1,0
11352,OR10K2,48,28,1,0,32,14,0,0,322,242,280,321,322,16,14,1,0
2483,CCL3,25,24,16,6,49,39,15,3,322,248,259,291,313,-24,-15,1,3
14026,RIMS4,39,19,5,2,57,33,4,1,322,226,270,313,319,-18,-14,1,1
2435,CCDC80,60,31,6,3,82,55,5,0,322,180,236,311,319,-22,-24,1,3
14066,RNASE1,41,34,13,2,64,50,12,4,322,217,238,297,316,-23,-16,1,-2
12238,PEX16,63,40,12,7,78,45,11,5,322,181,237,299,310,-15,-5,1,2
3121,CINP,55,29,5,4,48,26,4,0,322,219,267,313,318,7,3,1,4
3460,COPG2,48,27,9,5,79,42,8,0,322,195,253,305,317,-31,-15,1,5
11457,OR2L5,84,43,4,0,57,28,3,0,322,181,251,315,322,27,15,1,0
11097,NT5C3A,51,31,5,0,75,37,4,1,322,196,254,313,321,-24,-6,1,-1
12513,PLA2G4D,64,22,2,1,36,15,1,0,322,222,285,319,321,28,7,1,1
12010,PCDHA2,30,18,3,1,37,24,2,1,322,255,280,317,320,-7,-6,1,0
10662,NEGR1,60,25,3,1,41,19,2,0,322,221,278,317,321,19,6,1,1
3297,CMTM8,52,38,8,2,54,36,7,2,322,216,248,307,318,-2,2,1,0
11505,OR4D11,6,6,1,0,7,7,0,0,322,309,309,321,322,-1,-1,1,0
14030,RING1,41,23,5,5,71,41,4,1,322,210,258,313,316,-30,-18,1,4
3872,CXorf49,54,32,5,0,34,18,4,0,322,234,272,313,322,20,14,1,0
12560,PLD4,76,48,7,1,51,23,6,1,322,195,251,309,320,25,25,1,0
3114,CIDEA,43,41,7,3,35,29,6,4,322,244,252,309,315,8,12,1,-1
10281,MUC19,36,31,8,3,34,28,7,3,322,252,263,307,316,2,3,1,0
14018,RIMBP3,94,61,23,15,99,74,22,11,322,129,187,277,296,-5,-13,1,4
2485,CCL4,29,27,17,6,25,23,16,2,322,268,272,289,314,4,4,1,4
10336,MYF6,22,19,2,0,13,6,1,0,322,287,297,319,322,9,13,1,0
11184,NUP58,69,35,5,2,48,21,4,1,322,205,266,313,319,21,14,1,1
11044,NRDE2,79,45,16,7,77,44,15,10,322,166,233,291,305,2,1,1,-3
3871,CXorf38,39,24,4,2,63,26,3,1,322,220,272,315,319,-24,-2,1,1
10388,MYO3A,30,9,2,0,28,14,1,0,322,264,299,319,322,2,-5,1,0
10807,NKTR,49,22,8,3,100,50,7,2,322,173,250,307,317,-51,-28,1,1
4298,DHX37,33,23,5,2,76,36,4,0,322,213,263,313,320,-43,-13,1,2
3759,CTAG2,30,24,9,2,32,27,8,2,322,260,271,305,318,-2,-3,1,0
3226,CLHC1,103,69,12,4,57,35,11,1,322,162,218,299,317,46,34,1,3
10286,MUC3A,53,27,4,2,32,14,3,0,322,237,281,315,320,21,13,1,2
3914,CYP1A2,80,44,4,0,46,22,3,0,322,196,256,315,322,34,22,1,0
12107,PDCD1LG2,32,18,4,2,88,56,3,0,322,202,248,315,320,-56,-38,1,2
12034,PCDHB8,41,22,5,1,97,52,4,0,322,184,248,313,321,-56,-30,1,1
10275,MUC1,75,48,13,4,98,61,12,7,322,149,213,297,311,-23,-13,1,-3
10740,NFS1,76,37,5,1,43,21,4,3,322,203,264,313,318,33,16,1,-2
11471,OR2T29,7,4,2,1,2,2,1,1,322,313,316,319,320,5,2,1,0
12071,PCLO,62,36,6,1,40,20,5,0,322,220,266,311,321,22,16,1,1
12525,PLAAT5,30,17,3,0,21,13,2,0,322,271,292,317,322,9,4,1,0
2442,CCDC86,38,26,6,2,76,42,5,1,322,208,254,311,319,-38,-16,1,1
2441,CCDC85C,42,22,8,4,101,60,7,0,322,179,240,307,318,-59,-38,1,4
10375,MYO15B,95,69,14,5,72,48,13,0,322,155,205,295,317,23,21,1,5
12586,PLEKHG6,51,33,9,4,99,55,8,3,322,172,234,305,315,-48,-22,1,1
11472,OR2T3,6,6,1,1,5,2,0,0,322,311,314,321,321,1,4,1,1
12105,PDCD10,55,31,7,5,86,52,6,2,322,181,239,309,315,-31,-21,1,3
10423,MZT1,49,22,8,2,62,36,7,4,322,211,264,307,316,-13,-14,1,-2
3886,CYB5A,72,40,11,5,33,17,10,5,322,217,265,301,312,39,23,1,0
10313,MYADM,46,27,4,1,107,57,3,1,322,169,238,315,320,-61,-30,1,0
2471,CCL18,13,13,2,0,19,15,1,0,322,290,294,319,322,-6,-2,1,0
3117,CIITA,64,35,3,0,53,22,2,0,322,205,265,317,322,11,13,1,0
9460,MAP9,51,34,7,2,59,37,6,1,322,212,251,309,319,-8,-3,1,1
12599,PLET1,28,17,5,1,17,11,4,1,322,277,294,313,320,11,6,1,0
13963,RGS9BP,82,49,3,0,87,53,2,0,322,153,220,317,322,-5,-4,1,0
14038,RIPK1,55,26,2,1,81,36,1,0,322,186,260,319,321,-26,-10,1,1
10318,MYBL2,58,37,11,6,63,34,10,3,322,201,251,301,313,-5,3,1,3
12527,PLAC8,65,38,6,3,70,35,5,3,322,187,249,311,316,-5,3,1,0
14059,RMDN2,53,27,4,1,77,44,3,1,322,192,251,315,320,-24,-17,1,0
10316,MYBBP1A,39,22,8,4,114,59,7,0,322,169,241,307,318,-75,-37,1,4
11183,NUP54,52,33,6,1,79,48,5,0,322,191,241,311,321,-27,-15,1,1
14058,RMDN1,42,26,4,3,63,36,3,0,322,217,260,315,319,-21,-10,1,3
11501,OR4C5,12,11,1,0,7,6,0,0,322,303,305,321,322,5,5,1,0
12708,PNPT1,62,33,4,0,48,27,3,0,322,212,262,315,322,14,6,1,0
12625,PLPP4,63,28,2,0,45,19,1,0,322,214,275,319,322,18,9,1,0
12066,PCID2,60,36,5,1,51,30,4,1,322,211,256,313,320,9,6,1,0
3039,CHMP4C,52,26,3,1,65,32,2,0,322,205,264,317,321,-13,-6,1,1
4313,DIO2,93,66,11,4,66,43,10,2,322,163,213,301,316,27,23,1,2
12015,PCDHA7,39,21,4,0,48,19,3,0,322,235,282,315,322,-9,2,1,0
3073,CHRNB3,22,13,4,0,17,7,3,0,322,283,302,315,322,5,6,1,0
4288,DHTKD1,31,21,5,4,79,36,4,0,322,212,265,313,318,-48,-15,1,4
9405,MANEA,54,29,7,2,114,64,6,3,322,154,229,309,317,-60,-35,1,-1
12507,PLA2G2E,31,21,3,0,10,8,2,0,322,281,293,317,322,21,13,1,0
11496,OR4C13,9,8,1,0,2,2,0,0,322,311,312,321,322,7,6,1,0
10350,MYH8,14,6,2,1,9,7,1,1,322,299,309,319,320,5,-1,1,0
4311,DIMT1,44,28,8,3,75,44,7,1,322,203,250,307,318,-31,-16,1,2
10265,MTRR,61,30,8,1,59,36,7,1,322,202,256,307,320,2,-6,1,0
12745,POLL,64,43,10,7,70,44,9,3,322,188,235,303,312,-6,-1,1,4
3878,CXorf66,11,8,1,0,2,1,0,0,322,309,313,321,322,9,7,1,0
12555,PLCXD3,39,21,2,1,36,14,1,0,322,247,287,319,321,3,7,1,1
11990,PCCA,64,33,7,4,72,41,6,2,322,186,248,309,316,-8,-8,1,2
3222,CLEC7A,93,46,9,2,59,33,8,2,322,170,243,305,318,34,13,1,0
11039,NRBF2,61,35,6,1,56,31,5,1,322,205,256,311,320,5,4,1,0
11991,PCCB,36,24,8,5,83,51,7,1,322,203,247,307,316,-47,-27,1,4
13931,RGN,65,44,9,1,68,44,8,1,322,189,234,305,320,-3,0,1,0
10660,NEFL,31,17,5,2,27,18,4,1,322,264,287,313,319,4,-1,1,1
12751,POLR1C,43,33,7,3,80,46,6,0,322,199,243,309,319,-37,-13,1,3
3925,CYP2A13,22,12,2,0,12,6,1,1,322,288,304,319,321,10,6,1,-1
3111,CIBAR1,47,25,10,5,79,49,9,0,322,196,248,303,317,-32,-24,1,5
11333,OR10AG1,5,2,1,0,6,1,0,0,322,311,319,321,322,-1,1,1,0
11396,OR1D5,19,17,3,2,10,9,2,0,322,293,296,317,320,9,8,1,2
12122,PDE1A,71,31,5,3,80,40,4,1,322,171,251,313,318,-9,-9,1,2
11489,OR4A15,8,8,1,0,1,1,0,0,322,313,313,321,322,7,7,1,0
14012,RIF1,41,21,6,1,79,41,5,0,322,202,260,311,321,-38,-20,1,1
2461,CCKAR,36,22,4,3,29,17,3,0,322,257,283,315,319,7,5,1,3
11461,OR2M4,78,35,1,0,35,12,0,0,322,209,275,321,322,43,23,1,0
11332,OR10AD1,20,17,3,0,16,11,2,1,322,286,294,317,321,4,6,1,-1
10751,NGFR,73,49,7,0,51,29,6,1,322,198,244,309,321,22,20,1,-1
3894,CYB5RL,52,26,6,3,60,25,5,0,322,210,271,311,319,-8,1,1,3
11486,OR3A1,31,18,3,0,20,14,2,0,322,271,290,317,322,11,4,1,0
3099,CHURC1,45,24,9,3,67,37,8,1,322,210,261,305,318,-22,-13,1,2
14003,RHPN2,55,27,6,2,70,35,5,1,322,197,260,311,319,-15,-8,1,1
9392,MAMLD1,64,31,6,1,86,44,5,2,322,172,247,311,319,-22,-13,1,-1
2462,CCKBR,52,31,7,1,44,22,6,1,322,226,269,309,320,8,9,1,0
10403,MYOG,25,19,3,0,30,19,2,0,322,267,284,317,322,-5,0,1,0
9482,MAPKBP1,51,33,13,4,83,42,12,5,322,188,247,297,313,-32,-9,1,-1
10647,NECAP1,65,36,8,3,78,44,7,0,322,179,242,307,319,-13,-8,1,3
12755,POLR1G,36,28,8,2,89,47,7,4,322,197,247,307,316,-53,-19,1,-2
11460,OR2M3,91,50,3,0,27,11,2,0,322,204,261,317,322,64,39,1,0
13994,RHOQ,47,24,9,2,78,39,8,0,322,197,259,305,320,-31,-15,1,2
12753,POLR1E,50,29,5,1,68,45,4,0,322,204,248,313,321,-18,-16,1,1
11181,NUP43,52,35,3,2,49,19,2,1,322,221,268,317,319,3,16,1,1
14085,RNASET2,52,32,5,2,64,21,4,0,322,206,269,313,320,-12,11,1,2
3696,CSMD3,50,21,1,0,22,8,0,0,322,250,293,321,322,28,13,1,0
11348,OR10J1,82,46,2,1,64,28,1,0,322,176,248,319,321,18,18,1,1
3081,CHST12,55,32,8,3,87,49,7,0,322,180,241,307,319,-32,-17,1,3
12049,PCDHGB2,51,30,4,0,85,40,3,1,322,186,252,315,321,-34,-10,1,-1
11172,NUP160,59,27,5,2,68,45,4,0,322,195,250,313,320,-9,-18,1,2
11998,PCDH17,35,17,1,0,33,13,0,0,322,254,292,321,322,2,4,1,0
14079,RNASEH2A,38,23,7,3,51,27,6,4,322,233,272,309,315,-13,-4,1,-1
7289,HRNR,5,2,0,0,13,5,0,0,322,304,315,322,322,-8,-3,0,0
17204,TMEM243,54,30,5,0,77,36,5,1,322,191,256,312,321,-23,-6,0,-1
15782,SP110,83,35,2,1,31,14,2,0,322,208,273,318,321,52,21,0,1
13209,PRSS22,39,24,8,1,34,22,8,2,322,249,276,306,319,5,2,0,-1
15990,SPTBN4,57,30,3,1,71,39,3,0,322,194,253,316,321,-14,-9,0,1
13210,PRSS23,54,31,8,4,125,89,8,4,322,143,202,306,314,-71,-58,0,0
10365,MYLK,58,41,1,0,78,31,1,0,322,186,250,320,322,-20,10,0,0
12053,PCDHGB6,59,30,2,1,53,27,2,0,322,210,265,318,321,6,3,0,1
8324,KDM4F,22,6,0,0,14,7,0,0,322,286,309,322,322,8,-1,0,0
10956,NPHP1,70,36,8,4,59,33,8,2,322,193,253,306,316,11,3,0,2
8333,KDR,26,9,0,0,19,12,0,0,322,277,301,322,322,7,-3,0,0
17901,TRPM1,61,26,2,1,35,18,2,0,322,226,278,318,321,26,8,0,1
7555,IGHD3-10,0,0,0,0,0,0,0,0,322,322,322,322,322,0,0,0,0
15991,SPTBN5,104,41,4,1,30,20,4,0,322,188,261,314,321,74,21,0,1
11372,OR13A1,36,16,2,0,47,20,2,0,322,239,286,318,322,-11,-4,0,0
1630,BPHL,59,37,6,3,90,54,6,1,322,173,231,310,318,-31,-17,0,2
2844,CENPN,55,28,4,2,65,31,4,0,322,202,263,314,320,-10,-3,0,2
9952,MORN3,75,37,3,1,46,19,3,1,322,201,266,316,320,29,18,0,0
17457,TOX,66,37,3,2,77,47,3,0,322,179,238,316,320,-11,-10,0,2
12632,PLPPR4,31,14,4,0,74,40,4,1,322,217,268,314,321,-43,-26,0,-1
15768,SOX17,29,16,0,0,13,7,0,0,322,280,299,322,322,16,9,0,0
7565,IGHD6-6,0,0,0,0,0,0,0,0,322,322,322,322,322,0,0,0,0
15925,SPINK5,37,19,4,0,48,30,4,3,322,237,273,314,319,-11,-11,0,-3
422,AGBL4,82,44,3,0,41,23,3,0,322,199,255,316,322,41,21,0,0
19265,ZNF341,75,37,7,2,76,38,7,1,322,171,247,308,319,-1,-1,0,1
3632,CRLS1,47,26,7,3,73,35,7,1,322,202,261,308,318,-26,-9,0,2
10953,NPFF,95,63,30,24,79,64,30,22,322,148,195,262,276,16,-1,0,2
7532,IGFBP1,35,31,4,1,39,29,4,1,322,248,262,314,320,-4,2,0,0
974,ARHGEF1,53,33,8,8,82,44,8,2,322,187,245,306,312,-29,-11,0,6
15807,SPAG17,63,24,8,2,29,16,8,2,322,230,282,306,318,34,8,0,0
17193,TMEM233,99,59,2,0,32,13,2,0,322,191,250,318,322,67,46,0,0
6620,GPRC5C,48,33,10,1,63,34,10,6,322,211,255,302,315,-15,-1,0,-5
5051,EPN3,60,38,9,1,90,53,9,0,322,172,231,304,321,-30,-15,0,1
1555,BIN3,63,41,10,5,97,59,10,1,322,162,222,302,316,-34,-18,0,4
740,ANKRD6,65,41,16,12,87,57,16,6,322,170,224,290,304,-22,-16,0,6
5691,FGF14,5,2,0,0,22,7,0,0,322,295,313,322,322,-17,-5,0,0
8211,KCNE1B,39,33,14,5,47,41,14,3,322,236,248,294,314,-8,-8,0,2
9953,MORN4,47,29,5,4,73,37,5,2,322,202,256,312,316,-26,-8,0,2
15939,SPNS3,33,19,2,0,50,21,2,0,322,239,282,318,322,-17,-2,0,0
6561,GPR155,56,26,4,1,54,27,4,0,322,212,269,314,321,2,-1,0,1
3273,CLUAP1,57,36,11,2,71,43,11,4,322,194,243,300,316,-14,-7,0,-2
7556,IGHD3-3,0,0,0,0,0,0,0,0,322,322,322,322,322,0,0,0,0
7566,IGHD7-27,0,0,0,0,0,0,0,0,322,322,322,322,322,0,0,0,0
13224,PRSS54,29,24,1,0,33,16,1,0,322,260,282,320,322,-4,8,0,0
5939,FSTL3,45,25,6,2,91,48,6,1,322,186,249,310,319,-46,-23,0,1
1637,BPIFB3,2,2,0,0,7,6,0,0,322,313,314,322,322,-5,-4,0,0
12605,PLIN2,76,51,8,2,66,51,8,0,322,180,220,306,320,10,0,0,2
1638,BPIFB4,22,11,1,0,23,16,1,0,322,277,295,320,322,-1,-5,0,0
17188,TMEM229A,32,20,2,0,20,13,2,0,322,270,289,318,322,12,7,0,0
12645,PLXDC2,68,26,2,0,38,14,2,0,322,216,282,318,322,30,12,0,0
1639,BPIFB6,4,3,0,0,2,0,0,0,322,316,319,322,322,2,3,0,0
11340,OR10G7,1,1,0,0,3,1,0,0,322,318,320,322,322,-2,0,0,0
17467,TP53I3,55,30,6,5,84,45,6,1,322,183,247,310,316,-29,-15,0,4
13118,PROB1,68,31,5,1,90,48,5,0,322,164,243,312,321,-22,-17,0,1
8362,KIAA1143,44,21,3,2,63,30,3,1,322,215,271,316,319,-19,-9,0,1
6555,GPR149,22,6,0,0,16,6,0,0,322,284,310,322,322,6,0,0,0
4066,DCLRE1A,36,17,5,0,103,55,5,0,322,183,250,312,322,-67,-38,0,0
2803,CEACAM7,14,6,1,0,6,4,1,0,322,302,312,320,322,8,2,0,0
2800,CEACAM4,8,8,2,0,6,6,2,0,322,308,308,318,322,2,2,0,0
11742,OSBPL7,51,28,6,2,95,56,6,0,322,176,238,310,320,-44,-28,0,2
8350,KIAA0232,52,30,7,2,74,43,7,0,322,196,249,308,320,-22,-13,0,2
18525,VCX2,14,14,4,0,7,7,4,2,322,301,301,314,320,7,7,0,-2
8343,KHDRBS2,23,4,0,0,31,10,0,0,322,268,308,322,322,-8,-6,0,0
3475,COQ2,41,19,7,4,84,46,7,0,322,197,257,308,318,-43,-27,0,4
7557,IGHD3-9,0,0,0,0,0,0,0,0,322,322,322,322,322,0,0,0,0
13216,PRSS37,32,24,8,6,28,20,8,4,322,262,278,306,312,4,4,0,2
4735,EDDM3B,22,20,5,0,22,21,5,2,322,278,281,312,320,0,-1,0,-2
7558,IGHD5-12,0,0,0,0,0,0,0,0,322,322,322,322,322,0,0,0,0
4059,DCDC2C,75,38,3,1,56,24,3,0,322,191,260,316,321,19,14,0,1
19557,ZNF750,51,31,6,0,49,31,6,3,322,222,260,310,319,2,0,0,-3
1544,BICC1,51,20,4,1,60,23,4,0,322,211,279,314,321,-9,-3,0,1
15748,SORCS2,40,20,4,0,66,40,4,0,322,216,262,314,322,-26,-20,0,0
12610,PLK2,65,29,5,1,87,54,5,0,322,170,239,312,321,-22,-25,0,1
11436,OR2B3,7,7,2,0,17,9,2,2,322,298,306,318,320,-10,-2,0,-2
1632,BPIFA1,8,7,0,0,4,4,0,0,322,310,311,322,322,4,3,0,0
3429,COL8A2,60,27,7,4,64,30,7,3,322,198,265,308,315,-4,-3,0,1
10957,NPHP3,55,32,4,2,70,36,4,0,322,197,254,314,320,-15,-4,0,2
11339,OR10G6,5,5,0,0,2,2,0,0,322,315,315,322,322,3,3,0,0
6607,GPR78,56,31,1,0,46,18,1,0,322,220,273,320,322,10,13,0,0
972,ARHGDIB,60,41,5,1,65,43,5,3,322,197,238,312,318,-5,-2,0,-2
2817,CELA3A,18,18,6,3,25,24,6,1,322,279,280,310,318,-7,-6,0,2
15817,SPANXB1,36,26,20,8,27,23,20,7,322,259,273,282,307,9,3,0,1
11380,OR13F1,9,9,0,0,9,9,0,0,322,304,304,322,322,0,0,0,0
3624,CRISP3,24,17,5,1,22,16,5,2,322,276,289,312,319,2,1,0,-1
1539,BHLHE23,25,22,6,0,23,19,6,1,322,274,281,310,321,2,3,0,-1
1585,BMP15,6,6,0,0,4,4,0,0,322,312,312,322,322,2,2,0,0
16958,TINF2,58,36,10,6,73,43,10,4,322,191,243,302,312,-15,-7,0,2
4780,EFCC1,45,22,4,1,58,30,4,0,322,219,270,314,321,-13,-8,0,1
7563,IGHD6-19,0,0,0,0,0,0,0,0,322,322,322,322,322,0,0,0,0
18562,VMAC,64,40,5,2,84,48,5,1,322,174,234,312,319,-20,-8,0,1
10933,NOX4,86,53,5,0,58,28,5,0,322,178,241,312,322,28,25,0,0
6087,GALNTL5,28,23,3,0,28,19,3,2,322,266,280,316,320,0,4,0,-2
7554,IGHD1OR15-1A,0,0,0,0,0,0,0,0,322,322,322,322,322,0,0,0,0
11761,OTC,30,23,1,0,19,11,1,1,322,273,288,320,321,11,12,0,-1
6588,GPR33,11,10,0,0,8,5,0,0,322,303,307,322,322,3,5,0,0
5934,FSHR,18,8,2,0,25,20,2,0,322,279,294,318,322,-7,-12,0,0
11336,OR10G2,8,7,2,0,6,6,2,0,322,308,309,318,322,2,1,0,0
8280,KCNS2,21,12,5,4,36,22,5,3,322,265,288,312,315,-15,-10,0,1
13175,PRR23D1,50,35,3,0,51,30,3,0,322,221,257,316,322,-1,5,0,0
3818,CTU1,98,54,13,2,57,33,13,3,322,167,235,296,317,41,21,0,-1
8265,KCNMB1,94,45,4,1,35,13,4,0,322,193,264,314,321,59,32,0,1
10946,NPBWR2,12,10,2,0,10,9,2,0,322,300,303,318,322,2,1,0,0
7551,IGHD1-20,0,0,0,0,0,0,0,0,322,322,322,322,322,0,0,0,0
7562,IGHD6-13,0,0,0,0,0,0,0,0,322,322,322,322,322,0,0,0,0
7550,IGHD1-14,0,0,0,0,0,0,0,0,322,322,322,322,322,0,0,0,0
8228,KCNH8,36,7,0,0,26,10,0,0,322,260,305,322,322,10,-3,0,0
6942,HAS1,40,25,9,2,36,28,9,3,322,246,269,304,317,4,-3,0,-1
743,ANKRD62,90,47,1,0,37,16,1,0,322,195,259,320,322,53,31,0,0
1571,BLOC1S2,54,29,8,5,67,34,8,0,322,201,259,306,317,-13,-5,0,5
878,APOL1,58,24,2,0,74,40,2,1,322,190,258,318,321,-16,-16,0,-1
15902,SPESP1,30,20,1,0,20,14,1,1,322,272,288,320,321,10,6,0,-1
7552,IGHD1-26,0,0,0,0,0,0,0,0,322,322,322,322,322,0,0,0,0
7549,IGHD1-1,0,0,0,0,0,0,0,0,322,322,322,322,322,0,0,0,0
7548,IGHD,7,7,0,0,7,6,0,0,322,308,309,322,322,0,1,0,0
12630,PLPPR2,58,36,9,4,75,34,9,5,322,189,252,304,313,-17,2,0,-1
8255,KCNK17,14,7,1,0,24,20,1,0,322,284,295,320,322,-10,-13,0,0
6088,GALNTL6,32,16,2,1,41,18,2,1,322,249,288,318,320,-9,-2,0,0
8256,KCNK18,9,9,2,0,14,14,2,0,322,299,299,318,322,-5,-5,0,0
7561,IGHD5OR15-5A,0,0,0,0,0,0,0,0,322,322,322,322,322,0,0,0,0
7553,IGHD1-7,0,0,0,0,0,0,0,0,322,322,322,322,322,0,0,0,0
6596,GPR45,49,28,8,4,62,38,8,3,322,211,256,306,315,-13,-10,0,1
3062,CHRNA1,47,33,6,1,50,31,6,0,322,225,258,310,321,-3,2,0,1
8285,KCNV1,63,30,1,0,39,19,1,0,322,220,273,320,322,24,11,0,0
10345,MYH3,48,22,2,0,62,23,2,0,322,212,277,318,322,-14,-1,0,0
18512,VAV1,55,31,4,0,53,28,4,0,322,214,263,314,322,2,3,0,0
19317,ZNF438,63,31,4,0,92,54,4,1,322,167,237,314,321,-29,-23,0,-1
17447,TOPAZ1,17,5,0,0,16,6,0,0,322,289,311,322,322,1,-1,0,0
15829,SPATA1,77,51,7,2,77,37,7,0,322,168,234,308,320,0,14,0,2
7429,ICMT,42,18,3,2,70,38,3,0,322,210,266,316,320,-28,-20,0,2
3309,CNGA2,9,1,0,0,6,2,0,0,322,307,319,322,322,3,-1,0,0
9968,MPEG1,25,16,4,1,35,21,4,2,322,262,285,314,319,-10,-5,0,-1
7559,IGHD5-18,0,0,0,0,0,0,0,0,322,322,322,322,322,0,0,0,0
13145,PRPF39,54,31,9,2,64,37,9,2,322,204,254,304,318,-10,-6,0,0
16975,TLCD3A,37,23,10,6,108,65,10,0,322,177,234,302,316,-71,-42,0,6
11414,OR1Q1,36,32,4,0,30,26,4,0,322,256,264,314,322,6,6,0,0
7564,IGHD6-25,0,0,0,0,0,0,0,0,322,322,322,322,322,0,0,0,0
10943,NPAT,49,24,7,1,118,64,7,1,322,155,234,308,320,-69,-40,0,0
6948,HAUS2,63,35,5,3,49,26,5,2,322,210,261,312,317,14,9,0,1
12154,PDHA2,10,6,0,0,2,0,0,0,322,310,316,322,322,8,6,0,0
4030,DBX2,27,10,1,0,27,13,1,0,322,268,299,320,322,0,-3,0,0
10015,MRGPRX2,8,5,0,0,18,8,0,0,322,296,309,322,322,-10,-3,0,0
8213,KCNE3,74,32,5,3,56,35,5,0,322,192,255,312,319,18,-3,0,3
15833,SPATA17,76,48,7,1,80,44,7,0,322,166,230,308,321,-4,4,0,1
11374,OR13C3,18,14,2,0,12,10,2,0,322,292,298,318,322,6,4,0,0
1542,BHMT,26,18,1,0,17,8,1,1,322,279,296,320,321,9,10,0,-1
15846,SPATA31A5,15,9,0,0,16,8,0,0,322,291,305,322,322,-1,1,0,0
18567,VN1R4,17,15,0,0,11,11,0,0,322,294,296,322,322,6,4,0,0
6944,HAS3,86,54,7,3,70,45,7,2,322,166,223,308,317,16,9,0,1
15852,SPATA31E1,14,6,0,0,14,9,0,0,322,294,307,322,322,0,-3,0,0
15851,SPATA31D4,4,2,0,0,3,1,0,0,322,315,319,322,322,1,1,0,0
15954,SPPL2C,29,13,1,0,5,3,1,0,322,288,306,320,322,24,10,0,0
15849,SPATA31D1,2,1,0,0,7,1,0,0,322,313,320,322,322,-5,0,0,0
15848,SPATA31A7,4,4,1,0,10,9,1,0,322,308,309,320,322,-6,-5,0,0
7560,IGHD5-24,0,0,0,0,0,0,0,0,322,322,322,322,322,0,0,0,0
11124,NTSR2,20,15,2,1,13,7,2,1,322,289,300,318,320,7,8,0,0
4051,DCANP1,3,1,0,0,4,2,0,0,322,315,319,322,322,-1,-1,0,0
15844,SPATA31A1,16,9,0,0,11,8,0,0,322,295,305,322,322,5,1,0,0
7060,HEXD,59,42,11,4,89,47,11,2,322,174,233,300,316,-30,-5,0,2
2842,CENPL,82,46,6,1,49,25,6,1,322,191,251,310,320,33,21,0,0
5933,FSHB,11,4,0,0,9,3,0,0,322,302,315,322,322,2,1,0,0
13181,PRR33,9,3,0,0,8,3,0,0,322,305,316,322,322,1,0,0,0
18570,VNN3,30,22,2,0,13,10,2,0,322,279,290,318,322,17,12,0,0
4036,DCAF12L2,11,5,0,0,45,16,0,0,322,266,301,322,322,-34,-11,0,0
7376,HTR1A,6,3,0,0,3,1,0,0,322,313,318,322,322,3,2,0,0
15727,SOAT2,55,34,5,0,67,35,5,0,322,200,253,312,322,-12,-1,0,0
18695,WDR36,52,24,4,2,76,48,4,0,322,194,250,314,320,-24,-24,0,2
7442,IDI1,64,42,7,5,82,46,7,3,322,176,234,308,314,-18,-4,0,2
12561,PLD5,36,17,2,0,39,20,2,1,322,247,285,318,321,-3,-3,0,-1
11688,OR8B2,13,11,3,1,8,8,3,1,322,301,303,316,320,5,3,0,0
11386,OR14C36,3,3,0,0,5,5,0,0,322,314,314,322,322,-2,-2,0,0
8534,KLRF1,27,24,9,1,32,30,9,1,322,263,268,304,320,-5,-6,0,0
17123,TMEM164,39,19,4,0,78,46,4,1,322,205,257,314,321,-39,-27,0,-1
7466,IFIT1,40,25,7,2,120,68,7,0,322,162,229,308,320,-80,-43,0,2
11686,OR8A1,64,31,3,2,61,28,3,1,322,197,263,316,319,3,3,0,1
6503,GPAT4,45,22,7,6,77,46,7,0,322,200,254,308,316,-32,-24,0,6
1754,C11orf42,34,32,9,3,25,18,9,6,322,263,272,304,313,9,14,0,-3
11685,OR7G3,15,15,2,0,9,9,2,0,322,298,298,318,322,6,6,0,0
6499,GPAM,43,21,6,2,71,35,6,0,322,208,266,310,320,-28,-14,0,2
11345,OR10H3,2,2,0,0,3,2,0,0,322,317,318,322,322,-1,0,0,0
837,APCDD1L,58,32,9,5,40,27,9,8,322,224,263,304,309,18,5,0,-3
17162,TMEM200B,82,42,2,1,66,40,2,0,322,174,240,318,321,16,2,0,1
15505,SLITRK4,27,10,0,0,58,19,0,0,322,237,293,322,322,-31,-9,0,0
15501,SLIT3,61,22,2,0,40,23,2,0,322,221,277,318,322,21,-1,0,0
12339,PHGR1,18,11,8,2,9,9,8,1,322,295,302,306,319,9,2,0,1
11270,OGFOD3,36,18,4,2,76,33,4,1,322,210,271,314,319,-40,-15,0,1
12086,PCP4,29,23,13,2,32,20,13,2,322,261,279,296,318,-3,3,0,0
9828,MINDY4B,10,6,0,0,25,10,0,0,322,287,306,322,322,-15,-4,0,0
6011,GAB4,11,5,0,0,14,7,0,0,322,297,310,322,322,-3,-2,0,0
10757,NHLRC1,72,37,10,1,107,69,10,0,322,143,216,302,321,-35,-32,0,1
18698,WDR4,29,22,6,1,100,50,6,2,322,193,250,310,319,-71,-28,0,-1
2744,CDK5R2,58,31,4,4,78,43,4,1,322,186,248,314,317,-20,-12,0,3
19433,ZNF587B,51,23,6,2,97,66,6,1,322,174,233,310,319,-46,-43,0,1
7250,HOXD10,55,23,6,0,51,31,6,0,322,216,268,310,322,4,-8,0,0
11696,OR8G3P,17,15,0,0,15,9,0,0,322,290,298,322,322,2,6,0,0
1725,BTNL9,57,35,4,0,52,27,4,1,322,213,260,314,321,5,8,0,-1
13325,PTAFR,97,46,4,1,39,17,4,0,322,186,259,314,321,58,29,0,1
17087,TMEM128,56,34,4,0,70,38,4,1,322,196,250,314,321,-14,-4,0,-1
15556,SMCP,7,7,1,1,4,4,1,0,322,311,311,320,321,3,3,0,1
8503,KLHL41,81,50,12,5,74,42,12,1,322,167,230,298,316,7,8,0,4
10761,NHP2,46,30,10,5,47,28,10,6,322,229,264,302,311,-1,2,0,-1
18670,WBP2NL,76,51,1,0,51,33,1,1,322,195,238,320,321,25,18,0,-1
15550,SMC6,41,24,9,2,83,38,9,1,322,198,260,304,319,-42,-14,0,1
13330,PTCD1,66,39,6,2,89,39,6,1,322,167,244,310,319,-23,0,0,1
13331,PTCD2,69,34,5,2,66,34,5,1,322,187,254,312,319,3,0,0,1
4100,DDHD2,47,29,9,4,107,59,9,1,322,168,234,304,317,-60,-30,0,3
11344,OR10H2,4,4,0,0,4,3,0,0,322,314,315,322,322,0,1,0,0
17166,TMEM203,45,19,8,4,90,50,8,1,322,187,253,306,317,-45,-31,0,3
6978,HCK,48,23,1,0,51,24,1,0,322,223,275,320,322,-3,-1,0,0
7478,IFNA13,15,12,2,1,9,7,2,0,322,298,303,318,321,6,5,0,1
11695,OR8G1,24,13,0,0,28,10,0,0,322,270,299,322,322,-4,3,0,0
1739,C10orf120,6,4,0,0,4,4,0,0,322,312,314,322,322,2,0,0,0
10978,NPIPB7,105,63,12,5,69,49,12,4,322,148,210,298,313,36,14,0,1
8518,KLK3,32,27,4,0,23,21,4,1,322,267,274,314,321,9,6,0,-1
8522,KLK7,88,45,4,1,51,24,4,0,322,183,253,314,321,37,21,0,1
5064,EPS8L3,26,15,1,0,36,18,1,0,322,260,289,320,322,-10,-3,0,0
11693,OR8D2,13,7,2,1,12,9,2,1,322,297,306,318,320,1,-2,0,0
1018,ARL14EP,48,23,8,4,81,50,8,0,322,193,249,306,318,-33,-27,0,4
11692,OR8D1,28,9,1,0,26,9,1,0,322,268,304,320,322,2,0,0,0
13380,PTPDC1,34,23,2,1,77,43,2,0,322,211,256,318,321,-43,-20,0,1
11351,OR10K1,92,40,2,0,38,19,2,2,322,192,263,318,320,54,21,0,-2
7080,HHLA1,13,5,1,0,12,6,1,0,322,297,311,320,322,1,-1,0,0
18720,WDR72,52,26,0,0,55,20,0,0,322,215,276,322,322,-3,6,0,0
13413,PTPRO,83,38,5,1,42,19,5,3,322,197,265,312,318,41,19,0,-2
13415,PTPRR,60,40,4,2,111,61,4,1,322,151,221,314,319,-51,-21,0,1
11349,OR10J3,3,3,0,0,3,3,0,0,322,316,316,322,322,0,0,0,0
15439,SLC6A5,11,2,0,0,9,4,0,0,322,302,316,322,322,2,-2,0,0
13420,PTRH1,60,32,4,2,60,34,4,2,322,202,256,314,318,0,-2,0,0
4142,DDX50,41,21,5,2,73,38,5,1,322,208,263,312,319,-32,-17,0,1
17144,TMEM182,82,47,6,0,68,40,6,3,322,172,235,310,319,14,7,0,-3
2705,CDH22,20,12,2,1,32,16,2,0,322,270,294,318,321,-12,-4,0,1
15432,SLC6A17,32,16,0,0,49,17,0,0,322,241,289,322,322,-17,-1,0,0
4622,DUSP11,47,26,6,2,62,34,6,1,322,213,262,310,319,-15,-8,0,1
15429,SLC6A14,63,31,1,0,43,20,1,0,322,216,271,320,322,20,11,0,0
17884,TRMT61B,66,33,4,3,96,51,4,1,322,160,238,314,318,-30,-18,0,2
5069,ERAL1,45,31,8,5,67,43,8,1,322,210,248,306,316,-22,-12,0,4
6143,GBP2,47,21,1,0,75,24,1,1,322,200,277,320,321,-28,-3,0,-1
15421,SLC5A9,34,26,4,1,28,21,4,0,322,260,275,314,321,6,5,0,1
15420,SLC5A8,17,5,1,0,16,6,1,0,322,289,311,320,322,1,-1,0,0
19426,ZNF582,81,54,8,3,66,32,8,3,322,175,236,306,316,15,22,0,0
3292,CMTM3,49,33,13,5,109,58,13,6,322,164,231,296,311,-60,-25,0,-1
17882,TRMT6,56,25,5,1,89,54,5,1,322,177,243,312,320,-33,-29,0,0
15410,SLC5A1,33,14,0,0,17,6,0,0,322,272,302,322,322,16,8,0,0
18731,WDR87,34,12,0,0,8,3,0,0,322,280,307,322,322,26,9,0,0
350,ADH1A,18,14,0,0,12,5,0,0,322,292,303,322,322,6,9,0,0
8590,KRT24,11,11,0,0,5,3,0,0,322,306,308,322,322,6,8,0,0
15401,SLC4A7,41,18,7,1,99,51,7,1,322,182,253,308,320,-58,-33,0,0
5525,FASTK,47,26,8,5,72,35,8,2,322,203,261,306,315,-25,-9,0,3
13408,PTPRJ,50,23,2,1,74,33,2,0,322,198,266,318,321,-24,-10,0,1
4625,DUSP14,44,23,9,4,81,43,9,2,322,197,256,304,316,-37,-20,0,2
8569,KRBOX4,64,27,7,3,48,30,7,4,322,210,265,308,315,16,-3,0,-1
4126,DDX25,99,52,4,1,57,29,4,1,322,166,241,314,320,42,23,0,0
15485,SLCO4A1,64,37,3,3,54,32,3,2,322,204,253,316,317,10,5,0,1
8554,KNTC1,49,29,4,1,64,30,4,0,322,209,263,314,321,-15,-1,0,1
15481,SLCO1C1,27,13,4,2,18,16,4,0,322,277,293,314,320,9,-3,0,2
10984,NPM2,92,73,16,6,72,57,16,3,322,158,192,290,313,20,16,0,3
833,APBB3,51,32,7,5,87,56,7,4,322,184,234,308,313,-36,-24,0,1
3695,CSMD2,77,43,3,1,56,28,3,0,322,189,251,316,321,21,15,0,1
17136,TMEM176B,67,50,5,1,42,32,5,1,322,213,240,312,320,25,18,0,0
7238,HOXB8,78,46,15,3,81,57,15,7,322,163,219,292,312,-3,-11,0,-4
15476,SLC9C2,31,20,4,1,27,19,4,2,322,264,283,314,319,4,1,0,-1
5520,FARSA,39,24,8,6,83,49,8,3,322,200,249,306,313,-44,-25,0,3
15472,SLC9A9,75,62,19,1,94,56,19,3,322,153,204,284,318,-19,6,0,-2
5912,FRMD7,33,16,0,0,37,16,0,0,322,252,290,322,322,-4,0,0,0
4129,DDX31,58,38,4,1,53,30,4,0,322,211,254,314,321,5,8,0,1
354,ADH5,44,28,9,8,62,32,9,1,322,216,262,304,313,-18,-4,0,7
15467,SLC9A4,72,39,2,0,47,23,2,0,322,203,260,318,322,25,16,0,0
3481,COQ8A,42,31,16,4,111,68,16,5,322,169,223,290,313,-69,-37,0,-1
17158,TMEM196,17,8,0,0,15,8,0,0,322,290,306,322,322,2,0,0,0
10392,MYO5C,73,42,4,0,49,23,4,0,322,200,257,314,322,24,19,0,0
11679,OR7C2,4,4,0,0,6,6,0,0,322,312,312,322,322,-2,-2,0,0
19581,ZNF783,53,27,5,2,88,54,5,0,322,181,241,312,320,-35,-27,0,2
19583,ZNF785,54,27,3,1,68,49,3,1,322,200,246,316,320,-14,-22,0,0
11677,OR7A5,12,6,0,0,6,4,0,0,322,304,312,322,322,6,2,0,0
11700,OR8H3,6,6,0,0,1,1,0,0,322,315,315,322,322,5,5,0,0
11702,OR8J1,9,6,0,0,1,1,0,0,322,312,315,322,322,8,5,0,0
3105,CIAPIN1,46,24,8,6,81,54,8,2,322,195,244,306,314,-35,-30,0,4
11715,OR9K2,8,5,0,0,2,0,0,0,322,312,317,322,322,6,5,0,0
672,ANK3,67,40,8,4,69,28,8,2,322,186,254,306,316,-2,12,0,2
2795,CEACAM18,9,6,1,0,11,7,1,0,322,302,309,320,322,-2,-1,0,0
18629,VSX2,32,19,2,0,24,15,2,1,322,266,288,318,321,8,4,0,-1
9932,MOCS1,46,30,5,3,66,40,5,0,322,210,252,312,319,-20,-10,0,3
1669,BRIX1,57,28,5,0,58,38,5,0,322,207,256,312,322,-1,-10,0,0
17482,TPCN1,60,23,4,2,81,41,4,1,322,181,258,314,319,-21,-18,0,1
11717,OR9Q2,8,6,0,0,7,6,0,0,322,307,310,322,322,1,0,0,0
4698,EBF1,70,30,0,0,35,21,0,0,322,217,271,322,322,35,9,0,0
11716,OR9Q1,12,1,0,0,10,4,0,0,322,300,317,322,322,2,-3,0,0
17064,TMEM102,58,38,17,3,104,72,17,6,322,160,212,288,313,-46,-34,0,-3
2790,CDY2B,2,2,0,0,1,1,0,0,322,319,319,322,322,1,1,0,0
5925,FSBP,51,24,4,0,89,52,4,0,322,182,246,314,322,-38,-28,0,0
461,AHR,66,25,3,0,55,24,3,0,322,201,273,316,322,11,1,0,0
19259,ZNF334,59,30,4,2,42,26,4,0,322,221,266,314,320,17,4,0,2
8426,KIR2DL3,16,9,1,0,8,4,1,1,322,298,309,320,321,8,5,0,-1
1678,BRSK1,80,47,13,6,93,57,13,6,322,149,218,296,310,-13,-10,0,0
5687,FGF10,46,19,0,0,34,18,0,0,322,242,285,322,322,12,1,0,0
13264,PSKH1,29,19,9,7,131,81,9,1,322,162,222,304,314,-102,-62,0,6
11381,OR13G1,12,5,0,0,2,2,0,0,322,308,315,322,322,10,3,0,0
8429,KIR3DL2,16,9,0,0,12,7,0,0,322,294,306,322,322,4,2,0,0
15658,SNCG,77,61,19,6,69,45,19,11,322,176,216,284,305,8,16,0,-5
8430,KIR3DL3,15,9,1,0,12,5,1,0,322,295,308,320,322,3,4,0,0
15655,SNCA,72,43,6,1,87,50,6,1,322,163,229,310,320,-15,-7,0,0
13265,PSKH2,10,5,1,0,22,11,1,0,322,290,306,320,322,-12,-6,0,0
17481,TPBGL,34,13,1,0,36,23,1,0,322,252,286,320,322,-2,-10,0,0
19260,ZNF335,49,29,6,3,81,50,6,1,322,192,243,310,318,-32,-21,0,2
11439,OR2C3,20,11,1,0,44,27,1,0,322,258,284,320,322,-24,-16,0,0
17893,TRPC1,69,38,8,3,115,71,8,0,322,138,213,306,319,-46,-33,0,3
11285,OLFML2A,61,30,4,0,56,24,4,1,322,205,268,314,321,5,6,0,-1
5089,ERF,53,29,11,6,91,52,11,2,322,178,241,300,314,-38,-23,0,4
18613,VSIG1,64,34,4,1,45,20,4,0,322,213,268,314,321,19,14,0,1
13243,PSAPL1,45,14,0,0,15,5,0,0,322,262,303,322,322,30,9,0,0
7518,IFT88,45,20,5,2,75,41,5,2,322,202,261,312,318,-30,-21,0,0
5179,EVC,55,32,7,2,77,55,7,1,322,190,235,308,319,-22,-23,0,1
5928,FSCN2,71,41,5,1,83,49,5,0,322,168,232,312,321,-12,-8,0,1
6549,GPR139,18,8,0,0,18,10,0,0,322,286,304,322,322,0,-2,0,0
8390,KIF19,26,11,1,0,42,22,1,0,322,254,289,320,322,-16,-11,0,0
3084,CHST15,60,25,5,3,79,40,5,2,322,183,257,312,317,-19,-15,0,1
1658,BRD9,41,22,8,4,81,46,8,0,322,200,254,306,318,-40,-24,0,4
669,ANHX,13,9,0,0,8,3,0,0,322,301,310,322,322,5,6,0,0
8406,KIF2B,6,0,0,0,8,4,0,0,322,308,318,322,322,-2,-4,0,0
15702,SNX15,66,30,7,6,59,33,7,4,322,197,259,308,312,7,-3,0,2
5926,FSCB,8,1,0,0,6,0,0,0,322,308,321,322,322,2,1,0,0
18060,TTLL8,21,11,0,0,12,6,0,0,322,289,305,322,322,9,5,0,0
13249,PSD4,57,30,4,1,66,34,4,0,322,199,258,314,321,-9,-4,0,1
10968,NPIPA9,85,49,21,13,70,53,21,12,322,167,220,280,297,15,-4,0,1
5492,FAM90A9P,7,6,1,0,5,4,1,1,322,310,312,320,321,2,2,0,-1
18054,TTLL2,47,21,2,0,51,22,2,0,322,224,279,318,322,-4,-1,0,0
2796,CEACAM19,109,60,7,4,45,28,7,2,322,168,234,308,316,64,32,0,2
4709,ECE1,47,30,3,1,66,32,3,0,322,209,260,316,321,-19,-2,0,1
5180,EVC2,51,22,0,0,28,17,0,0,322,243,283,322,322,23,5,0,0
12587,PLEKHG7,40,26,4,1,66,41,4,0,322,216,255,314,321,-26,-15,0,1
3545,CPM,72,39,6,1,65,35,6,0,322,185,248,310,321,7,4,0,1
17180,TMEM218,65,38,7,3,57,43,7,1,322,200,241,308,318,8,-5,0,2
11714,OR9I1,2,0,0,0,3,0,0,0,322,317,322,322,322,-1,0,0,0
6971,HCAR1,100,50,3,1,31,11,3,0,322,191,261,316,321,69,39,0,1
9904,MMP27,10,3,0,0,5,2,0,0,322,307,317,322,322,5,1,0,0
15608,SMIM8,58,40,6,3,84,49,6,0,322,180,233,310,319,-26,-9,0,3
5918,FRRS1,55,29,1,1,43,13,1,0,322,224,280,320,321,12,16,0,1
15604,SMIM43,41,21,4,3,45,24,4,0,322,236,277,314,319,-4,-3,0,3
388,ADRB3,46,25,3,1,35,21,3,2,322,241,276,316,319,11,4,0,-1
9903,MMP26,7,6,0,0,4,4,0,0,322,311,312,322,322,3,2,0,0
18043,TTF1,69,39,2,1,48,22,2,1,322,205,261,318,320,21,17,0,0
15598,SMIM38,61,37,2,0,69,47,2,0,322,192,238,318,322,-8,-10,0,0
1704,BTBD8,75,38,6,3,85,40,6,0,322,162,244,310,319,-10,-2,0,3
13301,PSMD5,33,24,9,6,105,67,9,1,322,184,231,304,315,-72,-43,0,5
1706,BTC,52,28,4,0,62,30,4,1,322,208,264,314,321,-10,-2,0,-1
8473,KLHL1,17,8,0,0,8,3,0,0,322,297,311,322,322,9,5,0,0
15650,SNAPC2,52,26,10,5,79,56,10,1,322,191,240,302,316,-27,-30,0,4
10416,MYRIP,43,16,0,0,49,21,0,0,322,230,285,322,322,-6,-5,0,0
13302,PSMD6,68,42,10,6,54,30,10,2,322,200,250,302,314,14,12,0,4
9897,MMP20,25,9,0,0,26,13,0,0,322,271,300,322,322,-1,-4,0,0
11708,OR8U1,2,2,0,0,1,1,0,0,322,319,319,322,322,1,1,0,0
10971,NPIPB13,76,57,26,18,93,69,26,17,322,153,196,270,287,-17,-12,0,1
8480,KLHL17,70,32,6,2,81,44,6,0,322,171,246,310,320,-11,-12,0,2
13314,PSMG3,42,23,6,1,51,23,6,3,322,229,276,310,318,-9,0,0,-2
11706,OR8K5,1,1,0,0,4,4,0,0,322,317,317,322,322,-3,-3,0,0
1722,BTNL2,10,10,3,1,13,12,3,2,322,299,300,316,319,-3,-2,0,-1
11704,OR8K1,6,4,0,0,1,1,0,0,322,315,317,322,322,5,3,0,0
5917,FRMPD4,45,18,1,0,37,24,1,1,322,240,280,320,321,8,-6,0,-1
3883,CYB561A3,65,35,3,2,38,18,3,0,322,219,269,316,320,27,17,0,2
12101,PCYT2,50,31,8,4,101,54,8,6,322,171,237,306,312,-51,-23,0,-2
9909,MMP9,69,35,1,0,37,18,1,0,322,216,269,320,322,32,17,0,0
17891,TROAP,46,25,12,4,102,61,12,8,322,174,236,298,310,-56,-36,0,-4
18638,VWA3B,42,14,2,0,49,30,2,1,322,231,278,318,321,-7,-16,0,-1
2788,CDY1B,5,3,0,0,6,2,0,0,322,311,317,322,322,-1,1,0,0
2787,CDY1,3,2,0,0,2,2,0,0,322,317,318,322,322,1,0,0,0
2786,CDX4,9,5,0,0,4,2,0,0,322,309,315,322,322,5,3,0,0
5291,FAM110D,85,59,7,3,63,38,7,3,322,174,225,308,316,22,21,0,0
393,ADTRP,88,58,16,4,77,51,16,3,322,157,213,290,315,11,7,0,1
5684,FGD5,68,40,6,2,46,21,6,2,322,208,261,310,318,22,19,0,0
15639,SMYD4,56,28,6,2,72,39,6,1,322,194,255,310,319,-16,-11,0,1
988,ARHGEF3,72,43,5,1,81,42,5,1,322,169,237,312,320,-9,1,0,0
3174,CLDN17,5,4,0,0,3,3,0,0,322,314,315,322,322,2,1,0,0
11713,OR9G4,4,0,0,0,4,1,0,0,322,314,321,322,322,0,-1,0,0
11342,OR10G9,2,2,0,0,2,2,0,0,322,318,318,322,322,0,0,0,0
18644,VWC2,15,2,0,0,27,6,0,0,322,280,314,322,322,-12,-4,0,0
11712,OR9G1,5,0,0,0,8,5,0,0,322,309,317,322,322,-3,-5,0,0
13283,PSMB8,39,26,7,5,83,54,7,2,322,200,242,308,315,-44,-28,0,3
15626,SMR3A,3,2,0,0,4,3,0,0,322,315,317,322,322,-1,-1,0,0
4684,E2F1,41,27,5,3,77,35,5,4,322,204,260,312,315,-36,-8,0,-1
1694,BTBD10,44,25,5,3,90,53,5,1,322,188,244,312,318,-46,-28,0,2
18648,VWF,30,12,1,0,49,22,1,0,322,243,288,320,322,-19,-10,0,0
844,APH1B,67,37,4,2,97,52,4,0,322,158,233,314,320,-30,-15,0,2
18649,VXN,81,60,16,7,74,53,16,5,322,167,209,290,310,7,7,0,2
5086,ERCC6L2,38,20,7,1,117,71,7,0,322,167,231,308,321,-79,-51,0,1
7490,IFNAR2,47,28,8,2,101,49,8,3,322,174,245,306,317,-54,-21,0,-1
7572,IGHJ1,0,0,0,0,0,0,0,0,322,322,322,322,322,0,0,0,0
18485,UTS2B,105,65,11,5,58,41,11,1,322,159,216,300,316,47,24,0,4
17411,TNR,25,5,0,0,12,4,0,0,322,285,313,322,322,13,1,0,0
16528,TAS2R31,70,57,11,1,108,75,11,2,322,144,190,300,319,-38,-18,0,-1
7823,IL26,11,9,2,0,8,6,2,1,322,303,307,318,321,3,3,0,-1
12006,PCDHA10,74,35,3,0,47,23,3,0,322,201,264,316,322,27,12,0,0
3957,CYP4F8,64,35,3,0,62,40,3,0,322,196,247,316,322,2,-5,0,0
16468,TAF1L,72,27,0,0,34,15,0,0,322,216,280,322,322,38,12,0,0
3135,CKAP2,38,21,8,4,92,50,8,0,322,192,251,306,318,-54,-29,0,4
3959,CYP4X1,49,22,2,0,26,8,2,0,322,247,292,318,322,23,14,0,0
19458,ZNF621,59,25,3,1,43,24,3,1,322,220,273,316,320,16,1,0,0
18301,UGT2B11,23,8,1,0,28,13,1,0,322,271,301,320,322,-5,-5,0,0
12710,PNRC2,82,50,21,9,96,59,21,9,322,144,213,280,304,-14,-9,0,0
6781,GTPBP3,41,26,6,4,51,28,6,4,322,230,268,310,314,-10,-2,0,0
11417,OR1S2,3,3,0,0,6,6,0,0,322,313,313,322,322,-3,-3,0,0
18303,UGT2B17,14,8,1,1,23,5,1,1,322,285,309,320,320,-9,3,0,0
16459,TAF11L8,6,6,3,1,6,5,3,1,322,310,311,316,320,0,1,0,0
6077,GALNT17,23,14,5,1,36,25,5,2,322,263,283,312,319,-13,-11,0,-1
2960,CFH,54,28,1,0,54,32,1,1,322,214,262,320,321,0,-4,0,-1
16452,TAF11L14,13,13,1,0,8,7,1,0,322,301,302,320,322,5,6,0,0
3964,CYP8B1,69,40,1,0,60,25,1,0,322,193,257,320,322,9,15,0,0
2957,CFC1B,5,3,1,0,7,3,1,1,322,310,316,320,321,-2,0,0,-1
5136,ESM1,61,42,5,3,38,28,5,0,322,223,252,312,319,23,14,0,3
17241,TMEM35B,59,35,7,3,72,32,7,4,322,191,255,308,315,-13,3,0,-1
1312,ATP8B3,74,30,3,1,57,27,3,0,322,191,265,316,321,17,3,0,1
6777,GTF3C6,43,27,7,4,66,31,7,4,322,213,264,308,314,-23,-4,0,0
16795,TEX47,1,0,0,0,4,1,0,0,322,317,321,322,322,-3,-1,0,0
11314,OPN1MW3,11,10,6,0,12,9,6,4,322,299,303,310,318,-1,1,0,-4
16441,TACSTD2,40,22,3,2,76,40,3,0,322,206,260,316,320,-36,-18,0,2
10801,NKD2,38,20,3,2,70,35,3,1,322,214,267,316,319,-32,-15,0,1
5971,FUZ,96,58,11,6,59,42,11,4,322,167,222,300,312,37,16,0,2
18296,UGT1A9,19,13,2,1,18,9,2,2,322,285,300,318,319,1,4,0,-1
16499,TANGO6,50,26,6,2,107,63,6,2,322,165,233,310,318,-57,-37,0,0
10441,NAA40,36,19,6,1,91,43,6,1,322,195,260,310,320,-55,-24,0,0
16523,TAS2R16,3,3,0,0,2,2,0,0,322,317,317,322,322,1,1,0,0
3711,CSNKA2IP,15,6,0,0,13,8,0,0,322,294,308,322,322,2,-2,0,0
12849,PPCDC,70,40,9,4,94,52,9,1,322,158,230,304,317,-24,-12,0,3
1284,ATP6V0A4,54,31,4,2,71,41,4,0,322,197,250,314,320,-17,-10,0,2
5343,FAM166B,79,66,13,4,80,56,13,3,322,163,200,296,315,-1,10,0,1
16771,TEX13A,22,14,1,0,23,19,1,0,322,277,289,320,322,-1,-5,0,0
7796,IL18R1,58,31,2,0,35,18,2,0,322,229,273,318,322,23,13,0,0
10843,NLRP5,50,36,13,2,46,33,13,5,322,226,253,296,315,4,3,0,-3
16505,TAP2,47,29,6,1,92,52,6,1,322,183,241,310,320,-45,-23,0,0
10291,MUC7,20,10,1,0,22,12,1,0,322,280,300,320,322,-2,-2,0,0
16773,TEX13C,38,14,0,0,20,8,0,0,322,264,300,322,322,18,6,0,0
7643,IGKJ2,0,0,0,0,0,0,0,0,322,322,322,322,322,0,0,0,0
935,ARHGAP1,43,23,5,5,83,38,5,0,322,196,261,312,317,-40,-15,0,5
11941,PARP6,69,33,6,4,67,40,6,1,322,186,249,310,317,2,-7,0,3
16774,TEX13D,18,10,0,0,12,4,0,0,322,292,308,322,322,6,6,0,0
7648,IGKV1-16,5,5,4,4,5,5,4,3,322,312,312,314,315,0,0,0,1
7818,IL22RA2,30,10,1,0,21,11,1,0,322,271,301,320,322,9,-1,0,0
12860,PPFIBP2,71,46,15,6,106,69,15,6,322,145,207,292,310,-35,-23,0,0
128,ACADSB,48,25,3,1,69,33,3,0,322,205,264,316,321,-21,-8,0,1
3864,CXCL9,27,12,0,0,29,10,0,0,322,266,300,322,322,-2,2,0,0
7644,IGKJ3,1,1,0,0,0,0,0,0,322,321,321,322,322,1,1,0,0
18292,UGT1A5,28,19,4,2,19,12,4,1,322,275,291,314,319,9,7,0,1
16480,TAF9,46,23,6,2,66,46,6,1,322,210,253,310,319,-20,-23,0,1
16440,TACR3,15,7,0,0,12,5,0,0,322,295,310,322,322,3,2,0,0
6773,GTF3C2,45,29,9,9,103,53,9,1,322,174,240,304,312,-58,-24,0,8
16796,TEX48,52,42,5,0,24,19,5,0,322,246,261,312,322,28,23,0,0
5408,FAM228A,55,43,17,2,64,48,17,3,322,203,231,288,317,-9,-5,0,-1
18150,TYROBP,23,22,18,4,31,28,18,16,322,268,272,286,302,-8,-6,0,-12
17976,TSPY1,2,2,0,0,0,0,0,0,322,320,320,322,322,2,2,0,0
721,ANKRD34C,11,2,0,0,15,5,0,0,322,296,315,322,322,-4,-3,0,0
10431,N6AMT1,64,32,4,1,55,26,4,1,322,203,264,314,320,9,6,0,0
12916,PPP1R17,20,13,7,5,22,15,7,4,322,280,294,308,313,-2,-2,0,1
7033,HELZ2,53,30,2,1,111,39,2,2,322,158,253,318,319,-58,-9,0,-1
3909,CYP11B1,10,4,0,0,10,4,0,0,322,302,314,322,322,0,0,0,0
16825,TFF3,17,13,6,3,21,15,6,2,322,284,294,310,317,-4,-2,0,1
16390,SYNPR,23,18,9,2,31,26,9,0,322,268,278,304,320,-8,-8,0,2
11310,OPLAH,60,41,9,1,58,36,9,1,322,204,245,304,320,2,5,0,0
17321,TMPRSS2,65,35,3,0,51,29,3,0,322,206,258,316,322,14,6,0,0
7625,IGHV3OR16-9,5,5,3,3,3,3,3,1,322,314,314,316,318,2,2,0,2
6090,GALR1,68,30,0,0,19,3,0,0,322,235,289,322,322,49,27,0,0
3983,DAAM2,40,16,3,0,66,34,3,0,322,216,272,316,322,-26,-18,0,0
18335,UNC50,59,32,8,5,79,48,8,2,322,184,242,306,315,-20,-16,0,3
16381,SYNGR4,86,63,18,7,80,55,18,6,322,156,204,286,309,6,8,0,1
18336,UNC5A,43,24,3,1,47,26,3,0,322,232,272,316,321,-4,-2,0,1
17324,TMPRSS5,64,39,11,5,101,74,11,0,322,157,209,300,317,-37,-35,0,5
12925,PPP1R2B,43,23,2,1,36,15,2,0,322,243,284,318,321,7,8,0,1
12926,PPP1R2C,3,2,0,0,4,4,0,0,322,315,316,322,322,-1,-2,0,0
11355,OR10R2,7,7,1,0,8,4,1,0,322,307,311,320,322,-1,3,0,0
11903,PANX2,42,29,8,2,87,45,8,0,322,193,248,306,320,-45,-16,0,2
2926,CFAP298-TCP10L,87,56,10,3,65,35,10,4,322,170,231,302,315,22,21,0,-1
19501,ZNF682,67,41,7,2,78,44,7,2,322,177,237,308,318,-11,-3,0,0
16398,SYT10,30,13,0,0,30,15,0,0,322,262,294,322,322,0,-2,0,0
615,AMELY,4,4,0,0,1,1,0,0,322,317,317,322,322,3,3,0,0
3970,CYSLTR2,37,17,2,0,23,14,2,2,322,262,291,318,320,14,3,0,-2
10295,MUS81,42,20,11,7,80,47,11,4,322,200,255,300,311,-38,-27,0,3
16797,TEX49,22,22,13,7,37,35,13,7,322,263,265,296,308,-15,-13,0,0
3353,CNTLN,32,16,1,0,74,36,1,0,322,216,270,320,322,-42,-20,0,0
16430,TAB3,40,21,3,1,74,42,3,1,322,208,259,316,320,-34,-21,0,0
19492,ZNF672,54,31,11,4,94,56,11,3,322,174,235,300,315,-40,-25,0,1
16424,TAAR5,4,4,0,0,5,5,0,0,322,313,313,322,322,-1,-1,0,0
17240,TMEM35A,51,24,5,1,46,28,5,2,322,225,270,312,319,5,-4,0,-1
11359,OR10W1,13,9,0,0,4,3,0,0,322,305,310,322,322,9,6,0,0
7847,IL6R,59,42,3,0,63,28,3,1,322,200,252,316,321,-4,14,0,-1
7639,IGHV8-51-1,0,0,0,0,0,0,0,0,322,322,322,322,322,0,0,0,0
12707,PNPO,52,32,2,2,49,27,2,0,322,221,263,318,320,3,5,0,2
12496,PKP3,62,36,9,2,82,57,9,4,322,178,229,304,316,-20,-21,0,-2
17317,TMPRSS11F,28,11,2,0,23,9,2,0,322,271,302,318,322,5,2,0,0
3910,CYP11B2,5,0,0,0,4,2,0,0,322,313,320,322,322,1,-2,0,0
16413,SYT9,48,20,2,0,53,27,2,0,322,221,275,318,322,-5,-7,0,0
10163,MSS51,74,45,8,2,85,39,8,2,322,163,238,306,318,-11,6,0,0
16410,SYT6,28,16,3,0,25,14,3,2,322,269,292,316,320,3,2,0,-2
7853,ILDR1,46,21,0,0,66,26,0,0,322,210,275,322,322,-20,-5,0,0
12908,PPP1R14A,38,37,20,4,50,38,20,11,322,234,247,282,307,-12,-1,0,-7
16406,SYT2,49,18,1,0,54,22,1,0,322,219,282,320,322,-5,-4,0,0
523,AKR1E2,48,33,10,3,73,53,10,3,322,201,236,302,316,-25,-20,0,0
4952,EMILIN2,63,33,2,0,63,35,2,0,322,196,254,318,322,0,-2,0,0
3912,CYP19A1,56,40,9,4,46,35,9,3,322,220,247,304,315,10,5,0,1
16810,TFAP2D,13,6,1,0,8,3,1,0,322,301,313,320,322,5,3,0,0
11911,PAPPA2,36,14,1,0,20,9,1,0,322,266,299,320,322,16,5,0,0
6791,GUCA1C,17,15,2,1,16,15,2,0,322,289,292,318,321,1,0,0,1
19479,ZNF655,47,22,6,4,68,34,6,2,322,207,266,310,316,-21,-12,0,2
5963,FUT2,79,41,6,1,65,41,6,0,322,178,240,310,321,14,0,0,1
16532,TAS2R40,18,16,1,0,10,10,1,0,322,294,296,320,322,8,6,0,0
10242,MTMR9,42,21,3,2,69,41,3,0,322,211,260,316,320,-27,-20,0,2
571,ALG6,61,36,7,0,74,36,7,1,322,187,250,308,321,-13,0,0,-1
7725,IGLV3-19,13,10,8,5,10,8,8,7,322,299,304,306,310,3,2,0,-2
1218,ATL1,62,39,8,3,97,50,8,2,322,163,233,306,317,-35,-11,0,1
11050,NRG4,63,46,12,7,73,44,12,1,322,186,232,298,314,-10,2,0,6
12785,POM121L12,4,2,1,0,5,5,1,0,322,313,315,320,322,-1,-3,0,0
10263,MTRNR2L7,63,42,4,0,40,30,4,0,322,219,250,314,322,23,12,0,0
1220,ATL3,44,23,2,2,50,25,2,0,322,228,274,318,320,-6,-2,0,2
7727,IGLV3-22,3,2,2,1,3,3,2,1,322,316,317,318,320,0,-1,0,0
10241,MTMR8,34,13,2,2,65,27,2,2,322,223,282,318,318,-31,-14,0,0
6852,H2AP,41,37,27,11,39,35,27,5,322,242,250,268,306,2,2,0,6
16640,TCAIM,53,29,4,2,55,23,4,0,322,214,270,314,320,-2,6,0,2
1228,ATP10A,65,43,12,1,73,53,12,2,322,184,226,298,319,-8,-10,0,-1
16636,TC2N,61,32,3,2,57,33,3,1,322,204,257,316,319,4,-1,0,1
7688,IGKV4-1,3,3,2,0,8,7,2,0,322,311,312,318,322,-5,-4,0,0
11974,PBLD,47,32,5,2,80,36,5,2,322,195,254,312,318,-33,-4,0,0
17270,TMEM63C,51,34,9,3,72,37,9,3,322,199,251,304,316,-21,-3,0,0
17272,TMEM65,54,28,2,1,79,37,2,0,322,189,257,318,321,-25,-9,0,1
3701,CSNK1A1L,30,13,0,0,27,6,0,0,322,265,303,322,322,3,7,0,0
7025,HECW1,79,52,15,8,77,44,15,5,322,166,226,292,309,2,8,0,3
18234,UBLCP1,41,19,6,2,104,54,6,2,322,177,249,310,318,-63,-35,0,0
6876,H2BU1,82,47,5,4,77,41,5,1,322,163,234,312,317,5,6,0,3
5364,FAM181A,24,20,5,1,22,19,5,2,322,276,283,312,319,2,1,0,-1
11971,PAXX,40,29,10,6,72,35,10,4,322,210,258,302,312,-32,-6,0,2
11997,PCDH15,37,19,6,0,40,28,6,1,322,245,275,310,321,-3,-9,0,-1
16657,TCERG1L,34,13,0,0,50,17,0,0,322,238,292,322,322,-16,-4,0,0
5019,EPB41L4A,57,29,9,4,95,50,9,7,322,170,243,304,311,-38,-21,0,-3
11980,PBX4,81,48,11,2,80,54,11,7,322,161,220,300,313,1,-6,0,-5
6862,H2BC14,99,70,41,21,95,75,41,16,322,128,177,240,285,4,-5,0,5
7697,IGLJ1,2,1,1,1,5,4,1,1,322,315,317,320,320,-3,-3,0,0
16700,TDP1,31,20,5,1,94,59,5,0,322,197,243,312,321,-63,-39,0,1
6871,H2BC7,86,62,15,5,100,62,15,1,322,136,198,292,316,-14,0,0,4
16697,TDG,50,26,7,3,86,63,7,1,322,186,233,308,318,-36,-37,0,2
16705,TDRD15,8,2,0,0,8,3,0,0,322,306,317,322,322,0,-1,0,0
7700,IGLJ4,0,0,0,0,0,0,0,0,322,322,322,322,322,0,0,0,0
7701,IGLJ5,4,4,3,3,4,3,3,3,322,314,315,316,316,0,1,0,0
7702,IGLJ6,3,3,3,3,3,3,3,3,322,316,316,316,316,0,0,0,0
1201,ATG12,72,37,2,2,45,24,2,1,322,205,261,318,319,27,13,0,1
3934,CYP2D7,87,59,15,9,93,63,15,4,322,142,200,292,309,-6,-4,0,5
16707,TDRD5,44,19,0,0,30,12,0,0,322,248,291,322,322,14,7,0,0
12126,PDE3A,40,17,2,1,36,15,2,0,322,246,290,318,321,4,2,0,1
7721,IGLV3-1,10,10,7,2,9,8,7,4,322,303,304,308,316,1,2,0,-2
3939,CYP2S1,62,51,5,0,63,42,5,1,322,197,229,312,321,-1,9,0,-1
5985,FYCO1,33,20,4,2,128,69,4,0,322,161,233,314,320,-95,-49,0,2
16710,TDRD9,22,8,1,0,22,10,1,0,322,278,304,320,322,0,-2,0,0
949,ARHGAP24,67,38,7,3,89,46,7,1,322,166,238,308,318,-22,-8,0,2
16673,TCHHL1,13,2,0,0,14,6,0,0,322,295,314,322,322,-1,-4,0,0
12778,POLR3G,58,32,8,1,68,31,8,5,322,196,259,306,316,-10,1,0,-4
5010,EOLA2,45,23,8,4,81,43,8,3,322,196,256,306,315,-36,-20,0,1
12780,POLR3H,38,24,9,6,92,52,9,2,322,192,246,304,314,-54,-28,0,4
7716,IGLV2-14,8,7,7,4,8,7,7,4,322,306,308,308,314,0,0,0,0
12781,POLR3K,54,30,5,2,54,27,5,1,322,214,265,312,319,0,3,0,1
16663,TCF23,83,39,1,1,41,14,1,0,322,198,269,320,321,42,25,0,1
6024,GABRA5,20,14,4,1,25,19,4,1,322,277,289,314,320,-5,-5,0,0
16735,TELO2,36,23,10,7,103,69,10,0,322,183,230,302,315,-67,-46,0,7
951,ARHGAP26,88,38,3,1,68,30,3,0,322,166,254,316,321,20,8,0,1
10213,MTFMT,37,27,5,3,93,52,5,1,322,192,243,312,318,-56,-25,0,2
7754,IGSF9,58,31,7,1,84,52,7,3,322,180,239,308,318,-26,-21,0,-2
603,ALX1,37,25,5,0,38,25,5,3,322,247,272,312,319,-1,0,0,-3
16568,TBC1D21,10,10,0,0,8,7,0,0,322,304,305,322,322,2,3,0,0
18260,UBXN6,57,33,10,7,66,31,10,3,322,199,258,302,312,-9,2,0,4
6812,GYPC,42,28,6,2,69,46,6,3,322,211,248,310,317,-27,-18,0,-1
17251,TMEM43,44,26,9,6,78,37,9,1,322,200,259,304,315,-34,-11,0,5
10217,MTFR2,79,46,10,1,67,33,10,2,322,176,243,302,319,12,13,0,-1
11424,OR2A42,56,33,6,3,52,36,6,3,322,214,253,310,316,4,-3,0,0
3915,CYP1B1,46,22,7,1,70,41,7,2,322,206,259,308,319,-24,-19,0,-1
10214,MTFP1,45,28,12,6,85,56,12,7,322,192,238,298,309,-40,-28,0,-1
5701,FGF3,19,9,1,0,24,13,1,1,322,279,300,320,321,-5,-4,0,-1
12836,POU6F2,45,22,3,0,38,23,3,0,322,239,277,316,322,7,-1,0,0
16748,TENT5D,10,4,0,0,23,9,0,0,322,289,309,322,322,-13,-5,0,0
10285,MUC22,23,6,0,0,4,1,0,0,322,295,315,322,322,19,5,0,0
3949,CYP4A11,97,53,9,2,58,30,9,1,322,167,239,304,319,39,23,0,1
17249,TMEM41B,49,30,7,4,60,33,7,2,322,213,259,308,316,-11,-3,0,2
16548,TATDN1,56,34,8,1,56,32,8,3,322,210,256,306,318,0,2,0,-2
16543,TASL,89,44,4,2,56,28,4,0,322,177,250,314,320,33,16,0,2
10837,NLRP13,9,6,0,0,11,3,0,0,322,302,313,322,322,-2,3,0,0
7384,HTR3A,37,21,1,0,51,29,1,1,322,234,272,320,321,-14,-8,0,-1
17288,TMEM87B,40,19,8,1,117,62,8,0,322,165,241,306,321,-77,-43,0,1
3343,CNPY2,63,34,6,5,56,31,6,1,322,203,257,310,316,7,3,0,4
12488,PKMYT1,64,34,11,4,69,45,11,1,322,189,243,300,317,-5,-11,0,3
942,ARHGAP18,60,24,2,0,76,35,2,0,322,186,263,318,322,-16,-11,0,0
6098,GAP43,55,38,9,4,59,34,9,2,322,208,250,304,316,-4,4,0,2
6813,GYPE,53,27,6,6,57,28,6,2,322,212,267,310,314,-4,-1,0,4
3945,CYP3A5,83,44,9,5,57,33,9,5,322,182,245,304,312,26,11,0,0
17279,TMEM74,76,43,4,1,31,18,4,0,322,215,261,314,321,45,25,0,1
10830,NLRC3,77,40,2,1,37,17,2,0,322,208,265,318,321,40,23,0,1
12811,POTEC,75,41,8,3,47,25,8,0,322,200,256,306,319,28,16,0,3
12812,POTED,53,30,4,1,39,18,4,1,322,230,274,314,320,14,12,0,0
11324,OPTC,27,23,6,1,28,24,6,1,322,267,275,310,320,-1,-1,0,0
7741,IGLV7-46,21,20,19,8,24,23,19,11,322,277,279,284,303,-3,-3,0,-3
11421,OR2A2,9,8,2,0,6,5,2,1,322,307,309,318,321,3,3,0,-1
7744,IGSF1,48,22,3,0,55,25,3,1,322,219,275,316,321,-7,-3,0,-1
713,ANKRD30A,17,4,0,0,17,7,0,0,322,288,311,322,322,0,-3,0,0
18250,UBTD1,51,31,8,2,72,44,8,4,322,199,247,306,316,-21,-13,0,-2
550,ALDH4A1,45,31,8,3,101,63,8,1,322,176,228,306,318,-56,-32,0,2
714,ANKRD30B,63,32,3,0,42,13,3,0,322,217,277,316,322,21,19,0,0
1247,ATP1B4,98,59,2,0,42,25,2,0,322,182,238,318,322,56,34,0,0
7665,IGKV1D-42,2,2,2,1,2,2,2,1,322,318,318,318,320,0,0,0,0
1248,ATP23,60,29,5,1,68,39,5,0,322,194,254,312,321,-8,-10,0,1
16739,TENM2,17,8,1,1,54,34,1,1,322,251,280,320,320,-37,-26,0,0
6878,H2BW2,95,60,12,3,77,54,12,4,322,150,208,298,315,18,6,0,-1
5702,FGF4,15,2,1,0,21,9,1,0,322,286,311,320,322,-6,-7,0,0
2990,CHAF1A,38,25,9,4,90,55,9,1,322,194,242,304,317,-52,-30,0,3
10831,NLRC4,61,45,9,3,43,28,9,3,322,218,249,304,316,18,17,0,0
10220,MTHFD1,43,26,6,4,54,22,6,0,322,225,274,310,318,-11,4,0,4
952,ARHGAP27,40,22,4,2,104,56,4,0,322,178,244,314,320,-64,-34,0,2
600,ALPP,74,41,4,0,46,23,4,1,322,202,258,314,321,28,18,0,-1
5345,FAM167A,55,33,6,0,78,47,6,1,322,189,242,310,321,-23,-14,0,-1
16573,TBC1D25,43,25,6,3,118,56,6,1,322,161,241,310,318,-75,-31,0,2
12932,PPP1R3B,90,43,3,1,57,29,3,3,322,175,250,316,318,33,14,0,-2
1352,AVPR2,67,47,4,0,55,38,4,1,322,200,237,314,321,12,9,0,-1
5466,FAM78B,64,32,7,1,72,41,7,2,322,186,249,308,319,-8,-9,0,-1
16183,STIMATE-MUSTN1,80,58,27,16,74,52,27,19,322,168,212,268,287,6,6,0,-3
16131,ST8SIA3,11,7,1,0,8,4,1,0,322,303,311,320,322,3,3,0,0
1110,ASAH2B,57,32,2,0,84,43,2,0,322,181,247,318,322,-27,-11,0,0
8089,ITPRID1,66,32,5,4,30,21,5,3,322,226,269,312,315,36,11,0,1
8091,ITPRIP,89,45,10,3,58,39,10,0,322,175,238,302,319,31,6,0,3
3312,CNGB1,87,52,9,0,69,41,9,4,322,166,229,304,318,18,11,0,-4
10915,NOS2,83,44,2,1,60,29,2,0,322,179,249,318,321,23,15,0,1
4012,DAZ2,2,1,0,0,1,0,0,0,322,319,321,322,322,1,1,0,0
13063,PRIM1,42,29,5,1,72,40,5,3,322,208,253,312,318,-30,-11,0,-2
8096,IVD,64,34,7,5,73,38,7,3,322,185,250,308,314,-9,-4,0,2
16120,ST6GAL2,98,56,2,1,57,29,2,2,322,167,237,318,319,41,27,0,-1
13064,PRIM2,83,46,6,4,49,31,6,1,322,190,245,310,317,34,15,0,3
3154,CLCA2,37,11,0,0,37,19,0,0,322,248,292,322,322,0,-8,0,0
4013,DAZ3,1,0,0,0,0,0,0,0,322,321,322,322,322,1,0,0,0
13066,PRIMPOL,77,40,5,1,70,42,5,1,322,175,240,312,320,7,-2,0,0
5770,FLG,10,0,0,0,24,4,0,0,322,288,318,322,322,-14,-4,0,0
3155,CLCA4,9,3,0,0,12,9,0,0,322,301,310,322,322,-3,-6,0,0
12402,PIGR,72,36,1,1,44,20,1,0,322,206,266,320,321,28,16,0,1
1470,BCKDHA,50,35,13,8,90,51,13,5,322,182,236,296,309,-40,-16,0,3
7585,IGHV1-46,12,8,2,0,12,9,2,0,322,298,305,318,322,0,-1,0,0
11822,P2RY6,58,31,3,1,45,21,3,0,322,219,270,316,321,13,10,0,1
5166,ETS1,61,28,6,1,71,46,6,0,322,190,248,310,321,-10,-18,0,1
11821,P2RY4,58,33,7,0,79,48,7,1,322,185,241,308,321,-21,-15,0,-1
10048,MRPL22,64,40,5,2,45,31,5,1,322,213,251,312,319,19,9,0,1
5452,FAM71B,13,4,0,0,9,3,0,0,322,300,315,322,322,4,1,0,0
1471,BCKDHB,47,28,7,3,75,40,7,4,322,200,254,308,315,-28,-12,0,-1
10908,NOP2,43,29,8,3,72,48,8,2,322,207,245,306,317,-29,-19,0,1
16135,STAB1,85,64,18,7,64,51,18,6,322,173,207,286,309,21,13,0,1
16138,STAC2,103,54,8,5,57,33,8,3,322,162,235,306,314,46,21,0,2
16902,THSD4,61,31,7,0,64,37,7,2,322,197,254,308,320,-3,-6,0,-2
11838,PABPC1L,60,32,7,3,68,32,7,2,322,194,258,308,317,-8,0,0,1
5442,FAM47B,8,4,0,0,6,3,0,0,322,308,315,322,322,2,1,0,0
17372,TNFRSF8,74,36,2,0,63,38,2,1,322,185,248,318,321,11,-2,0,-1
16170,STBD1,52,29,9,7,91,52,9,2,322,179,241,304,313,-39,-23,0,5
3904,CYHR1,44,27,5,2,80,37,5,2,322,198,258,312,318,-36,-10,0,0
11365,OR11H12,19,15,4,2,15,15,4,0,322,288,292,314,320,4,0,0,2
1446,BBS1,85,49,15,8,80,48,15,7,322,157,225,292,307,5,1,0,1
17374,TNFSF10,68,42,11,6,83,50,11,4,322,171,230,300,312,-15,-8,0,2
639,AMY1B,32,23,4,2,21,12,4,0,322,269,287,314,320,11,11,0,2
10325,MYCBP,50,32,9,4,59,37,9,1,322,213,253,304,317,-9,-5,0,3
4871,EIF4EBP1,41,27,7,3,67,38,7,5,322,214,257,308,314,-26,-11,0,-2
1448,BBS12,91,58,6,1,91,46,6,0,322,140,218,310,321,0,12,0,1
10064,MRPL40,46,31,8,3,62,27,8,2,322,214,264,306,317,-16,4,0,1
13043,PREB,55,27,9,7,66,38,9,0,322,201,257,304,315,-11,-11,0,7
5444,FAM47E,67,41,4,2,64,34,4,1,322,191,247,314,319,3,7,0,1
5161,ETFRF1,54,35,14,7,95,55,14,3,322,173,232,294,312,-41,-20,0,4
4011,DAZ1,5,2,0,0,2,0,0,0,322,315,320,322,322,3,2,0,0
3828,CUL1,51,26,6,2,73,39,6,0,322,198,257,310,320,-22,-13,0,2
13045,PRELID2,62,24,3,1,68,29,3,2,322,192,269,316,319,-6,-5,0,-1
3382,COG3,83,57,15,6,98,60,15,6,322,141,205,292,310,-15,-3,0,0
2873,CEP290,47,23,5,2,91,40,5,0,322,184,259,312,320,-44,-17,0,2
8074,ITIH6,20,12,2,2,24,13,2,0,322,278,297,318,320,-4,-1,0,2
8076,ITLN1,27,24,2,0,20,14,2,0,322,275,284,318,322,7,10,0,0
12410,PIH1D1,50,35,11,7,62,31,11,2,322,210,256,300,313,-12,4,0,5
3896,CYBB,31,13,0,0,50,21,0,0,322,241,288,322,322,-19,-8,0,0
13073,PRKACG,11,5,0,0,13,8,0,0,322,298,309,322,322,-2,-3,0,0
16092,SSU72P2,34,34,17,7,31,31,17,5,322,257,257,288,310,3,3,0,2
18100,TUFT1,80,35,4,2,45,32,4,1,322,197,255,314,319,35,3,0,1
19531,ZNF711,51,23,5,1,66,39,5,0,322,205,260,312,321,-15,-16,0,1
7578,IGHM,18,9,0,0,12,7,0,0,322,292,306,322,322,6,2,0,0
884,APOLD1,64,31,5,0,74,30,5,2,322,184,261,312,320,-10,1,0,-2
883,APOL6,42,22,2,0,88,41,2,0,322,192,259,318,322,-46,-19,0,0
8164,KAT14,44,22,5,2,81,48,5,1,322,197,252,312,319,-37,-26,0,1
10025,MROH1,49,26,9,3,81,45,9,2,322,192,251,304,317,-32,-19,0,1
7577,IGHJ6,0,0,0,0,0,0,0,0,322,322,322,322,322,0,0,0,0
16042,SRR,59,42,12,3,104,64,12,2,322,159,216,298,317,-45,-22,0,1
5464,FAM76B,86,42,7,2,55,35,7,1,322,181,245,308,319,31,7,0,1
7297,HS3ST4,23,9,1,1,34,17,1,0,322,265,296,320,321,-11,-8,0,1
3825,CUBN,97,54,1,0,22,13,1,1,322,203,255,320,321,75,41,0,-1
18490,UXS1,40,25,7,5,89,43,7,1,322,193,254,308,316,-49,-18,0,4
10027,MROH2B,6,1,0,0,8,0,0,0,322,308,321,322,322,-2,1,0,0
10022,MRM3,68,41,4,1,59,35,4,0,322,195,246,314,321,9,6,0,1
13103,PRLHR,77,39,2,0,32,14,2,0,322,213,269,318,322,45,25,0,0
7576,IGHJ5,0,0,0,0,0,0,0,0,322,322,322,322,322,0,0,0,0
7575,IGHJ4,0,0,0,0,0,0,0,0,322,322,322,322,322,0,0,0,0
8176,KATNBL1,46,22,6,4,91,41,6,1,322,185,259,310,317,-45,-19,0,3
6933,HAO2,42,25,4,2,35,21,4,1,322,245,276,314,319,7,4,0,1
7574,IGHJ3,0,0,0,0,0,0,0,0,322,322,322,322,322,0,0,0,0
7573,IGHJ2,0,0,0,0,0,0,0,0,322,322,322,322,322,0,0,0,0
8192,KCNA2,39,21,2,0,44,21,2,0,322,239,280,318,322,-5,0,0,0
8194,KCNA4,19,4,0,0,26,18,0,0,322,277,300,322,322,-7,-14,0,0
8196,KCNA6,35,16,2,0,29,14,2,0,322,258,292,318,322,6,2,0,0
16054,SRSF2,37,27,10,6,90,56,10,1,322,195,239,302,315,-53,-29,0,5
10708,NEUROG3,32,16,1,1,17,13,1,0,322,273,293,320,321,15,3,0,1
5453,FAM71C,13,3,0,0,7,3,0,0,322,302,316,322,322,6,0,0,0
5771,FLG2,52,19,0,0,27,5,0,0,322,243,298,322,322,25,14,0,0
16089,SSTR4,8,1,0,0,5,4,0,0,322,309,317,322,322,3,-3,0,0
10778,NIP7,53,30,4,2,66,37,4,0,322,203,255,314,320,-13,-7,0,2
3054,CHRDL1,56,25,5,2,56,25,5,2,322,210,272,312,318,0,0,0,0
11331,OR10A7,2,2,0,0,7,7,0,0,322,313,313,322,322,-5,-5,0,0
16922,TIFAB,7,1,0,0,10,4,0,0,322,305,317,322,322,-3,-3,0,0
4019,DBF4B,39,21,7,1,61,37,7,1,322,222,264,308,320,-22,-16,0,0
4020,DBH,52,36,3,0,30,11,3,0,322,240,275,316,322,22,25,0,0
12399,PIGO,52,24,5,4,62,33,5,2,322,208,265,312,316,-10,-9,0,2
12652,PLXNB3,82,52,9,3,54,43,9,1,322,186,227,304,318,28,9,0,2
16924,TIGD1,50,28,2,0,39,22,2,0,322,233,272,318,322,11,6,0,0
10035,MRPL10,55,27,5,1,40,21,5,3,322,227,274,312,318,15,6,0,-2
8122,JAZF1,77,37,6,2,72,46,6,0,322,173,239,310,320,5,-9,0,2
6932,HAO1,32,21,2,0,14,8,2,1,322,276,293,318,321,18,13,0,-1
641,AMY2A,46,31,10,2,29,22,10,6,322,247,269,302,314,17,9,0,-4
18475,UTP15,50,30,8,0,96,59,8,1,322,176,233,306,321,-46,-29,0,-1
11815,P2RY10,67,25,2,1,35,15,2,0,322,220,282,318,321,32,10,0,1
5032,EPHA3,73,43,3,1,75,38,3,1,322,174,241,316,320,-2,5,0,0
17395,TNMD,29,25,3,3,17,12,3,2,322,276,285,316,317,12,13,0,1
8133,JMJD8,41,21,8,5,73,36,8,0,322,208,265,306,317,-32,-15,0,5
8137,JPH1,52,27,6,1,78,44,6,0,322,192,251,310,321,-26,-17,0,1
13088,PRKCQ,33,17,4,2,74,40,4,1,322,215,265,314,319,-41,-23,0,1
1486,BCL2L2-PABPN1,64,45,13,8,76,41,13,8,322,182,236,296,306,-12,4,0,0
6033,GABRG3,78,36,4,0,37,15,4,0,322,207,271,314,322,41,21,0,0
7047,HERC6,44,26,7,2,86,38,7,2,322,192,258,308,318,-42,-12,0,0
5441,FAM47A,10,1,0,0,7,1,0,0,322,305,320,322,322,3,0,0,0
6920,HACD4,61,23,1,0,29,12,1,0,322,232,287,320,322,32,11,0,0
17945,TSN,58,30,5,3,61,31,5,1,322,203,261,312,318,-3,-1,0,2
8046,ITGA5,62,30,6,2,78,45,6,0,322,182,247,310,320,-16,-15,0,2
10130,MS4A6E,21,19,6,3,13,11,6,3,322,288,292,310,316,8,8,0,0
7947,IP6K3,75,46,11,4,65,36,11,2,322,182,240,300,316,10,10,0,2
3367,CNTRL,40,23,4,0,111,68,4,0,322,171,231,314,322,-71,-45,0,0
6031,GABRG1,34,11,0,0,24,11,0,0,322,264,300,322,322,10,0,0,0
2899,CERKL,57,32,2,0,72,27,2,0,322,193,263,318,322,-15,5,0,0
960,ARHGAP36,26,15,2,1,21,13,2,0,322,275,294,318,321,5,2,0,1
12961,PPP3CC,49,33,5,3,90,58,5,0,322,183,231,312,319,-41,-25,0,3
3699,CSN3,8,8,2,0,4,4,2,1,322,310,310,318,321,4,4,0,-1
16296,SULT1C3,14,11,1,0,8,4,1,0,322,300,307,320,322,6,7,0,0
12969,PPP4R3C,13,7,0,0,13,7,0,0,322,296,308,322,322,0,0,0,0
10122,MS4A15,38,21,5,0,38,24,5,0,322,246,277,312,322,0,-3,0,0
18383,UROC1,30,12,0,0,26,12,0,0,322,266,298,322,322,4,0,0,0
627,AMN,69,48,13,4,54,43,13,5,322,199,231,296,313,15,5,0,-1
10117,MS4A1,23,12,2,0,9,7,2,0,322,290,303,318,322,14,5,0,0
3905,CYLC1,19,5,1,0,14,6,1,1,322,289,311,320,321,5,-1,0,-1
3718,CSRP1,38,22,9,6,87,54,9,5,322,197,246,304,311,-49,-32,0,1
19586,ZNF789,62,37,9,3,64,35,9,4,322,196,250,304,315,-2,2,0,-1
7613,IGHV3-64D,1,1,1,1,1,1,1,1,322,320,320,320,320,0,0,0,0
11872,PAGE5,33,26,7,0,31,19,7,1,322,258,277,308,321,2,7,0,-1
12118,PDCL3,53,26,6,4,66,36,6,2,322,203,260,310,316,-13,-10,0,2
3998,DAO,38,28,3,0,32,25,3,0,322,252,269,316,322,6,3,0,0
16860,TH,30,26,6,1,47,32,6,4,322,245,264,310,317,-17,-6,0,-3
7612,IGHV3-64,4,4,3,0,3,3,3,0,322,315,315,316,322,1,1,0,0
3999,DAOA,11,8,0,0,12,9,0,0,322,299,305,322,322,-1,-1,0,0
7976,IQCM,43,20,2,2,46,27,2,0,322,233,275,318,320,-3,-7,0,2
12692,PNMA8B,28,16,3,1,22,16,3,1,322,272,290,316,320,6,0,0,0
11416,OR1S1,14,12,0,0,6,2,0,0,322,302,308,322,322,8,10,0,0
625,AMMECR1,44,18,6,1,92,37,6,1,322,186,267,310,320,-48,-19,0,0
17332,TMSB4Y,44,31,4,1,45,28,4,0,322,233,263,314,321,-1,3,0,1
19503,ZNF684,63,28,4,3,52,30,4,1,322,207,264,314,318,11,-2,0,2
16357,SYCP1,10,1,0,0,12,3,0,0,322,300,318,322,322,-2,-2,0,0
19287,ZNF385D,82,45,7,2,61,37,7,2,322,179,240,308,318,21,8,0,0
7396,HTRA4,90,49,4,1,53,27,4,0,322,179,246,314,321,37,22,0,1
1356,AXIN1,42,25,11,6,95,54,11,0,322,185,243,300,316,-53,-29,0,6
5415,FAM236B,3,3,2,2,2,2,2,2,322,317,317,318,318,1,1,0,0
5337,FAM161B,61,32,7,3,86,49,7,2,322,175,241,308,317,-25,-17,0,1
18353,UPF3B,44,31,3,1,53,24,3,1,322,225,267,316,320,-9,7,0,0
923,ARFGAP2,62,36,9,6,80,48,9,2,322,180,238,304,314,-18,-12,0,4
622,AMIGO1,54,30,11,3,91,38,11,2,322,177,254,300,317,-37,-8,0,1
10151,MSL3,89,46,9,2,52,32,9,0,322,181,244,304,320,37,14,0,2
10720,NFATC4,72,39,10,3,88,60,10,0,322,162,223,302,319,-16,-21,0,3
17977,TSPY10,0,0,0,0,1,1,0,0,322,321,321,322,322,-1,-1,0,0
12505,PLA2G2C,78,45,3,0,52,17,3,0,322,192,260,316,322,26,28,0,0
18362,UPP2,62,30,4,1,35,19,4,0,322,225,273,314,321,27,11,0,1
11328,OR10A4,28,26,6,1,26,25,6,2,322,268,271,310,319,2,1,0,-1
7036,HENMT1,40,22,4,1,63,39,4,1,322,219,261,314,320,-23,-17,0,0
81,ABHD13,47,23,4,0,105,57,4,0,322,170,242,314,322,-58,-34,0,0
11108,NTF4,74,64,15,2,77,60,15,5,322,171,198,292,315,-3,4,0,-3
12139,PDE6H,25,22,4,1,21,21,4,2,322,276,279,314,319,4,1,0,-1
6717,GSDMD,49,31,9,5,80,50,9,2,322,193,241,304,315,-31,-19,0,3
7924,INSRR,22,11,1,0,23,13,1,0,322,277,298,320,322,-1,-2,0,0
7939,INTS6L,59,30,3,0,52,23,3,1,322,211,269,316,321,7,7,0,-1
11362,OR11A1,72,40,2,1,43,25,2,0,322,207,257,318,321,29,15,0,1
6700,GRM8,68,49,7,2,62,46,7,1,322,192,227,308,319,6,3,0,1
12986,PRADC1,53,31,8,5,69,33,8,2,322,200,258,306,315,-16,-2,0,3
16268,STXBP4,53,29,3,0,71,39,3,1,322,198,254,316,321,-18,-10,0,-1
10099,MRPS26,44,23,9,7,82,53,9,2,322,196,246,304,313,-38,-30,0,5
8012,IRX2,34,19,2,0,25,13,2,0,322,263,290,318,322,9,6,0,0
16877,THBS3,60,25,7,4,68,37,7,2,322,194,260,308,316,-8,-12,0,2
11854,PACSIN3,57,39,8,3,89,53,8,3,322,176,230,306,316,-32,-14,0,0
10741,NFU1,56,31,8,4,75,40,8,3,322,191,251,306,315,-19,-9,0,1
1419,BAIAP2L2,105,72,9,2,62,44,9,4,322,155,206,304,316,43,28,0,-2
12030,PCDHB4,32,15,1,0,50,21,1,0,322,240,286,320,322,-18,-6,0,0
3115,CIDEB,61,39,13,8,75,59,13,7,322,186,224,296,307,-14,-20,0,1
10100,MRPS27,49,26,4,3,67,33,4,1,322,206,263,314,318,-18,-7,0,2
11852,PACSIN1,39,13,3,0,45,23,3,0,322,238,286,316,322,-6,-10,0,0
1425,BANK1,55,25,1,0,50,18,1,0,322,217,279,320,322,5,7,0,0
18420,USP17L4,22,18,2,1,14,10,2,0,322,286,294,318,321,8,8,0,1
906,AQP9,28,19,1,0,18,11,1,0,322,276,292,320,322,10,8,0,0
1123,ASB18,30,27,12,3,25,22,12,2,322,267,273,298,317,5,5,0,1
4886,ELAC1,53,35,9,3,109,65,9,3,322,160,222,304,316,-56,-30,0,0
491,AK9,77,46,5,1,72,36,5,2,322,173,240,312,319,5,10,0,-1
10319,MYBPC1,30,22,2,2,26,12,2,1,322,266,288,318,319,4,10,0,1
19278,ZNF366,79,32,1,0,31,11,1,0,322,212,279,320,322,48,21,0,0
10321,MYBPC3,33,17,0,0,31,11,0,0,322,258,294,322,322,2,6,0,0
8034,ISY1-RAB43,52,35,20,13,61,41,20,12,322,209,246,282,297,-9,-6,0,1
16195,STK26,41,24,5,1,58,28,5,0,322,223,270,312,321,-17,-4,0,1
12145,PDF,66,48,9,6,89,44,9,5,322,167,230,304,311,-23,4,0,1
16191,STK17B,71,36,6,3,61,32,6,1,322,190,254,310,318,10,4,0,2
13026,PRDM13,29,12,1,1,26,15,1,1,322,267,295,320,320,3,-3,0,0
5945,FTHL17,8,8,1,0,6,6,1,0,322,308,308,320,322,2,2,0,0
18414,USP17L20,1,0,0,0,7,7,0,0,322,314,315,322,322,-6,-7,0,0
17359,TNFRSF12A,61,41,16,10,77,42,16,9,322,184,239,290,303,-16,-1,0,1
3698,CSN2,7,4,1,0,5,5,1,1,322,310,313,320,321,2,-1,0,-1
12997,PRAMEF15,10,3,0,0,8,5,0,0,322,304,314,322,322,2,-2,0,0
4907,ELL3,84,44,14,7,78,54,14,3,322,160,224,294,312,6,-10,0,4
3839,CUX2,35,20,1,1,30,16,1,0,322,257,286,320,321,5,4,0,1
5029,EPHA1,42,21,6,5,58,34,6,3,322,222,267,310,314,-16,-13,0,2
12994,PRAMEF12,22,10,0,0,11,4,0,0,322,289,308,322,322,11,6,0,0
3640,CRPPA,65,34,3,1,66,33,3,0,322,191,255,316,321,-1,1,0,1
18407,USP17L12,3,2,0,0,0,0,0,0,322,319,320,322,322,3,2,0,0
16253,STX17,44,23,7,1,76,36,7,3,322,202,263,308,318,-32,-13,0,-2
5947,FTMT,1,1,0,0,1,0,0,0,322,320,321,322,322,0,1,0,0
12996,PRAMEF14,22,15,1,0,13,8,1,0,322,287,299,320,322,9,7,0,0
7991,IRAK4,67,35,3,1,40,17,3,1,322,215,270,316,320,27,18,0,0
12115,PDCD7,72,44,6,4,78,44,6,1,322,172,234,310,317,-6,0,0,3
7603,IGHV3-23,9,8,7,3,13,10,7,5,322,300,304,308,314,-4,-2,0,-2
13005,PRAMEF27,7,1,0,0,6,1,0,0,322,309,320,322,322,1,0,0,0
47,ABCB6,78,51,22,17,100,70,22,14,322,144,201,278,291,-22,-19,0,3
3379,COCH,50,37,12,6,65,37,12,8,322,207,248,298,308,-15,0,0,-2
12680,PNLIP,8,6,0,0,7,2,0,0,322,307,314,322,322,1,4,0,0
4899,ELF5,77,48,4,1,82,38,4,1,322,163,236,314,320,-5,10,0,0
10486,NAPB,49,22,5,0,61,38,5,1,322,212,262,312,321,-12,-16,0,-1
8001,IRF6,64,44,4,2,63,27,4,0,322,195,251,314,320,1,17,0,2
6681,GRIN3B,73,42,5,0,45,30,5,2,322,204,250,312,320,28,12,0,-2
1126,ASB4,75,38,2,1,47,19,2,0,322,200,265,318,321,28,19,0,1
17358,TNFRSF11B,74,34,5,2,76,44,5,1,322,172,244,312,319,-2,-10,0,1
13002,PRAMEF20,16,10,0,0,9,6,0,0,322,297,306,322,322,7,4,0,0
13004,PRAMEF26,2,0,0,0,1,1,0,0,322,319,321,322,322,1,-1,0,0
11384,OR14A16,15,9,0,0,4,3,0,0,322,303,310,322,322,11,6,0,0
120,ACACB,64,37,8,2,90,47,8,1,322,168,238,306,319,-26,-10,0,1
11394,OR1C1,33,28,1,0,20,13,1,0,322,269,281,320,322,13,15,0,0
19,AAR2,56,36,6,2,67,42,6,3,322,199,244,310,317,-11,-6,0,-1
1964,C3orf14,57,38,9,5,52,32,9,0,322,213,252,304,317,5,6,0,5
11597,OR5A1,63,23,2,0,21,9,2,0,322,238,290,318,322,42,14,0,0
4202,DEFB136,6,6,6,6,7,6,6,6,322,309,310,310,310,-1,0,0,0
14946,SH2D4B,64,41,1,1,40,24,1,0,322,218,257,320,321,24,17,0,1
4276,DHRS11,38,24,7,5,84,50,7,4,322,200,248,308,313,-46,-26,0,1
5648,FDCSP,8,7,3,1,8,8,3,2,322,306,307,316,319,0,-1,0,-1
11596,OR56B4,18,15,2,0,14,13,2,0,322,290,294,318,322,4,2,0,0
11507,OR4D5,5,5,0,0,5,5,0,0,322,312,312,322,322,0,0,0,0
18887,YPEL1,77,52,10,4,95,56,10,3,322,150,214,302,315,-18,-4,0,1
199,ACSM6,61,32,5,2,48,29,5,2,322,213,261,312,318,13,3,0,0
14943,SH2D3A,58,39,13,3,87,45,13,6,322,177,238,296,313,-29,-6,0,-3
11508,OR4D6,4,4,0,0,4,2,0,0,322,314,316,322,322,0,2,0,0
2592,CD300A,45,37,5,1,35,30,5,0,322,242,255,312,321,10,7,0,1
9159,LRRC63,71,36,4,1,53,35,4,0,322,198,251,314,321,18,1,0,1
14410,RTL3,46,29,2,0,43,26,2,1,322,233,267,318,321,3,3,0,-1
14411,RTL4,11,4,0,0,15,6,0,0,322,296,312,322,322,-4,-2,0,0
11595,OR56B2P,15,9,0,0,5,0,0,0,322,302,313,322,322,10,9,0,0
5646,FCRLB,98,60,7,2,77,42,7,0,322,147,220,308,320,21,18,0,2
14415,RTL8B,48,31,5,2,68,37,5,1,322,206,254,312,319,-20,-6,0,1
14936,SGTB,39,22,3,1,68,27,3,2,322,215,273,316,319,-29,-5,0,-1
12298,PGM5,110,56,4,1,37,23,4,1,322,175,243,314,320,73,33,0,0
11599,OR5AC2,2,2,0,0,3,3,0,0,322,317,317,322,322,-1,-1,0,0
762,ANO5,19,9,2,0,53,21,2,0,322,250,292,318,322,-34,-12,0,0
14419,RTN2,59,42,15,7,91,55,15,5,322,172,225,292,310,-32,-13,0,2
12299,PGP,31,23,6,2,83,46,6,1,322,208,253,310,319,-52,-23,0,1
14376,RSBN1L,81,38,4,2,51,21,4,0,322,190,263,314,320,30,17,0,2
10,AADACL2,16,3,0,0,9,2,0,0,322,297,317,322,322,7,1,0,0
11504,OR4D10,5,2,0,0,5,1,0,0,322,312,319,322,322,0,1,0,0
5237,F11R,59,27,3,1,54,20,3,1,322,209,275,316,320,5,7,0,0
13648,RANBP17,56,27,8,0,92,54,8,0,322,174,241,306,322,-36,-27,0,0
13942,RGS10,42,28,4,1,61,30,4,2,322,219,264,314,319,-19,-2,0,-1
14978,SHARPIN,50,31,10,6,71,32,10,6,322,201,259,302,310,-21,-1,0,0
14976,SHANK2,85,47,9,3,77,45,9,4,322,160,230,304,315,8,2,0,-1
2603,CD34,81,36,2,0,39,15,2,0,322,202,271,318,322,42,21,0,0
4571,DRD5,68,40,3,0,43,24,3,2,322,211,258,316,320,25,16,0,-2
11246,OCIAD2,68,36,2,2,35,23,2,0,322,219,263,318,320,33,13,0,2
11602,OR5AP2,2,2,0,0,5,4,0,0,322,315,316,322,322,-3,-2,0,0
14969,SH3RF1,76,45,7,0,65,33,7,0,322,181,244,308,322,11,12,0,0
1955,C2orf74,82,50,13,8,64,38,13,4,322,176,234,296,310,18,12,0,4
817,AP3S2,56,34,3,2,54,18,3,0,322,212,270,316,320,2,16,0,2
11600,OR5AK2,9,9,0,0,5,2,0,0,322,308,311,322,322,4,7,0,0
2599,CD300LG,85,43,5,0,53,27,5,1,322,184,252,312,321,32,16,0,-1
11506,OR4D2,28,21,0,0,13,7,0,0,322,281,294,322,322,15,14,0,0
3223,CLEC9A,21,12,0,0,8,4,0,0,322,293,306,322,322,13,8,0,0
14962,SH3GL2,48,25,5,2,73,40,5,2,322,201,257,312,318,-25,-15,0,0
1958,C2orf80,65,50,16,6,65,52,16,4,322,192,220,290,312,0,-2,0,2
14417,RTL9,49,27,7,2,64,45,7,1,322,209,250,308,319,-15,-18,0,1
1974,C3orf70,49,28,3,1,48,24,3,1,322,225,270,316,320,1,4,0,0
9649,MED22,47,23,1,1,80,43,1,0,322,195,256,320,321,-33,-20,0,1
283,ADAMTS4,65,31,2,0,49,26,2,0,322,208,265,318,322,16,5,0,0
8816,LCE1E,26,23,6,0,18,16,6,2,322,278,283,310,320,8,7,0,-2
12259,PFKL,59,44,15,9,88,55,15,11,322,175,223,292,302,-29,-11,0,-2
2583,CD244,32,19,0,0,21,12,0,0,322,269,291,322,322,11,7,0,0
7174,HMX3,108,63,3,0,43,24,3,0,322,171,235,316,322,65,39,0,0
11452,OR2J3,51,30,1,0,38,19,1,1,322,233,273,320,321,13,11,0,-1
9613,MDFIC2,6,2,0,0,10,2,0,0,322,306,318,322,322,-4,0,0,0
8820,LCE2C,4,3,1,1,2,2,1,0,322,316,317,320,321,2,1,0,1
1985,C4orf33,87,54,11,3,98,51,11,3,322,137,217,300,316,-11,3,0,0
13918,RFX5,36,22,9,6,110,64,9,5,322,176,236,304,311,-74,-42,0,1
2494,CCN3,65,39,8,4,56,32,8,6,322,201,251,306,312,9,7,0,-2
1991,C4orf50,45,27,1,0,8,3,1,0,322,269,292,320,322,37,24,0,0
17715,TRBV5-5,8,8,8,7,8,8,8,5,322,306,306,306,310,0,0,0,2
13694,RASGRF1,37,13,0,0,79,37,0,0,322,206,272,322,322,-42,-24,0,0
212,ACTL6B,41,24,8,3,28,20,8,4,322,253,278,306,315,13,4,0,-1
14457,RXFP2,17,7,0,0,12,8,0,0,322,293,307,322,322,5,-1,0,0
1996,C5AR2,74,39,3,1,35,15,3,0,322,213,268,316,321,39,24,0,1
13913,RFWD3,52,26,3,2,71,50,3,1,322,199,246,316,319,-19,-24,0,1
11587,OR52N5,23,14,0,0,14,8,0,0,322,285,300,322,322,9,6,0,0
8825,LCE3D,6,6,2,0,4,4,2,0,322,312,312,318,322,2,2,0,0
6336,GLMN,50,23,6,1,89,48,6,2,322,183,251,310,319,-39,-25,0,-1
18907,ZACN,66,47,9,4,77,60,9,5,322,179,215,304,313,-11,-13,0,-1
13685,RASAL1,56,24,5,1,72,39,5,1,322,194,259,312,320,-16,-15,0,0
9138,LRRC3C,32,26,5,2,21,19,5,0,322,269,277,312,320,11,7,0,2
8800,LAX1,86,38,2,0,36,12,2,0,322,200,272,318,322,50,26,0,0
8813,LCE1B,21,16,2,0,15,14,2,0,322,286,292,318,322,6,2,0,0
9152,LRRC55,24,13,2,0,12,8,2,1,322,286,301,318,321,12,5,0,-1
14926,SGO1,43,19,3,2,100,45,3,1,322,179,258,316,319,-57,-26,0,1
5645,FCRLA,61,44,12,5,71,47,12,0,322,190,231,298,317,-10,-3,0,5
1975,C3orf80,71,39,8,2,87,53,8,5,322,164,230,306,315,-16,-14,0,-3
11511,OR4E2,68,34,1,0,31,10,1,0,322,223,278,320,322,37,24,0,0
1977,C3orf85,15,10,1,0,13,13,1,0,322,294,299,320,322,2,-3,0,0
9150,LRRC52,19,12,1,0,14,10,1,0,322,289,300,320,322,5,2,0,0
2489,CCL8,8,8,0,0,5,5,0,0,322,309,309,322,322,3,3,0,0
6229,GFRAL,78,39,2,2,68,27,2,1,322,176,256,318,319,10,12,0,1
13928,RGL4,64,27,7,3,56,31,7,4,322,202,264,308,315,8,-4,0,-1
11591,OR56A3,16,7,0,0,6,4,0,0,322,300,311,322,322,10,3,0,0
18896,YTHDF2,60,33,6,2,73,47,6,0,322,189,242,310,320,-13,-14,0,2
12184,PDX1,31,12,1,0,40,21,1,0,322,251,289,320,322,-9,-9,0,0
5642,FCRL4,9,4,1,0,2,2,1,0,322,311,316,320,322,7,2,0,0
7117,HKDC1,56,30,1,0,44,18,1,0,322,222,274,320,322,12,12,0,0
4208,DELE1,32,18,8,5,103,47,8,0,322,187,257,306,317,-71,-29,0,5
13676,RARRES1,67,55,17,6,60,46,17,9,322,195,221,288,307,7,9,0,-3
14438,RUFY4,35,18,0,0,43,19,0,0,322,244,285,322,322,-8,-1,0,0
285,ADAMTS6,83,48,2,0,62,26,2,0,322,177,248,318,322,21,22,0,0
14439,RUNDC1,50,23,6,4,94,42,6,1,322,178,257,310,317,-44,-19,0,3
2227,CASD1,53,29,7,2,110,69,7,0,322,159,224,308,320,-57,-40,0,2
13639,RALYL,22,17,2,0,25,13,2,0,322,275,292,318,322,-3,4,0,0
8779,LANCL3,81,36,1,0,37,16,1,0,322,204,270,320,322,44,20,0,0
4180,DEFB112,3,2,0,0,4,3,0,0,322,315,317,322,322,-1,-1,0,0
2468,CCL15-CCL14,12,11,4,0,18,18,4,2,322,292,293,314,320,-6,-7,0,-2
188,ACSL1,86,51,11,2,74,52,11,2,322,162,219,300,318,12,-1,0,0
2286,CBR4,81,38,9,5,60,32,9,3,322,181,252,304,314,21,6,0,2
6383,GMPR,61,32,5,0,87,51,5,1,322,174,239,312,321,-26,-19,0,-1
15062,SIRPG,22,14,2,0,15,11,2,0,322,285,297,318,322,7,3,0,0
17590,TRAJ56,0,0,0,0,0,0,0,0,322,322,322,322,322,0,0,0,0
8736,KYNU,72,33,4,2,34,16,4,1,322,216,273,314,319,38,17,0,1
17591,TRAJ57,0,0,0,0,0,0,0,0,322,322,322,322,322,0,0,0,0
17592,TRAJ59,0,0,0,0,0,0,0,0,322,322,322,322,322,0,0,0,0
17740,TRDJ4,0,0,0,0,0,0,0,0,322,322,322,322,322,0,0,0,0
6382,GMPPB,50,24,4,4,54,33,4,2,322,218,265,314,316,-4,-9,0,2
10694,NEU2,17,17,2,0,10,8,2,0,322,295,297,318,322,7,9,0,0
19243,ZNF304,62,36,7,1,77,31,7,1,322,183,255,308,320,-15,5,0,0
17594,TRAJ61,0,0,0,0,0,0,0,0,322,322,322,322,322,0,0,0,0
11251,OCSTAMP,22,9,1,0,32,19,1,0,322,268,294,320,322,-10,-10,0,0
15050,SIMC1,38,22,4,1,104,49,4,0,322,180,251,314,321,-66,-27,0,1
14328,RPS6KA1,41,25,3,1,98,50,3,0,322,183,247,316,321,-57,-25,0,1
4404,DNAH14,55,26,4,3,58,26,4,2,322,209,270,314,317,-3,0,0,1
4405,DNAH17,66,39,6,2,36,21,6,1,322,220,262,310,319,30,18,0,1
14333,RPS6KA6,65,35,3,0,56,21,3,1,322,201,266,316,321,9,14,0,-1
11497,OR4C15,7,6,0,0,3,2,0,0,322,312,314,322,322,4,4,0,0
6210,GEN1,72,39,10,5,65,38,10,2,322,185,245,302,315,7,1,0,3
776,ANTXRL,44,21,7,1,36,19,7,4,322,242,282,308,317,8,2,0,-3
9224,LTB4R,84,40,7,2,79,43,7,2,322,159,239,308,318,5,-3,0,0
4185,DEFB118,7,7,0,0,6,2,0,0,322,309,313,322,322,1,5,0,0
11617,OR5D3P,4,2,0,0,5,4,0,0,322,313,316,322,322,-1,-2,0,0
19341,ZNF479,43,27,2,0,25,18,2,0,322,254,277,318,322,18,9,0,0
11177,NUP214,57,33,8,6,81,50,8,2,322,184,239,306,314,-24,-17,0,4
17587,TRAJ52,0,0,0,0,0,0,0,0,322,322,322,322,322,0,0,0,0
11042,NRCAM,69,40,7,4,77,48,7,2,322,176,234,308,316,-8,-8,0,2
15087,SKOR1,60,36,3,0,101,70,3,0,322,161,216,316,322,-41,-34,0,0
11494,OR4C11,3,0,0,0,1,0,0,0,322,318,322,322,322,2,0,0,0
1902,C1QTNF1,62,35,6,1,100,57,6,0,322,160,230,310,321,-38,-22,0,1
18837,XPNPEP2,28,12,0,0,20,10,0,0,322,274,300,322,322,8,2,0,0
11618,OR5F1,6,5,0,0,4,4,0,0,322,312,313,322,322,2,1,0,0
6204,GEMIN2,43,28,9,3,80,45,9,1,322,199,249,304,318,-37,-17,0,2
11495,OR4C12,6,6,0,0,4,2,0,0,322,312,314,322,322,2,4,0,0
8724,KRTAP9-9,2,2,0,0,2,2,0,0,322,318,318,322,322,0,0,0,0
19216,ZNF264,69,36,7,3,50,30,7,2,322,203,256,308,317,19,6,0,1
1909,C1QTNF6,58,31,6,3,85,56,6,1,322,179,235,310,318,-27,-25,0,2
4599,DTL,64,46,5,2,62,31,5,1,322,196,245,312,319,2,15,0,1
1910,C1QTNF7,26,14,4,4,32,16,4,3,322,264,292,314,315,-6,-2,0,1
17809,TRIM42,9,0,0,0,7,0,0,0,322,306,322,322,322,2,0,0,0
1911,C1QTNF8,26,16,1,0,14,7,1,0,322,282,299,320,322,12,9,0,0
4598,DTHD1,29,11,0,0,24,11,0,0,322,269,300,322,322,5,0,0,0
2291,CBWD3,60,32,9,5,52,31,9,5,322,210,259,304,312,8,1,0,0
4182,DEFB114,1,1,1,0,1,1,1,0,322,320,320,320,322,0,0,0,0
15046,SIKE1,46,22,2,1,61,37,2,0,322,215,263,318,321,-15,-15,0,1
11498,OR4C16,3,3,0,0,4,4,0,0,322,315,315,322,322,-1,-1,0,0
9471,MAPK6,34,21,5,2,114,57,5,0,322,174,244,312,320,-80,-36,0,2
3196,CLEC12B,28,19,2,0,28,20,2,2,322,266,283,318,320,0,-1,0,-2
11500,OR4C46,5,5,0,0,5,5,0,0,322,312,312,322,322,0,0,0,0
8758,LAMA3,64,34,5,2,71,40,5,1,322,187,248,312,319,-7,-6,0,1
13953,RGS21,12,8,0,0,7,6,0,0,322,303,308,322,322,5,2,0,0
13952,RGS20,55,35,10,4,107,59,10,2,322,160,228,302,316,-52,-24,0,2
8764,LAMB4,90,46,4,1,60,32,4,0,322,172,244,314,321,30,14,0,1
1940,C2CD4B,23,17,2,0,20,15,2,1,322,279,290,318,321,3,2,0,-1
19097,ZIK1,78,47,8,3,74,39,8,0,322,170,236,306,319,4,8,0,3
17734,TRDD1,0,0,0,0,0,0,0,0,322,322,322,322,322,0,0,0,0
192,ACSL6,95,56,4,1,56,25,4,2,322,171,241,314,319,39,31,0,-1
14365,RRP15,49,29,1,0,62,22,1,0,322,211,271,320,322,-13,7,0,0
15006,SHLD3,83,46,11,8,86,59,11,4,322,153,217,300,310,-3,-13,0,4
14366,RRP1B,38,24,4,2,84,48,4,1,322,200,250,314,319,-46,-24,0,1
2608,CD3E,25,20,0,0,22,18,0,0,322,275,284,322,322,3,2,0,0
2267,CAVIN2,59,27,1,0,69,30,1,0,322,194,265,320,322,-10,-3,0,0
11502,OR4C6,8,6,0,0,7,7,0,0,322,307,309,322,322,1,-1,0,0
5884,FOXR2,11,2,0,0,16,6,0,0,322,295,314,322,322,-5,-4,0,0
4190,DEFB125,9,8,0,0,6,4,0,0,322,307,310,322,322,3,4,0,0
14372,RS1,16,5,0,0,26,14,0,0,322,280,303,322,322,-10,-9,0,0
14999,SHISA9,76,47,3,1,41,22,3,1,322,205,253,316,320,35,25,0,0
10605,NDUFA7,48,31,12,9,65,44,12,4,322,209,247,298,309,-17,-13,0,5
8777,LANCL1,40,21,9,2,102,62,9,1,322,180,239,304,319,-62,-41,0,1
1936,C2CD2,33,15,2,0,66,33,2,1,322,223,274,318,321,-33,-18,0,-1
3596,CRCT1,10,9,3,1,5,5,3,2,322,307,308,316,319,5,4,0,-1
1930,C21orf91,70,35,4,0,58,35,4,2,322,194,252,314,320,12,0,0,-2
17735,TRDD2,0,0,0,0,0,0,0,0,322,322,322,322,322,0,0,0,0
13608,RAD51B,78,48,14,5,95,60,14,4,322,149,214,294,313,-17,-12,0,1
2280,CBLN1,43,28,5,2,34,21,5,2,322,245,273,312,318,9,7,0,0
11616,OR5D18,3,3,0,0,2,2,0,0,322,317,317,322,322,1,1,0,0
14342,RPTN,17,9,0,0,6,1,0,0,322,299,312,322,322,11,8,0,0
13965,RHAG,40,28,1,0,20,10,1,0,322,262,284,320,322,20,18,0,0
11614,OR5D14,5,4,1,0,3,3,1,0,322,314,315,320,322,2,1,0,0
15035,SIGLEC5,11,5,0,0,21,11,0,0,322,290,306,322,322,-10,-6,0,0
17737,TRDJ1,0,0,0,0,0,0,0,0,322,322,322,322,322,0,0,0,0
13612,RAD54B,66,34,8,5,76,44,8,2,322,180,244,306,315,-10,-10,0,3
9667,MEF2C,77,53,9,4,96,55,9,1,322,149,214,304,317,-19,-2,0,3
17736,TRDD3,0,0,0,0,0,0,0,0,322,322,322,322,322,0,0,0,0
11613,OR5D13,6,6,0,0,2,2,0,0,322,314,314,322,322,4,4,0,0
15029,SIGLEC1,28,14,0,0,23,10,0,0,322,271,298,322,322,5,4,0,0
6215,GFAP,99,73,38,26,97,75,38,21,322,126,174,246,275,2,-2,0,5
4409,DNAH6,40,15,2,0,39,13,2,0,322,243,294,318,322,1,2,0,0
11612,OR5C1,15,14,4,1,17,16,4,1,322,290,292,314,320,-2,-2,0,0
13960,RGS7BP,17,4,1,0,33,20,1,0,322,272,298,320,322,-16,-16,0,0
13959,RGS7,64,29,3,1,50,29,3,1,322,208,264,316,320,14,0,0,0
2277,CBLIF,30,20,5,3,16,9,5,3,322,276,293,312,316,14,11,0,0
3500,COX17,68,40,10,5,58,33,10,4,322,196,249,302,313,10,7,0,1
17598,TRAK2,62,37,6,2,56,28,6,1,322,204,257,310,319,6,9,0,1
9116,LRRC19,74,44,3,0,56,25,3,0,322,192,253,316,322,18,19,0,0
8832,LCMT1,41,24,6,4,67,35,6,1,322,214,263,310,317,-26,-11,0,3
5789,FLYWCH2,53,34,8,5,70,37,8,2,322,199,251,306,315,-17,-3,0,3
9031,LMX1A,25,17,0,0,7,6,0,0,322,290,299,322,322,18,11,0,0
13860,RELL1,39,25,4,3,110,59,4,0,322,173,238,314,319,-71,-34,0,3
13858,RELB,68,33,10,3,88,51,10,2,322,166,238,302,317,-20,-18,0,1
2156,CAMK1G,49,34,4,1,61,30,4,1,322,212,258,314,320,-12,4,0,0
10671,NEK4,48,24,3,2,62,24,3,1,322,212,274,316,319,-14,0,0,1
240,ACY1,54,39,10,7,87,52,10,7,322,181,231,302,308,-33,-13,0,0
18977,ZC3H14,51,34,9,5,55,35,9,5,322,216,253,304,312,-4,-1,0,0
17661,TRAV8-3,3,3,3,1,4,4,3,3,322,315,315,316,318,-1,-1,0,-2
11562,OR51S1,3,2,0,0,5,2,0,0,322,314,318,322,322,-2,0,0,0
5798,FMO2,10,6,1,0,25,12,1,0,322,287,304,320,322,-15,-6,0,0
11539,OR4S2,2,1,0,0,5,1,0,0,322,315,320,322,322,-3,0,0,0
13852,REG1B,4,4,0,0,2,1,0,0,322,316,317,322,322,2,3,0,0
13786,RBMY1A1,10,5,2,2,16,12,2,1,322,296,305,318,319,-6,-7,0,1
2093,CACNA1D,68,40,8,5,64,35,8,3,322,190,247,306,314,4,5,0,2
13787,RBMY1B,1,0,0,0,2,2,0,0,322,319,320,322,322,-1,-2,0,0
14707,SEC14L4,64,33,4,1,54,21,4,1,322,204,268,314,320,10,12,0,0
11236,OAZ3,101,58,4,0,48,27,4,1,322,173,237,314,321,53,31,0,-1
2098,CACNA1I,29,9,0,0,38,21,0,0,322,255,292,322,322,-9,-12,0,0
17683,TRBJ2-7,1,1,1,1,1,1,1,1,322,320,320,320,320,0,0,0,0
8942,LILRA5,76,58,8,0,61,38,8,4,322,185,226,306,318,15,20,0,-4
9549,MBL2,13,2,0,0,7,1,0,0,322,302,319,322,322,6,1,0,0
13847,REEP3,69,33,4,1,73,28,4,3,322,180,261,314,318,-4,5,0,-2
14721,SEC24D,59,25,5,2,81,54,5,1,322,182,243,312,319,-22,-29,0,1
8927,LHX3,68,41,6,0,57,31,6,4,322,197,250,310,318,11,10,0,-4
11559,OR51L1,34,9,0,0,15,7,0,0,322,273,306,322,322,19,2,0,0
8924,LHPP,55,33,12,5,80,48,12,3,322,187,241,298,314,-25,-15,0,2
14752,SELP,10,6,0,0,23,13,0,0,322,289,303,322,322,-13,-7,0,0
11568,OR52B4,16,13,1,0,17,15,1,1,322,289,294,320,321,-1,-2,0,-1
13864,REM1,29,15,1,1,27,14,1,1,322,266,293,320,320,2,1,0,0
18962,ZBTB8A,43,26,6,2,73,32,6,1,322,206,264,310,319,-30,-6,0,1
9053,LPAR3,69,39,2,0,55,29,2,0,322,198,254,318,322,14,10,0,0
5718,FGGY,75,39,6,2,69,42,6,1,322,178,241,310,319,6,-3,0,1
6061,GAL3ST3,37,19,7,3,35,18,7,5,322,250,285,308,314,2,1,0,-2
14560,SAYSD1,48,24,7,3,76,42,7,3,322,198,256,308,316,-28,-18,0,0
256,ADAM2,9,5,0,0,3,1,0,0,322,310,316,322,322,6,4,0,0
9050,LPA,58,32,2,0,66,33,2,0,322,198,257,318,322,-8,-1,0,0
11566,OR52A5,14,7,0,0,13,8,0,0,322,295,307,322,322,1,-1,0,0
105,ABLIM1,44,21,5,3,67,35,5,0,322,211,266,312,319,-23,-14,0,3
6308,GK2,8,3,1,0,7,3,1,1,322,307,316,320,321,1,0,0,-1
9049,LOXL4,47,25,7,4,65,43,7,3,322,210,254,308,315,-18,-18,0,1
9046,LOXL1,28,14,4,2,101,61,4,0,322,193,247,314,320,-73,-47,0,2
9040,LONRF1,77,48,7,1,87,47,7,0,322,158,227,308,321,-10,1,0,1
13863,RELT,69,44,8,4,79,45,8,0,322,174,233,306,318,-10,-1,0,4
2084,CABP5,68,43,3,1,59,26,3,0,322,195,253,316,321,9,17,0,1
13862,RELN,47,19,1,0,20,13,1,1,322,255,290,320,321,27,6,0,-1
12280,PGBD4,56,30,1,1,55,21,1,0,322,211,271,320,321,1,9,0,1
11563,OR51T1,13,8,1,0,7,6,1,0,322,302,308,320,322,6,2,0,0
19013,ZDHHC15,56,29,1,0,39,16,1,0,322,227,277,320,322,17,13,0,0
11558,OR51I2,24,11,0,0,14,6,0,0,322,284,305,322,322,10,5,0,0
11402,OR1J1,32,30,3,0,16,14,3,0,322,274,278,316,322,16,16,0,0
8965,LIN54,61,30,3,1,60,29,3,0,322,201,263,316,321,1,1,0,1
9544,MBD3L5,2,2,0,0,2,2,0,0,322,318,318,322,322,0,0,0,0
8974,LINC02210-CRHR1,70,35,3,2,61,34,3,0,322,191,253,316,320,9,1,0,2
6293,GJB1,73,40,4,0,59,25,4,0,322,190,257,314,322,14,15,0,0
8975,LINC02218,13,10,0,0,7,6,0,0,322,302,306,322,322,6,4,0,0
2124,CADPS,55,36,7,1,70,45,7,1,322,197,241,308,320,-15,-9,0,0
6153,GCAT,52,27,7,4,73,31,7,4,322,197,264,308,314,-21,-4,0,0
14622,SCN10A,21,7,0,0,6,2,0,0,322,295,313,322,322,15,5,0,0
13827,RD3L,14,13,1,1,16,10,1,1,322,292,299,320,320,-2,3,0,0
5802,FMOD,39,17,2,0,48,14,2,0,322,235,291,318,322,-9,3,0,0
14645,SCP2D1,10,10,6,3,9,8,6,1,322,303,304,310,318,1,2,0,2
8991,LIPN,18,8,0,0,12,5,0,0,322,292,309,322,322,6,3,0,0
8982,LIPC,98,52,3,1,51,23,3,0,322,173,247,316,321,47,29,0,1
5857,FOXI2,18,4,0,0,8,4,0,0,322,296,314,322,322,10,0,0,0
8984,LIPF,10,9,0,0,5,3,0,0,322,307,310,322,322,5,6,0,0
14640,SCNN1G,61,37,1,1,28,17,1,0,322,233,268,320,321,33,20,0,1
14639,SCNN1D,99,72,11,3,67,39,11,2,322,156,211,300,317,32,33,0,1
8990,LIPM,8,6,1,1,10,6,1,1,322,304,310,320,320,-2,0,0,0
4494,DOCK2,57,37,9,1,82,55,9,1,322,183,230,304,320,-25,-18,0,0
2136,CALHM1,72,36,5,0,48,22,5,1,322,202,264,312,321,24,14,0,-1
17675,TRBJ1-6,0,0,0,0,0,0,0,0,322,322,322,322,322,0,0,0,0
12272,PGAM5,69,36,3,1,28,11,3,2,322,225,275,316,319,41,25,0,-1
13833,RDH16,60,39,6,0,91,56,6,2,322,171,227,310,320,-31,-17,0,-2
13808,RCAN3,40,23,7,1,107,49,7,2,322,175,250,308,319,-67,-26,0,-1
17682,TRBJ2-6,3,3,3,3,3,3,3,3,322,316,316,316,316,0,0,0,0
11553,OR51F1,1,1,0,0,4,4,0,0,322,317,317,322,322,-3,-3,0,0
17681,TRBJ2-5,0,0,0,0,0,0,0,0,322,322,322,322,322,0,0,0,0
11542,OR51A2,1,1,0,0,1,1,0,0,322,320,320,322,322,0,0,0,0
2104,CACNB1,52,22,9,5,107,59,9,0,322,163,241,304,317,-55,-37,0,5
11543,OR51A4,5,2,0,0,3,2,0,0,322,314,318,322,322,2,0,0,0
5866,FOXL2NB,68,35,3,0,45,21,3,0,322,209,266,316,322,23,14,0,0
11556,OR51G2,8,3,0,0,7,5,0,0,322,307,314,322,322,1,-2,0,0
8945,LILRB2,34,21,3,0,19,11,3,0,322,269,290,316,322,15,10,0,0
13840,RECK,57,30,4,1,80,50,4,0,322,185,242,314,321,-23,-20,0,1
11544,OR51A7,3,2,0,0,10,4,0,0,322,309,316,322,322,-7,-2,0,0
8948,LILRB5,79,47,3,0,54,33,3,0,322,189,242,316,322,25,14,0,0
7189,HNRNPCL2,44,38,7,2,47,43,7,2,322,231,241,308,318,-3,-5,0,0
8949,LIM2,35,34,4,1,30,27,4,0,322,257,261,314,321,5,7,0,1
17669,TRBD1,0,0,0,0,0,0,0,0,322,322,322,322,322,0,0,0,0
3579,CR1,54,27,0,0,34,14,0,0,322,234,281,322,322,20,13,0,0
4493,DOCK11,51,32,8,2,98,50,8,1,322,173,240,306,319,-47,-18,0,1
17678,TRBJ2-2P,1,1,1,1,1,1,1,1,322,320,320,320,320,0,0,0,0
12275,PGAP3,54,37,11,8,115,73,11,3,322,153,212,300,311,-61,-36,0,5
14614,SCIMP,96,62,9,4,70,43,9,3,322,156,217,304,315,26,19,0,1
14615,SCIN,74,42,5,1,69,35,5,0,322,179,245,312,321,5,7,0,1
9526,MATN2,96,65,9,4,61,32,9,0,322,165,225,304,318,35,33,0,4
11554,OR51F2,5,4,0,0,1,1,0,0,322,316,317,322,322,4,3,0,0
11536,OR4Q2,5,5,0,0,2,2,0,0,322,315,315,322,322,3,3,0,0
19352,ZNF492,67,35,2,1,55,29,2,0,322,200,258,318,321,12,6,0,1
259,ADAM22,58,32,8,2,84,50,8,2,322,180,240,306,318,-26,-18,0,0
14839,SERPIND1,82,42,5,2,40,20,5,4,322,200,260,312,316,42,22,0,-2
17707,TRBV29-1,24,22,18,8,19,19,18,5,322,279,281,286,309,5,3,0,3
13716,RAVER1,48,22,8,6,87,42,8,2,322,187,258,306,314,-39,-20,0,4
9598,MCOLN3,72,44,4,1,62,25,4,0,322,188,253,314,321,10,19,0,1
2570,CD1B,10,10,0,0,7,3,0,0,322,305,309,322,322,3,7,0,0
2207,CARD10,38,17,5,1,119,67,5,2,322,165,238,312,319,-81,-50,0,-1
2205,CAPZA3,10,10,1,0,3,3,1,1,322,309,309,320,321,7,7,0,-1
14832,SERPINB4,24,21,3,1,24,20,3,1,322,274,281,316,320,0,1,0,0
17631,TRAV16,2,2,2,2,2,2,2,2,322,318,318,318,318,0,0,0,0
4220,DENND4B,44,21,6,3,74,40,6,1,322,204,261,310,318,-30,-19,0,2
14828,SERPINB12,53,24,0,0,32,14,0,0,322,237,284,322,322,21,10,0,0
2202,CAPSL,53,43,17,5,71,54,17,5,322,198,225,288,312,-18,-11,0,0
11522,OR4K14,10,7,0,0,2,0,0,0,322,310,315,322,322,8,7,0,0
3219,CLEC4M,31,11,0,0,26,11,0,0,322,265,300,322,322,5,0,0,0
14498,SAA2-SAA4,11,11,5,1,13,13,5,3,322,298,298,312,318,-2,-2,0,-2
11230,OAS2,61,30,1,0,53,26,1,0,322,208,266,320,322,8,4,0,0
17635,TRAV2,3,2,1,1,1,1,1,1,322,318,319,320,320,2,1,0,0
11525,OR4K2,48,20,1,0,27,13,1,0,322,247,289,320,322,21,7,0,0
3761,CTAGE15,70,48,14,2,73,62,14,3,322,179,212,294,317,-3,-14,0,-1
14818,SERPINA12,11,8,0,0,12,9,0,0,322,299,305,322,322,-1,-1,0,0
231,ACTRT1,7,6,0,0,4,3,0,0,322,311,313,322,322,3,3,0,0
14817,SERPINA11,9,7,0,0,4,4,0,0,322,309,311,322,322,5,3,0,0
13900,RFK,66,31,5,0,50,23,5,0,322,206,268,312,322,16,8,0,0
4543,DPPA4,82,47,3,1,58,37,3,1,322,182,238,316,320,24,10,0,0
11571,OR52E2,16,16,2,0,11,10,2,0,322,295,296,318,322,5,6,0,0
17628,TRAV13-1,2,2,2,1,2,2,2,1,322,318,318,318,320,0,0,0,0
18909,ZAN,29,12,1,0,8,5,1,0,322,285,305,320,322,21,7,0,0
11517,OR4F4,12,12,5,3,9,9,5,2,322,301,301,312,317,3,3,0,1
12293,PGLYRP4,21,11,0,0,13,10,0,0,322,288,301,322,322,8,1,0,0
17625,TRAV12-1,0,0,0,0,0,0,0,0,322,322,322,322,322,0,0,0,0
8841,LCN9,10,9,7,0,13,13,7,1,322,299,300,308,321,-3,-4,0,-1
11018,NR1I2,38,19,3,0,29,16,3,0,322,255,287,316,322,9,3,0,0
6333,GLIS1,60,30,5,0,80,47,5,0,322,182,245,312,322,-20,-17,0,0
17711,TRBV4-2,1,1,1,0,2,2,1,0,322,319,319,320,322,-1,-1,0,0
19670,ZSCAN21,51,30,10,4,90,53,10,0,322,181,239,302,318,-39,-23,0,4
19634,ZNF891,46,24,3,1,71,45,3,0,322,205,253,316,321,-25,-21,0,1
18916,ZBED3,50,33,6,2,107,53,6,0,322,165,236,310,320,-57,-20,0,2
11167,NUMBL,38,22,9,7,97,60,9,1,322,187,240,304,314,-59,-38,0,6
2215,CARF,74,39,7,2,86,49,7,3,322,162,234,308,317,-12,-10,0,-1
5791,FMC1-LUC7L2,50,36,17,9,46,34,17,13,322,226,252,288,300,4,2,0,-4
6148,GBP7,17,6,0,0,9,4,0,0,322,296,312,322,322,8,2,0,0
17627,TRAV12-3,4,4,4,1,4,4,4,1,322,314,314,314,320,0,0,0,0
13901,RFLNA,68,39,7,3,59,39,7,2,322,195,244,308,317,9,0,0,1
14845,SERPING1,55,32,4,3,66,32,4,0,322,201,258,314,319,-11,0,0,3
17708,TRBV3-1,2,2,2,1,2,2,2,1,322,318,318,318,320,0,0,0,0
9599,MCPH1,40,19,5,2,76,44,5,0,322,206,259,312,320,-36,-25,0,2
9104,LRP8,32,18,7,2,120,67,7,1,322,170,237,308,319,-88,-49,0,1
4538,DPP7,65,44,15,8,82,57,15,8,322,175,221,292,306,-17,-13,0,0
9593,MCM9,41,20,3,2,87,45,3,0,322,194,257,316,320,-46,-25,0,2
14508,SAGE1,44,21,1,0,29,16,1,0,322,249,285,320,322,15,5,0,0
17636,TRAV20,1,1,1,0,1,1,1,0,322,320,320,320,322,0,0,0,0
17699,TRBV2,3,3,3,1,4,4,3,0,322,315,315,316,321,-1,-1,0,1
14530,SAMSN1,53,38,2,0,41,30,2,0,322,228,254,318,322,12,8,0,0
17696,TRBV17,3,3,3,3,3,3,3,2,322,316,316,316,317,0,0,0,1
9073,LRCH1,45,23,6,0,95,43,6,0,322,182,256,310,322,-50,-20,0,0
19640,ZNF99,62,22,1,0,47,16,1,0,322,213,284,320,322,15,6,0,0
8882,LEPR,64,38,5,0,37,16,5,0,322,221,268,312,322,27,22,0,0
11573,OR52E5,10,5,0,0,5,1,0,0,322,307,316,322,322,5,4,0,0
2545,CCSER2,54,25,6,3,90,53,6,0,322,178,244,310,319,-36,-28,0,3
8889,LEXM,39,25,7,3,55,32,7,3,322,228,265,308,316,-16,-7,0,0
10683,NEMF,40,24,6,4,94,51,6,3,322,188,247,310,315,-54,-27,0,1
14769,SEMA5B,58,37,11,6,43,29,11,4,322,221,256,300,312,15,8,0,2
4521,DPEP3,28,21,0,0,14,5,0,0,322,280,296,322,322,14,16,0,0
17695,TRBV16,3,3,3,1,3,3,3,1,322,316,316,316,320,0,0,0,0
11022,NR2C2AP,54,31,11,7,62,43,11,4,322,206,248,300,311,-8,-12,0,3
10681,NELL1,29,9,1,1,27,17,1,1,322,266,296,320,320,2,-8,0,0
13876,RESF1,55,36,8,5,103,68,8,1,322,164,218,306,316,-48,-32,0,4
11232,OASL,89,54,4,0,66,41,4,0,322,167,227,314,322,23,13,0,0
2064,CA14,53,42,13,9,74,60,13,7,322,195,220,296,306,-21,-18,0,2
9069,LRAT,88,48,4,0,50,20,4,0,322,184,254,314,322,38,28,0,0
12271,PGAM4,81,51,10,4,98,64,10,2,322,143,207,302,316,-17,-13,0,2
3524,CPA3,26,11,0,0,33,17,0,0,322,263,294,322,322,-7,-6,0,0
265,ADAM33,43,26,2,0,39,18,2,0,322,240,278,318,322,4,8,0,0
8875,LEMD3,71,35,4,1,107,60,4,4,322,144,227,314,317,-36,-25,0,-3
18943,ZBTB37,68,26,3,1,69,38,3,0,322,185,258,316,321,-1,-12,0,1
11528,OR4M1,18,10,0,0,25,9,0,0,322,279,303,322,322,-7,1,0,0
269,ADAMDEC1,11,5,0,0,3,1,0,0,322,308,316,322,322,8,4,0,0
17637,TRAV21,0,0,0,0,0,0,0,0,322,322,322,322,322,0,0,0,0
13889,REXO1,39,19,7,4,100,52,7,2,322,183,251,308,316,-61,-33,0,2
11527,OR4L1,2,2,0,0,6,6,0,0,322,314,314,322,322,-4,-4,0,0
18930,ZBTB17,70,43,10,5,70,44,10,6,322,182,235,302,311,0,-1,0,-1
6260,GID4,48,29,6,1,76,35,6,0,322,198,258,310,321,-28,-6,0,1
6328,GLI4,49,29,8,4,105,62,8,4,322,168,231,306,314,-56,-33,0,0
2193,CAPN7,54,29,5,3,65,40,5,0,322,203,253,312,319,-11,-11,0,3
19221,ZNF274,56,25,5,1,73,43,5,2,322,193,254,312,319,-17,-18,0,-1
19234,ZNF285,91,58,7,1,53,24,7,0,322,178,240,308,321,38,34,0,1
11449,OR2I1P,52,13,1,0,32,12,1,0,322,238,297,320,322,20,1,0,0
8867,LECT2,60,43,8,2,33,25,8,4,322,229,254,306,316,27,18,0,-2
19233,ZNF284,51,25,4,2,88,49,4,1,322,183,248,314,319,-37,-24,0,1
7208,HOGA1,75,44,6,1,72,47,6,3,322,175,231,310,318,3,-3,0,-2
19232,ZNF283,82,57,7,1,80,41,7,1,322,160,224,308,320,2,16,0,0
4224,DENND6A,50,27,5,2,94,49,5,0,322,178,246,312,320,-44,-22,0,2
14796,SEPTIN5,59,44,15,7,88,62,15,7,322,175,216,292,308,-29,-18,0,0
6265,GIMAP1-GIMAP5,2,2,0,0,3,0,0,0,322,317,320,322,322,-1,2,0,0
13882,RETREG1,54,42,10,7,111,62,10,2,322,157,218,302,313,-57,-20,0,5
266,ADAM7,12,6,0,0,4,1,0,0,322,306,315,322,322,8,5,0,0
17586,TRAJ50,0,0,0,0,0,0,0,0,322,322,322,322,322,0,0,0,0
2133,CALCR,39,20,0,0,29,14,0,0,322,254,288,322,322,10,6,0,0
9237,LUC7L,83,44,10,6,53,38,10,1,322,186,240,302,315,30,6,0,5
4294,DHX33,46,23,3,1,87,48,3,0,322,189,251,316,321,-41,-25,0,1
7147,HMG20A,53,28,9,2,76,45,9,0,322,193,249,304,320,-23,-17,0,2
9355,MAGEB5,3,3,0,0,6,4,0,0,322,313,315,322,322,-3,-1,0,0
9710,METTL16,63,28,5,2,73,39,5,0,322,186,255,312,320,-10,-11,0,2
11149,NUDT19,43,22,5,2,88,52,5,0,322,191,248,312,320,-45,-30,0,2
14072,RNASE3,12,12,4,0,10,10,4,2,322,300,300,314,320,2,2,0,-2
11643,OR5V1,9,4,0,0,8,3,0,0,322,305,315,322,322,1,1,0,0
1861,C1orf112,77,39,7,2,66,45,7,4,322,179,238,308,316,11,-6,0,-2
1862,C1orf115,65,37,6,1,44,22,6,0,322,213,263,310,321,21,15,0,1
2360,CCDC169,77,40,6,0,64,29,6,1,322,181,253,310,321,13,11,0,-1
15199,SLC24A4,69,35,6,0,58,33,6,1,322,195,254,310,321,11,2,0,-1
13477,PYROXD2,81,40,5,3,57,30,5,4,322,184,252,312,315,24,10,0,-1
8681,KRTAP24-1,10,7,0,0,4,2,0,0,322,308,313,322,322,6,5,0,0
14232,RPL13A,48,31,9,7,50,28,9,2,322,224,263,304,313,-2,3,0,5
14073,RNASE4,75,51,14,3,96,75,14,6,322,151,196,294,313,-21,-24,0,-3
5547,FBN1,56,25,4,0,70,37,4,0,322,196,260,314,322,-14,-12,0,0
15335,SLC36A2,91,48,3,0,39,20,3,1,322,192,254,316,321,52,28,0,-1
19611,ZNF831,17,7,0,0,2,2,0,0,322,303,313,322,322,15,5,0,0
9716,METTL23,54,32,10,6,94,50,10,1,322,174,240,302,315,-40,-18,0,5
6188,GDF2,16,5,0,0,14,5,0,0,322,292,312,322,322,2,0,0,0
8672,KRTAP20-2,8,8,8,1,9,8,8,2,322,305,306,306,319,-1,0,0,-1
9420,MAP1S,49,24,12,7,115,60,12,4,322,158,238,298,311,-66,-36,0,3
4307,DIAPH2,45,20,1,0,50,18,1,0,322,227,284,320,322,-5,2,0,0
11482,OR2W1,20,19,3,0,9,7,3,0,322,293,296,316,322,11,12,0,0
9310,MAB21L4,79,51,10,6,92,56,10,2,322,151,215,302,314,-13,-5,0,4
13527,RAB27A,47,26,3,1,48,16,3,1,322,227,280,316,320,-1,10,0,0
15329,SLC35G2,43,30,6,5,75,40,6,0,322,204,252,310,317,-32,-10,0,5
2368,CCDC175,41,18,2,0,48,27,2,0,322,233,277,318,322,-7,-9,0,0
5672,FEZF1,39,28,2,0,32,24,2,2,322,251,270,318,320,7,4,0,-2
17557,TRAJ24,0,0,0,0,0,0,0,0,322,322,322,322,322,0,0,0,0
6432,GNPTAB,48,27,6,1,114,51,6,0,322,160,244,310,321,-66,-24,0,1
8665,KRTAP19-7,4,3,3,0,3,3,3,0,322,315,316,316,322,1,0,0,0
15196,SLC24A1,55,32,4,2,90,42,4,1,322,177,248,314,319,-35,-10,0,1
6422,GNL1,46,25,8,4,53,29,8,0,322,223,268,306,318,-7,-4,0,4
15326,SLC35F5,54,25,4,1,91,39,4,0,322,177,258,314,321,-37,-14,0,1
14007,RIC3,69,48,10,4,62,42,10,2,322,191,232,302,316,7,6,0,2
11400,OR1G1,13,13,0,0,9,9,0,0,322,300,300,322,322,4,4,0,0
19249,ZNF32,50,32,11,5,83,54,11,0,322,189,236,300,317,-33,-22,0,5
18805,WWOX,55,29,8,4,67,35,8,2,322,200,258,306,316,-12,-6,0,2
11640,OR5T1,6,4,0,0,2,1,0,0,322,314,317,322,322,4,3,0,0
13555,RAB40B,56,33,8,5,104,54,8,2,322,162,235,306,315,-48,-21,0,3
11001,NPVF,9,6,0,0,5,1,0,0,322,308,315,322,322,4,5,0,0
19142,ZNF135,64,30,3,2,56,41,3,0,322,202,251,316,320,8,-11,0,2
11485,OR2Z1,16,6,0,0,15,5,0,0,322,291,311,322,322,1,1,0,0
11637,OR5M9,1,1,0,0,0,0,0,0,322,321,321,322,322,1,1,0,0
15355,SLC39A11,54,27,9,7,84,42,9,0,322,184,253,304,315,-30,-15,0,7
11636,OR5M8,9,9,0,0,10,10,0,0,322,303,303,322,322,-1,-1,0,0
11669,OR6Q1,14,12,1,0,8,8,1,0,322,300,302,320,322,6,4,0,0
2343,CCDC146,56,35,4,3,113,62,4,0,322,153,225,314,319,-57,-27,0,3
17568,TRAJ34,0,0,0,0,0,0,0,0,322,322,322,322,322,0,0,0,0
15176,SLC22A15,56,23,5,0,77,51,5,1,322,189,248,312,321,-21,-28,0,-1
13547,RAB3C,19,9,1,0,24,6,1,0,322,279,307,320,322,-5,3,0,0
17532,TRAF3,68,40,6,3,58,26,6,0,322,196,256,310,319,10,14,0,3
17563,TRAJ3,2,2,2,2,2,2,2,2,322,318,318,318,318,0,0,0,0
341,ADGRG4,20,4,0,0,7,2,0,0,322,295,316,322,322,13,2,0,0
6189,GDF3,18,16,1,0,15,13,1,0,322,289,293,320,322,3,3,0,0
2355,CCDC160,64,45,8,0,51,35,8,4,322,207,242,306,318,13,10,0,-4
15184,SLC22A25,75,41,1,0,47,17,1,0,322,200,264,320,322,28,24,0,0
11667,OR6N2,5,3,0,0,3,2,0,0,322,314,317,322,322,2,1,0,0
19596,ZNF804A,70,33,1,0,41,20,1,0,322,211,269,320,322,29,13,0,0
2456,CCER1,17,8,0,0,4,3,0,0,322,301,311,322,322,13,5,0,0
15187,SLC22A4,54,21,1,0,96,57,1,0,322,172,244,320,322,-42,-36,0,0
8685,KRTAP29-1,7,7,1,0,7,7,1,0,322,308,308,320,322,0,0,0,0
11144,NUDT15,61,33,2,2,30,16,2,1,322,231,273,318,319,31,17,0,1
8684,KRTAP27-1,3,3,0,0,6,6,0,0,322,313,313,322,322,-3,-3,0,0
8683,KRTAP26-1,5,5,0,0,5,4,0,0,322,312,313,322,322,0,1,0,0
11641,OR5T2,21,10,0,0,21,6,0,0,322,280,306,322,322,0,4,0,0
15229,SLC25A35,42,27,7,2,102,58,7,0,322,178,237,308,320,-60,-31,0,2
3189,CLDN8,10,6,0,0,5,1,0,0,322,307,315,322,322,5,5,0,0
3575,CPXCR1,15,13,0,0,12,9,0,0,322,295,300,322,322,3,4,0,0
759,ANO2,62,40,5,0,56,38,5,0,322,204,244,312,322,6,2,0,0
1838,C18orf63,9,6,0,0,17,6,0,0,322,296,310,322,322,-8,0,0,0
2387,CCDC195,16,16,6,2,15,13,6,4,322,291,293,310,316,1,3,0,-2
11654,OR6C65,2,1,0,0,5,4,0,0,322,315,317,322,322,-3,-3,0,0
8637,KRTAP10-11,5,4,1,0,8,5,1,0,322,309,313,320,322,-3,-1,0,0
17547,TRAJ14,0,0,0,0,0,0,0,0,322,322,322,322,322,0,0,0,0
8636,KRTAP10-10,9,8,0,0,9,9,0,0,322,304,305,322,322,0,-1,0,0
5669,FEV,52,41,5,1,30,21,5,4,322,240,260,312,317,22,20,0,-3
8630,KRT9,46,24,2,0,30,16,2,0,322,246,282,318,322,16,8,0,0
17765,TRGV3,31,26,21,4,34,29,21,11,322,257,267,280,307,-3,-3,0,-7
8632,KRTAP1-3,7,7,0,0,3,2,0,0,322,312,313,322,322,4,5,0,0
6174,GCNT7,63,37,8,7,22,15,8,6,322,237,270,306,309,41,22,0,1
19605,ZNF821,70,41,9,3,72,39,9,1,322,180,242,304,318,-2,2,0,2
19690,ZSWIM7,50,33,7,4,61,23,7,2,322,211,266,308,316,-11,10,0,2
15258,SLC26A9,39,15,0,0,26,12,0,0,322,257,295,322,322,13,3,0,0
15294,SLC30A7,52,26,3,1,48,29,3,0,322,222,267,316,321,4,-3,0,1
13498,R3HCC1L,54,28,6,3,77,46,6,0,322,191,248,310,319,-23,-18,0,3
11655,OR6C68,10,6,1,1,3,3,1,1,322,309,313,320,320,7,3,0,0
11475,OR2T35,4,0,0,0,5,2,0,0,322,313,320,322,322,-1,-2,0,0
19366,ZNF512B,44,30,8,4,104,62,8,1,322,174,230,306,317,-60,-32,0,3
3188,CLDN7,56,43,17,5,87,62,17,9,322,179,217,288,308,-31,-19,0,-4
2382,CCDC189,79,56,13,1,75,41,13,7,322,168,225,296,314,4,15,0,-6
17770,TRH,33,14,1,0,19,10,1,0,322,270,298,320,322,14,4,0,0
15284,SLC2A7,25,13,1,0,23,13,1,0,322,274,296,320,322,2,0,0,0
2439,CCDC85A,86,45,1,0,44,23,1,0,322,192,254,320,322,42,22,0,0
3530,CPB2,79,37,2,1,38,13,2,1,322,205,272,318,320,41,24,0,0
8646,KRTAP10-9,1,1,0,0,7,5,0,0,322,314,316,322,322,-6,-4,0,0
8645,KRTAP10-8,5,3,0,0,0,0,0,0,322,317,319,322,322,5,3,0,0
3748,CT47A1,15,15,7,6,12,11,7,5,322,295,296,308,311,3,4,0,1
4159,DEF6,58,36,6,2,83,44,6,1,322,181,242,310,319,-25,-8,0,1
9337,MAGEA11,34,26,5,1,32,19,5,2,322,256,277,312,319,2,7,0,-1
11657,OR6C74,2,2,0,0,3,2,0,0,322,317,318,322,322,-1,0,0,0
8652,KRTAP13-1,10,9,1,0,3,3,1,0,322,309,310,320,322,7,6,0,0
11397,OR1E1,20,18,1,0,11,9,1,0,322,291,295,320,322,9,9,0,0
14204,RP1L1,55,20,0,0,52,23,0,0,322,215,279,322,322,3,-3,0,0
11649,OR6C1,6,2,0,0,1,1,0,0,322,315,319,322,322,5,1,0,0
5678,FGA,18,11,1,1,27,14,1,0,322,277,297,320,321,-9,-3,0,1
14029,RIN3,67,36,7,0,84,46,7,0,322,171,240,308,322,-17,-10,0,0
15316,SLC35D2,60,38,5,3,50,24,5,2,322,212,260,312,317,10,14,0,1
8662,KRTAP19-4,4,4,4,3,4,4,4,1,322,314,314,314,318,0,0,0,2
4166,DEFA6,1,1,1,0,2,2,1,0,322,319,319,320,322,-1,-1,0,0
2397,CCDC28A,71,47,5,3,54,31,5,0,322,197,244,312,319,17,16,0,3
12321,PHF11,49,28,6,2,85,40,6,3,322,188,254,310,317,-36,-12,0,-1
14159,RNF26,29,16,9,3,94,55,9,1,322,199,251,304,318,-65,-39,0,2
11469,OR2T2,8,5,0,0,5,3,0,0,322,309,314,322,322,3,2,0,0
8664,KRTAP19-6,2,2,1,0,1,1,1,0,322,319,319,320,322,1,1,0,0
14202,ROS1,57,29,1,0,48,22,1,0,322,217,271,320,322,9,7,0,0
11466,OR2T10,10,3,0,0,4,2,0,0,322,308,317,322,322,6,1,0,0
17554,TRAJ21,0,0,0,0,0,0,0,0,322,322,322,322,322,0,0,0,0
11389,OR14K1,34,31,3,2,16,15,3,0,322,272,276,316,320,18,16,0,2
17552,TRAJ2,2,2,2,2,2,2,2,2,322,318,318,318,318,0,0,0,0
5894,FRA10AC1,57,37,3,1,40,26,3,1,322,225,259,316,320,17,11,0,0
14151,RNF220,43,26,9,7,107,64,9,1,322,172,232,304,314,-64,-38,0,6
17551,TRAJ19,0,0,0,0,0,0,0,0,322,322,322,322,322,0,0,0,0
11390,OR14L1P,36,12,1,0,29,9,1,0,322,257,301,320,322,7,3,0,0
9347,MAGEB1,28,11,1,0,23,9,1,0,322,271,302,320,322,5,2,0,0
7133,HLA-DRB5,33,25,5,1,30,23,5,0,322,259,274,312,321,3,2,0,1
14033,RIOK1,54,32,6,1,68,43,6,0,322,200,247,310,321,-14,-11,0,1
17550,TRAJ18,2,2,2,2,2,2,2,2,322,318,318,318,318,0,0,0,0
5727,FHL2,75,27,9,4,65,29,9,6,322,182,266,304,312,10,-2,0,-2
14057,RMC1,60,34,8,4,59,34,8,2,322,203,254,306,316,1,0,0,2
8656,KRTAP15-1,3,3,1,0,3,3,1,0,322,316,316,320,322,0,0,0,0
4165,DEFA5,12,10,8,1,13,10,8,3,322,297,302,306,318,-1,0,0,-2
17763,TRGV11,2,2,2,2,3,3,2,1,322,317,317,318,319,-1,-1,0,1
10699,NEURL2,81,55,17,7,98,63,17,5,322,143,204,288,310,-17,-8,0,2
19177,ZNF205,72,42,13,4,68,33,13,4,322,182,247,296,314,4,9,0,0
15254,SLC26A5,45,31,6,3,49,34,6,3,322,228,257,310,316,-4,-3,0,0
9434,MAP3K14,45,24,5,2,117,79,5,0,322,160,219,312,320,-72,-55,0,2
15280,SLC2A4,59,33,7,0,82,46,7,1,322,181,243,308,321,-23,-13,0,-1
19200,ZNF234,62,34,4,1,60,29,4,1,322,200,259,314,320,2,5,0,0
18743,WFDC1,46,40,8,1,35,27,8,3,322,241,255,306,318,11,13,0,-2
8597,KRT32,24,11,1,0,24,15,1,0,322,274,296,320,322,0,-4,0,0
14118,RNF149,40,21,5,2,75,45,5,0,322,207,256,312,320,-35,-24,0,2
8600,KRT34,82,47,5,0,58,35,5,0,322,182,240,312,322,24,12,0,0
9761,MFSD6,48,34,11,5,128,80,11,7,322,146,208,300,310,-80,-46,0,-2
17527,TRABD2B,34,11,0,0,38,22,0,0,322,250,289,322,322,-4,-11,0,0
5223,EXTL1,54,26,4,1,67,31,4,0,322,201,265,314,321,-13,-5,0,1
13571,RAB6D,46,20,4,2,40,21,4,0,322,236,281,314,320,6,-1,0,2
2465,CCL13,5,5,1,0,7,6,1,0,322,310,311,320,322,-2,-1,0,0
11630,OR5L1,4,4,0,0,2,2,0,0,322,316,316,322,322,2,2,0,0
11631,OR5L2,1,1,0,0,1,1,0,0,322,320,320,322,322,0,0,0,0
14084,RNASEL,66,33,5,0,94,48,5,0,322,162,241,312,322,-28,-15,0,0
9757,MFSD3,50,27,6,3,96,51,6,6,322,176,244,310,313,-46,-24,0,-3
15143,SLC16A8,51,24,4,0,48,27,4,0,322,223,271,314,322,3,-3,0,0
13453,PWWP4,3,1,0,0,5,4,0,0,322,314,317,322,322,-2,-3,0,0
17570,TRAJ36,1,1,1,1,1,1,1,1,322,320,320,320,320,0,0,0,0
348,ADGRL4,63,44,9,5,59,35,9,3,322,200,243,304,314,4,9,0,2
2417,CCDC60,35,27,5,1,26,18,5,0,322,261,277,312,321,9,9,0,1
11624,OR5I1,4,2,0,0,2,1,0,0,322,316,319,322,322,2,1,0,0
17781,TRIM14,43,28,1,1,70,24,1,0,322,209,270,320,321,-27,4,0,1
8610,KRT6B,30,13,0,0,29,8,0,0,322,263,301,322,322,1,5,0,0
17585,TRAJ5,2,2,2,2,2,2,2,2,322,318,318,318,318,0,0,0,0
17580,TRAJ45,3,3,3,3,4,4,3,3,322,315,315,316,316,-1,-1,0,0
11393,OR1B1,25,23,4,1,13,13,4,0,322,284,286,314,321,12,10,0,1
8707,KRTAP5-5,15,15,2,1,16,12,2,1,322,291,295,318,320,-1,3,0,0
3194,CLEC11A,47,27,9,2,71,39,9,7,322,204,256,304,313,-24,-12,0,-5
17577,TRAJ42,2,2,2,2,2,2,2,2,322,318,318,318,318,0,0,0,0
11491,OR4A47,8,6,1,0,10,6,1,0,322,304,310,320,322,-2,0,0,0
8706,KRTAP5-4,43,37,7,1,42,34,7,1,322,237,251,308,320,1,3,0,0
15132,SLC16A10,62,38,7,1,81,42,7,1,322,179,242,308,320,-19,-4,0,0
13986,RHOBTB2,38,23,8,4,101,62,8,0,322,183,237,306,318,-63,-39,0,4
17582,TRAJ47,0,0,0,0,0,0,0,0,322,322,322,322,322,0,0,0,0
14288,RPP38,47,34,9,2,101,63,9,1,322,174,225,304,319,-54,-29,0,1
5224,EXTL2,47,23,7,3,85,45,7,2,322,190,254,308,317,-38,-22,0,1
19193,ZNF226,44,32,7,5,119,68,7,2,322,159,222,308,315,-75,-36,0,3
2692,CDCP2,66,39,3,0,38,17,3,1,322,218,266,316,321,28,22,0,-1
18736,WDR92,58,30,4,3,68,35,4,2,322,196,257,314,317,-10,-5,0,1
5654,FDXR,55,42,9,5,101,52,9,2,322,166,228,304,315,-46,-10,0,3
11214,NXPE2,40,24,3,1,44,27,3,1,322,238,271,316,320,-4,-3,0,0
11264,OFD1,40,20,3,1,94,42,3,0,322,188,260,316,321,-54,-22,0,1
19203,ZNF239,60,26,7,2,68,47,7,1,322,194,249,308,319,-8,-21,0,1
2315,CCDC105,11,6,0,0,5,3,0,0,322,306,313,322,322,6,3,0,0
11205,NWD2,29,11,0,0,14,5,0,0,322,279,306,322,322,15,6,0,0
18827,XKR4,64,34,2,0,38,19,2,0,322,220,269,318,322,26,15,0,0
8715,KRTAP7-1,11,11,2,0,11,10,2,1,322,300,301,318,321,0,1,0,-1
15390,SLC48A1,49,26,5,2,83,39,5,2,322,190,257,312,318,-34,-13,0,0
11628,OR5K3,11,9,1,0,8,8,1,0,322,303,305,320,322,3,1,0,0
11454,OR2L13,20,10,0,0,14,7,0,0,322,288,305,322,322,6,3,0,0
6200,GDPD4,32,13,1,0,17,10,1,0,322,273,299,320,322,15,3,0,0
2433,CCDC78,94,66,17,5,96,70,17,2,322,132,186,288,315,-2,-4,0,3
8719,KRTAP9-3,3,3,0,0,0,0,0,0,322,319,319,322,322,3,3,0,0
4319,DIPK1B,75,42,14,5,67,40,14,5,322,180,240,294,312,8,2,0,0
4322,DIPK2B,80,37,2,0,34,16,2,0,322,208,269,318,322,46,21,0,0
11632,OR5M1,2,2,0,0,2,2,0,0,322,318,318,322,322,0,0,0,0
15096,SLAMF6,69,39,3,1,67,32,3,0,322,186,251,316,321,2,7,0,1
17864,TRIP6,44,26,10,5,96,55,10,1,322,182,241,302,316,-52,-29,0,4
15153,SLC17A9,67,51,14,3,61,36,14,2,322,194,235,294,317,6,15,0,1
2319,CCDC112,37,22,3,1,94,39,3,0,322,191,261,316,321,-57,-17,0,1
2642,CD8B2,52,30,0,0,28,7,0,0,322,242,285,322,322,24,23,0,0
11625,OR5J2,4,4,0,0,2,2,0,0,322,316,316,322,322,2,2,0,0
9245,LUZP4,28,18,2,0,21,13,2,0,322,273,291,318,322,7,5,0,0
4381,DMRT3,41,20,5,0,44,23,5,1,322,237,279,312,321,-3,-3,0,-1
3183,CLDN3,45,29,4,1,43,33,4,1,322,234,260,314,320,2,-4,0,0
4387,DMRTC2,34,22,2,0,18,11,2,0,322,270,289,318,322,16,11,0,0
5909,FRMD4B,74,49,9,7,77,39,9,2,322,171,234,304,313,-3,10,0,5
4179,DEFB110,2,2,2,1,5,5,2,1,322,315,315,318,320,-3,-3,0,0
15381,SLC45A1,59,42,6,0,63,36,6,0,322,200,244,310,322,-4,6,0,0
15118,SLC12A9,40,23,9,6,105,66,9,4,322,177,233,304,312,-65,-43,0,2
11633,OR5M10,3,2,0,0,4,2,0,0,322,315,318,322,322,-1,0,0,0
2423,CCDC68,49,31,6,3,81,39,6,1,322,192,252,310,318,-32,-8,0,2
8694,KRTAP4-3,2,2,0,0,1,0,0,0,322,319,320,322,322,1,2,0,0
7131,HLA-DRA,29,21,5,2,29,24,5,3,322,264,277,312,317,0,-3,0,-1
11462,OR2M5,5,5,0,0,4,4,0,0,322,313,313,322,322,1,1,0,0
4174,DEFB106A,0,0,0,0,0,0,0,0,322,322,322,322,322,0,0,0,0
4146,DDX54,38,26,9,5,96,53,9,1,322,188,243,304,316,-58,-27,0,4
15146,SLC17A2,18,7,0,0,14,8,0,0,322,290,307,322,322,4,-1,0,0
11492,OR4A5,5,5,0,0,6,5,0,0,322,311,312,322,322,-1,0,0,0
18816,XBP1,87,57,6,3,75,44,6,1,322,160,221,310,318,12,13,0,2
17879,TRMT2B,39,22,3,2,47,19,3,1,322,236,281,316,319,-8,3,0,1
17579,TRAJ44,4,4,2,2,2,2,2,2,322,316,316,318,318,2,2,0,0
9443,MAP3K6,69,38,9,4,91,56,9,0,322,162,228,304,318,-22,-18,0,4
1810,C16orf78,2,2,0,0,4,4,0,0,322,316,316,322,322,-2,-2,0,0
15371,SLC41A2,68,49,5,2,69,33,5,0,322,185,240,312,320,-1,16,0,2
15123,SLC13A5,31,18,6,1,30,24,6,4,322,261,280,310,317,1,-6,0,-3
14113,RNF144A,66,36,4,2,65,34,4,1,322,191,252,314,319,1,2,0,1
15150,SLC17A6,8,3,0,0,17,6,0,0,322,297,313,322,322,-9,-3,0,0
8611,KRT6C,16,5,0,0,6,2,0,0,322,300,315,322,322,10,3,0,0
2630,CD72,88,69,13,9,90,62,13,1,322,144,191,296,312,-2,7,0,8
9691,MEP1A,49,16,0,0,31,11,0,0,322,242,295,322,322,18,5,0,0
4371,DMBT1,44,32,9,2,62,34,9,2,322,216,256,304,318,-18,-2,0,0
2985,CH25H,32,20,1,0,48,39,2,1,322,242,263,319,321,-16,-19,-1,-1
11548,OR51B6,11,7,0,0,16,13,1,0,322,295,302,321,322,-5,-6,-1,0
1253,ATP2B2,38,19,4,1,32,19,5,1,322,252,284,313,320,6,0,-1,0
14054,RLN1,69,56,12,3,70,59,13,2,322,183,207,297,317,-1,-3,-1,1
18004,TTC12,46,32,9,3,111,62,10,5,322,165,228,303,314,-65,-30,-1,-2
16577,TBC1D3,10,6,3,1,8,7,4,3,322,304,309,315,318,2,-1,-1,-2
13831,RDH13,33,18,2,1,88,46,3,2,322,201,258,317,319,-55,-28,-1,-1
17069,TMEM107,37,22,6,6,101,68,7,0,322,184,232,309,316,-64,-46,-1,6
18045,TTI1,56,26,6,1,64,36,7,2,322,202,260,309,319,-8,-10,-1,-1
17951,TSPAN10,81,42,5,3,69,41,6,3,322,172,239,311,316,12,1,-1,0
17307,TMOD1,66,26,2,1,50,25,3,0,322,206,271,317,321,16,1,-1,1
16454,TAF11L3,7,6,1,0,6,5,2,1,322,309,311,319,321,1,1,-1,-1
18044,TTF2,37,21,5,1,92,42,6,2,322,193,259,311,319,-55,-21,-1,-1
17677,TRBJ2-2,1,1,1,1,2,2,2,2,322,319,319,319,319,-1,-1,-1,-1
12474,PKD1L2,75,41,4,0,65,28,5,0,322,182,253,313,322,10,13,-1,0
4485,DNPH1,56,35,8,6,66,37,9,3,322,200,250,305,313,-10,-2,-1,3
10850,NMBR,35,29,2,0,34,28,3,0,322,253,265,317,322,1,1,-1,0
2385,CCDC192,47,37,3,1,43,36,4,1,322,232,249,315,320,4,1,-1,0
10855,NME3,62,34,8,4,82,44,9,3,322,178,244,305,315,-20,-10,-1,1
3453,COMTD1,64,36,8,3,87,52,9,6,322,171,234,305,313,-23,-16,-1,-3
16599,TBCB,49,30,4,4,53,22,5,3,322,220,270,313,315,-4,8,-1,1
10374,MYO15A,100,67,8,3,56,33,9,0,322,166,222,305,319,44,34,-1,3
12589,PLEKHH2,85,46,4,1,67,40,5,4,322,170,236,313,317,18,6,-1,-3
1049,ARMC6,41,23,7,3,92,53,8,2,322,189,246,307,317,-51,-30,-1,1
5088,EREG,81,41,3,1,58,28,4,0,322,183,253,315,321,23,13,-1,1
5675,FFAR2,89,52,3,0,57,36,4,0,322,176,234,315,322,32,16,-1,0
5981,FXYD6-FXYD2,14,12,6,2,30,25,7,2,322,278,285,309,318,-16,-13,-1,0
18059,TTLL7,48,21,2,1,79,32,3,0,322,195,269,317,321,-31,-11,-1,1
1251,ATP2A3,59,32,4,1,75,42,5,0,322,188,248,313,321,-16,-10,-1,1
16443,TADA2A,48,22,6,1,78,44,7,0,322,196,256,309,321,-30,-22,-1,1
19471,ZNF641,45,27,10,2,82,52,11,5,322,195,243,301,315,-37,-25,-1,-3
19169,ZNF189,70,36,5,1,66,44,6,0,322,186,242,311,321,4,-8,-1,1
11474,OR2T34,2,2,0,0,2,2,1,0,322,318,318,321,322,0,0,-1,0
11350,OR10J5,8,8,0,0,7,7,1,0,322,307,307,321,322,1,1,-1,0
2134,CALCRL,70,40,6,1,76,40,7,1,322,176,242,309,320,-6,0,-1,0
19208,ZNF251,73,40,6,3,58,35,7,4,322,191,247,309,315,15,5,-1,-1
7154,HMGB4,13,9,0,0,3,3,1,0,322,306,310,321,322,10,6,-1,0
12808,POTEB,6,4,0,0,2,1,1,0,322,314,317,321,322,4,3,-1,0
6264,GIMAP1,79,40,0,0,49,18,1,0,322,194,264,321,322,30,22,-1,0
5079,ERCC1,46,31,7,4,56,21,8,3,322,220,270,307,315,-10,10,-1,1
19206,ZNF25,44,20,6,1,84,52,7,2,322,194,250,309,319,-40,-32,-1,-1
17676,TRBJ2-1,4,4,4,4,5,5,5,5,322,313,313,313,313,-1,-1,-1,-1
9528,MATN4,76,46,7,1,87,50,8,2,322,159,226,307,319,-11,-4,-1,-1
19438,ZNF595,68,34,4,1,60,29,5,1,322,194,259,313,320,8,5,-1,0
11529,OR4M2,9,9,1,0,5,5,2,0,322,308,308,319,322,4,4,-1,0
6820,GZMK,10,4,0,0,4,2,1,1,322,308,316,321,321,6,2,-1,-1
17949,TSNAXIP1,78,52,16,2,94,65,17,7,322,150,205,289,313,-16,-13,-1,-5
7502,IFNW1,26,17,3,0,31,20,4,0,322,265,285,315,322,-5,-3,-1,0
7835,IL36A,13,13,1,1,16,15,2,0,322,293,294,319,321,-3,-2,-1,1
11231,OAS3,37,22,3,0,73,32,4,0,322,212,268,315,322,-36,-10,-1,0
14526,SAMD9,36,16,1,0,139,76,2,0,322,147,230,319,322,-103,-60,-1,0
12553,PLCXD1,66,37,7,3,90,46,8,0,322,166,239,307,319,-24,-9,-1,3
17700,TRBV20-1,16,16,16,5,17,17,17,4,322,289,289,289,313,-1,-1,-1,1
14050,RITA1,42,28,6,2,73,39,7,1,322,207,255,309,319,-31,-11,-1,1
19346,ZNF485,43,31,11,9,112,70,12,2,322,167,221,299,311,-69,-39,-1,7
2187,CAPN14,29,8,1,0,45,22,2,1,322,248,292,319,321,-16,-14,-1,-1
11188,NUP88,41,22,5,1,58,35,6,0,322,223,265,311,321,-17,-13,-1,1
7510,IFT27,61,35,10,5,57,39,11,8,322,204,248,301,309,4,-4,-1,-3
5005,ENTPD8,63,30,3,0,87,49,4,0,322,172,243,315,322,-24,-19,-1,0
13886,REV1,47,25,5,1,85,51,6,2,322,190,246,311,319,-38,-26,-1,-1
159,ACOD1,18,6,0,0,18,4,1,0,322,286,312,321,322,0,2,-1,0
9082,LRFN5,35,12,2,0,60,28,3,0,322,227,282,317,322,-25,-16,-1,0
4325,DIRAS3,61,40,9,2,85,52,10,1,322,176,230,303,319,-24,-12,-1,1
11399,OR1F1,63,53,19,8,86,70,20,7,322,173,199,283,307,-23,-17,-1,1
4252,DGCR6L,45,28,11,6,61,34,12,7,322,216,260,299,309,-16,-6,-1,-1
1020,ARL15,62,39,5,2,82,41,6,2,322,178,242,311,318,-20,-2,-1,0
10205,MTCP1,72,36,7,2,74,43,8,4,322,176,243,307,316,-2,-7,-1,-2
19014,ZDHHC16,49,28,5,3,56,32,6,4,322,217,262,311,315,-7,-4,-1,-1
18283,UGCG,67,31,5,1,84,49,6,0,322,171,242,311,321,-17,-18,-1,1
14131,RNF180,54,35,7,4,86,52,8,0,322,182,235,307,318,-32,-17,-1,4
6983,HCN4,63,31,3,0,34,16,4,1,322,225,275,315,321,29,15,-1,-1
16517,TAS1R2,34,14,0,0,21,10,1,0,322,267,298,321,322,13,4,-1,0
5740,FIGNL2,45,18,2,0,71,40,3,2,322,206,264,317,320,-26,-22,-1,-2
14596,SCFD1,55,28,5,1,63,26,6,0,322,204,268,311,321,-8,2,-1,1
11098,NT5C3B,44,25,4,1,56,21,5,2,322,222,276,313,319,-12,4,-1,-1
12807,POT1,72,35,4,2,52,27,5,0,322,198,260,313,320,20,8,-1,2
13861,RELL2,68,39,4,1,75,47,5,1,322,179,236,313,320,-7,-8,-1,0
14576,SCAI,69,38,4,1,53,28,5,1,322,200,256,313,320,16,10,-1,0
13845,REEP1,61,40,12,4,118,70,13,2,322,143,212,297,316,-57,-30,-1,2
9520,MASTL,49,21,5,3,76,50,6,0,322,197,251,311,319,-27,-29,-1,3
12563,PLD6,93,56,5,3,80,54,6,1,322,149,212,311,318,13,2,-1,2
19342,ZNF48,46,27,10,2,96,56,11,0,322,180,239,301,320,-50,-29,-1,2
6016,GABBR2,60,42,6,2,67,35,7,0,322,195,245,309,320,-7,7,-1,2
11315,OPN1SW,53,47,11,5,52,42,12,5,322,217,233,299,312,1,5,-1,0
9033,LNP1,68,33,2,1,47,31,3,0,322,207,258,317,321,21,2,-1,1
18007,TTC16,62,41,1,0,32,13,2,1,322,228,268,319,321,30,28,-1,-1
6027,GABRB2,22,9,0,0,23,8,1,1,322,277,305,321,321,-1,1,-1,-1
11099,NT5DC1,49,32,7,4,82,49,8,6,322,191,241,307,312,-33,-17,-1,-2
17099,TMEM138,53,27,6,3,74,42,7,1,322,195,253,309,318,-21,-15,-1,2
17303,TMIGD1,15,13,1,0,14,10,2,0,322,293,299,319,322,1,3,-1,0
10461,NAE1,36,24,6,2,86,43,7,0,322,200,255,309,320,-50,-19,-1,2
716,ANKRD31,57,17,0,0,59,32,1,0,322,206,273,321,322,-2,-15,-1,0
3953,CYP4F12,82,54,6,1,54,29,7,2,322,186,239,309,319,28,25,-1,-1
11317,OPN4,22,10,0,0,22,12,1,0,322,278,300,321,322,0,-2,-1,0
16498,TANGO2,52,27,5,5,63,29,6,4,322,207,266,311,313,-11,-2,-1,1
7812,IL20RA,42,25,2,1,41,23,3,0,322,239,274,317,321,1,2,-1,1
3952,CYP4F11,53,27,3,0,53,23,4,1,322,216,272,315,321,0,4,-1,-1
18024,TTC31,38,20,7,4,100,56,8,0,322,184,246,307,318,-62,-36,-1,4
5286,FAM107A,53,31,7,6,62,42,8,2,322,207,249,307,314,-9,-11,-1,4
7805,IL1RAPL1,54,28,4,2,74,46,5,1,322,194,248,313,319,-20,-18,-1,1
5066,EPX,40,20,1,0,29,10,2,1,322,253,292,319,321,11,10,-1,-1
19189,ZNF222,62,32,5,4,109,70,6,2,322,151,220,311,316,-47,-38,-1,2
5214,EXOSC4,62,36,10,3,79,38,11,7,322,181,248,301,312,-17,-2,-1,-4
14589,SCARF1,82,42,1,0,60,23,2,1,322,180,257,319,321,22,19,-1,-1
7814,IL21,11,7,1,0,14,4,2,0,322,297,311,319,322,-3,3,-1,0
14129,RNF170,73,50,11,7,75,52,12,6,322,174,220,299,309,-2,-2,-1,1
9017,LMNB1,43,25,11,5,84,47,12,1,322,195,250,299,316,-41,-22,-1,4
6785,GTSE1,46,20,4,2,90,43,5,1,322,186,259,313,319,-44,-23,-1,1
5743,FIP1L1,59,32,8,4,67,50,9,2,322,196,240,305,316,-8,-18,-1,2
16509,TARBP1,51,16,4,1,76,42,5,0,322,195,264,313,321,-25,-26,-1,1
7801,IL1F10,19,11,1,1,17,15,2,1,322,286,296,319,320,2,-4,-1,0
12084,PCOLCE2,67,42,10,4,76,44,11,2,322,179,236,301,316,-9,-2,-1,2
3956,CYP4F3,71,37,2,0,46,13,3,0,322,205,272,317,322,25,24,-1,0
9349,MAGEB16,14,12,0,0,18,15,1,0,322,290,295,321,322,-4,-3,-1,0
19183,ZNF214,97,60,2,0,42,22,3,2,322,183,240,317,320,55,38,-1,-2
14142,RNF207,59,38,2,0,68,33,3,1,322,195,251,317,321,-9,5,-1,-1
10835,NLRP11,53,27,2,1,83,43,3,1,322,186,252,317,320,-30,-16,-1,0
14078,RNASEH1,44,23,2,0,90,42,3,0,322,188,257,317,322,-46,-19,-1,0
784,ANXA4,59,30,6,4,80,52,7,1,322,183,240,309,317,-21,-22,-1,3
14556,SATL1,54,18,0,0,42,17,1,0,322,226,287,321,322,12,1,-1,0
3752,CT47A6,2,2,2,1,4,4,3,1,322,316,316,317,320,-2,-2,-1,0
3129,CISH,92,50,8,1,88,47,9,0,322,142,225,305,321,4,3,-1,1
3578,CPZ,65,36,5,0,80,51,6,1,322,177,235,311,321,-15,-15,-1,-1
17823,TRIM50,46,20,1,0,26,13,2,0,322,250,289,319,322,20,7,-1,0
7484,IFNA4,11,11,1,0,9,9,2,0,322,302,302,319,322,2,2,-1,0
17081,TMEM121B,58,35,1,1,84,55,2,0,322,180,232,319,321,-26,-20,-1,1
18011,TTC21B,53,27,3,1,55,21,4,0,322,214,274,315,321,-2,6,-1,1
9063,LPIN2,44,26,8,2,115,65,9,0,322,163,231,305,320,-71,-39,-1,2
10833,NLRP1,56,27,5,1,88,52,6,0,322,178,243,311,321,-32,-25,-1,1
11533,OR4N4C,8,6,1,1,6,6,2,0,322,308,310,319,321,2,0,-1,1
16565,TBC1D19,95,52,6,2,53,37,7,1,322,174,233,309,319,42,15,-1,1
11532,OR4N4,12,12,7,6,14,14,8,7,322,296,296,307,309,-2,-2,-1,-1
7487,IFNA7,6,5,1,1,7,6,2,0,322,309,311,319,321,-1,-1,-1,1
5842,FOXD2,75,46,4,1,99,52,5,1,322,148,224,313,320,-24,-6,-1,0
13875,RERGL,23,20,6,1,26,25,7,3,322,273,277,309,318,-3,-5,-1,-2
7833,IL33,31,19,4,2,50,28,5,4,322,241,275,313,316,-19,-9,-1,-2
7465,IFIH1,40,22,6,3,108,51,7,0,322,174,249,309,319,-68,-29,-1,3
11465,OR2T1,8,4,0,0,4,2,1,0,322,310,316,321,322,4,2,-1,0
17098,TMEM135,54,25,7,2,74,38,8,3,322,194,259,307,317,-20,-13,-1,-1
17960,TSPAN19,95,75,27,15,74,55,28,10,322,153,192,267,297,21,20,-1,5
16530,TAS2R39,16,15,0,0,10,10,1,0,322,296,297,321,322,6,5,-1,0
11322,OPRM1,60,25,1,0,40,22,2,0,322,222,275,319,322,20,3,-1,0
7479,IFNA14,4,4,1,0,9,9,2,0,322,309,309,319,322,-5,-5,-1,0
17825,TRIM51GP,26,19,0,0,19,14,1,0,322,277,289,321,322,7,5,-1,0
6979,HCLS1,85,52,10,3,91,60,11,4,322,146,210,301,315,-6,-8,-1,-1
18297,UGT2A1,64,43,4,1,64,35,5,2,322,194,244,313,319,0,8,-1,-1
5215,EXOSC5,49,32,11,5,65,37,12,6,322,208,253,299,311,-16,-5,-1,-1
12203,PEAR1,85,36,2,1,66,36,3,0,322,171,250,317,321,19,0,-1,1
12532,PLAGL2,63,30,5,2,50,34,6,2,322,209,258,311,318,13,-4,-1,0
12083,PCOLCE,55,31,4,1,73,33,5,0,322,194,258,313,321,-18,-2,-1,1
3088,CHST5,93,62,6,0,70,42,7,0,322,159,218,309,322,23,20,-1,0
14077,RNASE9,14,9,0,0,13,9,1,0,322,295,304,321,322,1,0,-1,0
14563,SBF2,55,31,7,6,63,40,8,2,322,204,251,307,314,-8,-9,-1,4
7779,IL13RA2,50,36,2,0,39,30,3,0,322,233,256,317,322,11,6,-1,0
2145,CALML3,21,8,0,0,23,11,1,0,322,278,303,321,322,-2,-3,-1,0
7778,IL13RA1,46,30,2,0,60,18,3,1,322,216,274,317,321,-14,12,-1,-1
9397,MAN1C1,83,43,2,1,53,27,3,0,322,186,252,317,321,30,16,-1,1
4997,ENTHD1,16,5,0,0,16,12,1,0,322,290,305,321,322,0,-7,-1,0
7482,IFNA2,10,9,0,0,3,3,1,0,322,309,310,321,322,7,6,-1,0
17124,TMEM165,48,22,9,4,95,44,10,0,322,179,256,303,318,-47,-22,-1,4
16546,TASP1,73,37,6,2,89,55,7,1,322,160,230,309,319,-16,-18,-1,1
7793,IL17REL,27,12,1,0,39,24,2,0,322,256,286,319,322,-12,-12,-1,0
1216,ATG9B,76,39,4,0,34,20,5,3,322,212,263,313,319,42,19,-1,-3
5821,FNIP1,62,23,5,2,76,35,6,0,322,184,264,311,320,-14,-12,-1,2
9439,MAP3K21,35,18,3,0,99,59,4,2,322,188,245,315,320,-64,-41,-1,-2
12491,PKN3,52,35,3,2,65,33,4,1,322,205,254,315,319,-13,2,-1,1
14373,RSAD1,48,29,8,6,82,49,9,3,322,192,244,305,313,-34,-20,-1,3
18098,TUBGCP6,41,26,9,6,86,47,10,5,322,195,249,303,311,-45,-21,-1,1
9436,MAP3K19,42,21,6,5,35,25,7,3,322,245,276,309,314,7,-4,-1,2
9470,MAPK4,38,24,5,2,67,41,6,2,322,217,257,311,318,-29,-17,-1,0
16942,TIMM23B,55,28,3,3,78,42,4,0,322,189,252,315,319,-23,-14,-1,3
19340,ZNF474,98,82,17,5,85,59,18,3,322,139,181,287,314,13,23,-1,2
10341,MYH13,11,4,0,0,15,6,1,1,322,296,312,321,321,-4,-2,-1,-1
10340,MYH11,71,32,3,1,32,16,4,2,322,219,274,315,319,39,16,-1,-1
1098,ARSL,66,42,5,2,75,40,6,2,322,181,240,311,318,-9,2,-1,0
14263,RPL37,46,28,9,7,55,26,10,2,322,221,268,303,313,-9,2,-1,5
14360,RRM2B,72,51,20,6,91,59,21,7,322,159,212,281,309,-19,-8,-1,-1
9185,LRRK2,69,31,1,0,38,12,2,0,322,215,279,319,322,31,19,-1,0
4375,DMGDH,60,37,4,0,67,45,5,0,322,195,240,313,322,-7,-8,-1,0
2337,CCDC137,67,33,6,1,73,40,7,2,322,182,249,309,319,-6,-7,-1,-1
4966,EN1,44,23,3,1,48,34,4,0,322,230,265,315,321,-4,-11,-1,1
16803,TEX55,18,15,1,0,15,12,2,0,322,289,295,319,322,3,3,-1,0
3029,CHL1,27,24,3,2,20,13,4,0,322,275,285,315,320,7,11,-1,2
16931,TIGIT,70,62,22,7,68,54,23,4,322,184,206,277,311,2,8,-1,3
6216,GFER,64,33,6,4,65,33,7,1,322,193,256,309,317,-1,0,-1,3
7634,IGHV5-10-1,4,4,4,0,7,7,5,2,322,311,311,313,320,-3,-3,-1,-2
11488,OR3A3,70,38,2,0,52,19,3,0,322,200,265,317,322,18,19,-1,0
9260,LY75,65,23,0,0,40,19,1,0,322,217,280,321,322,25,4,-1,0
5709,FGFBP2,24,23,2,0,25,21,3,0,322,273,278,317,322,-1,2,-1,0
12020,PCDHB1,78,34,3,1,37,15,4,0,322,207,273,315,321,41,19,-1,1
4408,DNAH5,53,30,2,0,88,49,3,0,322,181,243,317,322,-35,-19,-1,0
18148,TYR,13,5,0,0,11,2,1,0,322,298,315,321,322,2,3,-1,0
7645,IGKJ4,1,1,0,0,4,3,1,1,322,317,318,321,321,-3,-2,-1,-1
4367,DMAC1,49,24,5,2,69,34,6,0,322,204,264,311,320,-20,-10,-1,2
5662,FER1L6,36,14,1,0,31,11,2,0,322,255,297,319,322,5,3,-1,0
16956,TINAGL1,53,24,6,2,56,36,7,1,322,213,262,309,319,-3,-12,-1,1
2358,CCDC167,63,50,14,10,68,38,15,9,322,191,234,293,303,-5,12,-1,1
16757,TERT,65,33,1,0,66,33,2,1,322,191,256,319,321,-1,0,-1,-1
3025,CHIT1,22,11,1,1,21,12,2,0,322,279,299,319,321,1,-1,-1,1
19146,ZNF140,69,37,5,1,76,50,6,2,322,177,235,311,319,-7,-13,-1,-1
7657,IGKV1-9,4,4,4,0,5,5,5,0,322,313,313,313,322,-1,-1,-1,0
14242,RPL22L1,29,19,5,2,104,52,6,2,322,189,251,311,318,-75,-33,-1,0
19143,ZNF136,64,34,8,3,94,55,9,1,322,164,233,305,318,-30,-21,-1,2
4356,DLK2,59,39,5,2,74,44,6,1,322,189,239,311,319,-15,-5,-1,1
4422,DNAJB11,98,57,8,2,46,22,9,2,322,178,243,305,318,52,35,-1,0
12719,POF1B,42,19,2,0,40,16,3,0,322,240,287,317,322,2,3,-1,0
14387,RSPH4A,78,52,10,5,103,71,11,3,322,141,199,301,314,-25,-19,-1,2
11453,OR2K2,47,40,6,0,26,24,7,3,322,249,258,309,319,21,16,-1,-3
2346,CCDC15,69,25,3,0,60,34,4,0,322,193,263,315,322,9,-9,-1,0
7389,HTR4,32,19,2,0,25,13,3,0,322,265,290,317,322,7,6,-1,0
16768,TEX101,49,40,9,3,57,44,10,1,322,216,238,303,318,-8,-4,-1,2
9291,LYSMD4,32,14,8,1,99,66,9,1,322,191,242,305,320,-67,-52,-1,0
10805,NKPD1,77,39,2,0,56,28,3,0,322,189,255,317,322,21,11,-1,0
4419,DNAJA3,43,24,5,2,70,44,6,1,322,209,254,311,319,-27,-20,-1,1
10344,MYH2,39,15,3,0,25,10,4,2,322,258,297,315,320,14,5,-1,-2
7649,IGKV1-17,6,6,5,4,7,7,6,5,322,309,309,311,313,-1,-1,-1,-1
194,ACSM2A,32,24,3,1,16,8,4,0,322,274,290,315,321,16,16,-1,1
4415,DNAI3,85,73,15,8,78,55,16,5,322,159,194,291,309,7,18,-1,3
12713,POC1B-GALNT4,108,68,27,16,80,61,28,17,322,134,193,267,289,28,7,-1,-1
11064,NRSN2,34,23,13,6,112,72,14,9,322,176,227,295,307,-78,-49,-1,-3
10292,MUCL1,14,13,12,3,19,15,13,8,322,289,294,297,311,-5,-2,-1,-5
19141,ZNF134,64,36,8,1,73,44,9,1,322,185,242,305,320,-9,-8,-1,0
643,AMZ1,55,28,5,2,77,42,6,0,322,190,252,311,320,-22,-14,-1,2
17751,TREML4,40,23,5,0,36,21,6,3,322,246,278,311,319,4,2,-1,-3
6221,GFOD1,53,31,6,1,60,26,7,0,322,209,265,309,321,-7,5,-1,1
1148,ASIC2,13,2,0,0,22,9,1,0,322,287,311,321,322,-9,-7,-1,0
13977,RHD,90,52,5,1,54,31,6,0,322,178,239,311,321,36,21,-1,1
12686,PNMA3,30,11,1,0,59,37,2,0,322,233,274,319,322,-29,-26,-1,0
3313,CNGB3,40,28,14,6,43,27,15,5,322,239,267,293,311,-3,1,-1,1
11354,OR10Q1,10,7,0,0,13,13,1,0,322,299,302,321,322,-3,-6,-1,0
12027,PCDHB16,59,39,6,2,98,58,7,0,322,165,225,309,320,-39,-19,-1,2
10331,MYD88,47,28,3,2,71,37,4,0,322,204,257,315,320,-24,-9,-1,2
9225,LTB4R2,64,32,8,4,95,54,9,3,322,163,236,305,315,-31,-22,-1,1
12037,PCDHGA10,60,30,3,2,87,51,4,1,322,175,241,315,319,-27,-21,-1,1
16899,THRB,72,44,6,1,82,53,7,0,322,168,225,309,321,-10,-9,-1,1
12682,PNLIPRP2,34,25,0,0,32,25,1,0,322,256,272,321,322,2,0,-1,0
7608,IGHV3-43,18,13,7,2,24,16,8,6,322,280,293,307,314,-6,-3,-1,-4
778,ANXA10,37,20,2,0,31,20,3,0,322,254,282,317,322,6,0,-1,0
19312,ZNF430,71,35,6,2,56,34,7,3,322,195,253,309,317,15,1,-1,-1
14293,RPRM,38,21,3,1,30,19,4,0,322,254,282,315,321,8,2,-1,1
7590,IGHV1OR15-9,5,4,3,2,4,4,4,3,322,313,314,315,317,1,0,-1,-1
702,ANKRD20A1,62,32,8,1,75,32,9,2,322,185,258,305,319,-13,0,-1,-1
6,A4GNT,42,18,1,1,28,10,2,1,322,252,294,319,320,14,8,-1,0
16871,THAP7,36,22,10,5,103,63,11,3,322,183,237,301,314,-67,-41,-1,2
3225,CLGN,61,32,4,0,63,30,5,1,322,198,260,313,321,-2,2,-1,-1
7594,IGHV2-70,4,4,3,2,5,5,4,3,322,313,313,315,317,-1,-1,-1,-1
16874,THBD,48,25,2,1,47,30,3,1,322,227,267,317,320,1,-5,-1,0
7408,HYI,60,39,8,5,63,41,9,4,322,199,242,305,313,-3,-2,-1,1
9240,LUM,37,24,4,1,67,43,5,2,322,218,255,313,319,-30,-19,-1,-1
18129,TXNDC11,34,16,4,2,119,57,5,0,322,169,249,313,320,-85,-41,-1,2
2304,CBY3,40,39,10,3,52,39,11,5,322,230,244,301,314,-12,0,-1,-2
12033,PCDHB7,23,10,1,0,55,29,2,0,322,244,283,319,322,-32,-19,-1,0
2306,CC2D1B,33,18,3,3,103,53,4,0,322,186,251,315,319,-70,-35,-1,3
177,ACP4,36,28,8,2,41,34,9,6,322,245,260,305,314,-5,-6,-1,-4
7130,HLA-DQB2,70,47,8,2,64,44,9,0,322,188,231,305,320,6,3,-1,2
12688,PNMA6A,31,15,6,3,83,56,7,2,322,208,251,309,317,-52,-41,-1,1
16835,TGFA,53,25,5,2,39,25,6,3,322,230,272,311,317,14,0,-1,-1
2463,CCL1,8,7,0,0,2,1,1,0,322,312,314,321,322,6,6,-1,0
2464,CCL11,9,9,0,0,5,5,1,0,322,308,308,321,322,4,4,-1,0
16822,TFEC,48,30,2,0,41,18,3,2,322,233,274,317,320,7,12,-1,-2
7626,IGHV4-28,4,4,3,1,7,7,4,2,322,311,311,315,319,-3,-3,-1,-1
4377,DMP1,50,22,0,0,28,14,1,0,322,244,286,321,322,22,8,-1,0
12023,PCDHB12,40,19,3,1,86,46,4,0,322,196,257,315,321,-46,-27,-1,1
9198,LRTOMT,64,34,4,1,65,36,5,1,322,193,252,313,320,-1,-2,-1,0
12024,PCDHB13,54,23,2,2,58,22,3,1,322,210,277,317,319,-4,1,-1,1
12654,PLXND1,56,42,10,4,99,63,11,2,322,167,217,301,316,-43,-21,-1,2
18144,TXNRD3,44,21,6,1,99,57,7,1,322,179,244,309,320,-55,-36,-1,0
4278,DHRS13,58,37,6,3,79,50,7,0,322,185,235,309,319,-21,-13,-1,3
17738,TRDJ2,0,0,0,0,1,1,1,1,322,321,321,321,321,-1,-1,-1,-1
13985,RHOBTB1,60,20,3,0,87,43,4,0,322,175,259,315,322,-27,-23,-1,0
3311,CNGA4,63,35,3,0,60,35,4,0,322,199,252,315,322,3,0,-1,0
10779,NIPA1,42,23,6,1,63,33,7,2,322,217,266,309,319,-21,-10,-1,-1
7620,IGHV3OR16-10,3,2,2,1,3,3,3,2,322,316,317,317,319,0,-1,-1,-1
12656,PM20D2,45,25,5,1,58,25,6,0,322,219,272,311,321,-13,0,-1,1
9459,MAP7D3,46,31,2,0,71,24,3,1,322,205,267,317,321,-25,7,-1,-1
2320,CCDC113,64,32,4,1,76,30,5,0,322,182,260,313,321,-12,2,-1,1
11490,OR4A16,4,2,0,0,6,4,1,0,322,312,316,321,322,-2,-2,-1,0
7618,IGHV3-74,9,7,3,3,10,9,4,0,322,303,306,315,319,-1,-2,-1,3
12026,PCDHB15,77,46,8,3,72,40,9,2,322,173,236,305,317,5,6,-1,1
16846,TGIF1,69,41,15,7,85,44,16,3,322,168,237,291,312,-16,-3,-1,4
17987,TSPYL6,35,25,0,0,35,19,1,0,322,252,278,321,322,0,6,-1,0
5101,ERICH1,42,27,6,3,87,62,7,1,322,193,233,309,318,-45,-35,-1,2
3870,CXCR6,52,31,7,2,61,46,8,4,322,209,245,307,316,-9,-15,-1,-2
14393,RSPO4,34,18,3,1,40,23,4,1,322,248,281,315,320,-6,-5,-1,0
2246,CASR,76,36,1,0,31,12,2,1,322,215,274,319,321,45,24,-1,-1
560,ALG10,63,37,6,3,92,51,7,1,322,167,234,309,318,-29,-14,-1,2
3940,CYP2U1,56,19,1,0,82,43,2,0,322,184,260,319,322,-26,-24,-1,0
14188,ROBO4,41,14,1,0,54,29,2,1,322,227,279,319,321,-13,-15,-1,-1
14479,S100A5,83,63,28,9,64,50,29,7,322,175,209,265,306,19,13,-1,2
19668,ZSCAN2,53,30,4,2,80,43,5,4,322,189,249,313,316,-27,-13,-1,-2
10363,MYL9,46,23,2,0,74,49,3,1,322,202,250,317,321,-28,-26,-1,-1
11477,OR2T5,4,3,0,0,3,3,1,0,322,315,316,321,322,1,0,-1,0
16652,TCEAL8,52,28,5,3,90,47,6,1,322,180,247,311,318,-38,-19,-1,2
19351,ZNF491,69,36,3,2,60,30,4,0,322,193,256,315,320,9,6,-1,2
216,ACTL9,3,2,0,0,8,6,1,1,322,311,314,321,321,-5,-4,-1,-1
7529,IGF2BP3,44,27,8,1,111,68,9,0,322,167,227,305,321,-67,-41,-1,1
18074,TUBA3D,63,45,11,3,82,57,12,5,322,177,220,299,314,-19,-12,-1,-2
7723,IGLV3-12,2,2,2,1,3,3,3,2,322,317,317,317,319,-1,-1,-1,-1
18075,TUBA3E,68,41,8,3,77,55,9,4,322,177,226,305,315,-9,-14,-1,-1
6241,GGPS1,39,23,3,2,84,44,4,1,322,199,255,315,319,-45,-21,-1,1
10822,NLE1,44,20,7,4,91,55,8,0,322,187,247,307,318,-47,-35,-1,4
18216,UBE2U,40,37,10,0,29,26,11,2,322,253,259,301,320,11,11,-1,-2
7719,IGLV2-33,6,6,5,1,6,6,6,1,322,310,310,311,320,0,0,-1,0
11093,NT5C1A,44,31,6,1,48,40,7,1,322,230,251,309,320,-4,-9,-1,0
14034,RIOK2,87,40,7,3,66,41,8,0,322,169,241,307,319,21,-1,-1,3
3071,CHRNB1,64,34,4,2,55,26,5,2,322,203,262,313,318,9,8,-1,0
13909,RFPL4B,59,26,2,0,34,22,3,0,322,229,274,317,322,25,4,-1,0
7176,HNF1B,27,12,2,0,43,30,3,0,322,252,280,317,322,-16,-18,-1,0
11450,OR2J1,20,13,1,0,16,11,2,0,322,286,298,319,322,4,2,-1,0
2496,CCN5,58,36,4,1,63,41,5,2,322,201,245,313,319,-5,-5,-1,-1
5639,FCRL1,21,4,0,0,25,9,1,0,322,276,309,321,322,-4,-5,-1,0
6236,GGCT,36,22,5,1,62,35,6,2,322,224,265,311,319,-26,-13,-1,-1
10771,NIF3L1,62,39,10,6,82,51,11,4,322,178,232,301,312,-20,-12,-1,2
12061,PCGF1,62,39,8,3,66,35,9,2,322,194,248,305,317,-4,4,-1,1
3331,CNOT11,43,21,5,1,82,47,6,1,322,197,254,311,320,-39,-26,-1,0
661,ANGPTL1,59,43,11,4,55,39,12,4,322,208,240,299,314,4,4,-1,0
2212,CARD6,49,25,2,0,100,50,3,0,322,173,247,317,322,-51,-25,-1,0
7730,IGLV3-32,2,2,2,1,4,4,3,0,322,316,316,317,321,-2,-2,-1,1
12219,PENK,20,19,5,1,25,20,6,0,322,277,283,311,321,-5,-1,-1,1
9497,MARCHF9,39,25,6,3,92,50,7,0,322,191,247,309,319,-53,-25,-1,3
14500,SAAL1,62,33,7,2,59,34,8,2,322,201,255,307,318,3,-1,-1,0
17705,TRBV27,4,4,4,2,5,5,5,4,322,313,313,313,316,-1,-1,-1,-2
19167,ZNF184,92,39,8,1,53,27,9,1,322,177,256,305,320,39,12,-1,0
6255,GHR,63,32,2,0,66,25,3,0,322,193,265,317,322,-3,7,-1,0
16625,TBX2,68,45,5,3,70,28,6,0,322,184,249,311,319,-2,17,-1,3
5009,EOLA1,47,23,4,1,82,43,5,1,322,193,256,313,320,-35,-20,-1,0
3859,CXCL2,71,50,10,1,74,50,11,4,322,177,222,301,317,-3,0,-1,-3
223,ACTR1B,39,22,9,6,79,46,10,1,322,204,254,303,315,-40,-24,-1,5
14044,RIPOR3,38,14,6,3,59,37,7,5,322,225,271,309,314,-21,-23,-1,-2
668,ANGPTL8,46,41,23,4,49,45,24,4,322,227,236,275,314,-3,-4,-1,0
14492,S1PR2,45,24,5,3,92,44,6,1,322,185,254,311,318,-47,-20,-1,2
5052,EPO,80,51,6,0,70,50,7,1,322,172,221,309,321,10,1,-1,-1
6084,GALNT7,47,29,8,2,98,55,9,2,322,177,238,305,318,-51,-26,-1,0
77,ABHD10,41,27,6,1,73,42,7,2,322,208,253,309,319,-32,-15,-1,-1
19164,ZNF180,47,24,6,1,89,54,7,1,322,186,244,309,320,-42,-30,-1,0
17029,TMBIM4,43,33,5,3,71,38,6,1,322,208,251,311,318,-28,-5,-1,2
4446,DNAJC22,56,38,3,2,56,26,4,1,322,210,258,315,319,0,12,-1,1
17997,TST,36,22,6,6,106,68,7,4,322,180,232,309,312,-70,-46,-1,2
17026,TMA16,49,33,6,3,70,41,7,4,322,203,248,309,315,-21,-8,-1,-1
12069,PCK2,47,28,9,2,90,46,10,7,322,185,248,303,313,-43,-18,-1,-5
7524,IGF1,97,53,4,2,52,29,5,1,322,173,240,313,319,45,24,-1,1
1226,ATOH8,57,33,1,0,55,30,2,0,322,210,259,319,322,2,3,-1,0
11094,NT5C1B,34,26,7,2,21,19,8,2,322,267,277,307,318,13,7,-1,0
11476,OR2T4,7,6,1,0,6,5,2,0,322,309,311,319,322,1,1,-1,0
576,ALKAL2,50,43,18,9,59,46,19,12,322,213,233,285,301,-9,-3,-1,-3
6947,HAUS1,45,25,6,1,69,31,7,0,322,208,266,309,321,-24,-6,-1,1
11326,OR10A2,76,36,1,0,43,22,2,0,322,203,264,319,322,33,14,-1,0
1211,ATG4C,75,41,5,1,62,34,6,1,322,185,247,311,320,13,7,-1,0
7689,IGKV5-2,2,2,1,0,3,3,2,0,322,317,317,319,322,-1,-1,-1,0
16978,TLCD4-RWDD3,103,74,26,12,96,66,27,10,322,123,182,269,300,7,8,-1,2
4352,DLGAP3,54,25,1,0,65,31,2,1,322,203,266,319,321,-11,-6,-1,-1
17757,TRGJ2,1,1,1,1,2,2,2,2,322,319,319,319,319,-1,-1,-1,-1
12208,PEDS1,47,23,7,3,88,41,8,1,322,187,258,307,318,-41,-18,-1,2
14017,RIMBP2,51,29,3,1,43,27,4,0,322,228,266,315,321,8,2,-1,1
14016,RILPL2,38,29,5,1,71,35,6,3,322,213,258,311,318,-33,-6,-1,-2
2487,CCL5,92,48,3,2,33,17,4,0,322,197,257,315,320,59,31,-1,2
6873,H2BC9,71,46,9,4,99,62,10,1,322,152,214,303,317,-28,-16,-1,3
3229,CLIC3,66,51,14,5,56,40,15,6,322,200,231,293,311,10,11,-1,-1
3014,CHEK2,51,22,3,1,56,22,4,3,322,215,278,315,318,-5,0,-1,-2
7379,HTR1E,5,3,0,0,16,8,1,0,322,301,311,321,322,-11,-5,-1,0
19301,ZNF416,61,36,6,2,77,47,7,2,322,184,239,309,318,-16,-11,-1,0
14413,RTL6,27,17,9,4,94,59,10,2,322,201,246,303,316,-67,-42,-1,2
6100,GAPDHS,51,38,10,4,66,45,11,7,322,205,239,301,311,-15,-7,-1,-3
10271,MTUS2,78,32,7,3,46,28,8,5,322,198,262,307,314,32,4,-1,-2
5238,F12,63,30,3,0,62,35,4,3,322,197,257,315,319,1,-5,-1,-3
2363,CCDC170,61,35,3,0,57,22,4,0,322,204,265,315,322,4,13,-1,0
7380,HTR1F,35,16,4,1,16,7,5,0,322,271,299,313,321,19,9,-1,1
4431,DNAJB8,33,15,0,0,10,7,1,0,322,279,300,321,322,23,8,-1,0
14404,RTF1,38,25,7,2,103,51,8,1,322,181,246,307,319,-65,-26,-1,1
9480,MAPKAPK3,34,21,8,4,94,49,9,1,322,194,252,305,317,-60,-28,-1,3
10279,MUC16,16,7,0,0,24,11,1,0,322,282,304,321,322,-8,-4,-1,0
7019,HEBP2,54,37,8,2,63,36,9,5,322,205,249,305,315,-9,1,-1,-3
3068,CHRNA6,42,22,3,2,44,22,4,1,322,236,278,315,319,-2,0,-1,1
9162,LRRC7,53,25,2,0,50,22,3,0,322,219,275,317,322,3,3,-1,0
2245,CASQ2,31,12,2,0,36,22,3,0,322,255,288,317,322,-5,-10,-1,0
11212,NXNL2,98,63,10,6,61,41,11,6,322,163,218,301,310,37,22,-1,0
12747,POLN,80,52,9,4,86,63,10,0,322,156,207,303,318,-6,-11,-1,4
10775,NINJ1,48,33,12,8,87,46,13,7,322,187,243,297,307,-39,-13,-1,1
11335,OR10D3,21,10,0,0,14,9,1,0,322,287,303,321,322,7,1,-1,0
3938,CYP2R1,50,23,4,1,56,30,5,1,322,216,269,313,320,-6,-7,-1,0
16685,TCP11,63,51,10,4,71,54,11,1,322,188,217,301,317,-8,-3,-1,3
3937,CYP2J2,44,20,3,3,47,28,4,0,322,231,274,315,319,-3,-8,-1,3
17000,TLR5,63,37,7,0,94,59,8,1,322,165,226,307,321,-31,-22,-1,-1
580,ALKBH4,42,25,5,4,88,48,6,0,322,192,249,311,318,-46,-23,-1,4
14200,RORB,60,29,3,1,59,22,4,1,322,203,271,315,320,1,7,-1,0
14201,RORC,34,22,3,0,49,29,4,0,322,239,271,315,322,-15,-7,-1,0
2222,CARNS1,54,28,1,0,81,46,2,0,322,187,248,319,322,-27,-18,-1,0
16996,TLR10,78,42,4,1,51,26,5,1,322,193,254,313,320,27,16,-1,0
7703,IGLJ7,0,0,0,0,1,1,1,1,322,321,321,321,321,-1,-1,-1,-1
584,ALKBH8,86,36,4,0,64,34,5,2,322,172,252,313,320,22,2,-1,-2
17818,TRIM49B,42,33,2,0,25,18,3,0,322,255,271,317,322,17,15,-1,0
10815,NKX2-6,17,11,2,0,12,8,3,0,322,293,303,317,322,5,3,-1,0
14426,RTP1,27,13,2,0,20,8,3,0,322,275,301,317,322,7,5,-1,0
19074,ZFY,49,25,1,0,42,27,2,0,322,231,270,319,322,7,-2,-1,0
3753,CT47A7,5,5,4,2,5,5,5,2,322,312,312,313,318,0,0,-1,0
12217,PELP1,33,19,6,5,80,46,7,0,322,209,257,309,317,-47,-27,-1,5
12519,PLA2R1,41,16,0,0,49,13,1,0,322,232,293,321,322,-8,3,-1,0
2369,CCDC177,37,16,2,0,38,18,3,1,322,247,288,317,321,-1,-2,-1,-1
4437,DNAJC13,39,21,7,2,74,44,8,0,322,209,257,307,320,-35,-23,-1,2
17200,TMEM239,74,49,1,0,49,24,2,0,322,199,249,319,322,25,25,-1,0
9142,LRRC42,53,32,8,3,79,42,9,1,322,190,248,305,318,-26,-10,-1,2
2234,CASP14,70,44,0,0,33,15,1,0,322,219,263,321,322,37,29,-1,0
11456,OR2L3,42,20,2,1,32,12,3,0,322,248,290,317,321,10,8,-1,1
1199,ATG10,61,26,3,0,67,30,4,2,322,194,266,315,320,-6,-4,-1,-2
11224,NYAP2,104,47,2,0,42,19,3,1,322,176,256,317,321,62,28,-1,-1
1794,C14orf180,14,7,1,0,26,18,2,0,322,282,297,319,322,-12,-11,-1,0
7974,IQCJ-SCHIP1,80,53,7,1,58,27,8,3,322,184,242,307,318,22,26,-1,-2
18538,VENTX,97,52,2,1,58,26,3,0,322,167,244,317,321,39,26,-1,1
13585,RABGGTA,57,34,10,6,80,49,11,7,322,185,239,301,309,-23,-15,-1,-1
17903,TRPM3,65,34,2,0,63,41,3,1,322,194,247,317,321,2,-7,-1,-1
91,ABHD18,60,33,4,3,61,31,5,0,322,201,258,313,319,-1,2,-1,3
3426,COL6A6,47,29,4,4,24,16,5,2,322,251,277,313,316,23,13,-1,2
15099,SLAMF9,64,54,10,1,39,34,11,0,322,219,234,301,321,25,20,-1,1
1899,C1QL2,18,8,1,0,33,16,2,0,322,271,298,319,322,-15,-8,-1,0
415,AGAP4,46,20,3,0,85,47,4,1,322,191,255,315,321,-39,-27,-1,-1
8716,KRTAP8-1,7,7,3,0,5,5,4,0,322,310,310,315,322,2,2,-1,0
17584,TRAJ49,2,2,2,2,3,3,3,3,322,317,317,317,317,-1,-1,-1,-1
8714,KRTAP6-3,6,6,1,0,5,5,2,2,322,311,311,319,320,1,1,-1,-2
10545,NCCRP1,72,48,3,1,69,37,4,1,322,181,237,315,320,3,11,-1,0
11622,OR5H2,9,8,1,0,7,7,2,2,322,306,307,319,320,2,1,-1,-2
8336,KEL,48,26,5,2,63,33,6,2,322,211,263,311,318,-15,-7,-1,0
4177,DEFB107B,5,5,4,4,5,5,5,3,322,312,312,313,315,0,0,-1,1
15767,SOX15,93,66,11,3,68,48,12,5,322,161,208,299,314,25,18,-1,-2
15766,SOX14,16,7,0,0,17,4,1,0,322,289,311,321,322,-1,3,-1,0
1893,C1orf94,39,20,0,0,14,7,1,0,322,269,295,321,322,25,13,-1,0
15117,SLC12A8,59,32,4,2,69,38,5,0,322,194,252,313,320,-10,-6,-1,2
15789,SP6,59,31,2,1,69,34,3,0,322,194,257,317,321,-10,-3,-1,1
10955,NPFFR2,68,47,5,1,57,30,6,1,322,197,245,311,320,11,17,-1,0
11601,OR5AN1,26,7,0,0,23,6,1,0,322,273,309,321,322,3,1,-1,0
15795,SPACA1,3,1,0,0,8,6,1,0,322,311,315,321,322,-5,-5,-1,0
15821,SPANXN2,43,31,1,0,39,32,2,0,322,240,259,319,322,4,-1,-1,0
5486,FAM90A18P,3,3,0,0,1,1,1,1,322,318,318,321,321,2,2,-1,-1
315,ADCYAP1,15,5,0,0,15,5,1,0,322,292,312,321,322,0,0,-1,0
13593,RAC2,50,34,11,1,78,54,12,5,322,194,234,299,316,-28,-20,-1,-4
17450,TOR1A,34,19,5,2,82,47,6,1,322,206,256,311,319,-48,-28,-1,1
10951,NPEPL1,63,39,8,7,76,48,9,3,322,183,235,305,312,-13,-9,-1,4
13195,PRRG3,61,27,8,5,56,31,9,2,322,205,264,305,315,5,-4,-1,3
15810,SPAG6,50,34,10,2,60,41,11,5,322,212,247,301,315,-10,-7,-1,-3
17588,TRAJ53,1,1,1,1,2,2,2,2,322,319,319,319,319,-1,-1,-1,-1
15806,SPAG16,55,36,8,6,99,52,9,1,322,168,234,305,315,-44,-16,-1,5
7267,HPGDS,25,20,0,0,18,10,1,1,322,279,292,321,321,7,10,-1,-1
7266,HPGD,44,33,3,2,61,40,4,1,322,217,249,315,319,-17,-7,-1,1
17454,TOR2A,41,30,9,5,109,65,10,5,322,172,227,303,312,-68,-35,-1,0
15802,SPACA9,64,32,4,2,56,33,5,0,322,202,257,313,320,8,-1,-1,2
11753,OSMR,43,29,4,3,83,42,5,0,322,196,251,313,319,-40,-13,-1,3
2806,CEBPB,106,66,7,2,46,31,8,1,322,170,225,307,319,60,35,-1,1
19555,ZNF747,45,24,3,3,94,51,4,0,322,183,247,315,319,-49,-27,-1,3
15758,SOWAHB,49,20,3,0,42,29,4,1,322,231,273,315,321,7,-9,-1,-1
13219,PRSS45P,25,24,4,0,26,24,5,2,322,271,274,313,320,-1,0,-1,-2
3599,CREB3L1,69,40,8,3,88,58,9,4,322,165,224,305,315,-19,-18,-1,-1
1890,C1orf68,6,4,1,0,12,10,2,0,322,304,308,319,322,-6,-6,-1,0
18616,VSIG10L2,29,14,1,0,11,4,2,0,322,282,304,319,322,18,10,-1,0
8693,KRTAP4-2,4,4,0,0,6,6,1,0,322,312,312,321,322,-2,-2,-1,0
13558,RAB42,74,32,4,1,77,37,5,1,322,171,253,313,320,-3,-5,-1,0
15161,SLC1A1,51,29,6,2,97,62,7,1,322,174,231,309,319,-46,-33,-1,1
9934,MOCS3,62,39,2,2,45,29,3,1,322,215,254,317,319,17,10,-1,1
4714,ECHDC2,57,31,6,1,68,50,7,1,322,197,241,309,320,-11,-19,-1,0
3260,CLRN1,43,26,1,0,26,13,2,0,322,253,283,319,322,17,13,-1,0
15697,SNX10,32,22,5,2,67,30,6,2,322,223,270,311,318,-35,-8,-1,0
15167,SLC1A7,42,19,2,0,67,38,3,1,322,213,265,317,321,-25,-19,-1,-1
18623,VSTM2A,42,30,1,0,44,20,2,0,322,236,272,319,322,-2,10,-1,0
17566,TRAJ32,1,1,1,1,4,3,2,2,322,317,318,319,319,-3,-2,-1,-1
17479,TP73,49,24,6,1,89,54,7,2,322,184,244,309,319,-40,-30,-1,-1
11283,OLFM4,21,7,2,0,18,7,3,3,322,283,308,317,319,3,0,-1,-3
15179,SLC22A18,73,43,10,3,74,28,11,1,322,175,251,301,318,-1,15,-1,2
1869,C1orf158,80,44,4,1,53,31,5,3,322,189,247,313,318,27,13,-1,-2
11282,OLFM3,16,4,1,0,18,5,2,1,322,288,313,319,321,-2,-1,-1,-1
4704,EBLN2,71,46,7,5,94,59,8,2,322,157,217,307,315,-23,-13,-1,3
13559,RAB43,89,42,9,3,84,45,10,1,322,149,235,303,318,5,-3,-1,2
2650,CDAN1,54,33,7,4,114,63,8,1,322,154,226,307,317,-60,-30,-1,3
8385,KIF15,44,25,5,1,104,56,6,1,322,174,241,311,320,-60,-31,-1,0
17574,TRAJ4,2,2,2,2,3,3,3,3,322,317,317,317,317,-1,-1,-1,-1
15126,SLC15A1,85,40,2,0,54,26,3,1,322,183,256,317,321,31,14,-1,-1
17578,TRAJ43,0,0,0,0,1,1,1,1,322,321,321,321,321,-1,-1,-1,-1
9944,MORC1,14,7,0,0,19,9,1,0,322,289,306,321,322,-5,-2,-1,0
2644,CD93,19,7,0,0,31,8,1,0,322,272,307,321,322,-12,-1,-1,0
7066,HFE,49,24,2,0,71,28,3,0,322,202,270,317,322,-22,-4,-1,0
15134,SLC16A12,80,44,5,0,47,21,6,1,322,195,257,311,321,33,23,-1,-1
3195,CLEC12A,31,21,2,0,21,16,3,0,322,270,285,317,322,10,5,-1,0
17572,TRAJ38,2,2,2,2,3,3,3,3,322,317,317,317,317,-1,-1,-1,-1
13241,PRYP3,24,17,2,0,27,24,3,1,322,271,281,317,321,-3,-7,-1,-1
15733,SOCS5,78,44,6,3,65,32,7,1,322,179,246,309,318,13,12,-1,2
3432,COL9A3,59,43,10,0,82,59,11,6,322,181,220,301,316,-23,-16,-1,-6
3729,CST8,10,9,0,0,9,9,1,0,322,303,304,321,322,1,0,-1,0
7261,HPCAL1,38,17,5,3,55,32,6,3,322,229,273,311,316,-17,-15,-1,0
854,APOA2,68,63,31,15,61,54,32,15,322,193,205,259,292,7,9,-1,0
15719,SNX33,40,26,8,4,83,43,9,0,322,199,253,305,318,-43,-17,-1,4
18815,XAGE5,65,49,18,3,63,58,19,7,322,194,215,285,312,2,-9,-1,-4
13186,PRR5-ARHGAP8,50,35,11,4,62,41,12,8,322,210,246,299,310,-12,-6,-1,-4
13184,PRR4,84,73,55,40,86,78,56,42,322,152,171,211,240,-2,-5,-1,-2
1601,BMX,40,12,1,0,52,24,2,0,322,230,286,319,322,-12,-12,-1,0
435,AGO4,43,22,3,1,75,28,4,0,322,204,272,315,321,-32,-6,-1,1
8239,KCNJ15,82,36,4,0,48,33,5,2,322,192,253,313,320,34,3,-1,-2
19543,ZNF727,72,29,0,0,24,9,1,0,322,226,284,321,322,48,20,-1,0
16435,TACC2,56,33,7,5,90,56,8,1,322,176,233,307,316,-34,-23,-1,4
2836,CENPE,41,22,4,0,100,50,5,3,322,181,250,313,319,-59,-28,-1,-3
19544,ZNF728,54,30,5,1,63,32,6,0,322,205,260,311,321,-9,-2,-1,1
3627,CRK,69,39,4,2,46,22,5,0,322,207,261,313,320,23,17,-1,2
4587,DSG2,47,25,2,0,42,25,3,0,322,233,272,317,322,5,0,-1,0
11087,NSUN3,37,21,5,1,95,56,6,2,322,190,245,311,319,-58,-35,-1,-1
11433,OR2AT4,63,31,2,0,27,13,3,1,322,232,278,317,321,36,18,-1,-1
15019,SHROOM4,85,46,1,0,35,13,2,0,322,202,263,319,322,50,33,-1,0
13160,PRR12,43,27,7,7,87,46,8,2,322,192,249,307,313,-44,-19,-1,5
8249,KCNK1,79,40,4,3,44,24,5,1,322,199,258,313,318,35,16,-1,2
1935,C22orf42,35,28,2,0,25,17,3,0,322,262,277,317,322,10,11,-1,0
15025,SIAH3,30,4,0,0,30,13,1,1,322,262,305,321,321,0,-9,-1,-1
1569,BLNK,80,43,3,0,38,24,4,1,322,204,255,315,321,42,19,-1,-1
11774,OTUB2,78,46,12,5,96,59,13,5,322,148,217,297,312,-18,-13,-1,0
15028,SIGIRR,63,47,20,4,93,63,21,12,322,166,212,281,306,-30,-16,-1,-8
3197,CLEC14A,15,9,0,0,22,18,1,0,322,285,295,321,322,-7,-9,-1,0
6604,GPR65,72,30,1,0,53,29,2,0,322,197,263,319,322,19,1,-1,0
12155,PDHB,40,25,10,3,89,57,11,6,322,193,240,301,313,-49,-32,-1,-3
14985,SHCBP1,58,27,7,0,62,31,8,2,322,202,264,307,320,-4,-4,-1,-2
5585,FBXO31,37,29,10,3,107,64,11,0,322,178,229,301,319,-70,-35,-1,3
4797,EFR3A,48,24,4,1,77,36,5,2,322,197,262,313,319,-29,-12,-1,-1
7286,HRH3,63,40,6,1,34,21,7,1,322,225,261,309,320,29,19,-1,0
18516,VAX2,52,44,10,4,83,51,11,3,322,187,227,301,315,-31,-7,-1,1
17605,TRAPPC10,44,18,6,2,81,44,7,1,322,197,260,309,319,-37,-26,-1,1
2606,CD38,75,41,2,0,46,22,3,3,322,201,259,317,319,29,19,-1,-3
9645,MED18,70,38,3,2,49,30,4,0,322,203,254,315,320,21,8,-1,2
18518,VCAM1,30,18,3,3,49,22,4,0,322,243,282,315,319,-19,-4,-1,3
4581,DSCAM,16,5,0,0,11,6,1,1,322,295,311,321,321,5,-1,-1,-1
1538,BHLHE22,34,20,1,0,19,11,2,1,322,269,291,319,321,15,9,-1,-1
8783,LAPTM5,81,43,6,2,72,42,7,0,322,169,237,309,320,9,1,-1,2
9646,MED19,55,30,5,2,58,32,6,1,322,209,260,311,319,-3,-2,-1,1
8231,KCNIP3,59,26,4,0,84,54,5,0,322,179,242,313,322,-25,-28,-1,0
14989,SHF,47,26,7,3,113,72,8,2,322,162,224,307,317,-66,-46,-1,1
7285,HRH2,32,18,1,0,47,30,2,0,322,243,274,319,322,-15,-12,-1,0
9650,MED23,58,26,7,2,75,46,8,0,322,189,250,307,320,-17,-20,-1,2
3418,COL4A6,42,21,2,1,45,16,3,2,322,235,285,317,319,-3,5,-1,-1
8253,KCNK15,24,13,1,1,53,27,2,1,322,245,282,319,320,-29,-14,-1,0
17589,TRAJ54,0,0,0,0,1,1,1,1,322,321,321,321,321,-1,-1,-1,-1
1574,BLOC1S5,50,32,5,3,98,57,6,0,322,174,233,311,319,-48,-25,-1,3
8276,KCNQ4,49,19,0,0,97,48,1,0,322,176,255,321,322,-48,-29,-1,0
15865,SPATC1,34,16,0,0,16,13,1,0,322,272,293,321,322,18,3,-1,0
13605,RAD51,44,26,4,3,64,34,5,0,322,214,262,313,319,-20,-8,-1,3
15863,SPATA7,66,33,10,4,97,64,11,0,322,159,225,301,318,-31,-31,-1,4
6586,GPR31,10,5,1,0,11,6,2,0,322,301,311,319,322,-1,-1,-1,0
15858,SPATA48,10,4,0,0,13,9,1,0,322,299,309,321,322,-3,-5,-1,0
8738,L1TD1,85,56,4,0,41,23,5,2,322,196,243,313,320,44,33,-1,-2
1921,C20orf194,35,18,5,4,79,47,6,2,322,208,257,311,316,-44,-29,-1,2
15850,SPATA31D3,8,3,0,0,8,2,1,0,322,306,317,321,322,0,1,-1,0
5570,FBXL8,56,29,5,3,100,56,6,2,322,166,237,311,317,-44,-27,-1,1
13602,RAD23A,47,26,9,7,59,27,10,3,322,216,269,303,312,-12,-1,-1,4
6583,GPR26,10,4,0,0,8,3,1,0,322,304,315,321,322,2,1,-1,0
6389,GNA14,57,30,5,0,68,40,6,1,322,197,252,311,321,-11,-10,-1,-1
2822,CELF4,82,48,8,1,72,45,9,1,322,168,229,305,320,10,3,-1,0
8732,KXD1,67,42,6,1,49,26,7,3,322,206,254,309,318,18,16,-1,-2
1915,C1RL,51,29,8,1,90,52,9,2,322,181,241,305,319,-39,-23,-1,-1
4763,EEF2K,41,24,7,2,80,47,8,0,322,201,251,307,320,-39,-23,-1,2
1591,BMP6,47,30,10,5,86,48,11,7,322,189,244,301,310,-39,-18,-1,-2
3165,CLCNKA,61,32,2,0,67,33,3,0,322,194,257,317,322,-6,-1,-1,0
760,ANO3,29,11,1,0,25,10,2,0,322,268,301,319,322,4,1,-1,0
19548,ZNF735,21,16,0,0,15,10,1,0,322,286,296,321,322,6,6,-1,0
15895,SPEF2,93,53,4,1,39,28,5,0,322,190,241,313,321,54,25,-1,1
15893,SPECC1L-ADORA2A,93,73,21,10,75,51,22,11,322,154,198,279,301,18,22,-1,-1
1577,BLVRA,53,35,7,3,91,52,8,2,322,178,235,307,317,-38,-17,-1,1
17596,TRAJ9,1,1,1,1,2,2,2,2,322,319,319,319,319,-1,-1,-1,-1
11769,OTOP3,20,6,0,0,15,6,1,0,322,287,310,321,322,5,0,-1,0
11615,OR5D16,4,3,0,0,2,2,1,0,322,316,317,321,322,2,1,-1,0
3162,CLCN5,75,37,5,0,51,27,6,1,322,196,258,311,321,24,10,-1,-1
8267,KCNMB3,70,29,2,0,85,48,3,0,322,167,245,317,322,-15,-19,-1,0
1928,C21orf58,53,29,7,1,92,52,8,2,322,177,241,307,319,-39,-23,-1,-1
6379,GMNC,49,20,2,1,18,12,3,2,322,255,290,317,319,31,8,-1,-1
6380,GMNN,56,30,8,2,67,36,9,1,322,199,256,305,319,-11,-6,-1,1
428,AGK,40,22,5,3,67,36,6,2,322,215,264,311,317,-27,-14,-1,1
2828,CEMIP,62,39,13,3,64,45,14,5,322,196,238,295,314,-2,-6,-1,-2
11290,OLIG3,17,9,0,0,12,3,1,0,322,293,310,321,322,5,6,-1,0
8745,LACC1,51,22,2,0,80,37,3,0,322,191,263,317,322,-29,-15,-1,0
11123,NTSR1,42,11,1,0,69,27,2,1,322,211,284,319,321,-27,-16,-1,-1
4702,EBI3,69,53,7,2,79,64,8,1,322,174,205,307,319,-10,-11,-1,1
13542,RAB38,49,31,6,2,72,42,7,1,322,201,249,309,319,-23,-11,-1,1
15185,SLC22A3,33,15,0,0,25,12,1,1,322,264,295,321,321,8,3,-1,-1
15345,SLC38A2,68,37,9,4,113,48,10,0,322,141,237,303,318,-45,-11,-1,4
11665,OR6M1,8,8,0,0,3,3,1,0,322,311,311,321,322,5,5,-1,0
13485,QPCTL,44,21,2,1,82,46,3,1,322,196,255,317,320,-38,-25,-1,0
15494,SLFN13,80,40,3,1,57,24,4,0,322,185,258,315,321,23,16,-1,1
17534,TRAF3IP2,62,35,5,3,90,53,6,3,322,170,234,311,316,-28,-18,-1,0
8621,KRT79,71,39,3,0,62,33,4,0,322,189,250,315,322,9,6,-1,0
7233,HOXB3,60,31,6,1,71,41,7,0,322,191,250,309,321,-11,-10,-1,1
3786,CTNNAL1,56,31,7,2,56,32,8,1,322,210,259,307,319,0,-1,-1,1
5517,FARP1,55,38,12,9,83,56,13,0,322,184,228,297,313,-28,-18,-1,9
11268,OGFOD1,44,29,5,1,76,46,6,0,322,202,247,311,321,-32,-17,-1,1
4152,DDX60,46,23,2,1,75,45,3,0,322,201,254,317,321,-29,-22,-1,1
2717,CDHR2,44,27,11,2,53,38,12,3,322,225,257,299,317,-9,-11,-1,-1
1816,C16orf91,67,37,9,2,60,36,10,1,322,195,249,303,319,7,1,-1,1
356,ADH7,10,7,1,1,20,14,2,1,322,292,301,319,320,-10,-7,-1,0
8619,KRT77,13,8,0,0,16,9,1,0,322,293,305,321,322,-3,-1,-1,0
13480,PZP,22,10,0,0,11,7,1,0,322,289,305,321,322,11,3,-1,0
8618,KRT76,20,9,0,0,9,3,1,0,322,293,310,321,322,11,6,-1,0
5898,FREM1,31,13,0,0,32,9,1,0,322,259,300,321,322,-1,4,-1,0
3483,COQ9,39,33,11,9,83,47,12,3,322,200,242,299,310,-44,-14,-1,6
11664,OR6K6,5,4,0,0,4,2,1,0,322,313,316,321,322,1,2,-1,0
15502,SLITRK1,26,7,0,0,23,13,1,1,322,273,302,321,321,3,-6,-1,-1
4611,DUOX1,39,16,5,1,40,23,6,2,322,243,283,311,319,-1,-7,-1,-1
15302,SLC34A2,106,68,3,0,27,16,4,1,322,189,238,315,321,79,52,-1,-1
6510,GPATCH8,87,41,10,2,64,43,11,2,322,171,238,301,318,23,-2,-1,0
11441,OR2D3,21,18,5,0,30,24,6,3,322,271,280,311,319,-9,-6,-1,-3
6509,GPATCH4,43,26,5,0,90,55,6,0,322,189,241,311,322,-47,-29,-1,0
17872,TRMT10C,59,34,8,3,124,74,9,1,322,139,214,305,318,-65,-40,-1,2
2671,CDC42BPG,62,29,0,0,52,22,1,1,322,208,271,321,321,10,7,-1,-1
18761,WIPF1,52,31,7,2,90,60,8,4,322,180,231,307,316,-38,-29,-1,-2
9844,MKI67,33,21,7,1,84,46,8,3,322,205,255,307,318,-51,-25,-1,-2
15504,SLITRK3,35,15,3,2,57,31,4,0,322,230,276,315,320,-22,-16,-1,2
10990,NPR1,35,12,1,0,45,22,2,0,322,242,288,319,322,-10,-10,-1,0
8627,KRT84,21,7,0,0,17,8,1,0,322,284,307,321,322,4,-1,-1,0
13369,PTK2B,57,37,13,5,100,63,14,1,322,165,222,295,316,-43,-26,-1,4
8625,KRT82,22,11,0,0,12,6,1,0,322,288,305,321,322,10,5,-1,0
6460,GOLGA8G,13,10,0,0,16,14,1,0,322,293,298,321,322,-3,-4,-1,0
13489,QRICH1,40,26,8,4,91,54,9,2,322,191,242,305,316,-51,-28,-1,2
339,ADGRG2,51,15,4,2,55,21,5,2,322,216,286,313,318,-4,-6,-1,0
8556,KPNA2,45,24,10,6,114,55,11,2,322,163,243,301,314,-69,-31,-1,4
9752,MFSD13A,47,27,4,3,85,46,5,2,322,190,249,313,317,-38,-19,-1,1
13496,QTRT2,55,27,4,1,56,30,5,0,322,211,265,313,321,-1,-3,-1,1
9807,MID2,40,24,3,0,97,55,4,0,322,185,243,315,322,-57,-31,-1,0
8581,KRT15,68,46,4,0,50,29,5,1,322,204,247,313,321,18,17,-1,-1
11675,OR7A10,13,9,0,0,22,13,1,0,322,287,300,321,322,-9,-4,-1,0
19591,ZNF793,78,32,4,1,53,28,5,0,322,191,262,313,321,25,4,-1,1
2701,CDH18,66,25,2,1,62,35,3,1,322,194,262,317,320,4,-10,-1,0
18737,WDR93,83,42,4,0,61,36,5,1,322,178,244,313,321,22,6,-1,-1
15386,SLC46A2,42,24,2,0,23,13,3,0,322,257,285,317,322,19,11,-1,0
18728,WDR83,72,47,11,8,62,36,12,4,322,188,239,299,310,10,11,-1,4
5907,FRMD3,87,41,3,0,60,40,4,0,322,175,241,315,322,27,1,-1,0
1791,C13orf46,51,23,1,0,78,45,2,1,322,193,254,319,321,-27,-22,-1,-1
2695,CDH11,46,24,5,1,52,36,6,0,322,224,262,311,321,-6,-12,-1,1
2693,CDH1,69,33,2,0,57,27,3,0,322,196,262,317,322,12,6,-1,0
6073,GALNT13,51,32,16,4,83,57,17,7,322,188,233,289,311,-32,-25,-1,-3
8596,KRT31,34,18,1,0,27,15,2,1,322,261,289,319,321,7,3,-1,-1
15406,SLC51B,43,39,15,7,62,46,16,3,322,217,237,291,312,-19,-7,-1,4
3784,CTNNA2,62,34,6,3,51,31,7,0,322,209,257,309,319,11,3,-1,3
827,APBA1,53,39,14,5,79,48,15,4,322,190,235,293,313,-26,-9,-1,1
15402,SLC4A8,51,23,3,2,66,32,4,0,322,205,267,315,320,-15,-9,-1,2
18718,WDR7,56,25,5,3,92,52,6,1,322,174,245,311,318,-36,-27,-1,2
11670,OR6S1,19,15,1,0,7,6,2,0,322,296,301,319,322,12,9,-1,0
18739,WDSUB1,46,22,3,0,79,35,4,0,322,197,265,315,322,-33,-13,-1,0
9797,MICALL2,72,38,5,1,85,51,6,2,322,165,233,311,319,-13,-13,-1,-1
8613,KRT71,25,8,0,0,33,12,1,0,322,264,302,321,322,-8,-4,-1,0
13400,PTPRB,67,32,2,1,77,36,3,1,322,178,254,317,320,-10,-4,-1,0
7086,HID1,60,43,10,3,109,74,11,2,322,153,205,301,317,-49,-31,-1,1
1774,C12orf4,70,32,6,1,52,29,7,0,322,200,261,309,321,18,3,-1,1
1811,C16orf82,8,3,0,0,20,6,1,0,322,294,313,321,322,-12,-3,-1,0
4132,DDX3X,48,38,7,5,91,50,8,3,322,183,234,307,314,-43,-12,-1,2
15450,SLC7A3,48,21,3,0,46,24,4,0,322,228,277,315,322,2,-3,-1,0
9796,MICALL1,34,19,4,0,76,37,5,4,322,212,266,313,318,-42,-18,-1,-4
1801,C15orf61,40,26,4,1,96,49,5,0,322,186,247,313,321,-56,-23,-1,1
15441,SLC6A7,33,16,0,0,38,18,1,0,322,251,288,321,322,-5,-2,-1,0
19584,ZNF786,62,33,7,4,79,44,8,2,322,181,245,307,316,-17,-11,-1,2
8602,KRT36,25,19,3,2,33,24,4,0,322,264,279,315,320,-8,-5,-1,2
18742,WEE2,50,31,6,1,43,34,7,0,322,229,257,309,321,7,-3,-1,1
6468,GOLGA8R,59,40,10,2,58,42,11,4,322,205,240,301,316,1,-2,-1,-2
15435,SLC6A2,37,20,1,0,39,22,2,1,322,246,280,319,321,-2,-2,-1,-1
2706,CDH23,75,46,6,0,63,33,7,2,322,184,243,309,320,12,13,-1,-2
8633,KRTAP1-4,1,1,1,0,2,2,2,1,322,319,319,319,321,-1,-1,-1,-1
15530,SMAP2,58,39,4,2,76,46,5,1,322,188,237,313,319,-18,-7,-1,1
8686,KRTAP3-1,28,20,8,3,28,14,9,1,322,266,288,305,318,0,6,-1,2
15599,SMIM39,22,14,11,10,22,20,12,11,322,278,288,299,301,0,-6,-1,-1
17892,TRPA1,33,17,2,0,48,29,3,0,322,241,276,317,322,-15,-12,-1,0
847,APLF,67,37,1,0,76,37,2,0,322,179,248,319,322,-9,0,-1,0
10996,NPSR1,32,27,4,3,46,35,5,1,322,244,260,313,318,-14,-8,-1,2
6436,GNRHR,44,24,1,0,23,11,2,0,322,255,287,319,322,21,13,-1,0
17490,TPH1,83,44,5,2,55,29,6,2,322,184,249,311,318,28,15,-1,0
12542,PLCB4,76,43,7,1,58,29,8,4,322,188,250,307,317,18,14,-1,-3
13522,RAB22A,42,21,3,1,97,58,4,1,322,183,243,315,320,-55,-37,-1,0
1853,C19orf85,46,42,8,3,45,36,9,0,322,231,244,305,319,1,6,-1,3
4077,DCT,45,22,4,1,42,21,5,3,322,235,279,313,318,3,1,-1,-2
15235,SLC25A40,43,25,7,2,89,55,8,0,322,190,242,307,320,-46,-30,-1,2
4078,DCTD,44,28,5,3,55,28,6,2,322,223,266,311,317,-11,0,-1,1
1851,C19orf81,69,54,20,4,71,52,21,4,322,182,216,281,314,-2,2,-1,0
1849,C19orf71,68,50,21,14,103,80,22,13,322,151,192,279,295,-35,-30,-1,1
1847,C19orf54,64,37,5,1,60,30,6,4,322,198,255,311,317,4,7,-1,-3
752,ANKS4B,95,52,0,0,34,13,1,0,322,193,257,321,322,61,39,-1,0
15606,SMIM6,49,44,14,4,44,35,15,6,322,229,243,293,312,5,9,-1,-2
11709,OR8U3,7,4,0,0,2,2,1,0,322,313,316,321,322,5,2,-1,0
17558,TRAJ25,1,1,1,1,2,2,2,2,322,319,319,319,319,-1,-1,-1,-1
19610,ZNF830,73,37,5,1,67,44,6,0,322,182,241,311,321,6,-7,-1,1
7256,HOXD8,58,31,3,1,55,34,4,1,322,209,257,315,320,3,-3,-1,0
17560,TRAJ27,0,0,0,0,4,4,1,1,322,318,318,321,321,-4,-4,-1,-1
1866,C1orf131,55,29,3,3,65,36,4,0,322,202,257,315,319,-10,-7,-1,3
11642,OR5T3,5,4,0,0,2,2,1,0,322,315,316,321,322,3,2,-1,0
8427,KIR2DL4,6,5,1,0,7,7,2,0,322,309,310,319,322,-1,-2,-1,0
17562,TRAJ29,0,0,0,0,1,1,1,1,322,321,321,321,321,-1,-1,-1,-1
17561,TRAJ28,2,2,2,2,3,3,3,3,322,317,317,317,317,-1,-1,-1,-1
5498,FAM9A,25,13,2,0,18,14,3,0,322,279,295,317,322,7,-1,-1,0
11644,OR5W2,3,2,0,0,5,4,1,0,322,314,316,321,322,-2,-2,-1,0
5550,FBP1,48,39,7,2,63,43,8,2,322,211,240,307,318,-15,-4,-1,0
9921,MNX1,53,42,15,11,67,45,16,6,322,202,235,291,305,-14,-3,-1,5
17484,TPD52,61,37,1,0,53,29,2,0,322,208,256,319,322,8,8,-1,0
8440,KLB,81,37,5,1,41,22,6,0,322,200,263,311,321,40,15,-1,1
18795,WSB1,72,38,9,8,78,50,10,3,322,172,234,303,311,-6,-12,-1,5
18640,VWA5B1,84,48,4,1,50,32,5,1,322,188,242,313,320,34,16,-1,0
1686,BSND,34,12,0,0,31,10,1,0,322,257,300,321,322,3,2,-1,0
8671,KRTAP20-1,6,6,6,6,7,7,7,6,322,309,309,309,310,-1,-1,-1,0
4685,E2F2,47,27,7,2,77,33,8,1,322,198,262,307,319,-30,-6,-1,1
8658,KRTAP17-1,4,4,0,0,11,11,1,0,322,307,307,321,322,-7,-7,-1,0
9722,METTL2B,52,33,2,2,45,25,3,1,322,225,264,317,319,7,8,-1,1
4108,DDO,64,30,1,0,65,34,2,1,322,193,258,319,321,-1,-4,-1,-1
8472,KLHDC9,55,44,10,4,59,42,11,4,322,208,236,301,314,-4,2,-1,0
4162,DEFA1B,0,0,0,0,1,1,1,1,322,321,321,321,321,-1,-1,-1,-1
331,ADGRE3,42,12,2,1,30,16,3,1,322,250,294,317,320,12,-4,-1,0
17499,TPO,52,29,4,2,47,29,5,0,322,223,264,313,320,5,0,-1,2
8501,KLHL4,54,22,1,0,55,29,2,1,322,213,271,319,321,-1,-7,-1,-1
1727,BUB1,50,24,4,1,85,51,5,2,322,187,247,313,319,-35,-27,-1,-1
15554,SMCO3,47,33,5,3,33,19,6,3,322,242,270,311,316,14,14,-1,0
8644,KRTAP10-7,9,3,0,0,12,6,1,0,322,301,313,321,322,-3,-3,-1,0
6449,GOLGA6L2,58,27,1,0,46,30,2,0,322,218,265,319,322,12,-3,-1,0
371,ADORA1,59,34,7,2,80,50,8,2,322,183,238,307,318,-21,-16,-1,0
8642,KRTAP10-5,5,5,0,0,7,6,1,1,322,310,311,321,321,-2,-1,-1,-1
17544,TRAJ11,0,0,0,0,1,1,1,1,322,321,321,321,321,-1,-1,-1,-1
1738,C10orf105,27,11,0,0,28,11,1,0,322,267,300,321,322,-1,0,-1,0
5258,FAAP20,56,32,9,8,64,33,10,6,322,202,257,303,308,-8,-1,-1,2
8512,KLK11,35,26,10,1,37,32,11,2,322,250,264,301,319,-2,-6,-1,-1
8640,KRTAP10-3,10,8,2,0,10,6,3,2,322,302,308,317,320,0,2,-1,-2
1740,C10orf143,86,49,7,2,65,39,8,0,322,171,234,307,320,21,10,-1,2
8639,KRTAP10-2,10,9,0,0,8,7,1,0,322,304,306,321,322,2,2,-1,0
15564,SMG9,47,25,7,1,80,39,8,1,322,195,258,307,320,-33,-14,-1,0
11701,OR8I2,3,2,0,0,5,4,1,0,322,314,316,321,322,-2,-2,-1,0
5502,FANCA,48,23,11,8,93,49,12,4,322,181,250,299,310,-45,-26,-1,4
15581,SMIM21,15,9,0,0,8,4,1,0,322,299,309,321,322,7,5,-1,0
4163,DEFA3,0,0,0,0,2,2,1,1,322,320,320,321,321,-2,-2,-1,-1
8653,KRTAP13-2,5,5,0,0,4,4,1,0,322,313,313,321,322,1,1,-1,0
18653,WARS2,37,22,3,1,88,46,4,0,322,197,254,315,321,-51,-24,-1,1
9895,MMP19,122,72,5,0,60,30,6,3,322,140,220,311,319,62,42,-1,-3
382,ADRA1D,36,19,3,1,60,33,4,0,322,226,270,315,321,-24,-14,-1,1
2766,CDKN2D,61,36,12,5,68,46,13,6,322,193,240,297,311,-7,-10,-1,-1
8651,KRTAP12-4,5,5,3,1,5,5,4,2,322,312,312,315,319,0,0,-1,-1
842,APEX2,36,20,5,1,76,37,6,2,322,210,265,311,319,-40,-17,-1,-1
2753,CDKL1,82,54,24,9,80,49,25,8,322,160,219,273,305,2,5,-1,1
8650,KRTAP12-3,4,4,4,2,7,7,5,2,322,311,311,313,318,-3,-3,-1,0
1840,C19orf18,73,64,13,1,70,60,14,1,322,179,198,295,320,3,4,-1,0
11651,OR6C3,6,4,0,0,1,1,1,0,322,315,317,321,322,5,3,-1,0
3798,CTRC,89,51,3,0,47,23,4,1,322,186,248,315,321,42,28,-1,-1
2759,CDKN1B,68,32,10,6,85,44,11,1,322,169,246,301,315,-17,-12,-1,5
3449,COMMD8,43,25,3,0,77,39,4,0,322,202,258,315,322,-34,-14,-1,0
13319,PSPH,70,36,4,3,46,23,5,2,322,206,263,313,317,24,13,-1,1
4196,DEFB131A,20,19,17,17,20,18,18,18,322,282,285,287,287,0,1,-1,-1
11459,OR2M2,7,5,1,0,8,6,2,0,322,307,311,319,322,-1,-1,-1,0
6679,GRIN2D,65,33,4,1,67,30,5,1,322,190,259,313,320,-2,3,-1,0
17638,TRAV22,4,4,3,2,6,5,4,3,322,312,313,315,317,-2,-1,-1,-1
7039,HEPH,33,17,2,1,47,28,3,0,322,242,277,317,321,-14,-11,-1,1
10092,MRPS18C,77,39,9,2,56,32,10,5,322,189,251,303,315,21,7,-1,-3
11104,NT5M,55,36,12,6,89,54,13,6,322,178,232,297,310,-34,-18,-1,0
1354,AWAT2,44,30,0,0,29,21,1,0,322,249,271,321,322,15,9,-1,0
10014,MRGPRX1,17,14,2,1,7,7,3,0,322,298,301,317,321,10,7,-1,1
13794,RBP3,20,6,1,0,12,4,2,0,322,290,312,319,322,8,2,-1,0
19504,ZNF687,38,24,7,1,86,43,8,0,322,198,255,307,321,-48,-19,-1,1
11895,PAMR1,53,25,8,1,85,52,9,1,322,184,245,305,320,-32,-27,-1,0
11848,PACRG,77,55,20,14,81,61,21,6,322,164,206,281,302,-4,-6,-1,8
18432,USP26,36,18,0,0,29,9,1,0,322,257,295,321,322,7,9,-1,0
18928,ZBTB14,48,29,10,5,117,67,11,2,322,157,226,301,315,-69,-38,-1,3
17368,TNFRSF21,47,28,5,1,79,42,6,0,322,196,252,311,321,-32,-14,-1,1
13024,PRDM11,105,54,6,3,60,41,7,2,322,157,227,309,317,45,13,-1,1
6303,GJD2,28,13,2,0,32,13,3,0,322,262,296,317,322,-4,0,-1,0
19522,ZNF705D,30,17,1,0,21,10,2,0,322,271,295,319,322,9,7,-1,0
13736,RBIS,58,43,8,6,63,35,9,5,322,201,244,305,311,-5,8,-1,1
14686,SDHAF3,46,24,7,5,65,38,8,2,322,211,260,307,315,-19,-14,-1,3
16226,STPG1,58,35,6,1,68,33,7,0,322,196,254,309,321,-10,2,-1,1
4897,ELF3,63,42,2,0,64,33,3,0,322,195,247,317,322,-1,9,-1,0
17664,TRAV8-7,1,1,1,0,2,2,2,1,322,319,319,319,321,-1,-1,-1,-1
13003,PRAMEF25,13,7,0,0,7,6,1,0,322,302,309,321,322,6,1,-1,0
8011,IRX1,11,3,0,0,9,5,1,0,322,302,314,321,322,2,-2,-1,0
18982,ZC3H6,56,29,3,1,54,27,4,0,322,212,266,315,321,2,2,-1,1
17641,TRAV25,1,1,0,0,5,5,1,0,322,316,316,321,322,-4,-4,-1,0
6150,GBX2,65,41,7,2,48,26,8,4,322,209,255,307,316,17,15,-1,-2
13012,PRAMEF9,66,30,0,0,48,19,1,1,322,208,273,321,321,18,11,-1,-1
9586,MCM3,56,27,5,1,69,35,6,2,322,197,260,311,319,-13,-8,-1,-1
6149,GBX1,64,56,9,0,47,35,10,2,322,211,231,303,320,17,21,-1,-2
13008,PRAMEF5,19,7,1,0,6,2,2,0,322,297,313,319,322,13,5,-1,0
18937,ZBTB25,52,24,3,1,76,34,4,0,322,194,264,315,321,-24,-10,-1,1
2536,CCR5,11,4,0,0,16,9,1,0,322,295,309,321,322,-5,-5,-1,0
13011,PRAMEF8,10,4,0,0,7,4,1,0,322,305,314,321,322,3,0,-1,0
8045,ITGA4,45,23,3,2,53,27,4,0,322,224,272,315,320,-8,-4,-1,2
2883,CEP63,40,22,3,1,80,40,4,2,322,202,260,315,319,-40,-18,-1,-1
14820,SERPINA4,14,7,0,0,10,5,1,0,322,298,310,321,322,4,2,-1,0
18988,ZC3HC1,60,33,7,3,66,47,8,1,322,196,242,307,318,-6,-14,-1,2
10073,MRPL49,39,20,8,6,73,47,9,1,322,210,255,305,315,-34,-27,-1,5
16167,STATH,7,6,3,1,9,9,4,1,322,306,307,315,320,-2,-3,-1,0
766,ANO9,47,20,2,0,38,22,3,0,322,237,280,317,322,9,-2,-1,0
8858,LDHD,54,30,7,4,84,48,8,4,322,184,244,307,314,-30,-18,-1,0
8061,ITGB3,74,36,2,0,55,24,3,1,322,193,262,317,321,19,12,-1,-1
5443,FAM47C,4,0,0,0,11,6,1,0,322,307,316,321,322,-7,-6,-1,0
19525,ZNF706,65,42,9,8,69,37,10,8,322,188,243,303,306,-4,5,-1,0
10471,NAMPT,51,26,6,2,59,31,7,1,322,212,265,309,319,-8,-5,-1,1
12189,PDZD11,47,27,7,4,50,31,8,6,322,225,264,307,312,-3,-4,-1,-2
2019,C6orf58,45,32,5,0,42,33,6,1,322,235,257,311,321,3,-1,-1,-1
13714,RASSF8,54,30,6,2,73,38,7,0,322,195,254,309,320,-19,-8,-1,2
12413,PIK3C2A,58,30,6,4,70,39,7,0,322,194,253,309,318,-12,-9,-1,4
10066,MRPL42,39,30,5,3,60,33,6,2,322,223,259,311,317,-21,-3,-1,1
896,AQP11,59,32,9,6,112,63,10,2,322,151,227,303,314,-53,-31,-1,4
2567,CD180,79,37,2,0,49,20,3,0,322,194,265,317,322,30,17,-1,0
2025,C7orf31,54,31,5,0,79,40,6,1,322,189,251,311,321,-25,-9,-1,-1
4009,DAW1,89,54,11,1,71,43,12,1,322,162,225,299,320,18,11,-1,0
17632,TRAV17,1,1,0,0,1,1,1,0,322,320,320,321,322,0,0,-1,0
17667,TRBC1,31,29,14,5,41,32,15,6,322,250,261,293,311,-10,-3,-1,-1
11902,PANX1,37,21,4,1,106,47,5,0,322,179,254,313,321,-69,-26,-1,1
12931,PPP1R3A,28,22,1,0,17,11,2,0,322,277,289,319,322,11,11,-1,0
16175,STEAP2,78,34,2,0,41,19,3,0,322,203,269,317,322,37,15,-1,0
3358,CNTN5,24,8,0,0,42,18,1,0,322,256,296,321,322,-18,-10,-1,0
16177,STEAP4,73,35,3,0,57,32,4,0,322,192,255,315,322,16,3,-1,0
11578,OR52I2,20,11,1,0,15,10,2,1,322,287,301,319,321,5,1,-1,-1
10497,NAT14,57,30,11,5,97,52,12,4,322,168,240,299,313,-40,-22,-1,1
517,AKR1C1,71,50,12,2,74,48,13,2,322,177,224,297,318,-3,2,-1,0
11840,PABPC1L2B,19,9,0,0,22,15,1,0,322,281,298,321,322,-3,-6,-1,0
8050,ITGA9,74,45,6,1,56,34,7,2,322,192,243,309,319,18,11,-1,-1
7893,INMT,87,48,5,1,47,24,6,1,322,188,250,311,320,40,24,-1,0
4005,DAPL1,71,42,8,4,55,27,9,4,322,196,253,305,314,16,15,-1,0
14784,SENP8,59,32,3,1,79,40,4,1,322,184,250,315,320,-20,-8,-1,0
14783,SENP7,75,40,4,1,52,28,5,4,322,195,254,313,317,23,12,-1,-3
4528,DPH5,52,30,6,4,57,35,7,2,322,213,257,309,316,-5,-5,-1,2
3275,CLUL1,71,46,10,3,91,48,11,4,322,160,228,301,315,-20,-2,-1,-1
7335,HSFY1,40,34,5,0,23,19,6,2,322,259,269,311,320,17,15,-1,-2
8919,LHFPL2,48,24,4,1,86,51,5,0,322,188,247,313,321,-38,-27,-1,1
11561,OR51Q1,16,11,0,0,13,9,1,0,322,293,302,321,322,3,2,-1,0
2080,CABLES2,48,32,8,4,84,43,9,2,322,190,247,305,316,-36,-11,-1,2
10880,NOBOX,22,15,0,0,12,9,1,0,322,288,298,321,322,10,6,-1,0
17346,TNFAIP2,75,45,3,0,87,59,4,0,322,160,218,315,322,-12,-14,-1,0
12282,PGC,52,43,13,3,42,37,14,1,322,228,242,295,318,10,6,-1,2
17653,TRAV4,1,1,1,0,3,2,2,0,322,318,319,319,322,-2,-1,-1,0
2896,CER1,10,5,1,1,8,7,2,1,322,304,310,319,320,2,-2,-1,0
6709,GRXCR1,12,6,0,0,7,5,1,0,322,303,311,321,322,5,1,-1,0
7960,IQCA1,26,10,1,0,34,11,2,0,322,262,301,319,322,-8,-1,-1,0
5759,FKBP5,43,23,3,1,71,35,4,1,322,208,264,315,320,-28,-12,-1,0
2539,CCR8,16,13,1,0,16,12,2,0,322,290,297,319,322,0,1,-1,0
19643,ZNHIT2,80,47,8,4,64,35,9,5,322,178,240,305,313,16,12,-1,-1
18973,ZC3H12B,80,44,3,0,51,24,4,1,322,191,254,315,321,29,20,-1,-1
17835,TRIM61,76,30,6,0,84,52,7,0,322,162,240,309,322,-8,-22,-1,0
13778,RBMS1,44,23,4,1,89,46,5,0,322,189,253,313,321,-45,-23,-1,1
11445,OR2G3,8,8,0,0,5,5,1,0,322,309,309,321,322,3,3,-1,0
12439,PINX1,49,29,6,2,79,42,7,1,322,194,251,309,319,-30,-13,-1,1
14717,SEC23IP,57,32,6,1,89,53,7,0,322,176,237,309,321,-32,-21,-1,1
6712,GSC,27,17,7,0,36,29,8,3,322,259,276,307,319,-9,-12,-1,-3
10144,MSH5,70,37,8,3,63,35,9,6,322,189,250,305,313,7,2,-1,-3
2537,CCR6,69,41,3,1,62,34,4,1,322,191,247,315,320,7,7,-1,0
12952,PPP2R3B,54,32,11,5,75,47,12,3,322,193,243,299,314,-21,-15,-1,2
12949,PPP2R2C,58,27,4,0,56,26,5,0,322,208,269,313,322,2,1,-1,0
10878,NOA1,56,33,8,2,70,35,9,4,322,196,254,305,316,-14,-2,-1,-2
16316,SUPT20HL1,11,3,0,0,13,4,1,0,322,298,315,321,322,-2,-1,-1,0
11884,PAK5,36,16,6,5,34,16,7,5,322,252,290,309,312,2,0,-1,0
11113,NTN3,93,57,8,1,65,39,9,1,322,164,226,305,320,28,18,-1,0
7926,INSYN2A,45,26,8,0,51,30,9,5,322,226,266,305,317,-6,-4,-1,-5
3366,CNTNAP5,10,2,0,0,20,8,1,1,322,292,312,321,321,-10,-6,-1,-1
2077,CABCOCO1,51,35,10,6,67,49,11,1,322,204,238,301,315,-16,-14,-1,5
12981,PPWD1,73,44,6,1,60,40,7,2,322,189,238,309,319,13,4,-1,-1
12288,PGK2,28,8,0,0,46,16,1,0,322,248,298,321,322,-18,-8,-1,0
2094,CACNA1E,26,13,1,0,27,9,2,1,322,269,300,319,321,-1,4,-1,-1
6693,GRM1,31,10,0,0,26,9,1,0,322,265,303,321,322,5,1,-1,0
3738,CSTL1,25,22,21,5,27,24,22,9,322,270,276,279,308,-2,-2,-1,-4
8902,LGALS8,48,32,6,3,59,33,7,5,322,215,257,309,314,-11,-1,-1,-2
9569,MCAT,54,32,9,2,82,53,10,2,322,186,237,303,318,-28,-21,-1,0
3374,COA7,36,24,5,1,82,44,6,1,322,204,254,311,320,-46,-20,-1,0
5603,FBXO6,73,36,7,3,61,30,8,0,322,188,256,307,319,12,6,-1,3
4943,EMC8,54,27,8,5,52,28,9,0,322,216,267,305,317,2,-1,-1,5
4511,DOLPP1,45,30,9,3,80,52,10,1,322,197,240,303,318,-35,-22,-1,2
12427,PIK3R6,20,4,0,0,21,10,1,0,322,281,308,321,322,-1,-6,-1,0
5247,F5,69,32,2,1,32,14,3,0,322,221,276,317,321,37,18,-1,1
10888,NOG,78,41,7,2,94,57,8,0,322,150,224,307,320,-16,-16,-1,2
9575,MCEMP1,51,39,8,0,47,36,9,1,322,224,247,305,321,4,3,-1,-1
12999,PRAMEF18,12,6,0,0,14,7,1,0,322,296,309,321,322,-2,-1,-1,0
16238,STRIP2,48,26,3,0,60,28,4,0,322,214,268,315,322,-12,-2,-1,0
7982,IQSEC2,44,29,8,1,83,47,9,4,322,195,246,305,317,-39,-18,-1,-3
1395,B4GALT6,67,43,9,1,92,47,10,1,322,163,232,303,320,-25,-4,-1,0
13788,RBMY1D,10,8,1,0,5,2,2,0,322,307,312,319,322,5,6,-1,0
16342,SVIL,50,26,8,3,86,46,9,1,322,186,250,305,318,-36,-20,-1,2
14757,SEMA3C,80,41,3,0,50,28,4,1,322,192,253,315,321,30,13,-1,-1
12989,PRAM1,74,51,6,0,72,38,7,1,322,176,233,309,321,2,13,-1,-1
4908,ELMO1,68,40,6,0,72,44,7,1,322,182,238,309,321,-4,-4,-1,-1
2889,CEP83,62,25,3,1,58,23,4,0,322,202,274,315,321,4,2,-1,1
19646,ZNRD2,53,33,9,5,64,35,10,7,322,205,254,303,310,-11,-2,-1,-2
16338,SV2B,64,20,0,0,38,18,1,1,322,220,284,321,321,26,2,-1,-1
7205,HNRNPUL2,41,22,5,3,67,38,6,1,322,214,262,311,318,-26,-16,-1,2
4910,ELMO3,59,36,10,4,90,53,11,4,322,173,233,301,314,-31,-17,-1,0
17831,TRIM59,51,26,6,1,108,63,7,2,322,163,233,309,319,-57,-37,-1,-1
11024,NR2E3,71,39,5,0,66,40,6,0,322,185,243,311,322,5,-1,-1,0
4145,DDX53,19,6,0,0,18,10,1,0,322,285,306,321,322,1,-4,-1,0
7973,IQCJ,30,24,3,0,33,29,4,0,322,259,269,315,322,-3,-5,-1,0
4935,EMB,56,29,4,0,58,28,5,1,322,208,265,313,321,-2,1,-1,-1
17626,TRAV12-2,5,5,2,0,3,3,3,2,322,314,314,317,320,2,2,-1,-2
12147,PDGFB,60,35,8,5,112,67,9,2,322,150,220,305,315,-52,-32,-1,3
4546,DPT,27,19,1,1,17,10,2,1,322,278,293,319,320,10,9,-1,0
14658,SCUBE3,58,29,3,1,50,25,4,0,322,214,268,315,321,8,4,-1,1
1973,C3orf62,83,41,5,2,67,36,6,1,322,172,245,311,319,16,5,-1,1
14933,SGSM2,60,42,11,8,112,71,12,1,322,150,209,299,313,-52,-29,-1,7
1972,C3orf56,13,7,0,0,14,6,1,0,322,295,309,321,322,-1,1,-1,0
17827,TRIM54,74,44,4,0,64,38,5,0,322,184,240,313,322,10,6,-1,0
1970,C3orf49,78,57,15,4,63,46,16,3,322,181,219,291,315,15,11,-1,1
2851,CENPU,38,20,5,0,76,39,6,0,322,208,263,311,322,-38,-19,-1,0
19533,ZNF714,66,40,4,1,55,32,5,1,322,201,250,313,320,11,8,-1,0
1507,BDNF,134,76,7,2,45,27,8,6,322,143,219,307,314,89,49,-1,-4
8178,KAZALD1,46,20,1,0,98,52,2,0,322,178,250,319,322,-52,-32,-1,0
8181,KBTBD12,98,47,2,1,32,22,3,0,322,192,253,317,321,66,25,-1,1
13816,RCHY1,52,26,9,1,74,44,10,0,322,196,252,303,321,-22,-18,-1,1
1331,ATXN3L,15,11,3,0,18,15,4,0,322,289,296,315,322,-3,-4,-1,0
43,ABCB10,37,21,4,0,114,51,5,0,322,171,250,313,322,-77,-30,-1,0
14650,SCRN2,43,27,14,7,98,53,15,3,322,181,242,293,312,-55,-26,-1,4
4804,EGFL8,65,50,35,21,82,62,36,24,322,175,210,251,277,-17,-12,-1,-3
815,AP3M2,44,26,8,3,94,53,9,0,322,184,243,305,319,-50,-27,-1,3
4567,DRD1,47,28,0,0,38,27,1,0,322,237,267,321,322,9,1,-1,0
735,ANKRD50,45,27,6,2,103,57,7,0,322,174,238,309,320,-58,-30,-1,2
4205,DEGS1,50,24,2,2,114,52,3,0,322,158,246,317,320,-64,-28,-1,2
2585,CD248,43,24,4,1,62,34,5,1,322,217,264,313,320,-19,-10,-1,0
11431,OR2AK2,35,29,3,0,35,23,4,0,322,252,270,315,322,0,6,-1,0
6341,GLP1R,8,4,0,0,17,5,1,1,322,297,313,321,321,-9,-1,-1,-1
10028,MROH5,18,9,0,0,7,3,1,0,322,297,310,321,322,11,6,-1,0
4206,DEGS2,58,39,12,2,75,49,13,1,322,189,234,297,319,-17,-10,-1,1
14915,SGCD,17,11,2,0,45,26,3,0,322,260,285,317,322,-28,-15,-1,0
14917,SGCG,51,25,5,3,53,33,6,2,322,218,264,311,317,-2,-8,-1,1
4564,DRC1,84,50,8,1,72,48,9,1,322,166,224,305,320,12,2,-1,0
8156,KANK4,82,45,3,0,36,22,4,0,322,204,255,315,322,46,23,-1,0
14918,SGCZ,12,6,0,0,21,11,1,0,322,289,305,321,322,-9,-5,-1,0
5967,FUT6,88,55,7,0,41,22,8,4,322,193,245,307,318,47,33,-1,-4
13093,PRKD3,54,31,6,2,72,36,7,3,322,196,255,309,317,-18,-5,-1,-1
10026,MROH2A,31,17,4,2,29,16,5,2,322,262,289,313,318,2,1,-1,0
1496,BCLAF3,54,29,7,2,67,34,8,1,322,201,259,307,319,-13,-5,-1,1
11296,ONECUT1,82,51,4,0,54,30,5,0,322,186,241,313,322,28,21,-1,0
11802,OXSM,65,35,6,3,94,46,7,5,322,163,241,309,314,-29,-11,-1,-2
12452,PIRT,12,4,0,0,16,8,1,0,322,294,310,321,322,-4,-4,-1,0
14637,SCNN1A,52,31,7,3,87,53,8,1,322,183,238,307,318,-35,-22,-1,2
19274,ZNF354C,45,22,3,0,39,23,4,0,322,238,277,315,322,6,-1,-1,0
1967,C3orf22,32,21,1,0,28,23,2,1,322,262,278,319,321,4,-2,-1,-1
7220,HOXA10,51,24,5,1,72,37,6,1,322,199,261,311,320,-21,-13,-1,0
4568,DRD2,48,27,4,0,47,31,5,1,322,227,264,313,321,1,-4,-1,-1
15995,SPTSSA,47,27,3,3,87,40,4,1,322,188,255,315,318,-40,-13,-1,2
15994,SPTLC3,64,35,4,0,77,44,5,1,322,181,243,313,321,-13,-9,-1,-1
8208,KCND2,16,9,5,2,23,15,6,1,322,283,298,311,319,-7,-6,-1,1
10858,NME6,48,22,3,3,66,36,4,2,322,208,264,315,317,-18,-14,-1,1
14960,SH3D21,64,37,6,2,93,47,7,0,322,165,238,309,320,-29,-10,-1,2
19389,ZNF546,98,55,6,1,52,29,7,2,322,172,238,309,319,46,26,-1,-1
13126,PROKR1,50,14,0,0,40,17,1,0,322,232,291,321,322,10,-3,-1,0
4958,EML5,71,39,3,0,46,25,4,3,322,205,258,315,319,25,14,-1,-3
8986,LIPH,92,48,6,4,50,28,7,1,322,180,246,309,317,42,20,-1,3
3651,CRYAA2,22,20,4,1,23,17,5,1,322,277,285,313,320,-1,3,-1,0
8201,KCNB1,66,35,11,10,56,33,12,9,322,200,254,299,303,10,2,-1,1
465,AHSP,32,29,26,14,37,31,27,15,322,253,262,269,293,-5,-2,-1,-1
2848,CENPS,78,49,7,4,50,27,8,6,322,194,246,307,312,28,22,-1,-2
11091,NSUN7,42,17,4,1,45,25,5,1,322,235,280,313,320,-3,-8,-1,0
3978,CYTL1,27,17,10,2,24,20,11,4,322,271,285,301,316,3,-3,-1,-2
19539,ZNF722P,30,24,2,0,29,21,3,1,322,263,277,317,321,1,3,-1,-1
13114,PRMT8,26,13,0,0,27,15,1,1,322,269,294,321,321,-1,-2,-1,-1
18318,ULBP3,96,47,4,2,47,23,5,0,322,179,252,313,320,49,24,-1,2
14942,SH2D2A,54,34,10,5,71,36,11,0,322,197,252,301,317,-17,-2,-1,5
11915,PAQR4,41,27,8,4,111,55,9,2,322,170,240,305,316,-70,-28,-1,2
18998,ZCCHC3,57,30,6,2,71,34,7,1,322,194,258,309,319,-14,-4,-1,1
8198,KCNAB1,69,46,12,7,95,60,13,9,322,158,216,297,306,-26,-14,-1,-2
13115,PRMT9,65,32,3,2,60,36,4,0,322,197,254,315,320,5,-4,-1,2
18315,UIMC1,76,46,8,1,68,43,9,2,322,178,233,305,319,8,3,-1,-1
16011,SRD5A2,36,10,0,0,24,10,1,0,322,262,302,321,322,12,0,-1,0
11801,OXR1,48,25,5,2,75,36,6,0,322,199,261,311,320,-27,-11,-1,2
5735,FICD,54,28,10,4,102,58,11,2,322,166,236,301,316,-48,-30,-1,2
18500,VANGL1,32,14,6,4,138,74,7,1,322,152,234,309,317,-106,-60,-1,3
284,ADAMTS5,44,21,1,0,57,29,2,1,322,221,272,319,321,-13,-8,-1,-1
8138,JPH2,52,26,1,0,52,18,2,1,322,218,278,319,321,0,8,-1,-1
17828,TRIM55,57,40,2,1,52,31,3,0,322,213,251,317,321,5,9,-1,1
14865,SETD4,77,36,5,2,54,29,6,2,322,191,257,311,318,23,7,-1,0
16095,SSU72P5,16,16,12,4,21,19,13,8,322,285,287,297,310,-5,-3,-1,-4
16096,SSU72P7,6,6,2,1,6,6,3,2,322,310,310,317,319,0,0,-1,-1
1994,C5,57,29,1,0,48,25,2,0,322,217,268,319,322,9,4,-1,0
16102,SSX2IP,42,24,4,1,86,42,5,0,322,194,256,313,321,-44,-18,-1,1
5450,FAM53C,60,31,7,3,69,39,8,1,322,193,252,307,318,-9,-8,-1,2
4216,DENND2C,44,23,2,0,79,30,3,0,322,199,269,317,322,-35,-7,-1,0
3251,CLP1,74,38,6,3,92,42,7,2,322,156,242,309,317,-18,-4,-1,1
7305,HSCB,44,25,6,2,63,32,7,3,322,215,265,309,317,-19,-7,-1,-1
2577,CD200R1L,24,19,1,0,18,12,2,0,322,280,291,319,322,6,7,-1,0
13067,PRKAA1,41,24,3,1,77,46,4,0,322,204,252,315,321,-36,-22,-1,1
14870,SETDB1,59,26,6,4,69,35,7,0,322,194,261,309,318,-10,-9,-1,4
16117,ST3GAL5,48,24,7,2,104,63,8,0,322,170,235,307,320,-56,-39,-1,2
9548,MBIP,58,32,8,4,96,51,9,0,322,168,239,305,318,-38,-19,-1,4
17384,TNFSF8,23,11,0,0,27,16,1,0,322,272,295,321,322,-4,-5,-1,0
16093,SSU72P3,16,16,9,3,11,11,10,4,322,295,295,303,315,5,5,-1,-1
2005,C5orf52,21,18,4,0,16,14,5,0,322,285,290,313,322,5,4,-1,0
16123,ST6GALNAC3,45,30,10,4,72,46,11,2,322,205,246,301,316,-27,-16,-1,2
6657,GREM2,47,20,5,2,76,40,6,2,322,199,262,311,318,-29,-20,-1,0
18913,ZBBX,53,24,4,2,62,36,5,1,322,207,262,313,319,-9,-12,-1,1
11360,OR10X1,6,6,0,0,10,10,1,0,322,306,306,321,322,-4,-4,-1,0
3395,COL15A1,47,17,4,0,53,30,5,3,322,222,275,313,319,-6,-13,-1,-3
14854,SERTM2,18,11,0,0,12,6,1,0,322,292,305,321,322,6,5,-1,0
3637,CROCC2,13,3,0,0,15,9,1,0,322,294,310,321,322,-2,-6,-1,0
12407,PIGW,40,22,5,1,94,54,6,0,322,188,246,311,321,-54,-32,-1,1
10907,NOP16,44,35,7,5,65,42,8,0,322,213,245,307,317,-21,-7,-1,5
16137,STAC,39,21,3,0,44,25,4,0,322,239,276,315,322,-5,-4,-1,0
7879,INF2,40,21,4,2,94,50,5,1,322,188,251,313,319,-54,-29,-1,1
11583,OR52M1,16,15,0,0,5,3,1,0,322,301,304,321,322,11,12,-1,0
14681,SDF2L1,95,62,8,5,62,28,9,3,322,165,232,305,314,33,34,-1,2
889,APPBP2,74,45,4,1,71,37,5,1,322,177,240,313,320,3,8,-1,0
3848,CX3CL1,58,24,3,1,62,27,4,0,322,202,271,315,321,-4,-3,-1,1
14888,SFI1,57,35,11,5,101,60,12,3,322,164,227,299,314,-44,-25,-1,2
6340,GLOD5,44,40,12,3,36,28,13,3,322,242,254,297,316,8,12,-1,0
10033,MROH9,25,16,0,0,18,10,1,0,322,279,296,321,322,7,6,-1,0
10861,NME9,78,50,5,1,63,39,6,1,322,181,233,311,320,15,11,-1,0
11102,NT5DC4,56,32,7,3,63,34,8,5,322,203,256,307,314,-7,-2,-1,-2
6647,GRAP,79,55,10,2,71,47,11,2,322,172,220,301,318,8,8,-1,0
13083,PRKCD,45,24,11,3,95,61,12,5,322,182,237,299,314,-50,-37,-1,-2
17671,TRBJ1-2,0,0,0,0,1,1,1,1,322,321,321,321,321,-1,-1,-1,-1
11905,PAOX,48,37,20,5,97,63,21,8,322,177,222,281,309,-49,-26,-1,-3
247,ADAD2,33,17,1,0,14,11,2,1,322,275,294,319,321,19,6,-1,-1
13687,RASAL3,29,15,2,0,49,27,3,0,322,244,280,317,322,-20,-12,-1,0
14895,SFRP2,31,17,1,0,26,17,2,0,322,265,288,319,322,5,0,-1,0
7866,IMPA1,73,43,6,0,62,37,7,2,322,187,242,309,320,11,6,-1,-2
2109,CACNG2,16,10,1,0,14,6,2,0,322,292,306,319,322,2,4,-1,0
17619,TRAPPC9,49,28,11,7,92,63,12,3,322,181,231,299,312,-43,-35,-1,4
12149,PDGFD,52,28,5,2,61,32,6,2,322,209,262,311,318,-9,-4,-1,0
2108,CACNG1,35,22,5,1,39,26,6,2,322,248,274,311,319,-4,-4,-1,-1
4215,DENND2B,57,30,14,8,111,79,15,0,322,154,213,293,314,-54,-49,-1,8
8823,LCE3B,0,0,0,0,1,1,1,1,322,321,321,321,321,-1,-1,-1,-1
8822,LCE3A,0,0,0,0,1,1,1,1,322,321,321,321,321,-1,-1,-1,-1
11818,P2RY13,24,12,2,1,12,8,3,0,322,286,302,317,321,12,4,-1,1
6746,GSTT2,55,49,29,17,47,40,30,15,322,220,233,263,290,8,9,-1,2
10628,NDUFC1,65,37,8,4,53,22,9,1,322,204,263,305,317,12,15,-1,3
5226,EYA1,54,31,3,0,82,40,5,0,322,186,251,314,322,-28,-9,-2,0
17507,TPRG1,69,38,2,0,89,52,4,2,322,164,232,316,320,-20,-14,-2,-2
11412,OR1N1,14,12,0,0,10,10,2,0,322,298,300,320,322,4,2,-2,0
17537,TRAF5,52,18,3,1,82,50,5,2,322,188,254,314,319,-30,-32,-2,-1
12537,PLBD1,59,37,8,1,59,33,10,3,322,204,252,304,318,0,4,-2,-2
17875,TRMT12,46,23,5,3,81,46,7,1,322,195,253,310,318,-35,-23,-2,2
12232,PEX11A,67,34,8,1,92,48,10,3,322,163,240,304,318,-25,-14,-2,-2
11387,OR14I1,11,11,0,0,7,7,2,0,322,304,304,320,322,4,4,-2,0
10705,NEUROD6,8,3,0,0,19,11,2,2,322,295,308,320,320,-11,-8,-2,-2
17515,TPSG1,27,23,2,1,28,23,4,0,322,267,276,316,321,-1,0,-2,1
5225,EXTL3,42,25,11,7,136,68,13,3,322,144,229,298,312,-94,-43,-2,4
12450,PIPOX,96,60,9,3,50,29,11,1,322,176,233,302,318,46,31,-2,2
7113,HJV,33,26,4,1,27,21,6,2,322,262,275,312,319,6,5,-2,-1
17665,TRAV9-1,0,0,0,0,2,2,2,0,322,320,320,320,322,-2,-2,-2,0
12436,PIN4,53,34,7,3,50,24,9,2,322,219,264,306,317,3,10,-2,1
5292,FAM111A,42,23,3,0,84,41,5,2,322,196,258,314,320,-42,-18,-2,-2
7031,HELT,21,18,4,0,27,21,6,1,322,274,283,312,321,-6,-3,-2,-1
7242,HOXC12,48,26,3,0,42,18,5,4,322,232,278,314,318,6,8,-2,-4
5259,FAAP24,58,28,4,2,75,36,6,1,322,189,258,312,319,-17,-8,-2,1
10747,NGB,39,22,1,0,42,19,3,0,322,241,281,318,322,-3,3,-2,0
3749,CT47A10,6,6,2,0,5,5,4,4,322,311,311,316,318,1,1,-2,-4
5146,ESRRG,53,26,4,0,60,33,6,2,322,209,263,312,320,-7,-7,-2,-2
717,ANKRD33,30,22,5,4,33,23,7,3,322,259,277,310,315,-3,-1,-2,1
17326,TMPRSS7,77,32,2,0,69,30,4,1,322,176,260,316,321,8,2,-2,-1
17730,TRBV7-7,4,4,4,4,7,7,6,2,322,311,311,312,316,-3,-3,-2,2
7007,HDHD3,39,24,8,4,95,62,10,4,322,188,236,304,314,-56,-38,-2,0
10706,NEUROG1,21,12,1,0,16,15,3,1,322,285,295,318,321,5,-3,-2,-1
17739,TRDJ3,0,0,0,0,2,2,2,2,322,320,320,320,320,-2,-2,-2,-2
3860,CXCL3,94,74,11,3,71,50,13,5,322,157,198,298,314,23,24,-2,-2
12160,PDIA5,39,22,8,3,84,53,10,2,322,199,247,304,317,-45,-31,-2,1
17718,TRBV6-1,2,2,2,2,4,4,4,4,322,316,316,316,316,-2,-2,-2,-2
7173,HMX2,46,31,4,1,43,20,6,2,322,233,271,312,319,3,11,-2,-1
5219,EXOSC9,50,22,6,1,73,53,8,0,322,199,247,308,321,-23,-31,-2,1
764,ANO7,68,38,3,0,77,35,5,0,322,177,249,314,322,-9,3,-2,0
3167,CLDN1,52,19,2,0,58,27,4,0,322,212,276,316,322,-6,-8,-2,0
10536,NCAPG,39,26,5,2,76,44,7,2,322,207,252,310,318,-37,-18,-2,0
7159,HMGCS2,32,16,4,0,40,20,6,3,322,250,286,312,319,-8,-4,-2,-3
12356,PHOX2A,27,21,10,1,31,22,12,6,322,264,279,300,315,-4,-1,-2,-5
3760,CTAGE1,56,27,2,0,60,29,4,1,322,206,266,316,321,-4,-2,-2,-1
3254,CLPS,19,18,16,5,20,20,18,8,322,283,284,288,309,-1,-2,-2,-3
10742,NFX1,38,18,5,2,66,33,7,1,322,218,271,310,319,-28,-15,-2,1
17712,TRBV5-1,1,1,0,0,5,4,2,0,322,316,317,320,322,-4,-3,-2,0
17265,TMEM60,55,38,8,4,127,65,10,3,322,140,219,304,315,-72,-27,-2,1
114,ABT1,34,18,5,2,100,44,7,0,322,188,260,310,320,-66,-26,-2,2
17583,TRAJ48,0,0,0,0,2,2,2,2,322,320,320,320,320,-2,-2,-2,-2
17966,TSPAN4,46,29,7,5,74,41,9,5,322,202,252,306,312,-28,-12,-2,0
17581,TRAJ46,1,1,1,1,3,3,3,3,322,318,318,318,318,-2,-2,-2,-2
12371,PI4K2B,45,25,2,1,85,44,4,0,322,192,253,316,321,-40,-19,-2,1
7044,HERC3,60,33,4,3,65,36,6,1,322,197,253,312,318,-5,-3,-2,2
5198,EXOC2,43,20,6,5,80,50,8,1,322,199,252,308,316,-37,-30,-2,4
7099,HINT2,51,31,11,7,87,55,13,11,322,184,236,298,304,-36,-24,-2,-4
6035,GABRQ,29,12,2,0,33,18,4,0,322,260,292,316,322,-4,-6,-2,0
7222,HOXA13,53,25,5,1,109,51,7,0,322,160,246,310,321,-56,-26,-2,1
5218,EXOSC8,53,34,9,4,68,37,11,3,322,201,251,302,315,-15,-3,-2,1
706,ANKRD22,44,19,0,0,59,41,2,0,322,219,262,320,322,-15,-22,-2,0
871,APOC3,16,16,9,6,17,15,11,1,322,289,291,302,315,-1,1,-2,5
3821,CTXN2,38,16,4,1,37,10,6,1,322,247,296,312,320,1,6,-2,0
10525,NBPF3,47,30,7,2,75,47,9,0,322,200,245,306,320,-28,-17,-2,2
7165,HMGXB3,50,26,8,6,78,49,10,0,322,194,247,304,316,-28,-23,-2,6
3726,CST5,29,23,5,0,28,23,7,1,322,265,276,310,321,1,0,-2,-1
17602,TRANK1,52,28,9,1,88,50,11,0,322,182,244,302,321,-36,-22,-2,1
6072,GALNT12,44,23,6,3,82,42,8,0,322,196,257,308,319,-38,-19,-2,3
17726,TRBV7-2,7,7,7,3,10,10,9,3,322,305,305,306,316,-3,-3,-2,0
12383,PIDD1,60,38,4,3,58,35,6,5,322,204,249,312,314,2,3,-2,-2
12152,PDGFRL,60,41,8,1,77,50,10,4,322,185,231,304,317,-17,-9,-2,-3
84,ABHD14B,45,26,4,1,63,26,6,5,322,214,270,312,316,-18,0,-2,-4
17237,TMEM30B,19,10,1,0,60,36,3,0,322,243,276,318,322,-41,-26,-2,0
5253,F9,19,12,0,0,10,8,2,1,322,293,302,320,321,9,4,-2,-1
17406,TNP1,9,9,7,3,9,9,9,2,322,304,304,306,317,0,0,-2,1
3866,CXCR2,64,37,5,2,74,42,7,1,322,184,243,310,319,-10,-5,-2,1
7178,HNF4G,49,20,3,0,57,26,5,0,322,216,276,314,322,-8,-6,-2,0
11379,OR13D1,27,22,3,0,24,21,5,1,322,271,279,314,321,3,1,-2,-1
12524,PLAAT4,41,32,11,5,76,58,13,2,322,205,232,298,315,-35,-26,-2,3
5244,F2RL2,54,26,4,0,89,47,6,0,322,179,249,312,322,-35,-21,-2,0
5733,FIBIN,38,20,4,0,83,46,6,1,322,201,256,312,321,-45,-26,-2,-1
7207,HOATZ,84,44,2,1,60,31,4,0,322,178,247,316,321,24,13,-2,1
5720,FGL2,65,32,1,1,48,24,3,0,322,209,266,318,321,17,8,-2,1
945,ARHGAP20,36,20,1,0,52,29,3,0,322,234,273,318,322,-16,-9,-2,0
17762,TRGV10,7,7,3,0,9,9,5,2,322,306,306,314,320,-2,-2,-2,-2
5119,ERP27,40,31,2,0,44,38,4,0,322,238,253,316,322,-4,-7,-2,0
10484,NAP1L5,45,23,6,2,92,51,8,5,322,185,248,308,315,-47,-28,-2,-3
17691,TRBV12-5,11,11,10,5,12,12,12,8,322,299,299,300,309,-1,-1,-2,-3
19410,ZNF567,68,36,4,2,66,38,6,4,322,188,248,312,316,2,-2,-2,-2
17690,TRBV12-4,38,31,26,7,48,37,28,14,322,236,254,268,301,-10,-6,-2,-7
7418,IBSP,18,12,1,1,31,24,3,1,322,273,286,318,320,-13,-12,-2,0
5090,ERFE,70,41,13,2,110,59,15,6,322,142,222,294,314,-40,-18,-2,-4
12434,PIMREG,49,32,10,6,107,70,12,1,322,166,220,300,315,-58,-38,-2,5
17189,TMEM229B,77,46,5,1,80,44,7,1,322,165,232,310,320,-3,2,-2,0
17766,TRGV4,30,26,8,2,30,25,10,5,322,262,271,304,315,0,1,-2,-3
97,ABHD8,62,33,13,5,88,47,15,6,322,172,242,294,311,-26,-14,-2,-1
6049,GAGE12C,14,10,4,2,9,6,6,5,322,299,306,312,315,5,4,-2,-3
3186,CLDN5,58,35,8,4,35,26,10,6,322,229,261,304,312,23,9,-2,-2
11358,OR10V1,21,19,10,3,26,23,12,6,322,275,280,300,313,-5,-4,-2,-3
17685,TRBV10-2,3,3,3,1,5,5,5,2,322,314,314,314,319,-2,-2,-2,-1
3218,CLEC4G,8,4,1,0,10,8,3,1,322,304,310,318,321,-2,-4,-2,-1
968,ARHGAP6,44,20,1,1,66,28,3,1,322,212,274,318,320,-22,-8,-2,0
17559,TRAJ26,1,1,1,1,3,3,3,3,322,318,318,318,318,-2,-2,-2,-2
7115,HK2,35,21,3,0,97,53,5,2,322,190,248,314,320,-62,-32,-2,-2
12481,PKHD1,13,2,0,0,13,6,2,1,322,296,314,320,321,0,-4,-2,-1
19397,ZNF555,57,28,3,1,94,54,5,0,322,171,240,314,321,-37,-26,-2,1
3564,CPSF3,58,31,6,4,56,30,8,1,322,208,261,308,317,2,1,-2,3
17471,TP53TG3,28,26,14,7,33,30,16,9,322,261,266,292,306,-5,-4,-2,-2
12108,PDCD2,50,31,5,5,55,35,7,2,322,217,256,310,315,-5,-4,-2,3
5721,FGR,60,38,1,0,55,38,3,1,322,207,246,318,321,5,0,-2,-1
17895,TRPC4,54,31,3,0,73,41,5,1,322,195,250,314,321,-19,-10,-2,-1
7374,HTN1,50,43,18,6,58,48,20,7,322,214,231,284,309,-8,-5,-2,-1
7071,HGH1,52,29,10,4,86,56,12,2,322,184,237,300,316,-34,-27,-2,2
17704,TRBV25-1,16,15,14,4,18,16,16,11,322,288,291,292,307,-2,-1,-2,-7
10495,NAT1,59,28,6,3,87,49,8,2,322,176,245,308,317,-28,-21,-2,1
902,AQP5,31,24,3,1,48,40,5,1,322,243,258,314,320,-17,-16,-2,0
5730,FHOD1,42,20,7,3,98,62,9,3,322,182,240,306,316,-56,-42,-2,0
10488,NAPG,51,28,4,2,64,38,6,0,322,207,256,312,320,-13,-10,-2,2
7373,HTD2,81,56,18,10,82,61,20,5,322,159,205,284,307,-1,-5,-2,5
12264,PFN3,21,15,9,1,17,17,11,2,322,284,290,302,319,4,-2,-2,-1
12215,PELI3,41,21,11,3,115,76,13,1,322,166,225,298,318,-74,-55,-2,2
5283,FAM102B,40,20,3,1,79,40,5,0,322,203,262,314,321,-39,-20,-2,1
17992,TSSK1B,70,41,1,0,61,36,3,1,322,191,245,318,321,9,5,-2,-1
930,ARFRP1,47,29,7,5,87,57,9,4,322,188,236,306,313,-40,-28,-2,1
5478,FAM86B2,75,57,32,16,114,99,34,13,322,133,166,256,293,-39,-42,-2,3
7446,IDO2,15,11,0,0,26,13,2,0,322,281,298,320,322,-11,-2,-2,0
6424,GNL3,45,25,8,2,92,54,10,1,322,185,243,304,319,-47,-29,-2,1
18785,WNT7A,39,12,1,0,31,12,3,0,322,252,298,318,322,8,0,-2,0
18791,WRAP53,48,23,6,2,68,37,8,1,322,206,262,308,319,-20,-14,-2,1
5893,FPR3,33,15,0,0,33,15,2,0,322,256,292,320,322,0,0,-2,0
15221,SLC25A28,38,20,6,2,107,66,8,0,322,177,236,308,320,-69,-46,-2,2
18798,WSCD2,29,18,2,0,34,19,4,0,322,259,285,316,322,-5,-1,-2,0
13540,RAB36,52,26,8,4,88,49,10,3,322,182,247,304,315,-36,-23,-2,1
15181,SLC22A2,47,20,1,0,39,17,3,0,322,236,285,318,322,8,3,-2,0
13520,RAB20,40,26,6,4,110,65,8,1,322,172,231,308,317,-70,-39,-2,3
19614,ZNF837,39,29,8,4,140,82,10,4,322,143,211,304,314,-101,-53,-2,0
8689,KRTAP4-1,21,17,3,1,38,31,5,0,322,263,274,314,321,-17,-14,-2,1
15168,SLC20A1,57,32,8,3,64,32,10,0,322,201,258,304,319,-7,0,-2,3
1879,C1orf210,79,48,5,2,64,42,7,1,322,179,232,310,319,15,6,-2,1
1882,C1orf232,23,19,5,1,36,28,7,2,322,263,275,310,319,-13,-9,-2,-1
8698,KRTAP4-7,23,23,6,4,27,26,8,4,322,272,273,308,314,-4,-3,-2,0
9718,METTL25,53,31,7,2,85,60,9,3,322,184,231,306,317,-32,-29,-2,-1
8660,KRTAP19-2,4,4,4,1,6,6,6,5,322,312,312,312,316,-2,-2,-2,-4
5784,FLT3LG,65,32,4,1,59,25,6,4,322,198,265,312,317,6,7,-2,-3
11662,OR6K2,5,5,0,0,7,6,2,0,322,310,311,320,322,-2,-1,-2,0
2684,CDCA2,37,17,4,0,87,45,6,0,322,198,260,312,322,-50,-28,-2,0
6463,GOLGA8K,77,61,17,7,64,49,19,6,322,181,212,286,309,13,12,-2,1
1820,C17orf100,57,36,6,0,113,67,8,4,322,152,219,308,318,-56,-31,-2,-4
1821,C17orf107,81,53,5,0,69,44,7,1,322,172,225,310,321,12,9,-2,-1
1822,C17orf113,56,28,4,3,65,35,6,3,322,201,259,312,316,-9,-7,-2,0
2672,CDC42EP1,51,24,7,4,96,60,9,1,322,175,238,306,317,-45,-36,-2,3
3485,CORO1A,75,53,17,9,79,49,19,6,322,168,220,286,307,-4,4,-2,3
1845,C19orf47,47,29,6,1,87,47,8,3,322,188,246,308,318,-40,-18,-2,-2
15290,SLC30A3,91,54,7,2,71,34,9,5,322,160,234,306,315,20,20,-2,-3
5529,FASTKD5,86,56,6,3,65,39,8,2,322,171,227,308,317,21,17,-2,1
15285,SLC2A8,35,21,9,2,93,52,11,2,322,194,249,302,318,-58,-31,-2,0
10995,NPS,16,15,0,0,10,7,2,0,322,296,300,320,322,6,8,-2,0
9729,METTL8,48,29,5,1,79,42,7,1,322,195,251,310,320,-31,-13,-2,0
4164,DEFA4,1,1,0,0,4,4,2,0,322,317,317,320,322,-3,-3,-2,0
4175,DEFB106B,2,2,2,2,4,4,4,2,322,316,316,316,318,-2,-2,-2,0
15144,SLC16A9,42,23,6,1,98,53,8,1,322,182,246,308,320,-56,-30,-2,0
1887,C1orf53,66,40,16,10,83,49,18,8,322,173,233,288,304,-17,-9,-2,2
9659,MED4,55,38,5,3,96,62,7,0,322,171,222,310,319,-41,-24,-2,3
4187,DEFB121,1,1,1,1,3,3,3,0,322,318,318,318,321,-2,-2,-2,1
18864,YBEY,61,33,7,5,60,36,9,5,322,201,253,306,312,1,-3,-2,0
4590,DSN1,41,20,5,3,72,41,7,1,322,209,261,310,318,-31,-21,-2,2
2611,CD40,70,40,4,2,54,34,6,2,322,198,248,312,318,16,6,-2,0
8757,LAMA2,44,26,2,0,52,25,4,0,322,226,271,316,322,-8,1,-2,0
15007,SHMT1,40,24,6,4,83,41,8,3,322,199,257,308,315,-43,-17,-2,1
3592,CRB2,36,22,6,3,73,46,8,0,322,213,254,308,319,-37,-24,-2,3
15138,SLC16A3,41,27,5,1,98,56,7,1,322,183,239,310,320,-57,-29,-2,0
8785,LARGE2,48,32,12,4,106,68,14,9,322,168,222,296,309,-58,-36,-2,-5
13652,RANBP6,45,22,6,2,117,65,8,0,322,160,235,308,320,-72,-43,-2,2
14963,SH3GL3,61,33,6,3,68,44,8,1,322,193,245,308,318,-7,-11,-2,2
18882,YJU2,38,24,11,5,92,55,13,3,322,192,243,298,314,-54,-31,-2,2
1965,C3orf18,43,27,9,4,105,63,11,1,322,174,232,302,317,-62,-36,-2,3
14930,SGPP2,66,32,1,0,63,28,3,1,322,193,262,318,321,3,4,-2,-1
13606,RAD51AP1,53,30,8,1,67,41,10,3,322,202,251,304,318,-14,-11,-2,-2
5574,FBXO16,57,41,17,6,88,55,19,7,322,177,226,286,309,-31,-14,-2,-1
18847,XRCC2,46,26,3,1,97,53,5,0,322,179,243,314,321,-51,-27,-2,1
1923,C20orf203,63,34,11,2,54,37,13,3,322,205,251,298,317,9,-3,-2,-1
15059,SIRPB1,76,36,1,0,47,30,3,0,322,199,256,318,322,29,6,-2,0
15061,SIRPD,5,5,2,0,5,5,4,3,322,312,312,316,319,0,0,-2,-3
5887,FOXS1,69,52,8,3,46,37,10,3,322,207,233,304,316,23,15,-2,0
6400,GNAT3,17,16,3,0,20,16,5,1,322,285,290,314,321,-3,0,-2,-1
9685,MELK,46,25,5,5,64,43,7,2,322,212,254,310,315,-18,-18,-2,3
15103,SLC10A3,46,28,9,2,65,37,11,6,322,211,257,302,314,-19,-9,-2,-4
18830,XKR7,17,5,0,0,26,13,2,1,322,279,304,320,321,-9,-8,-2,-1
2639,CD86,36,21,2,0,38,21,4,0,322,248,280,316,322,-2,0,-2,0
13573,RAB7B,71,43,13,7,78,57,15,8,322,173,222,294,307,-7,-14,-2,-1
15128,SLC15A3,51,33,12,2,88,66,14,2,322,183,223,296,318,-37,-33,-2,0
13570,RAB6C,46,23,1,0,47,24,3,1,322,229,275,318,321,-1,-1,-2,-1
11252,ODAM,13,13,2,0,19,13,4,2,322,290,296,316,320,-6,0,-2,-2
9694,MEPE,21,11,0,0,17,9,2,0,322,284,302,320,322,4,2,-2,0
5900,FREM3,16,6,0,0,13,7,2,0,322,293,309,320,322,3,-1,-2,0
1809,C16orf74,63,36,13,4,91,57,15,5,322,168,229,294,313,-28,-21,-2,-1
8272,KCNN4,64,41,6,1,59,35,8,3,322,199,246,308,318,5,6,-2,-2
2798,CEACAM21,36,29,2,0,49,39,4,1,322,237,254,316,321,-13,-10,-2,-1
13226,PRSS56,29,16,3,3,32,23,5,2,322,261,283,314,317,-3,-7,-2,1
4728,EDA2R,60,35,5,0,81,58,7,3,322,181,229,310,319,-21,-23,-2,-3
10959,NPHP4,38,18,7,2,98,61,9,0,322,186,243,306,320,-60,-43,-2,2
2799,CEACAM3,12,7,1,1,12,11,3,1,322,298,304,318,320,0,-4,-2,0
6554,GPR148,4,3,0,0,17,16,2,0,322,301,303,320,322,-13,-13,-2,0
13239,PRY,1,1,0,0,7,5,2,1,322,314,316,320,321,-6,-4,-2,-1
13247,PSD2,40,16,3,1,70,41,5,0,322,212,265,314,321,-30,-25,-2,1
3428,COL8A1,58,22,5,1,71,31,7,2,322,193,269,310,319,-13,-9,-2,-1
18625,VSTM2L,50,34,10,1,73,48,12,4,322,199,240,300,317,-23,-14,-2,-3
1666,BRINP2,33,18,3,1,29,16,5,2,322,260,288,314,319,4,2,-2,-1
13251,PSEN2,32,16,4,2,93,54,6,1,322,197,252,312,319,-61,-38,-2,1
1673,BRMS1L,51,24,6,0,126,52,8,1,322,145,246,308,321,-75,-28,-2,-1
15660,SNED1,61,42,13,3,92,51,15,4,322,169,229,294,315,-31,-9,-2,-1
8439,KL,31,18,4,2,36,21,6,4,322,255,283,312,316,-5,-3,-2,-2
15769,SOX18,59,37,10,2,85,49,12,6,322,178,236,300,314,-26,-12,-2,-4
13207,PRSS2,31,23,3,0,21,12,5,1,322,270,287,314,321,10,11,-2,-1
18744,WFDC10A,19,15,11,3,19,17,13,6,322,284,290,298,313,0,-2,-2,-3
6579,GPR20,70,41,6,0,78,53,8,1,322,174,228,308,321,-8,-12,-2,-1
8284,KCNU1,17,14,7,3,39,19,9,5,322,266,289,306,314,-22,-5,-2,-2
15843,SPATA3,11,9,4,1,14,11,6,1,322,297,302,312,320,-3,-2,-2,0
15835,SPATA19,8,7,1,0,10,10,3,1,322,304,305,318,321,-2,-3,-2,-1
8295,KCTD16,39,10,0,0,36,16,2,1,322,247,296,320,321,3,-6,-2,-1
11760,OSTN,30,14,5,1,33,20,7,1,322,259,288,310,320,-3,-6,-2,0
6581,GPR22,33,19,4,2,34,20,6,4,322,255,283,312,316,-1,-1,-2,-2
143,ACD,59,33,6,1,73,46,8,4,322,190,243,308,317,-14,-13,-2,-3
4743,EDN3,18,12,1,0,16,11,3,0,322,288,299,318,322,2,1,-2,0
9961,MOV10L1,85,49,3,0,69,36,5,2,322,168,237,314,320,16,13,-2,-2
3424,COL6A3,59,30,2,0,53,33,4,2,322,210,259,316,320,6,-3,-2,-2
15804,SPAG11A,17,14,7,0,14,13,9,4,322,291,295,306,318,3,1,-2,-4
15803,SPAG1,53,28,4,0,47,21,6,3,322,222,273,312,319,6,7,-2,-3
9954,MORN5,51,44,13,3,47,37,15,4,322,224,241,294,315,4,7,-2,-1
15788,SP5,43,30,3,0,59,38,5,0,322,220,254,314,322,-16,-8,-2,0
2784,CDX1,26,21,0,0,22,16,2,0,322,274,285,320,322,4,5,-2,0
8450,KLF14,49,28,2,0,81,42,4,0,322,192,252,316,322,-32,-14,-2,0
8451,KLF15,65,42,6,0,113,67,8,0,322,144,213,308,322,-48,-25,-2,0
11674,OR6Y1,90,44,1,0,40,20,3,1,322,192,258,318,321,50,24,-2,-1
6490,GP1BA,62,29,11,4,56,35,13,9,322,204,258,298,309,6,-6,-2,-5
15478,SLCO1B1,42,22,0,0,53,31,2,0,322,227,269,320,322,-11,-9,-2,0
2715,CDH9,49,43,23,6,49,44,25,9,322,224,235,274,307,0,-1,-2,-3
8563,KPRP,17,9,0,0,25,13,2,0,322,280,300,320,322,-8,-4,-2,0
11196,NUTM1,55,31,2,1,27,17,4,2,322,240,274,316,319,28,14,-2,-1
5522,FAS,51,30,6,1,86,52,8,3,322,185,240,308,318,-35,-22,-2,-2
15416,SLC5A4,40,15,1,0,44,19,3,0,322,238,288,318,322,-4,-4,-2,0
2781,CDSN,54,22,2,1,55,25,4,4,322,213,275,316,317,-1,-3,-2,-3
11672,OR6V1,8,7,0,0,8,8,2,2,322,306,307,320,320,0,-1,-2,-2
9775,MGAT4D,25,25,5,0,12,10,7,0,322,285,287,310,322,13,15,-2,0
18733,WDR89,57,21,6,3,85,55,8,1,322,180,246,308,318,-28,-34,-2,2
18734,WDR90,65,38,10,4,104,74,12,3,322,153,210,300,315,-39,-36,-2,1
1797,C14orf93,56,37,11,4,108,61,13,3,322,158,224,298,315,-52,-24,-2,1
8601,KRT35,6,0,0,0,16,12,2,0,322,300,310,320,322,-10,-12,-2,0
1761,C11orf65,90,57,13,4,98,64,15,2,322,134,201,294,316,-8,-7,-2,2
15507,SLITRK6,34,15,2,0,60,30,4,1,322,228,277,316,321,-26,-15,-2,-1
5508,FANCF,38,23,5,1,70,34,7,0,322,214,265,310,321,-32,-11,-2,1
13341,PTER,37,21,1,0,96,55,3,0,322,189,246,318,322,-59,-34,-2,0
18676,WDFY4,27,12,8,0,30,18,10,4,322,265,292,304,318,-3,-6,-2,-4
15545,SMC1B,39,12,1,1,38,18,3,1,322,245,292,318,320,1,-6,-2,0
373,ADORA2B,55,31,6,2,84,47,8,1,322,183,244,308,319,-29,-16,-2,1
13324,PSTPIP2,80,30,2,0,49,26,4,1,322,193,266,316,321,31,4,-2,-1
4662,DYNC2I1,60,37,10,3,94,47,12,5,322,168,238,300,314,-34,-10,-2,-2
6527,GPHN,54,25,8,2,86,49,10,0,322,182,248,304,320,-32,-24,-2,2
8474,KLHL10,67,50,15,3,102,67,17,5,322,153,205,290,314,-35,-17,-2,-2
11274,OGN,44,29,4,0,35,22,6,4,322,243,271,312,318,9,7,-2,-4
9910,MMRN1,12,9,0,0,22,8,2,0,322,288,305,320,322,-10,1,-2,0
8461,KLF8,73,47,2,0,57,30,4,0,322,192,245,316,322,16,17,-2,0
18647,VWDE,54,36,6,2,71,35,8,2,322,197,251,308,318,-17,1,-2,0
1689,BST1,85,44,5,1,56,28,7,0,322,181,250,310,321,29,16,-2,1
15631,SMTNL2,58,31,7,5,61,36,9,4,322,203,255,306,313,-3,-5,-2,1
13668,RAPGEF5,46,24,5,3,80,53,7,0,322,196,245,310,319,-34,-29,-2,3
6348,GLRX2,76,45,7,2,59,30,9,2,322,187,247,306,318,17,15,-2,0
5788,FLYWCH1,69,39,10,6,67,38,12,2,322,186,245,300,314,2,1,-2,4
13939,RGPD8,97,68,29,14,83,69,31,13,322,142,185,262,295,14,-1,-2,1
2491,CCM2L,84,45,3,0,57,31,5,0,322,181,246,314,322,27,14,-2,0
19672,ZSCAN23,74,42,5,3,54,33,7,2,322,194,247,310,317,20,9,-2,1
9154,LRRC57,52,23,3,1,88,35,5,0,322,182,264,314,321,-36,-12,-2,1
9158,LRRC61,59,37,9,2,58,37,11,4,322,205,248,302,316,1,0,-2,-2
14408,RTL1,22,8,1,0,27,17,3,0,322,273,297,318,322,-5,-9,-2,0
9169,LRRC75A,56,32,9,5,100,58,11,7,322,166,232,302,310,-44,-26,-2,-2
9176,LRRC9,38,22,4,1,45,23,6,0,322,239,277,312,321,-7,-1,-2,1
14444,RUNX2,59,24,1,0,78,48,3,0,322,185,250,318,322,-19,-24,-2,0
13949,RGS18,15,8,0,0,22,15,2,0,322,285,299,320,322,-7,-7,-2,0
14363,RRP1,36,22,7,4,80,51,9,3,322,206,249,306,315,-44,-29,-2,1
13962,RGS9,48,26,1,1,90,48,3,0,322,184,248,318,321,-42,-22,-2,1
11218,NXPH2,38,25,4,0,42,24,6,2,322,242,273,312,320,-4,1,-2,-2
13974,RHBG,63,39,3,1,68,42,5,2,322,191,241,314,319,-5,-3,-2,-1
6207,GEMIN6,57,33,4,2,84,39,6,0,322,181,250,312,320,-27,-6,-2,2
3443,COMMD3,59,39,8,4,68,41,10,3,322,195,242,304,315,-9,-2,-2,1
9129,LRRC34,59,38,16,6,78,52,18,4,322,185,232,288,312,-19,-14,-2,2
8814,LCE1C,11,11,2,1,10,5,4,0,322,301,306,316,321,1,6,-2,1
11518,OR4F5,18,16,6,2,22,18,8,2,322,282,288,308,318,-4,-2,-2,0
9500,MARCO,34,9,0,0,30,17,2,0,322,258,296,320,322,4,-8,-2,0
14499,SAA4,21,20,8,4,21,21,10,5,322,280,281,304,313,0,-1,-2,-1
11229,OAS1,55,32,1,0,63,35,3,0,322,204,255,318,322,-8,-3,-2,0
4445,DNAJC21,59,33,1,0,61,30,3,0,322,202,259,318,322,-2,3,-2,0
19049,ZFP28,49,23,3,2,66,38,5,1,322,207,261,314,319,-17,-15,-2,1
14476,S100A2,70,36,9,4,67,47,11,3,322,185,239,302,315,3,-11,-2,1
19054,ZFP36L2,65,41,13,4,72,50,15,7,322,185,231,294,311,-7,-9,-2,-3
9128,LRRC32,67,33,3,1,63,43,5,1,322,192,246,314,320,4,-10,-2,0
2498,CCNA1,78,53,8,1,50,33,10,2,322,194,236,304,319,28,20,-2,-1
14463,RXYLT1,50,22,2,1,76,39,4,0,322,196,261,316,321,-26,-17,-2,1
13915,RFX2,70,41,12,4,111,75,14,3,322,141,206,296,315,-41,-34,-2,1
6234,GGA3,49,28,7,3,108,60,9,1,322,165,234,306,318,-59,-32,-2,2
14448,RUSF1,37,22,7,5,80,43,9,3,322,205,257,306,314,-43,-21,-2,2
11514,OR4F17,25,12,4,2,31,23,6,0,322,266,287,312,320,-6,-11,-2,2
4395,DNAAF2,53,27,7,2,80,47,9,0,322,189,248,306,320,-27,-20,-2,2
6206,GEMIN5,32,15,4,2,105,62,6,2,322,185,245,312,318,-73,-47,-2,0
4390,DMWD,49,23,6,2,57,33,8,3,322,216,266,308,317,-8,-10,-2,-1
6172,GCNT3,88,47,6,2,59,34,8,1,322,175,241,308,319,29,13,-2,1
9334,MAG,34,18,2,1,47,28,4,0,322,241,276,316,321,-13,-10,-2,1
9335,MAGEA1,34,19,2,0,52,24,4,0,322,236,279,316,322,-18,-5,-2,0
14046,RIPPLY2,33,29,18,8,36,32,20,5,322,253,261,284,309,-3,-3,-2,3
9338,MAGEA12,40,18,2,0,44,25,4,2,322,238,279,316,320,-4,-7,-2,-2
9408,MANSC1,55,35,4,0,80,42,6,0,322,187,245,312,322,-25,-7,-2,0
19174,ZNF20,76,39,7,2,82,49,9,4,322,164,234,306,316,-6,-10,-2,-2
19188,ZNF221,103,58,4,1,52,31,6,1,322,167,233,312,320,51,27,-2,0
19683,ZSCAN9,92,35,9,4,53,28,11,4,322,177,259,302,314,39,7,-2,0
9360,MAGEC3,26,14,2,0,34,21,4,3,322,262,287,316,319,-8,-7,-2,-3
5827,FOLR1,55,39,9,1,62,42,11,4,322,205,241,302,317,-7,-3,-2,-3
9369,MAGEL2,14,6,1,0,52,36,3,0,322,256,280,318,322,-38,-30,-2,0
9375,MAGOHB,53,30,5,1,55,32,7,1,322,214,260,310,320,-2,-2,-2,0
9394,MAN1A1,70,44,4,0,65,29,6,2,322,187,249,312,320,5,15,-2,-2
161,ACOT11,50,26,3,2,61,33,5,1,322,211,263,314,319,-11,-7,-2,1
5819,FNDC8,55,44,5,0,51,42,7,0,322,216,236,310,322,4,2,-2,0
6180,GDAP1,51,26,7,3,87,52,9,0,322,184,244,306,319,-36,-26,-2,3
19159,ZNF17,68,35,9,6,96,55,11,1,322,158,232,302,315,-28,-20,-2,5
9321,MAD2L1BP,63,31,9,6,70,44,11,1,322,189,247,302,315,-7,-13,-2,5
9411,MAOB,46,25,1,0,44,21,3,1,322,232,276,318,321,2,4,-2,-1
14027,RIN1,53,23,10,6,81,50,12,4,322,188,249,300,312,-28,-27,-2,2
11479,OR2T8,33,20,0,0,48,22,2,0,322,241,280,320,322,-15,-2,-2,0
4354,DLGAP5,55,35,5,2,75,44,7,3,322,192,243,310,317,-20,-9,-2,-1
2455,CCDC9B,47,21,9,1,104,65,11,2,322,171,236,302,319,-57,-44,-2,-1
2354,CCDC159,87,60,20,10,89,62,22,7,322,146,200,280,305,-2,-2,-2,3
2352,CCDC157,64,30,2,0,57,27,4,0,322,201,265,316,322,7,3,-2,0
2340,CCDC141,60,23,2,0,36,16,4,2,322,226,283,316,320,24,7,-2,-2
9259,LY6L,9,9,1,0,6,6,3,0,322,307,307,318,322,3,3,-2,0
14285,RPP25,49,28,5,2,100,56,7,1,322,173,238,310,319,-51,-28,-2,1
14286,RPP25L,69,39,9,4,70,38,11,1,322,183,245,302,317,-1,1,-2,3
19126,ZMYND8,80,50,22,9,116,66,24,14,322,126,206,276,299,-36,-16,-2,-5
19125,ZMYND19,42,21,5,3,99,58,7,2,322,181,243,310,317,-57,-37,-2,1
2505,CCND1,44,26,8,0,107,63,10,3,322,171,233,304,319,-63,-37,-2,-3
9080,LRFN3,43,24,9,3,116,60,11,1,322,163,238,302,318,-73,-36,-2,2
9079,LRFN2,18,13,0,0,21,13,2,1,322,283,296,320,321,-3,0,-2,-1
5869,FOXN1,30,12,2,0,35,23,4,0,322,257,287,316,322,-5,-11,-2,0
8864,LDLRAP1,43,20,4,1,96,53,6,0,322,183,249,312,321,-53,-33,-2,1
3588,CRADD,56,32,7,3,76,48,9,0,322,190,242,306,319,-20,-16,-2,3
13732,RBFA,38,24,8,4,111,62,10,2,322,173,236,304,316,-73,-38,-2,2
14800,SEPTIN9,36,22,12,7,97,73,14,3,322,189,227,296,312,-61,-51,-2,4
5792,FMN1,59,34,6,0,69,37,8,0,322,194,251,308,322,-10,-3,-2,0
5794,FMNL1,60,32,6,1,82,50,8,4,322,180,240,308,317,-22,-18,-2,-3
8892,LGALS12,28,14,1,0,41,26,3,0,322,253,282,318,322,-13,-12,-2,0
8918,LHFPL1,45,20,2,0,45,23,4,2,322,232,279,316,320,0,-3,-2,-2
5797,FMO1,62,23,1,0,42,20,3,2,322,218,279,318,320,20,3,-2,-2
2540,CCR9,45,28,1,0,33,21,3,1,322,244,273,318,321,12,7,-2,-1
6313,GKN2,19,14,0,0,12,9,2,0,322,291,299,320,322,7,5,-2,0
11567,OR52B2,32,30,4,0,33,30,6,1,322,257,262,312,321,-1,0,-2,-1
8908,LGI2,44,27,4,1,54,29,6,3,322,224,266,312,318,-10,-2,-2,-2
8910,LGI4,100,57,2,0,58,38,4,1,322,164,227,316,321,42,19,-2,-1
13726,RBBP6,59,30,8,4,93,42,10,1,322,170,250,304,317,-34,-12,-2,3
14821,SERPINA5,41,24,7,3,42,29,9,3,322,239,269,306,316,-1,-5,-2,0
6330,GLIPR1L1,39,33,10,2,35,33,12,2,322,248,256,300,318,4,0,-2,0
14824,SERPINA9,43,25,0,0,30,21,2,0,322,249,276,320,322,13,4,-2,0
14825,SERPINB1,42,28,2,1,57,22,4,0,322,223,272,316,321,-15,6,-2,1
14830,SERPINB2,54,41,7,2,68,49,9,0,322,200,232,306,320,-14,-8,-2,2
272,ADAMTS12,28,15,0,0,65,42,2,1,322,229,265,320,321,-37,-27,-2,-1
4542,DPPA3,43,39,10,2,39,31,12,2,322,240,252,300,318,4,8,-2,0
2017,C6orf47,48,24,6,3,104,65,8,1,322,170,233,308,318,-56,-41,-2,2
2014,C6orf15,32,27,1,0,23,16,3,1,322,267,279,318,321,9,11,-2,-1
11019,NR1I3,62,52,9,1,45,36,11,3,322,215,234,302,318,17,16,-2,-2
8840,LCN8,23,22,4,1,14,13,6,1,322,285,287,312,320,9,9,-2,0
11586,OR52N4,19,14,1,0,21,15,3,1,322,282,293,318,321,-2,-1,-2,-1
19631,ZNF879,80,51,7,2,73,44,9,4,322,169,227,306,316,7,7,-2,-2
1993,C4orf54,20,4,0,0,31,15,2,0,322,271,303,320,322,-11,-11,-2,0
19630,ZNF878,90,60,6,1,56,33,8,0,322,176,229,308,321,34,27,-2,1
11589,OR52W1,28,22,6,2,18,14,8,2,322,276,286,308,318,10,8,-2,0
2076,CAB39L,77,54,4,1,78,43,6,0,322,167,225,312,321,-1,11,-2,1
9565,MC3R,11,11,1,0,11,11,3,0,322,300,300,318,322,0,0,-2,0
2181,CAPG,55,44,7,3,78,48,9,6,322,189,230,306,313,-23,-4,-2,-3
2162,CAMK2N2,49,36,8,3,79,49,10,2,322,194,237,304,317,-30,-13,-2,1
14601,SCGB1A1,29,26,21,6,33,31,23,15,322,260,265,278,301,-4,-5,-2,-9
2147,CALML5,10,10,1,0,11,8,3,2,322,301,304,318,320,-1,2,-2,-2
14590,SCARF2,44,27,7,3,98,64,9,2,322,180,231,306,317,-54,-37,-2,1
13851,REG1A,11,11,3,2,16,14,5,0,322,295,297,314,320,-5,-3,-2,2
9032,LMX1B,75,34,2,0,58,19,4,1,322,189,269,316,321,17,15,-2,-1
9044,LOX,51,24,7,0,80,47,9,1,322,191,251,306,321,-29,-23,-2,-1
9048,LOXL3,80,47,7,4,92,68,9,0,322,150,207,306,318,-12,-21,-2,4
2086,CABS1,9,4,0,0,5,2,2,1,322,308,316,320,321,4,2,-2,-1
5810,FNBP4,36,23,7,1,75,44,9,0,322,211,255,306,321,-39,-21,-2,1
9052,LPAR2,78,47,12,4,92,62,14,4,322,152,213,296,314,-14,-15,-2,0
6275,GINS1,38,18,4,2,74,39,6,1,322,210,265,312,319,-36,-21,-2,1
11535,OR4P4,68,42,3,2,73,35,5,0,322,181,245,314,320,-5,7,-2,2
14550,SASH3,23,12,0,0,28,16,2,0,322,271,294,320,322,-5,-4,-2,0
9068,LPXN,77,30,3,0,66,39,5,2,322,179,253,314,320,11,-9,-2,-2
241,ACY3,31,22,2,0,41,26,4,0,322,250,274,316,322,-10,-4,-2,0
2518,CCNJL,62,36,4,2,50,33,6,0,322,210,253,312,320,12,3,-2,2
2139,CALHM4,59,54,9,4,50,41,11,6,322,213,227,302,312,9,13,-2,-2
14626,SCN2A,67,36,4,2,64,37,6,0,322,191,249,312,320,3,-1,-2,2
18999,ZCCHC4,59,30,3,1,55,29,5,0,322,208,263,314,321,4,1,-2,1
13823,RCOR3,63,33,7,4,68,35,9,1,322,191,254,306,317,-5,-2,-2,3
14653,SCRT2,19,12,5,3,37,28,7,3,322,266,282,310,316,-18,-16,-2,0
9539,MBD3L1,44,40,3,1,22,16,5,1,322,256,266,314,320,22,24,-2,0
14665,SCYGR6,2,2,2,1,4,4,4,3,322,316,316,316,318,-2,-2,-2,-2
14675,SDC4,39,18,4,1,106,56,6,1,322,177,248,312,320,-67,-38,-2,0
5865,FOXL2,31,23,1,0,32,23,3,0,322,259,276,318,322,-1,0,-2,0
13799,RBPJL,35,20,5,4,35,27,7,3,322,252,275,310,315,0,-7,-2,1
9554,MBNL3,40,17,3,1,68,33,5,1,322,214,272,314,320,-28,-16,-2,0
3582,CRABP1,18,17,4,0,15,11,6,3,322,289,294,312,319,3,6,-2,-3
13789,RBMY1E,4,4,0,0,11,8,2,2,322,307,310,320,320,-7,-4,-2,-2
9555,MBOAT1,46,19,1,0,63,26,3,0,322,213,277,318,322,-17,-7,-2,0
8931,LHX8,43,31,2,0,35,25,4,2,322,244,266,316,320,8,6,-2,-2
8275,KCNQ3,41,20,2,0,49,29,4,0,322,232,273,316,322,-8,-9,-2,0
13237,PRXL2B,48,30,9,3,105,67,11,1,322,169,225,302,318,-57,-37,-2,2
8263,KCNK9,52,29,3,0,77,48,5,0,322,193,245,314,322,-25,-19,-2,0
6847,H2AC6,67,48,14,7,93,64,16,0,322,162,210,292,315,-26,-16,-2,7
7699,IGLJ3,3,3,3,3,11,10,5,4,322,308,309,314,315,-8,-7,-2,-1
10247,MTPAP,48,27,4,2,82,50,6,0,322,192,245,312,320,-34,-23,-2,2
7722,IGLV3-10,1,1,1,0,3,3,3,2,322,318,318,318,320,-2,-2,-2,-2
1219,ATL2,47,31,11,3,85,49,13,1,322,190,242,298,318,-38,-18,-2,2
1224,ATOH1,50,19,2,1,35,18,4,0,322,237,285,316,321,15,1,-2,1
6848,H2AC7,64,57,39,32,103,77,41,32,322,155,188,242,258,-39,-20,-2,0
16628,TBX22,18,8,0,0,18,8,2,2,322,286,306,320,320,0,0,-2,-2
2982,CGNL1,44,23,2,0,59,28,4,0,322,219,271,316,322,-15,-5,-2,0
12798,POP1,44,27,4,0,85,44,6,4,322,193,251,312,318,-41,-17,-2,-4
1233,ATP11C,41,21,4,2,114,54,6,1,322,167,247,312,319,-73,-33,-2,1
1234,ATP12A,22,9,0,0,25,13,2,0,322,275,300,320,322,-3,-4,-2,0
19475,ZNF649,66,43,8,2,97,58,10,1,322,159,221,304,319,-31,-15,-2,1
2991,CHAF1B,35,22,2,1,59,30,4,0,322,228,270,316,321,-24,-8,-2,1
549,ALDH3B2,32,19,5,0,39,22,7,4,322,251,281,310,318,-7,-3,-2,-4
12756,POLR1H,46,26,9,5,59,35,11,2,322,217,261,302,315,-13,-9,-2,3
7695,IGLC3,13,13,8,2,24,24,10,2,322,285,285,304,318,-11,-11,-2,0
19462,ZNF625,74,48,10,3,55,38,12,2,322,193,236,300,317,19,10,-2,1
12742,POLH,77,43,7,3,82,47,9,1,322,163,232,306,318,-5,-4,-2,2
7683,IGKV3D-11,1,1,1,1,3,3,3,1,322,318,318,318,320,-2,-2,-2,0
7681,IGKV3-20,0,0,0,0,7,6,2,1,322,315,316,320,321,-7,-6,-2,-1
597,ALPK2,33,17,1,0,62,24,3,0,322,227,281,318,322,-29,-7,-2,0
599,ALPL,68,36,8,2,71,42,10,1,322,183,244,304,319,-3,-6,-2,1
18185,UBE2A,50,24,5,2,41,20,7,7,322,231,278,310,313,9,4,-2,-5
7660,IGKV1D-16,4,4,3,1,6,6,5,2,322,312,312,314,319,-2,-2,-2,-1
6886,H3C11,57,45,26,16,92,71,28,13,322,173,206,268,293,-35,-26,-2,3
7656,IGKV1-8,6,6,6,3,8,8,8,3,322,308,308,308,316,-2,-2,-2,0
16762,TESMIN,58,31,4,0,87,51,6,1,322,177,240,312,321,-29,-20,-2,-1
604,ALX3,45,36,7,1,69,50,9,4,322,208,236,306,317,-24,-14,-2,-3
10289,MUC5B,29,13,3,0,20,16,5,0,322,273,293,314,322,9,-3,-2,0
7646,IGKJ5,0,0,0,0,3,2,2,2,322,319,320,320,320,-3,-2,-2,-2
16786,TEX33,16,15,5,3,19,18,7,2,322,287,289,310,317,-3,-3,-2,1
10832,NLRC5,59,35,16,3,120,80,18,8,322,143,207,288,311,-61,-45,-2,-5
7757,IHO1,99,51,3,1,36,18,5,0,322,187,253,314,321,63,33,-2,1
16799,TEX51,2,2,2,1,5,4,4,1,322,315,316,316,320,-3,-2,-2,0
3976,CYTH4,49,30,10,1,70,41,12,1,322,203,251,300,320,-21,-11,-2,0
5970,FUT9,54,20,3,3,39,15,5,1,322,229,287,314,318,15,5,-2,2
16457,TAF11L6,7,7,2,0,4,4,4,3,322,311,311,316,319,3,3,-2,-3
16455,TAF11L4,12,12,4,2,7,6,6,2,322,303,304,312,318,5,6,-2,0
16450,TAF11L12,33,26,1,0,32,26,3,0,322,257,270,318,322,1,0,-2,0
3966,CYRIA,67,39,4,0,72,47,6,2,322,183,236,312,320,-5,-8,-2,-2
11919,PAQR8,58,34,8,7,109,51,10,0,322,155,237,304,315,-51,-17,-2,7
7849,IL7,65,48,11,0,85,68,13,4,322,172,206,298,318,-20,-20,-2,-4
3663,CRYGB,5,5,1,0,3,3,3,0,322,314,314,318,322,2,2,-2,0
16415,SYTL2,56,31,9,3,90,56,11,2,322,176,235,302,317,-34,-25,-2,1
3356,CNTN3,19,9,0,0,18,9,2,0,322,285,304,320,322,1,0,-2,0
6756,GTF2B,77,46,9,6,74,48,11,2,322,171,228,302,314,3,-2,-2,4
4950,EMID1,57,44,11,6,71,41,13,8,322,194,237,298,308,-14,3,-2,-2
10156,MSMP,30,26,12,3,54,42,14,4,322,238,254,296,315,-24,-16,-2,-1
2927,CFAP299,79,50,6,0,70,40,8,2,322,173,232,308,320,9,10,-2,-2
18299,UGT2A3,26,13,1,0,27,16,3,0,322,269,293,318,322,-1,-3,-2,0
11932,PARP10,55,38,10,5,97,70,12,5,322,170,214,300,312,-42,-32,-2,0
10201,MTBP,70,33,5,0,66,42,7,0,322,186,247,310,322,4,-9,-2,0
1298,ATP6V1E2,91,54,4,2,41,22,6,0,322,190,246,312,320,50,32,-2,2
4987,ENOX2,46,30,3,1,102,44,5,3,322,174,248,314,318,-56,-14,-2,-2
18289,UGT1A10,28,17,5,3,27,16,7,5,322,267,289,310,314,1,1,-2,-2
7809,IL1RN,46,26,2,1,41,22,4,0,322,235,274,316,321,5,4,-2,1
12856,PPFIA2,63,53,11,1,60,45,13,2,322,199,224,298,319,3,8,-2,-1
7806,IL1RAPL2,16,11,1,0,34,23,3,1,322,272,288,318,321,-18,-12,-2,-1
7799,IL1A,65,35,5,3,87,53,7,1,322,170,234,310,318,-22,-18,-2,2
6111,GAS2,84,66,20,3,74,54,22,6,322,164,202,280,313,10,12,-2,-3
5388,FAM20A,52,31,11,8,50,35,13,7,322,220,256,298,307,2,-4,-2,1
4995,ENPP7,25,15,0,0,31,15,2,0,322,266,292,320,322,-6,0,-2,0
10838,NLRP14,50,17,1,0,57,28,3,0,322,215,277,318,322,-7,-11,-2,0
6799,GUCY2D,40,17,0,0,31,11,2,0,322,251,294,320,322,9,6,-2,0
4999,ENTPD2,58,35,2,1,40,26,4,1,322,224,261,316,320,18,9,-2,0
6803,GULP1,82,45,2,1,47,19,4,3,322,193,258,316,318,35,26,-2,-2
5989,FZD10,37,18,3,0,47,26,5,1,322,238,278,314,321,-10,-8,-2,-1
12012,PCDHA4,64,28,2,0,47,23,4,1,322,211,271,316,321,17,5,-2,-1
19500,ZNF681,74,34,1,0,65,34,3,0,322,183,254,318,322,9,0,-2,0
3083,CHST14,39,24,7,3,113,76,9,0,322,170,222,306,319,-74,-52,-2,3
6083,GALNT6,40,24,1,0,95,45,3,0,322,187,253,318,322,-55,-21,-2,0
12076,PCNA,54,27,8,4,104,60,10,4,322,164,235,304,314,-50,-33,-2,0
7501,IFNLR1,75,34,3,0,50,23,5,0,322,197,265,314,322,25,11,-2,0
7504,IFRD2,45,25,9,4,82,46,11,2,322,195,251,302,316,-37,-21,-2,2
1046,ARMC3,39,25,5,1,46,24,7,1,322,237,273,310,320,-7,1,-2,0
7517,IFT81,64,30,4,1,55,29,6,0,322,203,263,312,321,9,1,-2,1
3082,CHST13,38,28,5,1,77,53,7,1,322,207,241,310,320,-39,-25,-2,0
18077,TUBA4B,75,61,8,4,59,50,10,1,322,188,211,304,317,16,11,-2,3
6962,HBE1,38,27,8,3,48,35,10,3,322,236,260,304,316,-10,-8,-2,0
3302,CNBD2,68,37,3,2,57,21,5,2,322,197,264,314,318,11,16,-2,0
69,ABCF2-H2BE1,39,24,11,11,46,32,13,9,322,237,266,298,302,-7,-8,-2,2
5055,EPPIN,82,39,2,0,55,25,4,1,322,185,258,316,321,27,14,-2,-1
12615,PLN,43,29,7,4,43,25,9,7,322,236,268,306,311,0,4,-2,-3
3890,CYB5R1,43,25,8,4,84,42,10,5,322,195,255,304,313,-41,-17,-2,-1
7496,IFNK,26,24,5,1,26,18,7,4,322,270,280,310,317,0,6,-2,-3
7495,IFNGR2,53,36,6,3,63,31,8,3,322,206,255,308,316,-10,5,-2,0
10376,MYO16,49,22,2,0,44,23,4,1,322,229,277,316,321,5,-1,-2,-1
678,ANKFY1,41,24,9,9,111,70,11,1,322,170,228,302,312,-70,-46,-2,8
10762,NHS,31,13,3,0,80,42,5,1,322,211,267,314,321,-49,-29,-2,-1
17094,TMEM132C,8,2,0,0,21,11,2,1,322,293,309,320,321,-13,-9,-2,-1
17101,TMEM140,75,46,12,7,93,50,14,5,322,154,226,296,310,-18,-4,-2,2
683,ANKK1,90,45,11,2,66,48,13,2,322,166,229,298,318,24,-3,-2,0
18027,TTC34,59,24,2,0,75,40,4,0,322,188,258,316,322,-16,-16,-2,0
10389,MYO3B,57,24,0,0,37,17,2,0,322,228,281,320,322,20,7,-2,0
19320,ZNF440,62,29,7,3,83,45,9,1,322,177,248,306,318,-21,-16,-2,2
12564,PLEC,41,21,8,6,102,62,10,1,322,179,239,304,315,-61,-41,-2,5
7468,IFIT2,58,30,8,1,102,78,10,0,322,162,214,304,321,-44,-48,-2,1
3092,CHST9,47,20,3,2,58,30,5,1,322,217,272,314,319,-11,-10,-2,1
5739,FIGNL1,37,24,7,3,104,60,9,0,322,181,238,306,319,-67,-36,-2,3
6082,GALNT5,52,22,1,0,67,31,3,2,322,203,269,318,320,-15,-9,-2,-2
17150,TMEM185B,46,16,3,2,62,48,5,0,322,214,258,314,320,-16,-32,-2,2
17013,TM4SF19,66,31,3,1,55,24,5,3,322,201,267,314,318,11,7,-2,-2
1080,ARPP21,38,23,5,1,38,25,7,3,322,246,274,310,318,0,-2,-2,-2
12697,PNOC,29,19,8,4,33,28,10,1,322,260,275,304,317,-4,-9,-2,3
16840,TGFBI,51,35,8,3,58,44,10,4,322,213,243,304,315,-7,-9,-2,-1
5330,FAM156A,55,35,15,8,95,57,17,10,322,172,230,290,304,-40,-22,-2,-2
12683,PNLIPRP3,18,7,0,0,12,6,2,1,322,292,309,320,321,6,1,-2,-1
10310,MXRA5,18,8,0,0,17,14,2,1,322,287,300,320,321,1,-6,-2,-1
3906,CYLC2,52,30,1,0,50,29,3,0,322,220,263,318,322,2,1,-2,0
18136,TXNDC8,19,17,7,6,22,17,9,5,322,281,288,306,311,-3,0,-2,1
7617,IGHV3-73,7,6,5,2,9,7,7,2,322,306,309,310,318,-2,-1,-2,0
7619,IGHV3OR15-7,0,0,0,0,2,2,2,2,322,320,320,320,320,-2,-2,-2,-2
3307,CNFN,77,49,25,13,79,54,27,11,322,166,219,270,298,-2,-5,-2,2
6904,H4C15,81,51,23,13,94,69,25,17,322,147,202,274,292,-13,-18,-2,-4
16832,TFRC,39,28,8,4,102,59,10,2,322,181,235,304,316,-63,-31,-2,2
18146,TYMP,80,63,38,15,107,79,40,22,322,135,180,244,285,-27,-16,-2,-7
7623,IGHV3OR16-17,1,1,1,0,3,3,3,1,322,318,318,318,321,-2,-2,-2,-1
1146,ASH2L,38,26,9,4,115,66,11,0,322,169,230,302,318,-77,-40,-2,4
12696,PNO1,45,27,3,2,66,34,5,0,322,211,261,314,320,-21,-7,-2,2
7611,IGHV3-53,9,8,4,1,14,13,6,2,322,299,301,312,319,-5,-5,-2,-1
7609,IGHV3-48,4,4,3,1,5,5,5,2,322,313,313,314,319,-1,-1,-2,-1
16876,THBS2,45,27,7,4,52,37,9,2,322,225,258,306,316,-7,-10,-2,2
7600,IGHV3-16,15,13,13,6,16,16,15,1,322,291,293,294,315,-1,-3,-2,5
16883,THEM6,41,26,7,3,117,69,9,3,322,164,227,306,316,-76,-43,-2,0
1119,ASB14,61,33,4,1,38,17,6,4,322,223,272,312,317,23,16,-2,-3
637,AMTN,22,18,3,0,28,24,5,1,322,272,280,314,321,-6,-6,-2,-1
12035,PCDHB9,82,49,4,2,55,32,6,0,322,185,241,312,320,27,17,-2,2
12659,PMEL,64,37,8,2,79,43,10,5,322,179,242,304,315,-15,-6,-2,-3
1105,ARVCF,41,25,9,5,120,86,11,1,322,161,211,302,316,-79,-61,-2,4
10338,MYH1,16,8,0,0,11,2,2,2,322,295,312,320,320,5,6,-2,-2
1099,ART1,37,31,7,4,34,31,9,1,322,251,260,306,317,3,0,-2,3
5997,FZD9,58,34,8,2,86,52,10,1,322,178,236,304,319,-28,-18,-2,1
10346,MYH4,16,3,0,0,8,4,2,2,322,298,315,320,320,8,-1,-2,-2
12050,PCDHGB3,51,28,2,0,64,29,4,0,322,207,265,316,322,-13,-1,-2,0
1085,ARRDC2,51,37,5,1,66,39,7,1,322,205,246,310,320,-15,-2,-2,0
12631,PLPPR3,59,38,14,8,69,47,16,5,322,194,237,292,309,-10,-9,-2,3
18337,UNC5B,45,20,6,1,92,48,8,4,322,185,254,308,317,-47,-28,-2,-3
111,ABRACL,42,28,6,4,52,36,8,3,322,228,258,308,315,-10,-8,-2,1
1464,BCAS4,63,32,3,2,44,16,5,4,322,215,274,314,316,19,16,-2,-2
5446,FAM50A,53,34,7,7,52,29,9,4,322,217,259,306,311,1,5,-2,3
16164,STAT5A,48,26,9,4,77,49,11,2,322,197,247,302,316,-29,-23,-2,2
4010,DAXX,44,24,10,5,82,39,12,4,322,196,259,300,313,-38,-15,-2,1
16171,STC1,78,48,3,0,72,40,5,1,322,172,234,314,321,6,8,-2,-1
8210,KCNE1,46,26,4,1,78,51,6,1,322,198,245,312,320,-32,-25,-2,0
13125,PROK2,28,19,4,3,36,26,6,0,322,258,277,312,319,-8,-7,-2,3
16174,STEAP1B,74,61,15,4,108,83,17,8,322,140,178,290,310,-34,-22,-2,-4
5468,FAM81B,50,41,21,7,49,45,23,10,322,223,236,278,305,1,-4,-2,-3
11839,PABPC1L2A,52,19,0,0,46,17,2,0,322,224,286,320,322,6,2,-2,0
1434,BATF,44,32,7,3,35,27,9,1,322,243,263,306,318,9,5,-2,2
8216,KCNF1,44,35,7,3,58,36,9,2,322,220,251,306,317,-14,-1,-2,1
16200,STK32C,52,33,10,8,73,47,12,2,322,197,242,300,312,-21,-14,-2,6
11430,OR2AJ1,22,14,4,1,31,24,6,0,322,269,284,312,321,-9,-10,-2,1
6612,GPR87,53,31,6,1,64,44,8,3,322,205,247,308,318,-11,-13,-2,-2
8032,ISX,30,13,0,0,36,18,2,0,322,256,291,320,322,-6,-5,-2,0
8229,KCNIP1,33,20,6,0,34,23,8,1,322,255,279,308,321,-1,-3,-2,-1
16047,SRRM4,56,31,3,0,44,26,5,1,322,222,265,314,321,12,5,-2,-1
18421,USP17L5,11,5,0,0,12,7,2,0,322,299,310,320,322,-1,-2,-2,0
8230,KCNIP2,84,54,8,2,91,48,10,1,322,147,220,304,319,-7,6,-2,1
8025,ISLR,48,34,8,3,48,33,10,4,322,226,255,304,315,0,1,-2,-1
13017,PRB4,21,20,4,0,20,20,6,1,322,281,282,312,321,1,0,-2,-1
3412,COL3A1,33,20,3,3,49,31,5,1,322,240,271,314,318,-16,-11,-2,2
1415,BAHCC1,55,28,4,1,70,40,6,2,322,197,254,312,319,-15,-12,-2,-1
8004,IRF9,77,44,6,3,65,42,8,5,322,180,236,308,314,12,2,-2,-2
16163,STAT4,73,43,11,3,91,62,13,5,322,158,217,298,314,-18,-19,-2,-2
16151,STARD13,48,24,4,0,103,66,6,2,322,171,232,312,320,-55,-42,-2,-2
18408,USP17L13,11,8,0,0,7,3,2,0,322,304,311,320,322,4,5,-2,0
4870,EIF4E3,41,26,3,0,92,45,5,0,322,189,251,314,322,-51,-19,-2,0
2854,CENPVL3,7,6,0,0,33,9,2,0,322,282,307,320,322,-26,-3,-2,0
13101,PRL,25,23,5,0,23,21,7,1,322,274,278,310,321,2,2,-2,-1
11807,P2RX2,38,26,4,1,35,20,6,3,322,249,276,312,318,3,6,-2,-2
8175,KATNB1,38,27,10,6,108,49,12,6,322,176,246,300,310,-70,-22,-2,0
16057,SRSF5,63,34,12,6,99,59,14,2,322,160,229,296,314,-36,-25,-2,4
3401,COL1A2,37,13,2,1,58,30,4,1,322,227,279,316,320,-21,-17,-2,0
10030,MROH7,42,25,2,0,29,22,4,2,322,251,275,316,320,13,3,-2,-2
10031,MROH7-TTC4,59,30,2,0,50,22,4,2,322,213,270,316,320,9,8,-2,-2
8117,JAKMIP3,46,20,1,0,71,31,3,1,322,205,271,318,321,-25,-11,-2,-1
10040,MRPL15,31,22,7,3,91,50,9,3,322,200,250,306,316,-60,-28,-2,0
16013,SREBF1,44,19,10,7,94,62,12,3,322,184,241,300,312,-50,-43,-2,4
16100,SSX2,27,20,4,0,10,9,6,3,322,285,293,312,319,17,11,-2,-3
4018,DBF4,36,18,4,1,111,55,6,0,322,175,249,312,321,-75,-37,-2,1
1469,BCHE,37,23,7,2,81,52,9,2,322,204,247,306,318,-44,-29,-2,0
16110,ST18,25,11,1,0,35,16,3,2,322,262,295,318,320,-10,-5,-2,-2
8105,IZUMO4,66,43,18,3,81,58,20,4,322,175,221,284,315,-15,-15,-2,-1
10916,NOS3,80,40,3,0,58,31,5,1,322,184,251,314,321,22,9,-2,-1
8097,IVL,30,11,0,0,40,22,2,0,322,252,289,320,322,-10,-11,-2,0
16001,SQLE,53,31,8,4,90,58,10,0,322,179,233,304,318,-37,-27,-2,4
8078,ITM2A,43,25,2,1,45,26,4,2,322,234,271,316,319,-2,-1,-2,-1
478,AIPL1,89,46,4,0,59,30,6,1,322,174,246,312,321,30,16,-2,-1
46,ABCB5,79,35,1,0,47,26,3,0,322,196,261,318,322,32,9,-2,0
480,AJAP1,19,7,1,0,25,18,3,0,322,278,297,318,322,-6,-11,-2,0
13000,PRAMEF19,9,7,0,0,7,4,2,1,322,306,311,320,321,2,3,-2,-1
18487,UTY,51,23,1,1,63,27,3,0,322,208,272,318,321,-12,-4,-2,1
12995,PRAMEF13,28,23,1,0,23,17,3,0,322,271,282,318,322,5,6,-2,0
10873,NMUR1,81,40,1,0,47,24,3,0,322,194,258,318,322,34,16,-2,0
10123,MS4A18,20,16,0,0,10,7,2,0,322,292,299,320,322,10,9,-2,0
1379,B3GNT4,83,53,16,8,96,63,18,11,322,143,206,288,303,-13,-10,-2,-3
10136,MSANTD3-TMEFF1,86,63,22,17,66,47,24,11,322,170,212,276,294,20,16,-2,6
1367,B3GALT1,71,36,4,1,68,36,6,1,322,183,250,312,320,3,0,-2,0
135,ACAT2,59,39,6,4,61,36,8,2,322,202,247,308,316,-2,3,-2,2
7916,INSIG2,83,49,6,1,94,60,8,4,322,145,213,308,317,-11,-11,-2,-3
6598,GPR52,79,49,10,1,76,49,12,4,322,167,224,300,317,3,0,-2,-3
3986,DAB2IP,62,46,20,8,105,71,22,5,322,155,205,280,309,-43,-25,-2,3
6721,GSG1L,56,34,8,1,58,47,10,1,322,208,241,304,320,-2,-13,-2,0
1360,AZI2,79,52,4,3,46,28,6,4,322,197,242,312,315,33,24,-2,-1
10120,MS4A13,23,18,4,1,23,21,6,1,322,276,283,312,320,0,-3,-2,0
10872,NMU,39,25,4,1,51,34,6,5,322,232,263,312,316,-12,-9,-2,-4
5417,FAM236D,2,2,2,1,6,6,4,2,322,314,314,316,319,-4,-4,-2,-1
5416,FAM236C,0,0,0,0,2,2,2,0,322,320,320,320,322,-2,-2,-2,0
15908,SPHKAP,14,6,0,0,20,12,2,1,322,288,304,320,321,-6,-6,-2,-1
6731,GSTA1,48,43,7,0,37,27,9,3,322,237,252,306,319,11,16,-2,-3
3359,CNTN6,32,18,1,0,17,10,3,1,322,273,294,318,321,15,8,-2,-1
16361,SYDE1,36,22,8,4,88,51,10,3,322,198,249,304,315,-52,-29,-2,1
13164,PRR15,41,25,4,0,53,40,6,1,322,228,257,312,321,-12,-15,-2,-1
4945,EMCN,48,26,1,0,58,22,3,0,322,216,274,318,322,-10,4,-2,0
9988,MPPED1,22,10,2,0,26,16,4,1,322,274,296,316,321,-4,-6,-2,-1
16328,SUSD1,51,27,2,0,53,24,4,0,322,218,271,316,322,-2,3,-2,0
18529,VCY1B,9,9,4,2,8,8,6,2,322,305,305,312,318,1,1,-2,0
16279,SUCLG2,38,24,5,3,81,54,7,1,322,203,244,310,318,-43,-30,-2,2
15930,SPINT1,58,36,6,0,71,45,8,3,322,193,241,308,319,-13,-9,-2,-3
7981,IQSEC1,34,17,8,6,118,78,10,1,322,170,227,304,315,-84,-61,-2,5
18539,VEPH1,64,46,13,4,105,74,15,0,322,153,202,294,318,-41,-28,-2,4
2834,CENPB,25,19,9,8,130,79,11,5,322,167,224,302,309,-105,-60,-2,3
8235,KCNJ11,81,42,6,3,72,42,8,4,322,169,238,308,315,9,0,-2,-1
501,AKAP4,13,10,1,0,13,10,3,0,322,296,302,318,322,0,0,-2,0
504,AKAP7,42,25,7,2,101,61,9,2,322,179,236,306,318,-59,-36,-2,0
4039,DCAF16,43,22,6,4,111,57,8,2,322,168,243,308,316,-68,-35,-2,2
6993,HDAC4,70,50,14,4,108,72,17,9,322,144,200,291,309,-38,-22,-3,-5
19087,ZGRF1,55,30,3,1,78,41,6,0,322,189,251,313,321,-23,-11,-3,1
3625,CRISPLD1,39,27,12,8,96,67,15,1,322,187,228,295,313,-57,-40,-3,7
6968,HBQ1,36,26,14,4,44,35,17,10,322,242,261,291,308,-8,-9,-3,-6
18618,VSIG4,8,5,0,0,19,14,3,0,322,295,303,319,322,-11,-9,-3,0
18496,VAMP4,65,31,6,1,81,44,9,0,322,176,247,307,321,-16,-13,-3,1
5657,FEM1B,58,36,9,4,67,45,12,3,322,197,241,301,315,-9,-9,-3,1
11721,ORC1,46,19,6,2,68,45,9,1,322,208,258,307,319,-22,-26,-3,1
19197,ZNF230,66,35,2,0,82,49,5,1,322,174,238,315,321,-16,-14,-3,-1
18025,TTC32,41,25,7,3,101,61,10,2,322,180,236,305,317,-60,-36,-3,1
5476,FAM83H,39,21,3,1,101,51,6,1,322,182,250,313,320,-62,-30,-3,0
18022,TTC30A,46,24,3,0,98,52,6,0,322,178,246,313,322,-52,-28,-3,0
3403,COL21A1,65,34,2,0,66,36,5,1,322,191,252,315,321,-1,-2,-3,-1
12109,PDCD2L,38,25,9,2,89,57,12,2,322,195,240,301,318,-51,-32,-3,0
10743,NFXL1,47,24,4,1,76,40,7,0,322,199,258,311,321,-29,-16,-3,1
18528,VCY,5,5,1,0,5,5,4,2,322,312,312,317,320,0,0,-3,-2
12151,PDGFRB,55,23,5,2,75,41,8,0,322,192,258,309,320,-20,-18,-3,2
18568,VNN1,36,14,0,0,50,33,3,0,322,236,275,319,322,-14,-19,-3,0
18051,TTLL11,66,42,8,1,99,71,11,2,322,157,209,303,319,-33,-29,-3,-1
5487,FAM90A22P,15,12,0,0,12,6,3,0,322,295,304,319,322,3,6,-3,0
19157,ZNF165,89,39,2,0,51,27,5,0,322,182,256,315,322,38,12,-3,0
162,ACOT12,44,31,9,5,60,44,12,3,322,218,247,301,314,-16,-13,-3,2
5650,FDPS,48,26,4,4,64,33,7,3,322,210,263,311,315,-16,-7,-3,1
6165,GCLM,43,26,3,1,74,27,6,0,322,205,269,313,321,-31,-1,-3,1
6550,GPR141,16,14,2,0,25,22,5,0,322,281,286,315,322,-9,-8,-3,0
19115,ZMYM1,44,18,5,0,108,53,8,1,322,170,251,309,321,-64,-35,-3,-1
3618,CRIP1,72,54,13,1,77,54,16,6,322,173,214,293,315,-5,0,-3,-5
11792,OVOL2,43,21,3,2,48,29,6,0,322,231,272,313,320,-5,-8,-3,2
19110,ZMAT4,35,27,7,2,61,41,10,2,322,226,254,305,318,-26,-14,-3,0
5290,FAM110C,40,20,3,0,67,37,6,0,322,215,265,313,322,-27,-17,-3,0
17905,TRPM5,40,22,2,0,29,12,5,0,322,253,288,315,322,11,10,-3,0
6212,GET1-SH3BGR,103,86,25,15,78,61,28,21,322,141,175,269,286,25,25,-3,-6
142,ACCSL,47,22,1,0,44,16,4,0,322,231,284,317,322,3,6,-3,0
19185,ZNF217,59,34,11,3,139,83,14,1,322,124,205,297,318,-80,-49,-3,2
10958,NPHP3-ACAD11,82,50,13,3,109,69,16,6,322,131,203,293,313,-27,-19,-3,-3
418,AGAP9,61,36,6,1,84,49,9,4,322,177,237,307,317,-23,-13,-3,-3
19187,ZNF22,41,23,8,2,98,56,11,0,322,183,243,303,320,-57,-33,-3,2
17789,TRIM24,37,25,9,5,110,55,12,0,322,175,242,301,317,-73,-30,-3,5
6081,GALNT4,78,51,15,11,66,46,18,11,322,178,225,289,300,12,5,-3,0
11432,OR2AP1,65,44,5,2,66,36,8,2,322,191,242,309,318,-1,8,-3,0
6217,GFI1,45,17,0,0,99,58,3,0,322,178,247,319,322,-54,-41,-3,0
18079,TUBAL3,38,14,3,1,56,33,6,1,322,228,275,313,320,-18,-19,-3,0
19095,ZIC4,33,23,4,1,48,33,7,0,322,241,266,311,321,-15,-10,-3,1
5314,FAM133A,36,12,2,0,55,16,5,2,322,231,294,315,320,-19,-4,-3,-2
19334,ZNF467,86,57,10,1,80,49,13,4,322,156,216,299,317,6,8,-3,-3
19170,ZNF19,54,29,7,2,113,64,10,0,322,155,229,305,320,-59,-35,-3,2
6564,GPR158,43,14,2,0,25,12,5,2,322,254,296,315,320,18,2,-3,-2
5409,FAM228B,73,48,16,6,94,56,19,5,322,155,218,287,311,-21,-8,-3,1
12032,PCDHB6,40,15,0,0,53,28,3,1,322,229,279,319,321,-13,-13,-3,-1
18954,ZBTB47,36,15,7,5,127,88,10,1,322,159,219,305,316,-91,-73,-3,4
281,ADAMTS20,45,19,1,1,40,23,4,1,322,237,280,317,320,5,-4,-3,0
5541,FBLIM1,69,37,4,2,59,41,7,2,322,194,244,311,318,10,-4,-3,0
17959,TSPAN18,62,38,10,1,74,40,13,1,322,186,244,299,320,-12,-2,-3,0
5385,FAM207A,46,28,8,5,77,44,11,4,322,199,250,303,313,-31,-16,-3,1
18908,ZADH2,54,30,8,2,89,51,11,2,322,179,241,303,318,-35,-21,-3,0
11952,PATE2,75,41,6,1,60,29,9,1,322,187,252,307,320,15,12,-3,0
10836,NLRP12,58,27,0,0,41,17,3,0,322,223,278,319,322,17,10,-3,0
18773,WNT10A,55,29,2,1,73,40,5,0,322,194,253,315,321,-18,-11,-3,1
19246,ZNF317,54,27,11,7,66,39,14,0,322,202,256,297,315,-12,-12,-3,7
18399,USP12,65,39,5,3,56,31,8,4,322,201,252,309,315,9,8,-3,-1
18416,USP17L22,18,16,2,0,14,12,5,1,322,290,294,315,321,4,4,-3,-1
5372,FAM187A,66,44,18,6,116,85,21,13,322,140,193,283,303,-50,-41,-3,-7
755,ANKZF1,72,47,11,3,87,51,14,1,322,163,224,297,318,-15,-4,-3,2
5361,FAM178B,69,52,7,1,71,42,10,3,322,182,228,305,318,-2,10,-3,-2
19248,ZNF319,59,39,9,2,75,49,12,2,322,188,234,301,318,-16,-10,-3,0
11871,PAGE4,28,26,15,3,30,27,18,3,322,264,269,289,316,-2,-1,-3,0
6786,GTSF1,65,43,3,2,81,44,6,1,322,176,235,313,319,-16,-1,-3,1
11874,PAH,34,25,8,0,40,31,11,3,322,248,266,303,319,-6,-6,-3,-3
18359,UPK3BL1,52,32,17,13,76,46,20,13,322,194,244,285,296,-24,-14,-3,0
11623,OR5H6,13,11,1,0,19,16,4,0,322,290,295,317,322,-6,-5,-3,0
6753,GTF2A1,41,22,7,1,94,47,10,0,322,187,253,305,321,-53,-25,-3,1
18820,XDH,33,9,0,0,81,37,3,0,322,208,276,319,322,-48,-28,-3,0
6399,GNAT2,73,49,11,5,93,67,14,5,322,156,206,297,312,-20,-18,-3,0
18324,UMOD,6,3,1,0,9,8,4,0,322,307,311,317,322,-3,-5,-3,0
5567,FBXL5,47,19,9,6,117,75,12,1,322,158,228,301,315,-70,-56,-3,5
5396,FAM216B,15,5,1,0,19,14,4,2,322,288,303,317,320,-4,-9,-3,-2
18555,VIPR2,62,32,3,0,73,39,6,1,322,187,251,313,321,-11,-7,-3,-1
6722,GSG1L2,19,19,3,1,10,10,6,0,322,293,293,313,321,9,9,-3,1
11928,PARL,47,28,5,4,73,41,8,6,322,202,253,309,312,-26,-13,-3,-2
3593,CRB3,60,44,9,4,82,64,12,1,322,180,214,301,317,-22,-20,-3,3
11645,OR6A2,54,25,2,0,60,37,5,2,322,208,260,315,320,-6,-12,-3,-2
6365,GLYATL2,66,50,6,2,90,67,9,4,322,166,205,307,316,-24,-17,-3,-2
298,ADARB2,45,22,0,0,32,19,3,0,322,245,281,319,322,13,3,-3,0
130,ACAN,56,34,2,0,56,28,5,0,322,210,260,315,322,0,6,-3,0
5596,FBXO43,69,40,3,1,84,45,6,1,322,169,237,313,320,-15,-5,-3,0
6637,GPX5,37,18,4,2,30,18,7,0,322,255,286,311,320,7,0,-3,2
6467,GOLGA8Q,25,20,5,3,48,34,8,2,322,249,268,309,317,-23,-14,-3,1
10736,NFKBIE,79,49,11,2,93,57,14,4,322,150,216,297,316,-14,-8,-3,-2
5516,FAR2,74,51,17,6,112,80,20,9,322,136,191,285,307,-38,-29,-3,-3
6898,H4-16,70,42,6,1,97,49,9,2,322,155,231,307,319,-27,-7,-3,-1
3615,CRHR1,19,10,4,1,24,15,7,1,322,279,297,311,320,-5,-5,-3,0
6522,GPD1L,39,29,5,3,106,52,8,2,322,177,241,309,317,-67,-23,-3,1
6648,GRAP2,47,27,4,0,48,35,7,0,322,227,260,311,322,-1,-8,-3,0
6268,GIMAP5,27,13,1,0,30,19,4,0,322,265,290,317,322,-3,-6,-3,0
10670,NEK3,63,40,14,5,99,74,17,7,322,160,208,291,310,-36,-34,-3,-2
19034,ZFAND1,49,26,6,3,63,32,9,1,322,210,264,307,318,-14,-6,-3,2
19038,ZFAND4,57,33,5,2,77,42,8,1,322,188,247,309,319,-20,-9,-3,1
228,ACTR5,42,25,7,2,105,60,10,4,322,175,237,305,316,-63,-35,-3,-2
11809,P2RX4,60,29,9,2,85,54,12,1,322,177,239,301,319,-25,-25,-3,1
3316,CNIH3,70,36,3,1,76,44,6,1,322,176,242,313,320,-6,-8,-3,0
18131,TXNDC15,48,28,3,2,74,37,6,1,322,200,257,313,319,-26,-9,-3,1
6638,GPX6,14,10,1,0,21,14,4,1,322,287,298,317,321,-7,-4,-3,-1
6410,GNG11,52,30,0,0,64,36,3,0,322,206,256,319,322,-12,-6,-3,0
18701,WDR44,33,18,4,2,78,47,7,1,322,211,257,311,319,-45,-29,-3,1
11683,OR7G1,14,12,1,0,7,7,4,0,322,301,303,317,322,7,5,-3,0
251,ADAM12,40,23,3,0,51,29,6,3,322,231,270,313,319,-11,-6,-3,-3
11570,OR52D1,13,9,2,0,24,19,5,1,322,285,294,315,321,-11,-10,-3,-1
6861,H2BC13,72,57,34,17,112,88,37,11,322,138,177,251,294,-40,-31,-3,6
18435,USP29,71,53,24,9,73,54,27,7,322,178,215,271,306,-2,-1,-3,2
3381,COG2,49,25,5,1,81,53,8,0,322,192,244,309,321,-32,-28,-3,1
18967,ZC2HC1B,30,25,9,3,44,37,12,1,322,248,260,301,318,-14,-12,-3,2
18735,WDR91,32,21,3,0,99,47,6,2,322,191,254,313,320,-67,-26,-3,-2
11994,PCDH11X,11,6,0,0,15,8,3,1,322,296,308,319,321,-4,-2,-3,-1
608,AMBN,30,21,4,1,25,20,7,1,322,267,281,311,320,5,1,-3,0
17832,TRIM6,58,31,4,0,96,53,7,0,322,168,238,311,322,-38,-22,-3,0
6152,GCA,54,36,8,5,106,63,11,2,322,162,223,303,315,-52,-27,-3,3
11557,OR51I1,12,9,0,0,41,32,3,0,322,269,281,319,322,-29,-23,-3,0
6097,GANC,56,32,3,1,68,34,6,0,322,198,256,313,321,-12,-2,-3,1
5609,FBXW12,51,38,7,0,59,48,10,0,322,212,236,305,322,-8,-10,-3,0
6491,GP1BB,60,51,33,30,79,61,36,26,322,183,210,253,266,-19,-10,-3,4
289,ADAMTSL1,52,26,4,1,78,53,7,2,322,192,243,311,319,-26,-27,-3,-1
9391,MAML3,56,33,6,1,100,51,9,2,322,166,238,307,319,-44,-18,-3,-1
7726,IGLV3-21,3,3,2,1,11,11,5,2,322,308,308,315,319,-8,-8,-3,-1
9827,MINDY4,35,22,6,2,74,47,9,2,322,213,253,307,318,-39,-25,-3,0
12681,PNLIPRP1,14,13,2,0,24,24,5,0,322,284,285,315,322,-10,-11,-3,0
13335,PTCHD1,55,27,1,0,35,12,4,0,322,232,283,317,322,20,15,-3,0
4101,DDI1,22,12,2,1,19,14,5,4,322,281,296,315,317,3,-2,-3,-3
8527,KLRB1,24,17,2,0,30,23,5,3,322,268,282,315,319,-6,-6,-3,-3
16882,THEM5,34,28,5,0,25,23,8,5,322,263,271,309,317,9,5,-3,-5
13350,PTGES,57,27,3,2,89,53,6,3,322,176,242,313,317,-32,-26,-3,-1
16891,THOC3,71,41,7,3,60,34,10,3,322,191,247,305,316,11,7,-3,0
7592,IGHV2-26,0,0,0,0,3,3,3,3,322,319,319,319,319,-3,-3,-3,-3
15516,SLX1A,71,58,39,30,77,61,42,32,322,174,203,241,260,-6,-3,-3,-2
5994,FZD6,37,20,1,0,106,56,4,0,322,179,246,317,322,-69,-36,-3,0
9838,MIS18BP1,46,23,8,2,92,53,11,3,322,184,246,303,317,-46,-30,-3,-1
15488,SLCO6A1,37,22,5,3,45,21,8,3,322,240,279,309,316,-8,1,-3,0
8494,KLHL31,48,26,0,0,69,34,3,0,322,205,262,319,322,-21,-8,-3,0
15482,SLCO2A1,59,30,1,0,71,47,4,1,322,192,245,317,321,-12,-17,-3,-1
15480,SLCO1B3-SLCO1B7,45,27,2,1,50,34,5,3,322,227,261,315,318,-5,-7,-3,-2
4633,DUSP23,37,24,14,7,101,62,17,9,322,184,236,291,306,-64,-38,-3,-2
13393,PTPN3,33,12,2,0,100,56,5,0,322,189,254,315,322,-67,-44,-3,0
16927,TIGD4,65,34,2,0,74,36,5,1,322,183,252,315,321,-9,-2,-3,-1
8586,KRT2,17,7,0,0,46,28,3,0,322,259,287,319,322,-29,-21,-3,0
5747,FIZ1,55,31,8,3,98,57,11,6,322,169,234,303,313,-43,-26,-3,-3
12649,PLXNA4,52,18,2,0,47,25,5,0,322,223,279,315,322,5,-7,-3,0
16954,TIMP4,57,41,6,0,68,48,9,2,322,197,233,307,320,-11,-7,-3,-2
9774,MGAT4C,79,42,2,0,35,20,5,1,322,208,260,315,321,44,22,-3,-1
16967,TK1,40,20,4,1,60,30,7,2,322,222,272,311,319,-20,-10,-3,-1
8500,KLHL38,48,25,1,0,58,31,4,0,322,216,266,317,322,-10,-6,-3,0
13316,PSORS1C1,76,55,17,5,74,51,20,4,322,172,216,285,313,2,4,-3,1
13456,PXDNL,52,23,0,0,67,30,3,0,322,203,269,319,322,-15,-7,-3,0
13273,PSMA8,15,10,0,0,27,19,3,0,322,280,293,319,322,-12,-9,-3,0
8399,KIF23,32,17,4,0,111,65,7,0,322,179,240,311,322,-79,-48,-3,0
16780,TEX26,27,20,3,0,22,18,6,0,322,273,284,313,322,5,2,-3,0
16785,TEX30,56,32,5,0,58,38,8,0,322,208,252,309,322,-2,-6,-3,0
4071,DCP1B,48,24,6,3,82,50,9,3,322,192,248,307,316,-34,-26,-3,0
9928,MOB3C,46,19,3,2,71,31,6,3,322,205,272,313,317,-25,-12,-3,-1
8425,KIR2DL1,19,14,0,0,6,6,3,2,322,297,302,319,320,13,8,-3,-2
15666,SNRK,41,20,7,2,74,39,10,0,322,207,263,305,320,-33,-19,-3,2
1164,ASPM,31,17,4,1,113,52,7,1,322,178,253,311,320,-82,-35,-3,0
13267,PSMA2,55,34,12,6,67,38,15,9,322,200,250,295,307,-12,-4,-3,-3
4689,E2F6,46,23,6,1,52,32,9,0,322,224,267,307,321,-6,-9,-3,1
12701,PNPLA3,68,34,3,0,83,43,6,1,322,171,245,313,321,-15,-9,-3,-1
4686,E2F3,38,19,3,0,101,53,6,2,322,183,250,313,320,-63,-34,-3,-2
9885,MMGT1,53,23,6,2,89,43,9,1,322,180,256,307,319,-36,-20,-3,1
9919,MNS1,58,31,3,0,77,44,6,0,322,187,247,313,322,-19,-13,-3,0
2779,CDS1,61,33,1,0,66,31,4,0,322,195,258,317,322,-5,2,-3,0
7624,IGHV3OR16-8,1,0,0,0,3,3,3,3,322,318,319,319,319,-2,-3,-3,-3
16829,TFPI2,69,41,11,4,72,50,14,8,322,181,231,297,310,-3,-9,-3,-4
7622,IGHV3OR16-13,1,1,1,0,4,4,4,1,322,317,317,317,321,-3,-3,-3,-1
16831,TFR2,63,35,6,3,68,35,9,2,322,191,252,307,317,-5,0,-3,1
4682,DZIP1L,59,32,8,3,104,59,11,0,322,159,231,303,319,-45,-27,-3,3
8463,KLHDC1,80,40,7,1,100,64,10,2,322,142,218,305,319,-20,-24,-3,-1
10304,MX1,53,26,1,0,88,48,4,1,322,181,248,317,321,-35,-22,-3,-1
15589,SMIM3,68,32,4,1,83,51,7,1,322,171,239,311,320,-15,-19,-3,0
13312,PSMG1,44,29,5,2,62,36,8,6,322,216,257,309,314,-18,-7,-3,-4
15389,SLC47A2,33,19,0,0,44,22,3,1,322,245,281,319,321,-11,-3,-3,-1
1081,ARR3,30,26,7,3,29,23,10,1,322,263,273,305,318,1,3,-3,2
15039,SIGLEC9,40,23,1,0,62,34,4,1,322,220,265,317,321,-22,-11,-3,-1
2648,CDA,65,39,4,0,59,30,7,2,322,198,253,311,320,6,9,-3,-2
12582,PLEKHG3,39,25,11,8,112,77,14,2,322,171,220,297,312,-73,-52,-3,6
17073,TMEM114,9,9,2,0,16,13,5,2,322,297,300,315,320,-7,-4,-3,-2
1859,C1orf105,54,39,22,8,71,54,25,7,322,197,229,275,307,-17,-15,-3,1
17080,TMEM121,65,47,10,6,104,73,13,3,322,153,202,299,313,-39,-26,-3,3
8678,KRTAP22-1,5,5,5,4,8,8,8,5,322,309,309,309,313,-3,-3,-3,-1
8679,KRTAP22-2,4,4,4,3,7,7,7,6,322,311,311,311,313,-3,-3,-3,-3
10378,MYO18B,28,15,2,0,32,17,5,2,322,262,290,315,320,-4,-2,-3,-2
15192,SLC22A9,81,45,0,0,49,22,3,0,322,192,255,319,322,32,23,-3,0
15169,SLC20A2,42,30,6,2,109,53,9,1,322,171,239,307,319,-67,-23,-3,1
15157,SLC18B1,42,26,6,3,101,59,9,0,322,179,237,307,319,-59,-33,-3,3
15156,SLC18A3,33,13,1,0,29,11,4,1,322,260,298,317,321,4,2,-3,-1
9690,MEOX2,41,20,1,0,48,25,4,2,322,233,277,317,320,-7,-5,-3,-2
8674,KRTAP20-4,14,14,14,14,20,20,17,17,322,288,288,291,291,-6,-6,-3,-3
10383,MYO1D,37,15,3,1,82,49,6,0,322,203,258,313,321,-45,-34,-3,1
4178,DEFB108B,19,17,12,7,17,16,15,9,322,286,289,295,306,2,1,-3,-2
8713,KRTAP6-2,4,4,4,3,7,7,7,7,322,311,311,311,312,-3,-3,-3,-4
10384,MYO1E,44,29,10,4,106,62,13,1,322,172,231,299,317,-62,-33,-3,3
9682,MEIS1,70,46,7,2,82,48,10,0,322,170,228,305,320,-12,-2,-3,2
2627,CD69,35,26,5,3,49,36,8,1,322,238,260,309,318,-14,-10,-3,2
5067,EPYC,24,22,0,0,17,16,3,1,322,281,284,319,321,7,6,-3,-1
17129,TMEM17,55,27,4,1,77,41,7,2,322,190,254,311,319,-22,-14,-3,-1
15054,SIPA1,80,43,5,1,46,17,8,3,322,196,262,309,318,34,26,-3,-2
9672,MEGF6,40,18,0,0,94,55,3,0,322,188,249,319,322,-54,-37,-3,0
3094,CHSY3,52,25,2,1,93,43,5,0,322,177,254,315,321,-41,-18,-3,1
9712,METTL18,39,22,8,1,95,57,11,1,322,188,243,303,320,-56,-35,-3,0
17067,TMEM106B,44,17,3,1,75,32,6,1,322,203,273,313,320,-31,-15,-3,0
1805,C16orf54,68,36,1,0,56,26,4,1,322,198,260,317,321,12,10,-3,-1
8643,KRTAP10-6,8,8,0,0,16,13,3,0,322,298,301,319,322,-8,-5,-3,0
11263,ODR4,60,31,3,2,51,31,6,0,322,211,260,313,320,9,0,-3,2
7542,IGFL3,54,48,15,1,42,38,18,4,322,226,236,289,317,12,10,-3,-3
11095,NT5C1B-RDH14,29,17,1,0,36,18,4,0,322,257,287,317,322,-7,-1,-3,0
7541,IGFL2,65,51,17,2,49,40,20,8,322,208,231,285,312,16,11,-3,-6
5045,EPHX3,81,60,18,7,122,78,21,5,322,119,184,283,310,-41,-18,-3,2
2679,CDC45,54,36,6,1,63,34,9,4,322,205,252,307,317,-9,2,-3,-3
1819,C16orf96,45,21,0,0,38,14,3,0,322,239,287,319,322,7,7,-3,0
15304,SLC35A1,65,30,6,2,91,55,9,0,322,166,237,307,320,-26,-25,-3,2
1829,C17orf78,46,22,4,2,46,24,7,3,322,230,276,311,317,0,-2,-3,-1
10368,MYLK4,69,35,0,0,34,13,3,0,322,219,274,319,322,35,22,-3,0
8641,KRTAP10-4,15,13,2,2,15,13,5,2,322,292,296,315,318,0,0,-3,0
12611,PLK3,62,34,6,2,99,58,9,2,322,161,230,307,318,-37,-24,-3,0
13524,RAB24,65,44,8,7,66,39,11,5,322,191,239,303,310,-1,5,-3,2
17033,TMC3,56,26,2,0,42,23,5,2,322,224,273,315,320,14,3,-3,-2
1340,AURKA,53,25,8,2,76,46,11,0,322,193,251,303,320,-23,-21,-3,2
8648,KRTAP12-1,9,7,2,0,8,6,5,0,322,305,309,315,322,1,1,-3,0
17047,TMCO6,51,35,11,6,124,71,14,4,322,147,216,297,312,-73,-36,-3,2
1839,C19orf12,38,21,8,3,93,49,11,4,322,191,252,303,315,-55,-28,-3,-1
15261,SLC27A3,80,45,7,3,82,49,10,3,322,160,228,305,316,-2,-4,-3,0
15249,SLC26A1,77,51,8,2,78,48,11,4,322,167,223,303,316,-1,3,-3,-2
8661,KRTAP19-3,9,8,3,0,10,9,6,3,322,303,305,313,319,-1,-1,-3,-3
15238,SLC25A43,39,20,2,1,88,47,5,2,322,195,255,315,319,-49,-27,-3,-1
15230,SLC25A36,45,27,10,5,90,55,13,0,322,187,240,299,317,-45,-28,-3,5
7505,IFT122,62,34,5,2,73,33,8,4,322,187,255,309,316,-11,1,-3,-2
7651,IGKV1-33,12,12,11,8,16,15,14,7,322,294,295,297,307,-4,-3,-3,1
8398,KIF22,27,18,10,7,76,41,13,1,322,219,263,299,314,-49,-23,-3,6
15708,SNX20,52,25,1,0,55,28,4,0,322,215,269,317,322,-3,-3,-3,0
1429,BARHL1,29,19,6,0,26,18,9,2,322,267,285,307,320,3,1,-3,-2
16488,TAGLN,64,38,11,4,103,77,14,1,322,155,207,297,317,-39,-39,-3,3
7802,IL1R1,46,29,5,1,103,56,8,0,322,173,237,309,321,-57,-27,-3,1
16507,TAPBPL,56,31,5,2,82,55,8,2,322,184,236,309,318,-26,-24,-3,0
19521,ZNF705B,16,14,1,0,16,15,4,0,322,290,293,317,322,0,-1,-3,0
13006,PRAMEF33,16,7,1,0,31,29,4,0,322,275,286,317,322,-15,-22,-3,0
8013,IRX3,55,34,4,1,61,34,7,1,322,206,254,311,320,-6,0,-3,0
16514,TARS2,41,21,6,5,113,45,9,1,322,168,256,307,316,-72,-24,-3,4
8014,IRX4,62,33,7,1,42,26,10,4,322,218,263,305,317,20,7,-3,-3
8018,ISCA2,42,22,4,1,90,45,7,1,322,190,255,311,320,-48,-23,-3,0
4993,ENPP5,35,18,1,0,96,52,4,2,322,191,252,317,320,-61,-34,-3,-2
8027,ISM1,60,31,3,0,80,42,6,0,322,182,249,313,322,-20,-11,-3,0
10091,MRPS18B,38,21,4,3,77,47,7,1,322,207,254,311,318,-39,-26,-3,2
12993,PRAMEF11,12,6,0,0,6,4,3,0,322,304,312,319,322,6,2,-3,0
1272,ATP5MF-PTCD1,56,35,21,17,85,56,24,13,322,181,231,277,292,-29,-21,-3,4
8041,ITGA11,43,25,4,1,58,32,7,4,322,221,265,311,317,-15,-7,-3,-3
16184,STING1,45,22,7,3,105,72,10,1,322,172,228,305,318,-60,-50,-3,2
16547,TAT,80,36,3,1,43,20,6,0,322,199,266,313,321,37,16,-3,1
16178,STH,49,42,28,13,39,36,31,11,322,234,244,263,298,10,6,-3,2
10212,MTF2,49,27,5,1,74,41,8,0,322,199,254,309,321,-25,-14,-3,1
16176,STEAP3,29,16,4,1,113,66,7,0,322,180,240,311,321,-84,-50,-3,1
13036,PRDM9,56,37,4,0,36,23,7,1,322,230,262,311,321,20,14,-3,-1
2874,CEP295,39,24,7,2,90,50,10,2,322,193,248,305,318,-51,-26,-3,0
8083,ITPKA,66,40,9,6,84,42,12,6,322,172,240,301,310,-18,-2,-3,0
8086,ITPR1,62,32,6,1,69,39,9,4,322,191,251,307,317,-7,-7,-3,-3
1398,B9D1,54,28,11,3,85,52,14,7,322,183,242,297,312,-31,-24,-3,-4
12992,PRAMEF10,8,7,1,0,6,6,4,1,322,308,309,317,321,2,1,-3,-1
12724,POGLUT2,47,30,3,2,86,41,6,0,322,189,251,313,320,-39,-11,-3,2
2946,CFAP74,53,43,27,10,65,51,30,7,322,204,228,265,305,-12,-8,-3,3
3984,DAB1,47,29,6,1,56,33,9,2,322,219,260,307,319,-9,-4,-3,-1
1353,AWAT1,26,21,1,0,18,13,4,0,322,278,288,317,322,8,8,-3,0
12919,PPP1R1B,55,40,8,2,64,45,11,2,322,203,237,303,318,-9,-5,-3,0
7895,INO80,38,24,6,2,86,47,9,0,322,198,251,307,320,-48,-23,-3,2
11311,OPN1LW,12,11,2,1,16,15,5,0,322,294,296,315,321,-4,-4,-3,1
16396,SYS1-DBNDD2,56,50,34,19,84,71,37,15,322,182,201,251,288,-28,-21,-3,4
11308,OPCML,32,19,0,0,28,20,3,0,322,262,283,319,322,4,-1,-3,0
7901,INPP1,99,52,3,1,49,31,6,2,322,174,239,313,319,50,21,-3,-1
7906,INPP5D,78,55,10,4,64,41,13,5,322,180,226,299,313,14,14,-3,-1
1326,ATXN10,37,23,10,9,101,67,13,3,322,184,232,299,310,-64,-44,-3,6
11107,NTF3,43,30,9,1,81,64,12,3,322,198,228,301,318,-38,-34,-3,-2
19491,ZNF671,58,32,3,1,73,45,6,0,322,191,245,313,321,-15,-13,-3,1
16267,STXBP3,44,25,6,2,110,63,9,2,322,168,234,307,318,-66,-38,-3,0
1370,B3GALT5,38,15,1,0,66,40,4,1,322,218,267,317,321,-28,-25,-3,-1
1319,ATR,56,29,6,3,80,48,9,0,322,186,245,307,319,-24,-19,-3,3
2948,CFAP91,59,33,4,2,32,18,7,0,322,231,271,311,320,27,15,-3,2
2907,CES1,56,44,15,7,52,38,18,3,322,214,240,289,312,4,6,-3,4
3994,DAGLA,32,23,7,1,119,79,10,1,322,171,220,305,320,-87,-56,-3,0
10119,MS4A12,12,11,2,0,24,23,5,0,322,286,288,315,322,-12,-12,-3,0
16453,TAF11L2,4,4,1,0,8,8,4,0,322,310,310,317,322,-4,-4,-3,0
12979,PPT2-EGFL8,76,48,11,4,92,66,14,3,322,154,208,297,315,-16,-18,-3,1
16460,TAF11L9,7,7,2,0,7,6,5,1,322,308,309,315,321,0,1,-3,-1
1308,ATP8A1,82,47,8,1,87,52,11,4,322,153,223,303,317,-5,-5,-3,-3
10103,MRPS31,72,43,7,2,70,43,10,1,322,180,236,305,319,2,0,-3,1
13061,PRICKLE3,42,23,4,1,90,52,7,2,322,190,247,311,319,-48,-29,-3,-1
1257,ATP2C2,39,25,2,1,48,27,5,3,322,235,270,315,318,-9,-2,-3,-2
8099,IWS1,57,37,9,5,77,45,12,0,322,188,240,301,317,-20,-8,-3,5
4765,EEFSEC,43,29,5,2,95,62,8,0,322,184,231,309,320,-52,-33,-3,2
15890,SPDYE8,80,49,10,4,69,42,13,7,322,173,231,299,311,11,7,-3,-3
8257,KCNK2,66,38,5,2,84,60,8,0,322,172,224,309,320,-18,-22,-3,2
4785,EFHC2,30,15,1,0,59,30,4,0,322,233,277,317,322,-29,-15,-3,0
10258,MTRNR2L13,40,26,1,0,50,35,4,0,322,232,261,317,322,-10,-9,-3,0
3932,CYP2C9,101,53,2,0,40,25,5,1,322,181,244,315,321,61,28,-3,-1
15847,SPATA31A6,21,8,0,0,24,12,3,0,322,277,302,319,322,-3,-4,-3,0
19463,ZNF625-ZNF20,81,68,22,13,84,61,25,19,322,157,193,275,290,-3,7,-3,-6
7698,IGLJ2,2,1,1,1,10,10,4,4,322,310,311,317,317,-8,-9,-3,-3
15841,SPATA25,71,51,17,7,97,65,20,10,322,154,206,285,305,-26,-14,-3,-3
12757,POLR2A,49,28,11,7,74,37,14,0,322,199,257,297,315,-25,-9,-3,7
16703,TDRD10,44,30,3,1,38,20,6,1,322,240,272,313,320,6,10,-3,0
15831,SPATA13,62,34,9,3,88,55,12,5,322,172,233,301,314,-26,-21,-3,-2
16583,TBC1D3D,73,55,24,12,69,53,27,10,322,180,214,271,300,4,2,-3,2
8308,KCTD9,42,16,4,1,68,40,7,0,322,212,266,311,321,-26,-24,-3,1
4754,EEF1AKMT4,44,25,9,1,100,67,12,2,322,178,230,301,319,-56,-42,-3,-1
16734,TEKT5,69,51,7,1,72,45,10,3,322,181,226,305,318,-3,6,-3,-2
15800,SPACA6,80,50,7,3,83,54,10,3,322,159,218,305,316,-3,-4,-3,0
3921,CYP26C1,62,32,3,0,71,40,6,0,322,189,250,313,322,-9,-8,-3,0
10278,MUC15,43,28,2,0,41,21,5,2,322,238,273,315,320,2,7,-3,-2
13205,PRSS12,58,34,8,5,74,34,11,5,322,190,254,303,312,-16,0,-3,0
15781,SP100,59,31,1,1,55,26,4,1,322,208,265,317,320,4,5,-3,0
1633,BPIFA2,33,29,1,0,26,22,4,0,322,263,271,317,322,7,7,-3,0
16750,TEPP,34,28,7,2,39,29,10,3,322,249,265,305,317,-5,-1,-3,-1
4729,EDAR,39,19,8,5,46,34,11,3,322,237,269,303,314,-7,-15,-3,2
9982,MPP3,43,19,3,0,104,71,6,0,322,175,232,313,322,-61,-52,-3,0
8254,KCNK16,3,3,0,0,6,6,3,0,322,313,313,319,322,-3,-3,-3,0
1572,BLOC1S3,41,19,6,2,128,82,9,2,322,153,221,307,318,-87,-63,-3,0
16662,TCF21,74,49,3,0,65,39,6,0,322,183,234,313,322,9,10,-3,0
8111,JAGN1,47,28,6,2,91,50,9,1,322,184,244,307,319,-44,-22,-3,1
16594,TBC1D8,48,26,4,1,89,43,7,1,322,185,253,311,320,-41,-17,-3,0
7742,IGLV8-61,8,6,6,4,11,9,9,1,322,303,307,307,317,-3,-3,-3,3
16088,SSTR3,49,21,0,0,44,25,3,0,322,229,276,319,322,5,-4,-3,0
5941,FSTL5,29,14,1,0,33,21,4,2,322,260,287,317,320,-4,-7,-3,-2
7738,IGLV5-52,55,39,20,11,106,71,23,14,322,161,212,279,297,-51,-32,-3,-3
1483,BCL2L14,55,31,8,4,68,37,11,5,322,199,254,303,313,-13,-6,-3,-1
8132,JMJD7-PLA2G4B,74,55,18,11,94,65,21,6,322,154,202,283,305,-20,-10,-3,5
4827,EID2B,47,22,2,0,120,72,5,1,322,155,228,315,321,-73,-50,-3,-1
16043,SRRD,36,22,2,1,64,35,5,1,322,222,265,315,320,-28,-13,-3,0
10024,MRO,86,41,2,1,49,21,5,1,322,187,260,315,320,37,20,-3,0
4805,EGFLAM,63,39,7,1,70,46,10,2,322,189,237,305,319,-7,-7,-3,-1
8195,KCNA5,14,6,0,0,14,9,3,0,322,294,307,319,322,0,-3,-3,0
16622,TBX15,50,24,3,0,83,49,6,0,322,189,249,313,322,-33,-25,-3,0
1231,ATP11A,44,25,7,1,91,52,10,0,322,187,245,305,321,-47,-27,-3,1
15981,SPSB1,49,32,8,3,109,76,11,6,322,164,214,303,313,-60,-44,-3,-3
2840,CENPJ,43,21,5,0,113,55,8,0,322,166,246,309,322,-70,-34,-3,0
10009,MRGBP,28,21,5,2,101,40,8,1,322,193,261,309,319,-73,-19,-3,1
7729,IGLV3-27,8,8,2,2,7,6,5,1,322,307,308,315,319,1,2,-3,1
16638,TCAF2,48,23,3,1,80,43,6,0,322,194,256,313,321,-32,-20,-3,1
11116,NTNG1,28,12,0,0,50,24,3,0,322,244,286,319,322,-22,-12,-3,0
8240,KCNJ16,20,17,10,1,43,34,13,5,322,259,271,299,316,-23,-17,-3,-4
4789,EFNA1,61,31,6,3,110,77,9,3,322,151,214,307,316,-49,-46,-3,0
3875,CXorf56,53,27,2,1,53,22,5,0,322,216,273,315,321,0,5,-3,1
15267,SLC28A3,23,7,0,0,43,26,3,1,322,256,289,319,321,-20,-19,-3,-1
13897,RFC5,38,20,6,3,55,35,9,0,322,229,267,307,319,-17,-15,-3,3
17650,TRAV38-1,2,2,1,1,4,4,4,4,322,316,316,317,317,-2,-2,-3,-3
17367,TNFRSF1B,66,37,3,0,66,39,6,1,322,190,246,313,321,0,-2,-3,-1
13806,RCAN1,53,25,7,2,73,41,10,7,322,196,256,305,313,-20,-16,-3,-5
4355,DLK1,41,22,4,2,40,32,7,3,322,241,268,311,317,1,-10,-3,-1
13807,RCAN2,43,19,0,0,77,44,3,0,322,202,259,319,322,-34,-25,-3,0
14001,RHOXF2B,27,25,7,5,26,21,10,7,322,269,276,305,310,1,4,-3,-2
14000,RHOXF2,30,19,0,0,34,21,3,1,322,258,282,319,321,-4,-2,-3,-1
13815,RCE1,51,24,7,5,69,45,10,2,322,202,253,305,315,-18,-21,-3,3
5855,FOXH1,94,64,7,2,64,41,10,3,322,164,217,305,317,30,23,-3,-1
9308,MAB21L2,46,29,7,2,63,38,10,1,322,213,255,305,319,-17,-9,-3,1
13998,RHOV,79,42,5,3,91,55,8,3,322,152,225,309,316,-12,-13,-3,0
17407,TNP2,25,20,3,0,15,13,6,0,322,282,289,313,322,10,7,-3,0
9525,MATN1,57,21,0,0,66,34,3,0,322,199,267,319,322,-9,-13,-3,0
14597,SCFD2,62,33,3,1,65,44,6,0,322,195,245,313,321,-3,-11,-3,1
2339,CCDC14,87,44,8,3,44,31,11,0,322,191,247,303,319,43,13,-3,3
14582,SCAND1,64,41,11,5,68,36,14,5,322,190,245,297,312,-4,5,-3,0
12384,PIEZO1,49,27,10,2,106,63,13,3,322,167,232,299,317,-57,-36,-3,-1
12423,PIK3R2,42,24,8,8,99,52,11,4,322,181,246,303,310,-57,-28,-3,4
12432,PIM2,79,43,7,3,67,33,10,2,322,176,246,305,317,12,10,-3,1
9571,MCCC1,43,29,2,2,52,28,5,0,322,227,265,315,320,-9,1,-3,2
17680,TRBJ2-4,4,4,4,4,7,7,7,7,322,311,311,311,311,-3,-3,-3,-3
7361,HSPB7,53,34,7,1,74,48,10,3,322,195,240,305,318,-21,-14,-3,-2
8896,LGALS2,24,21,14,5,39,35,17,11,322,259,266,291,306,-15,-14,-3,-6
3221,CLEC6A,14,9,0,0,10,6,3,1,322,298,307,319,321,4,3,-3,-1
17720,TRBV6-4,2,2,2,0,5,5,5,3,322,315,315,315,319,-3,-3,-3,-3
14162,RNF34,49,26,10,5,70,47,13,1,322,203,249,299,316,-21,-21,-3,4
6062,GAL3ST4,94,51,6,4,66,41,9,2,322,162,230,307,316,28,10,-3,2
2440,CCDC85B,41,29,10,4,88,44,13,7,322,193,249,299,311,-47,-15,-3,-3
11157,NUDT6,54,25,6,3,92,54,9,2,322,176,243,307,317,-38,-29,-3,1
17349,TNFAIP8,63,28,6,1,86,39,9,2,322,173,255,307,319,-23,-11,-3,-1
4239,DES,75,40,3,1,61,32,6,5,322,186,250,313,316,14,8,-3,-4
13785,RBMXL3,6,4,1,0,16,10,4,3,322,300,308,317,319,-10,-6,-3,-3
7336,HSFY2,23,21,3,0,13,13,6,3,322,286,288,313,319,10,8,-3,-3
17548,TRAJ16,1,1,1,1,4,4,4,4,322,317,317,317,317,-3,-3,-3,-3
8936,LIG1,44,23,6,2,82,46,9,2,322,196,253,307,318,-38,-23,-3,0
80,ABHD12B,53,41,5,1,47,37,8,5,322,222,244,309,316,6,4,-3,-4
2370,CCDC178,39,26,4,0,44,32,7,1,322,239,264,311,321,-5,-6,-3,-1
19685,ZSWIM2,39,32,7,1,38,31,10,0,322,245,259,305,321,1,1,-3,1
9058,LPCAT2,61,28,3,1,63,23,6,3,322,198,271,313,318,-2,5,-3,-2
12286,PGGT1B,44,22,5,1,80,42,8,0,322,198,258,309,321,-36,-20,-3,1
13921,RFX8,65,44,7,1,55,41,10,0,322,202,237,305,321,10,3,-3,1
10577,NDC80,47,25,5,2,85,45,8,1,322,190,252,309,319,-38,-20,-3,1
17593,TRAJ6,0,0,0,0,3,3,3,3,322,319,319,319,319,-3,-3,-3,-3
9189,LRRN4,49,21,8,6,84,49,11,5,322,189,252,303,311,-35,-28,-3,1
836,APCDD1,61,34,4,2,86,52,7,1,322,175,236,311,319,-25,-18,-3,1
9125,LRRC3,39,22,2,0,93,51,5,0,322,190,249,315,322,-54,-29,-3,0
2270,CBARP,65,44,8,5,90,49,11,2,322,167,229,303,315,-25,-5,-3,3
2268,CAVIN3,44,35,3,0,57,35,6,0,322,221,252,313,322,-13,0,-3,0
14429,RTP4,33,20,1,0,66,54,4,1,322,223,248,317,321,-33,-34,-3,-1
10615,NDUFAF7,67,33,3,2,61,32,6,0,322,194,257,313,320,6,1,-3,2
2488,CCL7,20,18,8,1,24,23,11,1,322,278,281,303,320,-4,-5,-3,0
17528,TRAC,72,62,10,3,75,64,13,2,322,175,196,299,317,-3,-2,-3,1
5724,FHDC1,67,42,4,1,54,24,7,4,322,201,256,311,317,13,18,-3,-3
9164,LRRC71,67,35,3,1,61,37,6,0,322,194,250,313,321,6,-2,-3,1
9168,LRRC74B,68,44,9,2,67,53,12,1,322,187,225,301,319,1,-9,-3,1
17549,TRAJ17,0,0,0,0,3,3,3,3,322,319,319,319,319,-3,-3,-3,-3
7229,HOXA9,41,20,8,1,66,31,11,1,322,215,271,303,320,-25,-11,-3,0
2500,CCNB1,47,25,7,3,90,51,10,0,322,185,246,305,319,-43,-26,-3,3
2283,CBLN4,18,3,0,0,23,16,3,0,322,281,303,319,322,-5,-13,-3,0
2211,CARD19,47,26,8,4,92,53,11,5,322,183,243,303,313,-45,-27,-3,-1
9218,LSR,58,41,9,4,69,47,12,6,322,195,234,301,312,-11,-6,-3,-2
4258,DGKG,25,6,0,0,53,29,3,0,322,244,287,319,322,-28,-23,-3,0
2509,CCNE1,53,25,4,1,81,36,7,2,322,188,261,311,319,-28,-11,-3,-1
14523,SAMD5,70,34,5,2,83,50,8,1,322,169,238,309,319,-13,-16,-3,1
5174,ETV6,53,27,7,3,78,52,10,4,322,191,243,305,315,-25,-25,-3,-1
9501,MARCOL,15,12,0,0,25,18,3,1,322,282,292,319,321,-10,-6,-3,-1
17634,TRAV19,11,11,9,4,13,13,12,3,322,298,298,301,315,-2,-2,-3,1
9089,LRIT1,15,10,2,0,36,22,5,1,322,271,290,315,321,-21,-12,-3,-1
12292,PGLYRP3,15,10,0,0,11,10,3,0,322,296,302,319,322,4,0,-3,0
11085,NSRP1,50,25,7,5,78,43,10,3,322,194,254,305,314,-28,-18,-3,2
13888,REX1BD,58,36,9,7,71,43,12,11,322,193,243,301,304,-13,-7,-3,-4
10549,NCF2,63,41,11,2,78,48,14,4,322,181,233,297,316,-15,-7,-3,-2
7214,HOOK2,56,36,8,4,84,45,11,5,322,182,241,303,313,-28,-9,-3,-1
17470,TP53RK,49,22,2,2,61,38,5,2,322,212,262,315,318,-12,-16,-3,0
11227,OAF,45,19,3,1,87,55,6,1,322,190,248,313,320,-42,-36,-3,0
2467,CCL15,67,52,18,6,60,45,21,6,322,195,225,283,310,7,7,-3,0
937,ARHGAP11A,38,25,4,2,119,58,7,0,322,165,239,311,320,-81,-33,-3,2
4341,DLC1,97,42,4,0,55,32,7,6,322,170,248,311,316,42,10,-3,-6
5838,FOXB2,18,15,1,0,20,18,4,0,322,284,289,317,322,-2,-3,-3,0
4213,DENND1C,44,25,4,0,70,45,7,2,322,208,252,311,320,-26,-20,-3,-2
3755,CT55,45,35,5,2,75,56,8,4,322,202,231,309,316,-30,-21,-3,-2
2012,C6orf136,52,30,8,3,87,46,11,4,322,183,246,303,315,-35,-16,-3,-1
9358,MAGEC1,10,5,0,0,21,13,3,1,322,291,304,319,321,-11,-8,-3,-1
2430,CCDC74A,72,50,8,4,77,42,11,6,322,173,230,303,312,-5,8,-3,-2
9359,MAGEC2,34,18,4,0,32,18,7,6,322,256,286,311,316,2,0,-3,-6
13712,RASSF6,58,26,0,0,62,35,3,0,322,202,261,319,322,-4,-9,-3,0
12486,PKLR,81,42,2,0,42,29,5,0,322,199,251,315,322,39,13,-3,0
3754,CT47B1,10,7,0,0,15,14,3,1,322,297,301,319,321,-5,-7,-3,-1
13706,RASSF1,32,26,6,3,109,58,9,3,322,181,238,307,316,-77,-32,-3,0
9604,MCTP2,38,16,1,0,81,48,4,0,322,203,258,317,322,-43,-32,-3,0
2434,CCDC8,62,32,3,2,76,47,6,5,322,184,243,313,315,-14,-15,-3,-3
2580,CD22,74,46,10,2,86,59,13,4,322,162,217,299,316,-12,-13,-3,-2
14104,RNF128,34,11,3,1,45,25,6,2,322,243,286,313,319,-11,-14,-3,-1
19416,ZNF572,40,24,3,0,94,59,6,0,322,188,239,313,322,-54,-35,-3,0
7407,HYDIN,78,52,12,3,92,57,15,4,322,152,213,295,315,-14,-5,-3,-1
792,AOC1,71,54,7,0,82,58,10,0,322,169,210,305,322,-11,-4,-3,0
2411,CCDC51,39,22,8,6,84,56,11,1,322,199,244,303,315,-45,-34,-3,5
12234,PEX11G,69,54,17,8,89,62,20,6,322,164,206,285,308,-20,-8,-3,2
12509,PLA2G3,44,26,1,0,62,33,4,0,322,216,263,317,322,-18,-7,-3,0
2597,CD300LD,58,47,3,0,55,36,6,0,322,209,239,313,322,3,11,-3,0
9620,MDM1,54,26,4,1,62,36,7,1,322,206,260,311,320,-8,-10,-3,0
14108,RNF135,49,23,4,1,99,48,7,3,322,174,251,311,318,-50,-25,-3,-2
14945,SH2D4A,39,21,3,0,81,50,6,0,322,202,251,313,322,-42,-29,-3,0
12514,PLA2G4E,102,59,2,1,25,15,5,0,322,195,248,315,321,77,44,-3,1
14911,SFXN4,41,27,7,1,66,33,10,4,322,215,262,305,317,-25,-6,-3,-3
7422,ICAM1,61,36,6,1,77,43,9,3,322,184,243,307,318,-16,-7,-3,-2
14110,RNF139,39,21,5,3,118,65,8,2,322,165,236,309,317,-79,-44,-3,1
14944,SH2D3C,77,44,5,1,97,64,8,4,322,148,214,309,317,-20,-20,-3,-3
3110,CIB4,13,12,5,2,21,18,8,1,322,288,292,309,319,-8,-6,-3,1
14938,SH2B2,74,51,10,3,98,65,13,3,322,150,206,299,316,-24,-14,-3,0
8790,LARP6,65,37,3,3,57,24,6,4,322,200,261,313,315,8,13,-3,-1
14920,SGIP1,44,22,2,0,66,39,5,0,322,212,261,315,322,-22,-17,-3,0
4534,DPP10,27,17,2,0,39,23,5,1,322,256,282,315,321,-12,-6,-3,-1
13738,RBL1,46,22,3,2,71,40,6,1,322,205,260,313,319,-25,-18,-3,1
993,ARHGEF39,48,27,3,2,72,36,6,0,322,202,259,313,320,-24,-9,-3,2
12533,PLAT,47,31,6,1,90,50,9,3,322,185,241,307,318,-43,-19,-3,-2
5787,FLVCR2,76,52,10,2,101,66,13,1,322,145,204,299,319,-25,-14,-3,1
990,ARHGEF35,41,27,0,0,53,31,3,0,322,228,264,319,322,-12,-4,-3,0
7139,HLTF,42,26,5,1,68,39,8,2,322,212,257,309,319,-26,-13,-3,-1
10448,NAALADL2,62,38,11,3,66,46,14,6,322,194,238,297,313,-4,-8,-3,-3
2405,CCDC39,51,33,15,4,67,40,18,9,322,204,249,289,309,-16,-7,-3,-5
14136,RNF186,10,8,2,0,27,20,5,0,322,285,294,315,322,-17,-12,-3,0
3756,CT83,8,2,0,0,34,19,3,0,322,280,301,319,322,-26,-17,-3,0
13741,RBM11,39,20,3,0,54,37,6,0,322,229,265,313,322,-15,-17,-3,0
17744,TRDV2,7,7,5,0,9,8,8,2,322,306,307,309,320,-2,-1,-3,-2
17266,TMEM61,39,38,4,1,56,49,7,1,322,227,235,311,320,-17,-11,-3,0
14130,RNF175,47,38,5,0,43,34,8,1,322,232,250,309,321,4,4,-3,-1
14822,SERPINA6,23,15,1,0,31,19,4,1,322,268,288,317,321,-8,-4,-3,-1
23,AARSD1,52,33,12,5,73,44,15,3,322,197,245,295,314,-21,-11,-3,2
14095,RNF113A,62,31,6,2,75,39,9,5,322,185,252,307,315,-13,-8,-3,-3
2556,CCZ1B,48,32,5,3,69,40,8,2,322,205,250,309,317,-21,-8,-3,1
17161,TMEM200A,55,26,1,1,71,35,4,0,322,196,261,317,321,-16,-9,-3,1
2026,C7orf33,13,13,4,0,25,21,7,0,322,284,288,311,322,-12,-8,-3,0
4545,DPRX,71,54,12,7,56,46,15,4,322,195,222,295,311,15,8,-3,3
19545,ZNF729,21,7,0,0,44,25,4,0,322,257,290,318,322,-23,-18,-4,0
7896,INO80B,82,41,10,7,66,33,14,10,322,174,248,298,305,16,8,-4,-3
19123,ZMYND12,79,53,10,2,80,53,14,1,322,163,216,298,319,-1,0,-4,1
19546,ZNF730,55,31,12,7,83,52,16,5,322,184,239,294,310,-28,-21,-4,2
15912,SPICE1,79,52,9,1,97,65,13,5,322,146,205,300,316,-18,-13,-4,-4
9232,LTF,43,21,0,0,68,39,4,2,322,211,262,318,320,-25,-18,-4,-2
8143,JRK,46,27,5,4,108,65,9,1,322,168,230,308,317,-62,-38,-4,3
10926,NOTCH4,41,17,0,0,79,49,4,4,322,202,256,318,318,-38,-32,-4,-4
4277,DHRS12,72,48,16,7,108,71,20,5,322,142,203,286,310,-36,-23,-4,2
8248,KCNJ9,36,20,2,0,38,25,6,3,322,248,277,314,319,-2,-5,-4,-3
187,ACSF3,48,24,10,5,97,53,14,5,322,177,245,298,312,-49,-29,-4,0
5414,FAM236A,7,6,6,4,13,12,10,8,322,302,304,306,310,-6,-6,-4,-4
7892,INKA2,59,33,9,2,114,63,13,2,322,149,226,300,318,-55,-30,-4,0
16359,SYCP2L,54,29,5,0,93,60,9,1,322,175,233,308,321,-39,-31,-4,-1
13969,RHBDF1,42,25,13,7,117,72,17,2,322,163,225,292,313,-75,-47,-4,5
6733,GSTA3,23,20,9,3,22,21,13,6,322,277,281,300,313,1,-1,-4,-3
14337,RPS6KL1,66,49,13,6,97,70,17,5,322,159,203,292,311,-31,-21,-4,1
16352,SYCE1,31,25,8,1,44,36,12,4,322,247,261,302,317,-13,-11,-4,-3
13116,PRND,75,44,3,1,44,24,7,3,322,203,254,312,318,31,20,-4,-2
2481,CCL27,82,61,43,27,78,64,47,17,322,162,197,232,278,4,-3,-4,10
15985,SPTA1,13,6,0,0,21,6,4,0,322,288,310,318,322,-8,0,-4,0
6613,GPR88,40,18,2,0,33,23,6,1,322,249,281,314,321,7,-5,-4,-1
3398,COL18A1,31,14,2,1,113,70,6,2,322,178,238,314,319,-82,-56,-4,-1
9383,MALL,73,45,6,2,95,47,10,2,322,154,230,306,318,-22,-2,-4,0
13961,RGS8,9,7,1,0,30,22,5,3,322,283,293,316,319,-21,-15,-4,-3
14145,RNF212B,54,40,7,5,55,44,11,2,322,213,238,304,315,-1,-4,-4,3
19124,ZMYND15,59,35,1,0,88,55,5,0,322,175,232,316,322,-29,-20,-4,0
6645,GRAMD2B,52,19,3,0,94,63,7,0,322,176,240,312,322,-42,-44,-4,0
9307,MAB21L1,48,26,9,2,48,28,13,7,322,226,268,300,313,0,-2,-4,-5
11483,OR2W3,17,10,2,1,51,33,6,2,322,254,279,314,319,-34,-23,-4,-1
16199,STK32B,51,14,1,0,57,33,5,2,322,214,275,316,320,-6,-19,-4,-2
11463,OR2M7,4,4,1,0,9,8,5,2,322,309,310,316,320,-5,-4,-4,-2
14028,RIN2,45,22,5,0,94,62,9,2,322,183,238,308,320,-49,-40,-4,-2
18393,USH2A,19,9,1,0,17,16,5,1,322,286,297,316,321,2,-7,-4,-1
18418,USP17L24,18,15,4,2,18,17,8,3,322,286,290,310,317,0,-2,-4,-1
14062,RMI2,69,38,6,2,66,38,10,3,322,187,246,306,317,3,0,-4,-1
19695,ZWILCH,41,23,7,3,86,48,11,4,322,195,251,304,315,-45,-25,-4,-1
14144,RNF212,57,37,5,1,50,34,9,0,322,215,251,308,321,7,3,-4,1
2388,CCDC196,15,10,1,0,29,21,5,1,322,278,291,316,321,-14,-11,-4,-1
11047,NRG1,90,55,7,3,56,34,11,2,322,176,233,304,317,34,21,-4,1
10883,NOC4L,44,26,7,3,84,51,11,5,322,194,245,304,314,-40,-25,-4,-2
4905,ELL,37,21,8,3,106,68,12,2,322,179,233,302,317,-69,-47,-4,1
16247,STUM,31,17,1,0,47,30,5,1,322,244,275,316,321,-16,-13,-4,-1
7990,IRAK3,60,17,0,0,45,27,4,0,322,217,278,318,322,15,-10,-4,0
50,ABCB9,68,40,1,0,59,28,5,1,322,195,254,316,321,9,12,-4,-1
14158,RNF25,50,29,11,4,84,58,15,2,322,188,235,296,316,-34,-29,-4,2
6119,GASK1B,63,34,2,2,105,70,6,0,322,154,218,314,320,-42,-36,-4,2
14220,RPGR,50,24,3,1,65,34,7,2,322,207,264,312,319,-15,-10,-4,-1
2882,CEP57L1,61,29,1,0,66,34,5,1,322,195,259,316,321,-5,-5,-4,-1
6711,GSAP,53,31,2,0,74,46,6,4,322,195,245,314,318,-21,-15,-4,-4
16103,SSX3,42,36,4,0,28,25,8,2,322,252,261,310,320,14,11,-4,-2
9248,LY6D,16,14,2,2,33,28,6,4,322,273,280,314,316,-17,-14,-4,-2
14283,RPP14,62,28,5,1,87,43,9,2,322,173,251,308,319,-25,-15,-4,-1
9261,LY75-CD302,2,2,0,0,22,14,4,2,322,298,306,318,320,-20,-12,-4,-2
2916,CFAP100,54,31,2,0,35,25,6,0,322,233,266,314,322,19,6,-4,0
19211,ZNF256,48,20,3,0,85,46,7,1,322,189,256,312,321,-37,-26,-4,-1
16097,SSU72P8,8,8,1,1,11,11,5,4,322,303,303,316,317,-3,-3,-4,-3
511,AKNA,54,30,4,2,95,49,8,0,322,173,243,310,320,-41,-19,-4,2
16099,SSX1,54,39,5,0,61,46,9,0,322,207,237,308,322,-7,-7,-4,0
19508,ZNF691,46,27,9,2,85,44,13,4,322,191,251,300,316,-39,-17,-4,-2
14010,RICTOR,41,22,4,0,116,66,8,0,322,165,234,310,322,-75,-44,-4,0
14061,RMI1,37,20,8,1,99,55,12,2,322,186,247,302,319,-62,-35,-4,-1
13993,RHOJ,71,41,5,3,92,52,9,0,322,159,229,308,319,-21,-11,-4,3
11827,P3H4,41,21,3,2,98,40,7,1,322,183,261,312,319,-57,-19,-4,1
10146,MSH6,42,23,5,3,86,49,9,0,322,194,250,308,319,-44,-26,-4,3
16136,STAB2,31,25,16,8,32,27,20,5,322,259,270,286,309,-1,-2,-4,3
1450,BBS4,50,26,7,4,108,57,11,0,322,164,239,304,318,-58,-31,-4,4
19190,ZNF223,74,43,5,2,86,59,9,5,322,162,220,308,315,-12,-16,-4,-3
14004,RIBC1,61,37,5,3,112,61,9,3,322,149,224,308,316,-51,-24,-4,0
16106,SSX5,59,46,9,0,64,52,13,4,322,199,224,300,318,-5,-6,-4,-4
18858,XYLT2,51,36,13,8,109,63,17,5,322,162,223,292,309,-58,-27,-4,3
2254,CATSPER1,67,33,1,0,74,51,5,1,322,181,238,316,321,-7,-18,-4,-1
198,ACSM5,69,48,8,2,54,45,12,4,322,199,229,302,316,15,3,-4,-2
4156,DECR2,62,38,6,2,82,39,10,7,322,178,245,306,313,-20,-1,-4,-5
2031,C8B,23,12,0,0,24,14,4,1,322,275,296,318,321,-1,-2,-4,-1
15313,SLC35C1,36,22,9,2,100,51,13,2,322,186,249,300,318,-64,-29,-4,0
15323,SLC35F2,33,17,1,1,82,41,5,2,322,207,264,316,319,-49,-24,-4,-1
1818,C16orf95,55,39,11,4,73,41,15,5,322,194,242,296,313,-18,-2,-4,-1
14803,SERF1A,70,54,27,20,94,66,31,25,322,158,202,264,277,-24,-12,-4,-5
15348,SLC38A5,74,47,7,1,71,43,11,0,322,177,232,304,321,3,4,-4,1
6465,GOLGA8N,74,34,10,2,85,49,14,5,322,163,239,298,315,-11,-15,-4,-3
261,ADAM28,43,20,0,0,44,26,4,0,322,235,276,318,322,-1,-6,-4,0
1813,C16orf87,52,30,3,1,84,50,7,1,322,186,242,312,320,-32,-20,-4,0
9767,MGAM2,25,12,1,0,27,17,5,0,322,270,293,316,322,-2,-5,-4,0
2068,CA5A,68,55,11,0,83,70,15,2,322,171,197,296,320,-15,-15,-4,-2
18959,ZBTB7A,37,17,5,2,115,63,9,1,322,170,242,308,319,-78,-46,-4,1
13440,PUS7,39,21,5,1,114,59,9,0,322,169,242,308,321,-75,-38,-4,1
2069,CA5B,77,38,3,3,57,29,7,3,322,188,255,312,316,20,9,-4,0
15407,SLC52A1,73,38,4,2,46,30,8,2,322,203,254,310,318,27,8,-4,0
14751,SELL,60,31,3,2,61,37,7,4,322,201,254,312,316,-1,-6,-4,-2
4509,DOK7,78,37,6,4,89,50,10,3,322,155,235,306,315,-11,-13,-4,1
13773,RBM4B,79,44,7,2,61,37,11,2,322,182,241,304,318,18,7,-4,0
6470,GOLGA8T,50,41,17,5,46,37,21,4,322,226,244,284,313,4,4,-4,1
152,ACKR2,78,54,5,0,70,41,9,0,322,174,227,308,322,8,13,-4,0
255,ADAM19,48,21,4,1,99,51,8,5,322,175,250,310,316,-51,-30,-4,-4
8585,KRT19,54,40,5,0,62,45,9,0,322,206,237,308,322,-8,-5,-4,0
15464,SLC9A3,39,22,4,0,95,53,8,1,322,188,247,310,321,-56,-31,-4,-1
1771,C11orf97,25,20,8,3,31,28,12,1,322,266,274,302,318,-6,-8,-4,2
18971,ZC3H11B,82,43,3,2,56,31,7,3,322,184,248,312,317,26,12,-4,-1
9814,MIER2,61,32,9,2,102,71,13,4,322,159,219,300,316,-41,-39,-4,-2
1831,C17orf97,77,46,5,2,84,52,9,0,322,161,224,308,320,-7,-6,-4,2
276,ADAMTS16,65,30,5,0,54,31,9,5,322,203,261,308,317,11,-1,-4,-5
4161,DEFA1,6,6,6,2,10,10,10,2,322,306,306,306,318,-4,-4,-4,0
18819,XCR1,22,18,12,10,31,27,16,12,322,269,277,294,300,-9,-9,-4,-2
15040,SIGLECL1,27,22,4,0,26,21,8,2,322,269,279,310,320,1,1,-4,-2
313,ADCY8,38,25,3,0,34,28,7,1,322,250,269,312,321,4,-3,-4,-1
8740,L3HYPDH,35,26,8,2,96,56,12,4,322,191,240,302,316,-61,-30,-4,-2
9661,MED7,59,34,4,1,122,76,8,1,322,141,212,310,320,-63,-42,-4,0
1926,C20orf85,10,9,0,0,17,16,4,2,322,295,297,318,320,-7,-7,-4,-2
8735,KYAT3,46,28,9,5,90,55,13,2,322,186,239,300,315,-44,-27,-4,3
2605,CD37,55,40,16,6,66,52,20,12,322,201,230,286,304,-11,-12,-4,-6
1900,C1QL3,50,31,6,0,50,29,10,2,322,222,262,306,320,0,2,-4,-2
4570,DRD4,76,48,19,5,100,69,23,6,322,146,205,280,311,-24,-21,-4,-1
299,ADAT1,55,27,1,1,72,35,5,2,322,195,260,316,319,-17,-8,-4,-1
4199,DEFB133,7,7,2,1,11,11,6,6,322,304,304,314,315,-4,-4,-4,-5
14954,SH3BP1,51,30,2,0,105,51,6,2,322,166,241,314,320,-54,-21,-4,-2
19628,ZNF865,37,24,6,2,106,50,10,3,322,179,248,306,317,-69,-26,-4,-1
11656,OR6C70,11,9,1,1,12,12,5,0,322,299,301,316,321,-1,-3,-4,1
15197,SLC24A2,41,22,0,0,39,18,4,2,322,242,282,318,320,2,4,-4,-2
8810,LCA5L,74,50,8,2,100,66,12,5,322,148,206,302,315,-26,-16,-4,-3
13677,RARRES2,52,40,13,5,87,65,17,4,322,183,217,292,313,-35,-25,-4,1
14893,SFR1,49,25,4,3,94,44,8,1,322,179,253,310,318,-45,-19,-4,2
13528,RAB27B,60,34,4,1,65,39,8,0,322,197,249,310,321,-5,-5,-4,1
15224,SLC25A30,46,24,8,1,110,62,12,2,322,166,236,302,319,-64,-38,-4,-1
13700,RASIP1,88,52,7,2,59,35,11,7,322,175,235,304,313,29,17,-4,-5
8838,LCN2,44,33,12,4,68,50,16,2,322,210,239,294,316,-24,-17,-4,2
9601,MCRIP2,65,37,10,2,74,43,14,3,322,183,242,298,317,-9,-6,-4,-1
2011,C6orf132,53,25,4,2,65,34,8,4,322,204,263,310,316,-12,-9,-4,-2
15269,SLC29A2,40,22,5,2,115,69,9,3,322,167,231,308,317,-75,-47,-4,-1
19604,ZNF816-ZNF321P,39,25,6,3,117,75,10,2,322,166,222,306,317,-78,-50,-4,1
3613,CRH,27,21,2,1,30,29,6,3,322,265,272,314,318,-3,-8,-4,-2
13790,RBMY1F,12,8,0,0,15,10,4,2,322,295,304,318,320,-3,-2,-4,-2
6501,GPAT2,33,20,4,1,67,44,8,3,322,222,258,310,318,-34,-24,-4,-2
13202,PRRX1,42,11,0,0,61,31,4,1,322,219,280,318,321,-19,-20,-4,-1
13895,RFC3,47,25,4,1,68,46,8,1,322,207,251,310,320,-21,-21,-4,0
15038,SIGLEC8,78,46,2,0,48,16,6,2,322,196,260,314,320,30,30,-4,-2
11056,NRL,57,35,10,2,105,66,14,5,322,160,221,298,315,-48,-31,-4,-3
8389,KIF18B,51,29,9,5,85,51,13,1,322,186,242,300,316,-34,-22,-4,4
6130,GATB,70,42,4,1,44,22,8,0,322,208,258,310,321,26,20,-4,1
13229,PRSS8,92,64,10,1,69,44,14,2,322,161,214,298,319,23,20,-4,-1
14494,S1PR4,38,26,0,0,67,42,4,0,322,217,254,318,322,-29,-16,-4,0
6248,GGTLC1,16,16,0,0,24,24,4,0,322,282,282,318,322,-8,-8,-4,0
8332,KDM8,56,34,12,6,131,79,16,4,322,135,209,294,312,-75,-45,-4,2
1624,BORCS6,48,24,5,4,119,69,9,1,322,155,229,308,317,-71,-45,-4,3
14478,S100A4,64,36,14,8,74,55,18,6,322,184,231,290,308,-10,-19,-4,2
14472,S100A12,6,4,2,0,9,8,6,3,322,307,310,314,319,-3,-4,-4,-3
9114,LRRC17,69,47,6,0,105,68,10,1,322,148,207,306,321,-36,-21,-4,-1
4708,ECD,56,31,2,1,56,33,6,3,322,210,258,314,318,0,-2,-4,-2
19059,ZFP62,69,31,6,3,66,43,10,1,322,187,248,306,318,3,-12,-4,2
15805,SPAG11B,21,20,11,1,21,19,15,1,322,280,283,296,320,0,1,-4,0
9958,MOSPD2,56,35,5,2,83,45,9,3,322,183,242,308,317,-27,-10,-4,-1
6576,GPR182,26,15,8,2,37,24,12,3,322,259,283,302,317,-11,-9,-4,-1
2818,CELA3B,18,18,4,0,29,27,8,1,322,275,277,310,321,-11,-9,-4,-1
4267,DHCR7,41,24,7,5,98,55,11,2,322,183,243,304,315,-57,-31,-4,3
4268,DHDDS,37,21,4,2,85,51,8,3,322,200,250,310,317,-48,-30,-4,-1
5640,FCRL2,23,17,0,0,20,12,4,0,322,279,293,318,322,3,5,-4,0
13933,RGPD1,81,59,19,8,83,57,23,16,322,158,206,280,298,-2,2,-4,-8
4273,DHODH,45,25,2,0,83,44,6,0,322,194,253,314,322,-38,-19,-4,0
8281,KCNS3,51,30,1,0,77,37,5,1,322,194,255,316,321,-26,-7,-4,-1
15870,SPC24,30,21,4,2,126,69,8,3,322,166,232,310,317,-96,-48,-4,-1
11722,ORC2,64,26,4,2,74,44,8,0,322,184,252,310,320,-10,-18,-4,2
4449,DNAJC25-GNG10,56,32,7,2,88,44,11,4,322,178,246,304,316,-32,-12,-4,-2
5914,FRMPD1,92,61,14,9,69,46,18,6,322,161,215,290,307,23,15,-4,3
19654,ZP4,9,4,0,0,28,18,4,1,322,285,300,318,321,-19,-14,-4,-1
18688,WDR25,62,37,5,3,77,49,9,2,322,183,236,308,317,-15,-12,-4,1
2102,CACNA2D3,46,25,3,1,62,40,7,0,322,214,257,312,321,-16,-15,-4,1
4643,DUSP9,45,21,3,1,53,29,7,3,322,224,272,312,318,-8,-8,-4,-2
4501,DOCK9,61,34,4,3,98,56,8,0,322,163,232,310,319,-37,-22,-4,3
18677,WDHD1,54,26,3,0,74,47,7,0,322,194,249,312,322,-20,-21,-4,0
8511,KLK10,67,32,3,1,68,44,7,3,322,187,246,312,318,-1,-12,-4,-2
14670,SCYL3,52,22,2,1,64,38,6,0,322,206,262,314,321,-12,-16,-4,1
13332,PTCD3,48,31,9,4,95,55,13,1,322,179,236,300,317,-47,-24,-4,3
9871,MLPH,58,32,6,0,93,63,10,2,322,171,227,306,320,-35,-31,-4,-2
8977,LINGO2,20,8,0,0,41,22,4,1,322,261,292,318,321,-21,-14,-4,-1
14642,SCO2,49,31,12,6,98,58,16,8,322,175,233,294,308,-49,-27,-4,-2
14632,SCN5A,55,33,15,3,89,53,19,4,322,178,236,288,315,-34,-20,-4,-1
14609,SCGB2B2,75,45,7,2,89,60,11,2,322,158,217,304,318,-14,-15,-4,0
1665,BRINP1,20,14,2,0,50,29,6,1,322,252,279,314,321,-30,-15,-4,-1
9519,MAST4,64,44,5,3,89,43,9,2,322,169,235,308,317,-25,1,-4,1
4254,DGKA,50,28,4,1,76,41,8,1,322,196,253,310,320,-26,-13,-4,0
3434,COLEC10,30,15,0,0,40,22,4,0,322,252,285,318,322,-10,-7,-4,0
15629,SMTN,50,27,7,2,94,69,11,5,322,178,226,304,315,-44,-42,-4,-3
15630,SMTNL1,40,25,3,1,27,18,7,1,322,255,279,312,320,13,7,-4,0
9065,LPL,51,19,7,3,49,31,11,4,322,222,272,304,315,2,-12,-4,-1
18639,VWA5A,53,28,4,1,73,40,8,5,322,196,254,310,316,-20,-12,-4,-4
9078,LRFN1,55,35,10,2,125,76,14,3,322,142,211,298,317,-70,-41,-4,-1
5921,FRS3,67,39,8,2,110,69,12,5,322,145,214,302,315,-43,-30,-4,-3
399,AFAP1L2,45,21,3,0,79,49,7,2,322,198,252,312,320,-34,-28,-4,-2
2503,CCNB3,40,18,2,2,73,43,6,1,322,209,261,314,319,-33,-25,-4,1
11718,ORAI1,44,25,3,2,78,37,7,3,322,200,260,312,317,-34,-12,-4,-1
4947,EME1,39,23,6,1,70,44,10,1,322,213,255,306,320,-31,-21,-4,0
12222,PER2,66,30,3,1,58,34,7,1,322,198,258,312,320,8,-4,-4,0
667,ANGPTL7,45,27,4,2,38,23,8,4,322,239,272,310,316,7,4,-4,-2
17011,TM4SF1,32,16,3,0,86,58,7,0,322,204,248,312,322,-54,-42,-4,0
7593,IGHV2-5,0,0,0,0,4,4,4,1,322,318,318,318,321,-4,-4,-4,-1
5326,FAM153A,94,37,4,2,58,37,8,5,322,170,248,310,315,36,0,-4,-3
7589,IGHV1-69D,1,1,1,0,5,5,5,0,322,316,316,316,322,-4,-4,-4,0
16908,THUMPD2,49,24,3,0,79,40,7,1,322,194,258,312,321,-30,-16,-4,-1
5317,FAM135B,17,11,1,0,22,18,5,2,322,283,293,316,320,-5,-7,-4,-2
11415,OR1R1P,14,13,0,0,13,12,4,1,322,295,297,318,321,1,1,-4,-1
16925,TIGD2,43,18,4,0,88,62,8,0,322,191,242,310,322,-45,-44,-4,0
3058,CHRM2,34,12,0,0,55,27,4,1,322,233,283,318,321,-21,-15,-4,-1
16962,TIRAP,44,20,5,2,98,52,9,1,322,180,250,308,319,-54,-32,-4,1
10353,MYL10,82,48,11,3,67,45,15,0,322,173,229,296,319,15,3,-4,3
3306,CNEP1R1,64,32,4,2,73,43,8,0,322,185,247,310,320,-9,-11,-4,2
5046,EPHX4,51,33,3,0,71,48,7,2,322,200,241,312,320,-20,-15,-4,-2
3891,CYB5R2,53,40,6,1,76,52,10,2,322,193,230,306,319,-23,-12,-4,-1
12620,PLP2,37,25,7,4,62,33,11,6,322,223,264,304,312,-25,-8,-4,-2
6917,HACD1,59,26,5,3,65,40,9,1,322,198,256,308,318,-6,-14,-4,2
12067,PCIF1,33,23,10,5,118,68,14,2,322,171,231,298,315,-85,-45,-4,3
665,ANGPTL5,29,16,2,1,32,15,6,1,322,261,291,314,320,-3,1,-4,0
1056,ARMCX4,45,27,2,1,82,47,6,1,322,195,248,314,320,-37,-20,-4,0
10765,NIBAN1,38,24,3,0,76,41,7,0,322,208,257,312,322,-38,-17,-4,0
17074,TMEM115,49,22,9,5,76,39,13,2,322,197,261,300,315,-27,-17,-4,3
17083,TMEM125,29,23,4,0,79,60,8,3,322,214,239,310,319,-50,-37,-4,-3
10764,NHSL2,42,19,2,0,59,39,6,2,322,221,264,314,320,-17,-20,-4,-2
3881,CXXC5,54,28,11,6,122,74,15,3,322,146,220,296,313,-68,-46,-4,3
3087,CHST4,34,16,4,0,77,44,8,0,322,211,262,310,322,-43,-28,-4,0
6977,HCFC2,47,18,3,0,93,59,7,0,322,182,245,312,322,-46,-41,-4,0
18034,TTC4,47,22,6,2,63,37,10,0,322,212,263,306,320,-16,-15,-4,2
17095,TMEM132D,10,4,0,0,19,14,4,1,322,293,304,318,321,-9,-10,-4,-1
18032,TTC39B,48,23,2,0,75,33,6,0,322,199,266,314,322,-27,-10,-4,0
5327,FAM153B,89,75,25,8,85,76,29,15,322,148,171,268,299,4,-1,-4,-7
7598,IGHV3-13,10,10,8,2,14,12,12,4,322,298,300,302,316,-4,-2,-4,-2
1015,ARL13A,33,27,6,2,32,27,10,2,322,257,268,306,318,1,0,-4,0
7682,IGKV3-7,3,3,2,1,9,9,6,1,322,310,310,314,320,-6,-6,-4,0
12806,POSTN,39,21,3,2,40,20,7,3,322,243,281,312,317,-1,1,-4,-1
11970,PAXIP1,54,29,4,1,106,49,8,0,322,162,244,310,321,-52,-20,-4,1
18237,UBOX5,51,29,4,1,106,71,8,5,322,165,222,310,316,-55,-42,-4,-4
11420,OR2A14,25,21,4,2,33,29,8,0,322,264,272,310,320,-8,-8,-4,2
16639,TCAF2C,40,19,4,1,62,48,8,2,322,220,255,310,319,-22,-29,-4,-1
12777,POLR3F,37,20,6,0,69,42,10,1,322,216,260,306,321,-32,-22,-4,-1
16677,TCL1A,26,23,4,2,33,24,8,1,322,263,275,310,319,-7,-1,-4,1
1212,ATG4D,43,23,11,8,95,49,15,7,322,184,250,296,307,-52,-26,-4,1
3011,CHD9,49,30,9,5,123,70,13,0,322,150,222,300,317,-74,-40,-4,5
3935,CYP20,76,49,10,6,114,78,14,1,322,132,195,298,315,-38,-29,-4,5
12746,POLM,44,25,10,6,97,65,14,2,322,181,232,298,314,-53,-40,-4,4
7685,IGKV3D-20,1,1,1,0,8,8,5,3,322,313,313,316,319,-7,-7,-4,-3
591,ALOX5,53,30,3,2,65,30,7,0,322,204,262,312,320,-12,0,-4,2
7667,IGKV1D-8,2,2,1,1,9,7,5,2,322,311,313,316,319,-7,-5,-4,-1
10789,NIPSNAP3B,72,44,4,1,81,47,8,0,322,169,231,310,321,-9,-3,-4,1
18184,UBD,26,26,12,7,30,24,16,9,322,266,272,294,306,-4,2,-4,-2
7654,IGKV1-5,7,7,2,0,15,14,6,2,322,300,301,314,320,-8,-7,-4,-2
18174,UBALD1,51,39,12,7,103,62,16,5,322,168,221,294,310,-52,-23,-4,2
5341,FAM163B,26,19,0,0,29,20,4,1,322,267,283,318,321,-3,-1,-4,-1
3028,CHKB-CPT1B,69,39,7,2,80,45,11,4,322,173,238,304,316,-11,-6,-4,-2
1159,ASPDH,35,28,14,6,40,33,18,7,322,247,261,290,309,-5,-5,-4,-1
1158,ASPA,84,37,2,0,48,20,6,2,322,190,265,314,320,36,17,-4,-2
614,AMELX,25,20,5,0,33,26,9,2,322,264,276,308,320,-8,-6,-4,-2
3682,CSF2,47,41,15,3,72,57,19,6,322,203,224,288,313,-25,-16,-4,-3
1151,ASIC5,11,6,0,0,28,17,4,1,322,283,299,318,321,-17,-11,-4,-1
7621,IGHV3OR16-12,1,1,1,0,5,5,5,0,322,316,316,316,322,-4,-4,-4,0
16834,TGDS,42,26,4,0,79,51,8,3,322,201,245,310,319,-37,-25,-4,-3
16872,THAP8,57,37,8,3,101,69,12,5,322,164,216,302,314,-44,-32,-4,-2
17100,TMEM139,87,59,8,0,86,57,12,0,322,149,206,302,322,1,2,-4,0
12565,PLEK,47,24,0,0,49,25,4,0,322,226,273,318,322,-2,-1,-4,0
11423,OR2A4,16,10,5,1,29,20,9,6,322,277,292,308,315,-13,-10,-4,-5
17616,TRAPPC6A,54,35,8,5,73,39,12,4,322,195,248,302,313,-19,-4,-4,1
17477,TP53TG5,58,33,4,2,37,27,8,5,322,227,262,310,315,21,6,-4,-3
7252,HOXD12,44,24,6,2,68,46,10,0,322,210,252,306,320,-24,-22,-4,2
12336,PHF7,37,22,2,0,113,56,6,1,322,172,244,314,321,-76,-34,-4,-1
3785,CTNNA3,44,32,9,4,56,35,13,1,322,222,255,300,317,-12,-3,-4,3
17519,TPTE,72,47,6,1,56,28,10,1,322,194,247,306,320,16,19,-4,0
7085,HIC2,32,19,8,1,110,64,12,2,322,180,239,302,319,-78,-45,-4,-1
17873,TRMT11,60,33,6,0,75,36,10,0,322,187,253,306,322,-15,-3,-4,0
17543,TRAJ10,1,0,0,0,4,4,4,4,322,317,318,318,318,-3,-4,-4,-4
19336,ZNF469,27,15,0,0,55,32,4,0,322,240,275,318,322,-28,-17,-4,0
17865,TRIQK,66,33,4,3,92,53,8,3,322,164,236,310,316,-26,-20,-4,0
19363,ZNF511,43,22,6,3,68,39,10,3,322,211,261,306,316,-25,-17,-4,0
17595,TRAJ7,0,0,0,0,4,4,4,4,322,318,318,318,318,-4,-4,-4,-4
3256,CLPSL2,42,36,21,3,63,45,25,14,322,217,241,276,305,-21,-9,-4,-11
12295,PGM2,45,30,4,1,82,36,8,0,322,195,256,310,321,-37,-6,-4,1
861,APOBEC3B,46,32,4,0,73,38,8,5,322,203,252,310,317,-27,-6,-4,-5
3205,CLEC1B,21,16,1,0,21,13,5,0,322,280,293,316,322,0,3,-4,0
3206,CLEC20A,24,22,4,1,17,15,8,0,322,281,285,310,321,7,7,-4,1
17651,TRAV38-2DV8,1,1,1,0,5,5,5,0,322,316,316,316,322,-4,-4,-4,0
17837,TRIM63,28,14,1,0,63,34,5,3,322,231,274,316,319,-35,-20,-4,-3
17657,TRAV6,0,0,0,0,4,4,4,0,322,318,318,318,322,-4,-4,-4,0
3243,CLMP,64,29,0,0,76,50,4,0,322,182,243,318,322,-12,-21,-4,0
17668,TRBC2,48,34,6,0,42,34,10,1,322,232,254,306,321,6,0,-4,-1
3763,CTAGE6,53,45,14,5,52,45,18,6,322,217,232,290,311,1,0,-4,-1
3242,CLMN,65,43,8,1,82,53,12,4,322,175,226,302,317,-17,-10,-4,-3
5239,F13A1,33,22,5,1,40,24,9,1,322,249,276,308,320,-7,-2,-4,0
17725,TRBV7-1,1,1,1,0,5,5,5,2,322,316,316,316,320,-4,-4,-4,-2
17731,TRBV7-9,10,9,6,4,15,11,10,9,322,297,302,306,309,-5,-2,-4,-5
5717,FGG,30,26,4,1,46,31,8,3,322,246,265,310,318,-16,-5,-4,-2
17474,TP53TG3D,34,23,7,5,53,38,11,6,322,235,261,304,311,-19,-15,-4,-1
862,APOBEC3C,44,26,3,1,69,40,7,2,322,209,256,312,319,-25,-14,-4,-1
12558,PLD2,41,29,13,7,125,81,17,9,322,156,212,292,306,-84,-52,-4,-2
7383,HTR2C,28,9,0,0,53,29,4,1,322,241,284,318,321,-25,-20,-4,-1
10748,NGDN,67,42,6,2,60,34,10,1,322,195,246,306,319,7,8,-4,1
995,ARHGEF40,33,18,7,6,102,63,11,1,322,187,241,304,315,-69,-45,-4,5
3104,CIAO3,56,34,11,5,90,57,15,3,322,176,231,296,314,-34,-23,-4,2
3288,CMPK2,40,20,2,1,98,56,6,2,322,184,246,314,319,-58,-36,-4,-1
10420,MYZAP,45,31,6,3,87,55,10,5,322,190,236,306,314,-42,-24,-4,-2
7012,HEATR3,39,21,3,1,74,37,7,0,322,209,264,312,321,-35,-16,-4,1
11413,OR1N2,14,12,0,0,21,19,4,0,322,287,291,318,322,-7,-7,-4,0
6021,GABRA2,82,48,9,2,82,56,13,5,322,158,218,300,315,0,-8,-4,-3
12516,PLA2G5,65,33,1,0,17,11,5,1,322,240,278,316,321,48,22,-4,-1
17213,TMEM252,18,14,0,0,23,20,4,1,322,281,288,318,321,-5,-6,-4,-1
5106,ERICH6,61,43,19,7,96,60,23,14,322,165,219,280,301,-35,-17,-4,-7
5112,ERMARD,48,27,8,3,86,52,12,3,322,188,243,302,316,-38,-25,-4,0
954,ARHGAP29,41,16,4,0,116,87,8,4,322,165,219,310,318,-75,-71,-4,-4
707,ANKRD23,51,37,16,4,89,69,20,8,322,182,216,286,310,-38,-32,-4,-4
12381,PICK1,60,34,10,2,81,48,14,6,322,181,240,298,314,-21,-14,-4,-4
3861,CXCL5,47,19,0,0,47,22,4,1,322,228,281,318,321,0,-3,-4,-1
19413,ZNF57,52,28,8,2,114,75,12,5,322,156,219,302,315,-62,-47,-4,-3
17267,TMEM62,45,25,9,4,119,71,13,1,322,158,226,300,317,-74,-46,-4,3
10450,NAB2,84,49,12,8,68,39,16,1,322,170,234,294,313,16,10,-4,7
3854,CXCL12,46,32,9,4,55,42,13,4,322,221,248,300,314,-9,-10,-4,0
12400,PIGP,60,31,6,2,66,36,10,3,322,196,255,306,317,-6,-5,-4,-1
19395,ZNF552,57,40,11,4,108,73,15,7,322,157,209,296,311,-51,-33,-4,-3
10513,NBEAL2,40,19,4,2,107,61,8,0,322,175,242,310,320,-67,-42,-4,2
10515,NBN,47,28,3,2,70,38,7,0,322,205,256,312,320,-23,-10,-4,2
734,ANKRD49,49,29,6,2,109,60,10,2,322,164,233,306,318,-60,-31,-4,0
11092,NT5C,49,30,8,7,72,44,12,2,322,201,248,302,313,-23,-14,-4,5
12388,PIGA,65,37,9,2,84,56,13,4,322,173,229,300,316,-19,-19,-4,-2
7057,HESX1,91,57,18,5,87,68,22,5,322,144,197,282,312,4,-11,-4,0
7739,IGLV6-57,12,11,11,10,28,21,15,12,322,282,290,296,300,-16,-10,-4,-2
11799,OXLD1,69,35,6,4,74,40,10,3,322,179,247,306,315,-5,-5,-4,1
12897,PPOX,52,31,11,4,96,55,15,5,322,174,236,296,313,-44,-24,-4,-1
2935,CFAP47,22,11,0,0,26,13,4,3,322,274,298,318,319,-4,-2,-4,-3
12852,PPDPFL,32,27,3,2,23,18,7,6,322,267,277,312,314,9,9,-4,-4
7868,IMPACT,53,24,7,4,104,53,11,3,322,165,245,304,315,-51,-29,-4,1
5965,FUT4,36,17,1,0,113,56,5,0,322,173,249,316,322,-77,-39,-4,0
2962,CFHR2,89,63,10,7,64,43,14,5,322,169,216,298,310,25,20,-4,2
10848,NLRX1,44,24,10,3,99,61,14,1,322,179,237,298,318,-55,-37,-4,2
16535,TAS2R43,56,50,10,3,93,69,14,5,322,173,203,298,314,-37,-19,-4,-2
19499,ZNF680,46,22,8,3,113,69,12,4,322,163,231,302,315,-67,-47,-4,-1
3968,CYS1,51,25,1,1,94,62,5,0,322,177,235,316,321,-43,-37,-4,1
12850,PPCS,42,22,4,3,82,44,8,0,322,198,256,310,319,-40,-22,-4,3
11960,PAX1,17,9,1,0,39,24,5,2,322,266,289,316,320,-22,-15,-4,-2
10839,NLRP2,83,63,20,5,72,57,24,8,322,167,202,278,309,11,6,-4,-3
11945,PARS2,72,43,10,2,73,48,14,3,322,177,231,298,317,-1,-5,-4,-1
2966,CFI,36,28,6,0,50,40,10,4,322,236,254,306,318,-14,-12,-4,-4
1338,AUNIP,42,20,5,2,86,43,9,1,322,194,259,308,319,-44,-23,-4,1
12863,PPIAL4A,67,60,31,14,55,55,35,10,322,200,207,256,298,12,5,-4,4
7759,IKBIP,37,25,4,1,95,51,8,3,322,190,246,310,318,-58,-26,-4,-2
16482,TAFA1,21,10,0,0,29,8,4,1,322,272,304,318,321,-8,2,-4,-1
12833,POU5F1B,84,43,3,0,45,22,7,2,322,193,257,312,320,39,21,-4,-2
16527,TAS2R30,62,42,9,1,103,75,14,4,322,157,205,299,317,-41,-33,-5,-3
340,ADGRG3,49,33,6,0,65,36,11,3,322,208,253,305,319,-16,-3,-5,-3
5544,FBLN2,45,26,10,3,61,40,15,6,322,216,256,297,313,-16,-14,-5,-3
32,ABCA12,35,15,4,0,34,19,9,2,322,253,288,309,320,1,-4,-5,-2
10356,MYL2,31,19,7,2,37,30,12,2,322,254,273,303,318,-6,-11,-5,0
493,AKAP1,36,23,10,5,134,72,15,3,322,152,227,297,314,-98,-49,-5,2
5062,EPS8L1,66,43,5,0,85,47,10,3,322,171,232,307,319,-19,-4,-5,-3
17493,TPK1,76,50,7,1,70,42,12,1,322,176,230,303,320,6,8,-5,0
18793,WRN,39,24,1,0,101,45,6,1,322,182,253,315,321,-62,-21,-5,-1
5299,FAM118B,34,21,7,6,86,54,12,1,322,202,247,303,315,-52,-33,-5,5
9487,MARCHF1,55,34,4,1,80,54,9,3,322,187,234,309,318,-25,-20,-5,-2
7545,IGFN1,52,17,1,1,31,16,6,1,322,239,289,315,320,21,1,-5,0
2688,CDCA7,37,21,6,2,88,43,11,2,322,197,258,305,318,-51,-22,-5,0
10357,MYL3,79,50,8,1,90,55,13,2,322,153,217,301,319,-11,-5,-5,-1
3884,CYB561D1,56,37,4,2,101,57,9,0,322,165,228,309,320,-45,-20,-5,2
19480,ZNF658,35,22,11,7,132,80,16,5,322,155,220,295,310,-97,-58,-5,2
11943,PARP9,41,19,6,2,85,47,11,3,322,196,256,305,317,-44,-28,-5,-1
8631,KRTAP1-1,10,9,1,0,28,24,6,1,322,284,289,315,321,-18,-15,-5,-1
18764,WIPI1,38,26,8,2,119,76,13,3,322,165,220,301,317,-81,-50,-5,-1
3950,CYP4A22,60,34,2,0,75,45,7,3,322,187,243,313,319,-15,-11,-5,-3
10890,NOL11,54,30,6,1,81,49,11,2,322,187,243,305,319,-27,-19,-5,-1
17049,TMED1,36,20,8,6,94,60,13,4,322,192,242,301,312,-58,-40,-5,2
15383,SLC45A3,41,22,2,1,103,63,7,0,322,178,237,313,321,-62,-41,-5,1
12074,PCMTD1,47,22,7,2,104,56,12,2,322,171,244,303,318,-57,-34,-5,0
12164,PDK1,36,19,5,0,102,57,10,0,322,184,246,307,322,-66,-38,-5,0
6964,HBG1,20,15,6,0,21,18,11,2,322,281,289,305,320,-1,-3,-5,-2
1057,ARMCX5,49,28,2,2,102,54,7,3,322,171,240,313,317,-53,-26,-5,-1
18781,WNT4,106,66,12,7,81,56,17,9,322,135,200,293,306,25,10,-5,-2
5637,FCN2,21,19,4,0,17,16,9,2,322,284,287,309,320,4,3,-5,-2
19511,ZNF696,39,22,5,2,117,72,10,1,322,166,228,307,319,-78,-50,-5,1
1825,C17orf58,51,26,6,2,72,47,11,3,322,199,249,305,317,-21,-21,-5,-1
4619,DUS4L-BCAP29,44,20,4,1,94,56,9,0,322,184,246,309,321,-50,-36,-5,1
10891,NOL12,49,27,4,1,65,35,9,4,322,208,260,309,317,-16,-8,-5,-3
6935,HAPLN1,27,20,9,1,45,35,14,5,322,250,267,299,316,-18,-15,-5,-4
1748,C10orf95,63,50,7,1,85,59,12,1,322,174,213,303,320,-22,-9,-5,0
13336,PTCHD4,74,38,2,1,59,36,7,2,322,189,248,313,319,15,2,-5,-1
7599,IGHV3-15,7,6,4,2,10,9,9,2,322,305,307,309,318,-3,-3,-5,0
11891,PALM3,75,48,4,1,63,36,9,2,322,184,238,309,319,12,12,-5,-1
4941,EMC6,43,28,10,4,69,42,15,10,322,210,252,297,308,-26,-14,-5,-6
16859,TGS1,41,22,4,1,87,52,9,1,322,194,248,309,320,-46,-30,-5,0
4282,DHRS4L2,60,35,4,1,70,41,9,7,322,192,246,309,314,-10,-6,-5,-6
4399,DNAAF6,105,78,11,3,64,51,16,2,322,153,193,295,317,41,27,-5,1
5915,FRMPD2,27,6,0,0,42,25,5,0,322,253,291,317,322,-15,-19,-5,0
7221,HOXA11,42,20,5,2,79,56,10,1,322,201,246,307,319,-37,-36,-5,1
10688,NEPRO,37,26,5,1,83,48,10,1,322,202,248,307,320,-46,-22,-5,0
7217,HORMAD1,59,38,5,2,39,25,10,0,322,224,259,307,320,20,13,-5,2
2934,CFAP46,34,23,2,0,52,32,7,1,322,236,267,313,321,-18,-9,-5,-1
16842,TGFBR2,58,23,3,2,49,34,8,5,322,215,265,311,315,9,-11,-5,-3
9894,MMP17,62,35,4,1,104,67,9,2,322,156,220,309,319,-42,-32,-5,-1
15601,SMIM40,19,15,8,6,24,18,13,5,322,279,289,301,311,-5,-3,-5,1
9451,MAP4K3,70,39,8,3,100,54,13,2,322,152,229,301,317,-30,-15,-5,1
8532,KLRC4-KLRK1,38,33,8,6,46,43,13,2,322,238,246,301,314,-8,-10,-5,4
13950,RGS19,51,27,6,4,103,58,11,2,322,168,237,305,316,-52,-31,-5,2
11440,OR2D2,51,39,10,2,61,50,15,3,322,210,233,297,317,-10,-11,-5,-1
15460,SLC8A3,45,18,0,0,59,29,5,0,322,218,275,317,322,-14,-11,-5,0
19288,ZNF391,55,30,4,0,70,40,9,1,322,197,252,309,321,-15,-10,-5,-1
15408,SLC52A2,43,23,7,3,75,36,12,5,322,204,263,303,314,-32,-13,-5,-2
18102,TULP1,44,19,3,1,41,27,8,2,322,237,276,311,319,3,-8,-5,-1
5528,FASTKD3,46,31,4,2,97,65,9,2,322,179,226,309,318,-51,-34,-5,0
16930,TIGD7,69,42,6,3,66,44,11,0,322,187,236,305,319,3,-2,-5,3
14406,RTKN,52,33,9,6,97,65,14,5,322,173,224,299,311,-45,-32,-5,1
13936,RGPD4,43,20,1,0,84,46,6,0,322,195,256,315,322,-41,-26,-5,0
16917,TICAM1,102,50,5,2,39,27,10,0,322,181,245,307,320,63,23,-5,2
4641,DUSP7,48,31,5,2,89,51,10,0,322,185,240,307,320,-41,-20,-5,2
14390,RSPO1,36,16,0,0,39,20,5,1,322,247,286,317,321,-3,-4,-5,-1
3979,CYYR1,27,13,0,0,32,17,5,0,322,263,292,317,322,-5,-4,-5,0
9472,MAPK7,41,30,15,8,124,74,20,9,322,157,218,287,305,-83,-44,-5,-1
12667,PMM2,44,33,7,3,98,53,12,4,322,180,236,303,315,-54,-20,-5,-1
14370,RRP9,44,27,7,4,82,44,12,5,322,196,251,303,313,-38,-17,-5,-1
10893,NOL4,58,38,8,4,55,42,13,4,322,209,242,301,314,3,-4,-5,0
17567,TRAJ33,0,0,0,0,5,5,5,5,322,317,317,317,317,-5,-5,-5,-5
8589,KRT23,47,35,4,3,48,38,9,2,322,227,249,309,317,-1,-3,-5,1
14483,S100A7L2,3,3,2,1,7,7,7,7,322,312,312,313,314,-4,-4,-5,-6
7995,IRF2BP1,36,23,9,2,94,48,14,5,322,192,251,299,315,-58,-25,-5,-3
17222,TMEM26,28,10,4,0,41,27,9,0,322,253,285,309,322,-13,-17,-5,0
11581,OR52K2,20,18,0,0,28,27,5,0,322,274,277,317,322,-8,-9,-5,0
3473,COQ10A,54,31,7,3,91,55,12,3,322,177,236,303,316,-37,-24,-5,0
13711,RASSF5,45,26,0,0,93,56,5,0,322,184,240,317,322,-48,-30,-5,0
11547,OR51B5,46,31,4,0,58,40,9,0,322,218,251,309,322,-12,-9,-5,0
6283,GIPR,76,39,3,1,75,43,8,1,322,171,240,311,320,1,-4,-5,0
13707,RASSF10,77,53,6,1,59,42,11,2,322,186,227,305,319,18,11,-5,-1
7968,IQCF3,8,8,5,1,16,16,10,3,322,298,298,307,318,-8,-8,-5,-2
17226,TMEM265,51,43,17,12,65,53,22,11,322,206,226,283,299,-14,-10,-5,1
14901,SFT2D3,35,20,2,2,117,70,7,2,322,170,232,313,318,-82,-50,-5,0
9059,LPCAT3,44,25,3,2,86,43,8,3,322,192,254,311,317,-42,-18,-5,-1
17211,TMEM250,40,18,9,3,107,61,14,1,322,175,243,299,318,-67,-43,-5,2
17986,TSPYL5,19,5,0,0,42,22,5,0,322,261,295,317,322,-23,-17,-5,0
7016,HEATR6,42,23,9,4,118,65,14,1,322,162,234,299,317,-76,-42,-5,3
2587,CD274,85,46,1,1,62,39,6,2,322,175,237,315,319,23,7,-5,-1
6699,GRM7,71,52,16,8,77,60,21,10,322,174,210,285,304,-6,-8,-5,-2
14949,SH2D7,27,11,2,0,26,16,7,4,322,269,295,313,318,1,-5,-5,-4
13848,REEP4,28,17,5,0,108,64,10,1,322,186,241,307,321,-80,-47,-5,-1
3286,CMKLR1,61,34,4,1,55,33,9,2,322,206,255,309,319,6,1,-5,-1
18378,URB2,41,26,9,4,118,67,14,0,322,163,229,299,318,-77,-41,-5,4
8861,LDLRAD2,39,23,2,0,59,32,7,2,322,224,267,313,320,-20,-9,-5,-2
6078,GALNT18,35,19,2,1,84,53,7,2,322,203,250,313,319,-49,-34,-5,-1
8963,LIN37,75,48,11,5,95,58,16,7,322,152,216,295,310,-20,-10,-5,-2
17320,TMPRSS15,43,33,8,1,52,39,13,6,322,227,250,301,315,-9,-6,-5,-5
2085,CABP7,67,39,6,3,78,43,11,6,322,177,240,305,313,-11,-4,-5,-3
14743,SELENOM,52,38,9,2,69,35,14,5,322,201,249,299,315,-17,3,-5,-3
14719,SEC24B,50,26,6,1,84,50,11,3,322,188,246,305,318,-34,-24,-5,-2
17950,TSPAN1,54,39,2,0,62,36,7,0,322,206,247,313,322,-8,3,-5,0
10466,NAGPA,55,31,4,2,86,45,9,4,322,181,246,309,316,-31,-14,-5,-2
13767,RBM43,44,24,4,1,114,64,9,3,322,164,234,309,318,-70,-40,-5,-2
12460,PITPNM3,39,29,8,2,112,76,13,2,322,171,217,301,318,-73,-47,-5,0
18948,ZBTB41,46,20,6,2,81,30,11,1,322,195,272,305,319,-35,-10,-5,1
14691,SDK1,40,22,7,3,71,54,12,2,322,211,246,303,317,-31,-32,-5,1
4529,DPH6,61,35,9,2,110,67,14,3,322,151,220,299,317,-49,-32,-5,-1
18941,ZBTB33,41,20,5,1,87,44,10,1,322,194,258,307,320,-46,-24,-5,0
12421,PIK3IP1,51,33,11,7,116,80,16,2,322,155,209,295,313,-65,-47,-5,5
17378,TNFSF13,93,60,14,6,77,57,19,4,322,152,205,289,312,16,3,-5,2
2037,C8orf58,47,34,6,1,126,71,11,1,322,149,217,305,320,-79,-37,-5,0
10182,MT-ND6,65,44,8,1,94,73,13,6,322,163,205,301,315,-29,-29,-5,-5
2035,C8orf37,45,21,1,1,76,35,6,0,322,201,266,315,321,-31,-14,-5,1
6020,GABRA1,18,6,1,0,29,19,6,2,322,275,297,315,320,-11,-13,-5,-2
14551,SASS6,34,15,5,0,109,52,10,1,322,179,255,307,321,-75,-37,-5,-1
15204,SLC25A12,44,30,6,5,96,53,11,2,322,182,239,305,315,-52,-23,-5,3
226,ACTR3B,53,31,7,3,103,66,12,1,322,166,225,303,318,-50,-35,-5,2
4453,DNAJC30,53,28,2,1,75,39,7,0,322,194,255,313,321,-22,-11,-5,1
8708,KRTAP5-6,13,13,3,0,20,17,8,4,322,289,292,311,318,-7,-4,-5,-4
15124,SLC14A1,71,42,4,1,61,35,9,3,322,190,245,309,318,10,7,-5,-2
5889,FPGT,64,36,7,6,93,52,12,2,322,165,234,303,314,-29,-16,-5,4
5841,FOXD1,80,37,4,1,61,37,9,4,322,181,248,309,317,19,0,-5,-3
859,APOBEC2,56,37,7,4,45,28,12,5,322,221,257,303,313,11,9,-5,-1
8702,KRTAP5-10,24,20,3,0,43,35,8,3,322,255,267,311,319,-19,-15,-5,-3
12865,PPIAL4D,20,20,18,12,25,25,23,15,322,277,277,281,295,-5,-5,-5,-3
858,APOBEC1,16,13,3,0,15,15,8,1,322,291,294,311,321,1,-2,-5,-1
7825,IL27RA,33,18,4,0,83,50,9,2,322,206,254,309,320,-50,-32,-5,-2
12573,PLEKHA7,57,29,3,1,85,47,8,0,322,180,246,311,321,-28,-18,-5,1
17899,TRPC6,56,21,0,0,64,32,5,3,322,202,269,317,319,-8,-11,-5,-3
11638,OR5P2,21,19,4,0,36,28,9,2,322,265,275,309,320,-15,-9,-5,-2
10876,NNMT,57,29,2,0,61,28,7,4,322,204,265,313,318,-4,1,-5,-4
13551,RAB3IL1,63,29,8,4,84,46,13,5,322,175,247,301,313,-21,-17,-5,-1
5890,FPGT-TNNI3K,70,47,10,7,73,55,15,8,322,179,220,297,307,-3,-8,-5,-1
6902,H4C13,37,30,22,14,78,59,27,6,322,207,233,273,302,-41,-29,-5,8
7483,IFNA21,10,10,1,1,11,11,6,2,322,301,301,315,319,-1,-1,-5,-1
14514,SAMD10,55,32,10,5,94,56,15,10,322,173,234,297,307,-39,-24,-5,-5
17104,TMEM144,52,27,6,1,110,64,11,0,322,160,231,305,321,-58,-37,-5,1
10139,MSC,55,37,3,0,73,47,8,3,322,194,238,311,319,-18,-10,-5,-3
10387,MYO1H,34,24,9,2,55,40,14,6,322,233,258,299,314,-21,-16,-5,-4
11007,NPY4R2,42,32,13,7,42,33,18,14,322,238,257,291,301,0,-1,-5,-7
17429,TOM1L2,53,24,11,7,119,71,16,1,322,150,227,295,314,-66,-47,-5,6
12098,PCYOX1L,44,27,6,2,119,76,11,3,322,159,219,305,317,-75,-49,-5,-1
866,APOBEC3H,65,43,15,4,81,59,20,6,322,176,220,287,312,-16,-16,-5,-2
9664,MEDAG,41,21,4,1,65,43,9,0,322,216,258,309,321,-24,-22,-5,1
7983,IQSEC3,38,21,2,1,32,21,7,2,322,252,280,313,319,6,0,-5,-1
15037,SIGLEC7,16,11,0,0,21,19,5,0,322,285,292,317,322,-5,-8,-5,0
18855,XXYLT1,40,22,10,6,150,95,15,2,322,132,205,297,314,-110,-73,-5,4
10174,MT-CO3,52,32,10,5,107,58,15,4,322,163,232,297,313,-55,-26,-5,1
17435,TOMM40L,38,18,5,2,98,52,10,0,322,186,252,307,320,-60,-34,-5,2
3816,CTTNBP2,69,42,9,2,93,59,14,3,322,160,221,299,317,-24,-17,-5,-1
2621,CD58,40,22,4,1,130,69,9,3,322,152,231,309,318,-90,-47,-5,-2
234,ACVR1,55,30,7,2,103,63,12,4,322,164,229,303,316,-48,-33,-5,-2
9673,MEGF8,46,33,17,6,123,70,22,8,322,153,219,283,308,-77,-37,-5,-2
13601,RAD21L1,75,50,13,5,73,47,18,6,322,174,225,291,311,2,3,-5,-1
8730,KTI12,70,45,6,2,70,44,11,1,322,182,233,305,319,0,1,-5,1
8729,KSR2,33,10,0,0,53,26,5,2,322,236,286,317,320,-20,-16,-5,-2
2300,CBX7,46,32,5,3,118,76,10,2,322,158,214,307,317,-72,-44,-5,1
12445,PIP4P2,62,35,5,3,72,39,10,3,322,188,248,307,316,-10,-4,-5,0
15765,SOX13,46,23,6,0,81,48,11,4,322,195,251,305,318,-35,-25,-5,-4
11051,NRGN,54,29,8,4,58,33,13,6,322,210,260,301,312,-4,-4,-5,-2
17660,TRAV8-2,6,6,2,1,14,12,7,2,322,302,304,313,319,-8,-6,-5,-1
7156,HMGCLL1,25,13,0,0,46,32,5,1,322,251,277,317,321,-21,-19,-5,-1
16741,TENM4,61,32,12,7,70,44,17,8,322,191,246,293,307,-9,-12,-5,-1
12242,PEX3,53,24,5,1,80,45,10,1,322,189,253,307,320,-27,-21,-5,0
1258,ATP4A,40,26,3,1,47,36,8,0,322,235,260,311,321,-7,-10,-5,1
13203,PRRX2,52,38,8,2,54,27,13,1,322,216,257,301,319,-2,11,-5,1
10012,MRGPRF,32,17,4,0,64,32,9,2,322,226,273,309,320,-32,-15,-5,-2
417,AGAP6,86,50,9,4,78,54,14,2,322,158,218,299,316,8,-4,-5,2
2350,CCDC153,78,57,8,4,91,55,13,0,322,153,210,301,318,-13,2,-5,4
4740,EDIL3,29,12,3,0,70,33,8,1,322,223,277,311,321,-41,-21,-5,-1
2457,CCER2,76,57,25,7,105,81,30,4,322,141,184,267,311,-29,-24,-5,3
14096,RNF113B,26,22,4,1,24,21,9,4,322,272,279,309,317,2,1,-5,-3
19140,ZNF133,50,33,10,5,101,63,15,2,322,171,226,297,315,-51,-30,-5,3
10644,NECAB1,57,31,8,3,68,41,13,7,322,197,250,301,312,-11,-10,-5,-4
17701,TRBV20OR9-2,34,32,27,10,43,38,32,10,322,245,252,263,302,-9,-6,-5,0
13220,PRSS48,36,34,3,0,20,18,8,5,322,266,270,311,317,16,16,-5,-5
3918,CYP24A1,75,45,4,1,76,53,9,2,322,171,224,309,319,-1,-8,-5,-1
17803,TRIM38,38,18,1,0,63,34,6,0,322,221,270,315,322,-25,-16,-5,0
6557,GPR150,46,26,0,0,32,24,5,1,322,244,272,317,321,14,2,-5,-1
16086,SSTR1,32,18,1,0,43,28,6,0,322,247,276,315,322,-11,-10,-5,0
4727,EDA,49,21,3,1,91,59,8,2,322,182,242,311,319,-42,-38,-5,-1
17800,TRIM35,42,22,9,4,84,45,14,0,322,196,255,299,318,-42,-23,-5,4
19540,ZNF723,49,30,3,0,90,55,8,1,322,183,237,311,321,-41,-25,-5,-1
11999,PCDH18,66,40,3,2,57,27,8,0,322,199,255,311,320,9,13,-5,2
19195,ZNF229,53,30,3,3,57,33,8,1,322,212,259,311,318,-4,-3,-5,2
17645,TRAV29DV5,0,0,0,0,7,7,5,2,322,315,315,317,320,-7,-7,-5,-2
17662,TRAV8-4,4,3,3,0,9,8,8,4,322,309,311,311,318,-5,-5,-5,-4
17666,TRAV9-2,5,5,4,2,11,10,9,2,322,306,307,309,318,-6,-5,-5,0
12722,POGK,34,20,9,4,91,44,14,0,322,197,258,299,318,-57,-24,-5,4
4783,EFHB,81,53,3,1,76,40,8,2,322,165,229,311,319,5,13,-5,-1
9409,MANSC4,64,35,5,1,85,44,10,0,322,173,243,307,321,-21,-9,-5,1
11073,NSDHL,41,25,5,3,64,37,10,4,322,217,260,307,315,-23,-12,-5,-1
7724,IGLV3-16,2,2,2,2,7,7,7,5,322,313,313,313,315,-5,-5,-5,-3
5833,FOSL2,101,56,7,2,44,24,12,6,322,177,242,303,314,57,32,-5,-4
9341,MAGEA3,52,39,5,1,51,30,10,4,322,219,253,307,317,1,9,-5,-3
1573,BLOC1S4,41,24,6,3,113,75,11,0,322,168,223,305,319,-72,-51,-5,3
10820,NKX6-2,38,24,1,0,36,22,6,3,322,248,276,315,319,2,2,-5,-3
16566,TBC1D2,57,31,2,0,78,50,7,1,322,187,241,313,321,-21,-19,-5,-1
18554,VIPR1,52,31,7,1,113,68,12,1,322,157,223,303,320,-61,-37,-5,0
5978,FXYD4,31,27,10,5,36,32,15,2,322,255,263,297,315,-5,-5,-5,3
6811,GYPB,23,20,12,6,22,21,17,4,322,277,281,293,312,1,-1,-5,2
578,ALKBH2,41,23,9,5,74,41,14,7,322,207,258,299,310,-33,-18,-5,-2
5829,FOLR3,76,65,17,9,74,62,22,11,322,172,195,283,302,2,3,-5,-2
8311,KDELR3,51,24,5,1,84,50,10,5,322,187,248,307,316,-33,-26,-5,-4
15933,SPINT4,6,6,0,0,8,8,5,1,322,308,308,317,321,-2,-2,-5,-1
9380,MAK16,45,24,4,0,72,42,9,1,322,205,256,309,321,-27,-18,-5,-1
4774,EFCAB3,77,41,10,5,97,73,15,6,322,148,208,297,311,-20,-32,-5,-1
2870,CEP192,37,23,5,2,104,55,10,2,322,181,244,307,318,-67,-32,-5,0
9995,MPZ,86,41,2,0,63,36,7,3,322,173,245,313,319,23,5,-5,-3
15941,SPOCD1,84,51,8,2,95,63,13,8,322,143,208,301,312,-11,-12,-5,-6
15944,SPOCK3,63,40,11,5,74,50,16,2,322,185,232,295,315,-11,-10,-5,3
11901,PANK4,40,29,8,5,134,81,13,1,322,148,212,301,316,-94,-52,-5,4
2371,CCDC179,5,4,1,0,11,11,6,2,322,306,307,315,320,-6,-7,-5,-2
11789,OVCH2,37,27,0,0,49,37,5,0,322,236,258,317,322,-12,-10,-5,0
5477,FAM86B1,38,20,9,7,149,92,14,1,322,135,210,299,314,-111,-72,-5,6
15950,SPP1,78,53,7,2,67,51,12,2,322,177,218,303,318,11,2,-5,0
1648,BRCA1,56,24,2,1,51,26,7,2,322,215,272,313,319,5,-2,-5,-1
14168,RNF43,63,31,7,0,78,44,12,5,322,181,247,303,317,-15,-13,-5,-5
5984,FYB2,39,14,0,0,41,22,5,0,322,242,286,317,322,-2,-8,-5,0
13046,PRELID3A,59,26,4,4,108,60,9,5,322,155,236,309,313,-49,-34,-5,-1
19470,ZNF639,31,17,6,2,101,60,11,0,322,190,245,305,320,-70,-43,-5,2
10924,NOTCH2NLR,54,30,11,1,71,51,16,8,322,197,241,295,313,-17,-21,-5,-7
1516,BEND5,41,22,2,1,49,30,7,1,322,232,270,313,320,-8,-8,-5,0
4385,DMRTC1,9,9,4,2,18,17,9,8,322,295,296,309,312,-9,-8,-5,-6
9250,LY6G5B,46,27,6,3,125,84,11,4,322,151,211,305,315,-79,-57,-5,-1
2853,CENPVL2,27,15,0,0,30,22,5,0,322,265,285,317,322,-3,-7,-5,0
4803,EGFL7,45,30,13,6,87,48,18,7,322,190,244,291,309,-42,-18,-5,-1
6837,H2AC13,70,57,27,16,136,101,32,17,322,116,164,263,289,-66,-44,-5,-1
11284,OLFML1,60,27,2,1,59,34,7,1,322,203,261,313,320,1,-7,-5,0
1170,ASTE1,80,37,13,7,83,52,18,2,322,159,233,291,313,-3,-15,-5,5
15694,SNURF,50,43,18,12,80,59,23,10,322,192,220,281,300,-30,-16,-5,2
6624,GPRIN2,30,14,0,0,76,53,5,1,322,216,255,317,321,-46,-39,-5,-1
8400,KIF24,39,21,4,0,70,44,9,0,322,213,257,309,322,-31,-23,-5,0
14294,RPRML,72,53,20,3,74,61,25,8,322,176,208,277,311,-2,-8,-5,-5
15690,SNTG2,59,40,3,1,66,51,8,1,322,197,231,311,320,-7,-11,-5,0
17629,TRAV13-2,5,5,5,2,11,11,10,5,322,306,306,307,315,-6,-6,-5,-3
10070,MRPL46,39,21,7,5,77,54,12,0,322,206,247,303,317,-38,-33,-5,5
3232,CLIC6,39,14,2,0,40,17,7,1,322,243,291,313,321,-1,-3,-5,-1
6838,H2AC14,79,57,29,22,129,101,34,13,322,114,164,259,287,-50,-44,-5,9
4826,EID2,47,22,3,2,96,60,8,1,322,179,240,311,319,-49,-38,-5,1
9263,LY9,45,19,1,0,51,37,6,0,322,226,266,315,322,-6,-18,-5,0
13035,PRDM8,70,35,5,1,75,36,10,1,322,177,251,307,320,-5,-1,-5,0
19474,ZNF648,23,11,0,0,51,33,5,0,322,248,278,317,322,-28,-22,-5,0
15640,SMYD5,39,22,8,4,89,58,13,5,322,194,242,301,313,-50,-36,-5,-1
16619,TBRG4,40,22,8,5,92,62,13,1,322,190,238,301,316,-52,-40,-5,4
4819,EHD4,28,13,2,1,92,51,7,1,322,202,258,313,320,-64,-38,-5,0
14289,RPP40,58,32,6,2,46,31,11,1,322,218,259,305,319,12,1,-5,1
3913,CYP1A1,60,33,5,0,90,63,10,2,322,172,226,307,320,-30,-30,-5,-2
7630,IGHV4-4,3,3,3,1,9,9,8,3,322,310,310,311,318,-6,-6,-5,-2
16582,TBC1D3C,12,11,3,1,18,15,8,5,322,292,296,311,316,-6,-4,-5,-4
15711,SNX24,44,26,8,1,90,64,13,2,322,188,232,301,319,-46,-38,-5,-1
2413,CCDC57,67,45,16,6,85,52,21,5,322,170,225,285,311,-18,-7,-5,1
16062,SRXN1,36,24,5,2,105,54,10,5,322,181,244,307,315,-69,-30,-5,-3
8421,KIFC1,37,20,6,3,99,59,11,7,322,186,243,305,312,-62,-39,-5,-4
12143,PDE8B,70,44,8,1,91,55,14,3,322,161,223,300,318,-21,-11,-6,-2
11426,OR2A7,24,17,2,1,61,45,8,2,322,237,260,312,319,-37,-28,-6,-1
6708,GRWD1,40,25,8,2,102,61,14,3,322,180,236,300,317,-62,-36,-6,-1
11967,PAX8,57,41,9,2,106,70,15,4,322,159,211,298,316,-49,-29,-6,-2
448,AGTR1,21,12,1,0,79,58,7,0,322,222,252,314,322,-58,-46,-6,0
16590,TBC1D3L,71,48,15,6,77,53,21,12,322,174,221,286,304,-6,-5,-6,-6
1908,C1QTNF5,37,31,10,4,66,51,16,5,322,219,240,296,313,-29,-20,-6,-1
8992,LIPT1,70,40,6,2,113,69,12,4,322,139,213,304,316,-43,-29,-6,-2
5568,FBXL6,54,30,7,2,63,35,13,6,322,205,257,302,314,-9,-5,-6,-4
14836,SERPINB8,53,26,2,1,89,51,8,3,322,180,245,312,318,-36,-25,-6,-2
17205,TMEM244,40,36,21,10,44,40,27,11,322,238,246,274,301,-4,-4,-6,-1
274,ADAMTS14,38,13,0,0,63,42,6,1,322,221,267,316,321,-25,-29,-6,-1
11867,PAGE1,38,29,5,2,40,36,11,4,322,244,257,306,316,-2,-7,-6,-2
18255,UBXN10,25,8,0,0,30,22,6,1,322,267,292,316,321,-5,-14,-6,-1
3528,CPAMD8,60,40,5,1,95,57,11,3,322,167,225,306,318,-35,-17,-6,-2
4041,DCAF4,30,21,5,3,131,90,11,0,322,161,211,306,319,-101,-69,-6,3
15129,SLC15A4,39,18,3,2,109,61,9,0,322,174,243,310,320,-70,-43,-6,2
6327,GLI3,53,35,11,7,84,65,17,0,322,185,222,294,315,-31,-30,-6,7
12228,PET100,55,37,11,8,76,38,17,7,322,191,247,294,307,-21,-1,-6,1
1891,C1orf74,45,23,1,0,97,50,7,0,322,180,249,314,322,-52,-27,-6,0
6851,H2AL1RP,21,19,5,2,35,34,11,1,322,266,269,306,319,-14,-15,-6,1
3413,COL4A1,65,45,12,5,87,65,18,10,322,170,212,292,307,-22,-20,-6,-5
15112,SLC12A3,68,37,0,0,48,27,6,0,322,206,258,316,322,20,10,-6,0
5732,FIBCD1,57,32,3,1,51,32,9,0,322,214,258,310,321,6,0,-6,1
5127,ERVMER34-1,50,28,2,0,79,45,8,0,322,193,249,312,322,-29,-17,-6,0
2551,CCT6B,53,35,6,2,119,79,12,2,322,150,208,304,318,-66,-44,-6,0
6710,GRXCR2,44,32,3,1,50,38,9,3,322,228,252,310,318,-6,-6,-6,-2
7456,IFI16,50,26,4,2,94,53,10,4,322,178,243,308,316,-44,-27,-6,-2
12256,PFKFB2,44,32,8,2,99,60,14,2,322,179,230,300,318,-55,-28,-6,0
18834,XPA,40,26,4,2,100,55,10,0,322,182,241,308,320,-60,-29,-6,2
11005,NPY2R,11,4,0,0,15,10,6,3,322,296,308,316,319,-4,-6,-6,-3
6118,GASK1A,31,22,4,1,88,54,10,2,322,203,246,308,319,-57,-32,-6,-1
19198,ZNF232,60,25,6,3,77,60,12,1,322,185,237,304,318,-17,-35,-6,2
14852,SERTAD4,43,25,6,1,89,61,12,0,322,190,236,304,321,-46,-36,-6,1
5588,FBXO34,40,20,4,1,132,68,10,0,322,150,234,308,321,-92,-48,-6,1
280,ADAMTS2,56,30,3,1,89,58,9,3,322,177,234,310,318,-33,-28,-6,-2
7405,HYAL3,60,38,8,2,106,64,14,7,322,156,220,300,313,-46,-26,-6,-5
7972,IQCH,63,38,7,1,112,70,13,5,322,147,214,302,316,-49,-32,-6,-4
13682,RASA3,30,20,6,2,113,71,12,2,322,179,231,304,318,-83,-51,-6,0
6360,GLUD2,63,29,3,0,74,38,9,3,322,185,255,310,319,-11,-9,-6,-3
4197,DEFB131B,4,3,3,3,12,12,9,9,322,306,307,310,310,-8,-9,-6,-6
18945,ZBTB39,38,21,8,1,81,53,14,1,322,203,248,300,320,-43,-32,-6,0
7290,HROB,40,22,9,2,108,62,15,5,322,174,238,298,315,-68,-40,-6,-3
5459,FAM72A,85,48,5,1,64,34,11,2,322,173,240,306,319,21,14,-6,-1
17767,TRGV5,36,32,19,7,50,43,25,5,322,236,247,278,310,-14,-11,-6,2
4930,ELP3,47,29,6,3,82,46,12,0,322,193,247,304,319,-35,-17,-6,3
3572,CPT2,35,18,6,4,118,65,12,2,322,169,239,304,316,-83,-47,-6,2
2517,CCNJ,39,18,6,0,101,53,12,0,322,182,251,304,322,-62,-35,-6,0
13670,RAPGEFL1,47,35,14,4,132,85,20,4,322,143,202,288,314,-85,-50,-6,0
5875,FOXO3B,68,40,10,3,105,69,16,3,322,149,213,296,316,-37,-29,-6,0
2846,CENPP,48,27,5,2,89,47,11,5,322,185,248,306,315,-41,-20,-6,-3
1519,BEST1,99,63,7,2,74,44,13,4,322,149,215,302,316,25,19,-6,-2
1980,C4BPA,59,34,14,7,51,40,20,2,322,212,248,288,313,8,-6,-6,5
10724,NFE2L3,62,47,14,8,121,81,20,6,322,139,194,288,308,-59,-34,-6,2
6695,GRM3,19,9,3,1,31,22,9,1,322,272,291,310,320,-12,-13,-6,0
11880,PAK1IP1,50,34,4,2,90,63,10,1,322,182,225,308,319,-40,-29,-6,1
16369,SYNC,55,26,3,2,116,68,9,0,322,151,228,310,320,-61,-42,-6,2
1952,C2orf69,50,28,5,0,92,58,11,0,322,180,236,306,322,-42,-30,-6,0
14855,SESN1,55,28,7,1,111,55,13,3,322,156,239,302,318,-56,-27,-6,-2
10409,MYOZ1,60,50,9,5,81,63,15,5,322,181,209,298,312,-21,-13,-6,0
10935,NOXA1,53,39,8,4,121,83,14,2,322,148,200,300,316,-68,-44,-6,2
17794,TRIM29,52,33,4,0,87,55,10,2,322,183,234,308,320,-35,-22,-6,-2
2617,CD5,27,16,3,0,42,23,9,3,322,253,283,310,319,-15,-7,-6,-3
19238,ZNF296,62,43,14,5,99,78,20,4,322,161,201,288,313,-37,-35,-6,1
3552,CPNE5,67,39,11,5,88,70,17,4,322,167,213,294,313,-21,-31,-6,1
7124,HLA-DOB,69,52,6,1,94,68,12,0,322,159,202,304,321,-25,-16,-6,1
16635,TBXT,22,15,0,0,24,17,6,3,322,276,290,316,319,-2,-2,-6,-3
474,AIM2,32,25,4,0,50,32,10,3,322,240,265,308,319,-18,-7,-6,-3
15023,SIAH1,61,29,5,1,71,43,11,0,322,190,250,306,321,-10,-14,-6,1
13620,RAET1E,70,35,0,0,67,35,6,1,322,185,252,316,321,3,0,-6,-1
18866,YBX2,54,35,3,3,47,34,9,2,322,221,253,310,317,7,1,-6,1
7878,INCENP,44,24,9,2,95,51,15,0,322,183,247,298,320,-51,-27,-6,2
9508,MARS2,51,29,7,4,124,74,13,2,322,147,219,302,316,-73,-45,-6,2
18870,YEATS4,33,21,5,2,115,67,11,0,322,174,234,306,320,-82,-46,-6,2
1533,BGLAP,64,55,41,20,66,57,47,26,322,192,210,234,276,-2,-2,-6,-6
12526,PLAC1,95,71,12,4,67,42,18,5,322,160,209,292,313,28,29,-6,-1
10190,MT1M,50,44,31,23,48,43,37,18,322,224,235,254,281,2,1,-6,5
7499,IFNL3,31,30,7,0,30,28,13,6,322,261,264,302,316,1,2,-6,-6
7839,IL37,49,39,17,3,74,58,23,6,322,199,225,282,313,-25,-19,-6,-3
7728,IGLV3-25,6,5,5,3,13,11,11,3,322,303,306,306,316,-7,-6,-6,0
1766,C11orf87,15,6,1,0,20,13,7,2,322,287,303,314,320,-5,-7,-6,-2
4636,DUSP29,12,10,2,0,17,15,8,3,322,293,297,312,319,-5,-5,-6,-3
13363,PTH,10,10,1,0,17,17,7,2,322,295,295,314,320,-7,-7,-6,-2
3027,CHKB,52,32,8,1,76,43,14,5,322,194,247,300,316,-24,-11,-6,-4
605,ALX4,44,21,4,0,69,38,10,2,322,209,263,308,320,-25,-17,-6,-2
9833,MIP,40,26,4,2,32,26,10,2,322,250,270,308,318,8,0,-6,0
4953,EMILIN3,25,17,1,0,50,26,7,3,322,247,279,314,319,-25,-9,-6,-3
2484,CCL3L3,26,18,7,3,51,45,13,7,322,245,259,302,312,-25,-27,-6,-4
5324,FAM151A,45,24,2,0,55,32,8,1,322,222,266,312,321,-10,-8,-6,-1
8553,KNSTRN,40,25,6,3,83,53,12,2,322,199,244,304,317,-43,-28,-6,1
9170,LRRC75B,68,46,12,7,105,74,18,4,322,149,202,292,311,-37,-28,-6,3
14392,RSPO3,42,28,2,0,46,29,8,1,322,234,265,312,321,-4,-1,-6,-1
1103,ARTN,79,56,24,7,111,74,30,14,322,132,192,268,301,-32,-18,-6,-7
7237,HOXB7,51,23,4,2,50,28,10,7,322,221,271,308,313,1,-5,-6,-5
1647,BRAT1,36,21,11,6,105,66,17,5,322,181,235,294,311,-69,-45,-6,1
18964,ZBTB8OS,64,39,3,2,56,30,9,5,322,202,253,310,315,8,9,-6,-3
18714,WDR6,30,19,7,5,152,88,13,1,322,140,215,302,316,-122,-69,-6,4
17530,TRAF1,56,29,2,0,79,46,8,2,322,187,247,312,320,-23,-17,-6,-2
18326,UMPS,63,39,17,9,113,76,23,8,322,146,207,282,305,-50,-37,-6,1
2939,CFAP57,81,57,14,2,106,74,20,4,322,135,191,288,316,-25,-17,-6,-2
5436,FAM3B,35,31,5,0,52,41,11,4,322,235,250,306,318,-17,-10,-6,-4
13433,PUM3,51,31,6,0,73,45,12,4,322,198,246,304,318,-22,-14,-6,-4
13223,PRSS53,69,49,23,18,90,68,29,22,322,163,205,270,282,-21,-19,-6,-4
17688,TRBV11-3,18,18,16,10,26,22,22,15,322,278,282,284,297,-8,-4,-6,-5
7912,INS,9,9,7,4,14,13,13,5,322,299,300,302,313,-5,-4,-6,-1
10787,NIPSNAP2,43,29,8,4,91,60,14,1,322,188,233,300,317,-48,-31,-6,3
2538,CCR7,38,28,7,1,89,54,13,5,322,195,240,302,316,-51,-26,-6,-4
788,ANXA8,67,45,7,0,83,50,13,6,322,172,227,302,316,-16,-5,-6,-6
16198,STK32A,54,23,2,0,61,36,8,0,322,207,263,312,322,-7,-13,-6,0
12840,PPAN,36,17,5,3,123,74,11,1,322,163,231,306,318,-87,-57,-6,2
12841,PPAN-P2RY11,51,31,12,3,86,52,18,3,322,185,239,292,316,-35,-21,-6,0
16538,TAS2R50,69,51,7,4,59,48,13,4,322,194,223,302,314,10,3,-6,0
16841,TGFBR1,38,21,6,2,149,88,12,0,322,135,213,304,320,-111,-67,-6,2
10300,MVB12B,43,23,4,3,106,50,10,2,322,173,249,308,317,-63,-27,-6,1
3686,CSF3R,36,22,4,0,39,29,10,2,322,247,271,308,320,-3,-7,-6,-2
5990,FZD2,37,22,7,3,95,57,13,1,322,190,243,302,318,-58,-35,-6,2
11271,OGFR,31,18,7,5,123,70,13,5,322,168,234,302,312,-92,-52,-6,0
16556,TBC1D10A,45,28,8,4,109,63,14,4,322,168,231,300,314,-64,-35,-6,0
6896,H3Y1,27,22,1,0,36,33,7,1,322,259,267,314,321,-9,-11,-6,-1
13322,PSTK,54,26,3,0,75,46,9,3,322,193,250,310,319,-21,-20,-6,-3
1139,ASCL5,65,39,6,1,69,49,12,2,322,188,234,304,319,-4,-10,-6,-1
6728,GSPT2,47,16,3,1,95,51,9,5,322,180,255,310,316,-48,-35,-6,-4
9877,MMAA,47,21,4,0,99,56,10,4,322,176,245,308,318,-52,-35,-6,-4
7224,HOXA3,62,40,9,2,96,69,15,8,322,164,213,298,312,-34,-29,-6,-6
5653,FDXACB1,47,28,3,0,114,63,9,2,322,161,231,310,320,-67,-35,-6,-2
11820,P2RY2,65,35,4,1,72,38,10,1,322,185,249,308,320,-7,-3,-6,0
16788,TEX36,42,37,12,3,49,42,18,7,322,231,243,292,312,-7,-5,-6,-4
19101,ZKSCAN2,40,24,6,2,100,61,12,1,322,182,237,304,319,-60,-37,-6,1
16154,STARD4,39,21,4,0,80,45,10,2,322,203,256,308,320,-41,-24,-6,-2
2884,CEP68,33,25,6,3,119,66,12,0,322,170,231,304,319,-86,-41,-6,3
11221,NXT1,55,27,6,2,79,47,12,3,322,188,248,304,317,-24,-20,-6,-1
16887,THNSL1,46,22,3,0,86,46,9,1,322,190,254,310,321,-40,-24,-6,-1
18449,USP41,28,27,4,2,31,28,10,3,322,263,267,308,317,-3,-1,-6,-1
17520,TPTE2,80,49,7,2,86,63,13,5,322,156,210,302,315,-6,-14,-6,-3
210,ACTL10,68,49,17,5,102,79,23,9,322,152,194,282,308,-34,-30,-6,-4
9115,LRRC18,27,14,1,0,25,17,7,3,322,270,291,314,319,2,-3,-6,-3
16331,SUSD4,54,28,3,2,95,58,9,1,322,173,236,310,319,-41,-30,-6,1
12603,PLGRKT,41,30,7,4,75,45,13,3,322,206,247,302,315,-34,-15,-6,1
12591,PLEKHJ1,40,20,2,1,82,50,8,2,322,200,252,312,319,-42,-30,-6,-1
519,AKR1C3,55,36,8,0,92,70,14,4,322,175,216,300,318,-37,-34,-6,-4
6243,GGT2,73,47,4,0,82,50,10,1,322,167,225,308,321,-9,-3,-6,-1
14764,SEMA4C,46,27,11,4,117,73,17,3,322,159,222,294,315,-71,-46,-6,1
6868,H2BC4,47,32,10,7,132,87,16,9,322,143,203,296,306,-85,-55,-6,-2
16237,STRIP1,31,21,9,5,153,87,15,1,322,138,214,298,316,-122,-66,-6,4
13177,PRR29,68,48,6,1,77,48,12,2,322,177,226,304,319,-9,0,-6,-1
2534,CCR3,43,28,1,1,49,30,7,3,322,230,264,314,318,-6,-2,-6,-2
15226,SLC25A32,43,23,4,2,114,74,10,2,322,165,225,308,318,-71,-51,-6,0
19276,ZNF362,38,21,5,3,111,60,11,5,322,173,241,306,314,-73,-39,-6,-2
13526,RAB26,66,43,15,7,112,78,21,12,322,144,201,286,303,-46,-35,-6,-5
5302,FAM120B,50,29,6,1,148,86,12,4,322,124,207,304,317,-98,-57,-6,-3
14040,RIPK3,24,17,7,3,42,32,13,4,322,256,273,302,315,-18,-15,-6,-1
4778,EFCAB8,46,31,13,4,67,45,19,6,322,209,246,290,312,-21,-14,-6,-2
2656,CDC20,38,21,8,6,89,55,14,3,322,195,246,300,313,-51,-34,-6,3
11764,OTOG,14,6,3,2,20,15,9,4,322,288,301,310,316,-6,-9,-6,-2
15880,SPDYE13,19,17,9,4,25,24,15,3,322,278,281,298,315,-6,-7,-6,1
16495,TAMM41,44,26,6,4,77,42,12,3,322,201,254,304,315,-33,-16,-6,1
14041,RIPK4,70,35,7,0,52,32,13,2,322,200,255,302,320,18,3,-6,-2
19228,ZNF280C,58,32,3,0,72,44,9,2,322,192,246,310,320,-14,-12,-6,-2
7069,HGF,37,18,3,1,38,31,9,3,322,247,273,310,318,-1,-13,-6,-2
13556,RAB40C,40,29,8,5,117,64,14,1,322,165,229,300,316,-77,-35,-6,4
2649,CDADC1,60,35,7,2,82,52,13,3,322,180,235,302,317,-22,-17,-6,-1
4052,DCBLD1,34,17,3,0,123,82,9,0,322,165,223,310,322,-89,-65,-6,0
9313,MACIR,40,22,6,2,109,61,12,2,322,173,239,304,318,-69,-39,-6,0
17780,TRIM13,47,25,4,1,92,52,10,0,322,183,245,308,321,-45,-27,-6,1
17005,TLX1,40,19,3,1,59,39,9,6,322,223,264,310,315,-19,-20,-6,-5
12732,POLD3,62,40,7,5,99,56,13,2,322,161,226,302,315,-37,-16,-6,3
1812,C16orf86,73,53,15,5,97,77,21,5,322,152,192,286,312,-24,-24,-6,0
7328,HSF2BP,62,32,4,0,81,43,10,2,322,179,247,308,320,-19,-11,-6,-2
2682,CDC7,39,18,4,2,99,55,10,1,322,184,249,308,319,-60,-37,-6,1
9488,MARCHF10,77,55,14,7,90,61,20,3,322,155,206,288,312,-13,-6,-6,4
13016,PRB3,27,23,1,0,67,48,7,1,322,228,251,314,321,-40,-25,-6,-1
332,ADGRE5,41,22,6,3,94,51,12,2,322,187,249,304,317,-53,-29,-6,1
16980,TLDC2,63,44,10,5,67,46,16,6,322,192,232,296,311,-4,-2,-6,-1
13768,RBM44,57,29,2,1,76,34,8,0,322,189,259,312,321,-19,-5,-6,1
11516,OR4F29,25,23,11,5,36,35,17,12,322,261,264,294,305,-11,-12,-6,-7
12737,POLE2,35,22,7,1,95,61,13,3,322,192,239,302,318,-60,-39,-6,-2
19061,ZFP69,52,23,5,0,79,50,11,0,322,191,249,306,322,-27,-27,-6,0
8624,KRT81,59,26,4,0,51,29,10,0,322,212,267,308,322,8,-3,-6,0
5826,FOLH1,36,23,9,2,55,38,15,4,322,231,261,298,316,-19,-15,-6,-2
1192,ATF5,53,32,10,7,127,69,16,12,322,142,221,296,303,-74,-37,-6,-5
3764,CTAGE8,54,43,17,3,67,54,23,5,322,201,225,282,314,-13,-11,-6,-2
18451,USP43,47,22,3,0,78,52,9,0,322,197,248,310,322,-31,-30,-6,0
18346,UNG,37,17,3,2,100,56,9,1,322,185,249,310,319,-63,-39,-6,1
4441,DNAJC17,55,27,7,4,94,61,13,1,322,173,234,302,317,-39,-34,-6,3
6185,GDF10,34,14,0,0,34,24,6,3,322,254,284,316,319,0,-10,-6,-3
1078,ARPIN-AP3S2,49,36,15,7,56,45,21,9,322,217,241,286,306,-7,-9,-6,-2
14705,SEC14L2,51,30,13,6,105,74,20,4,322,166,218,289,312,-54,-44,-7,2
14684,SDHAF1,41,24,8,3,116,74,15,5,322,165,224,299,314,-75,-50,-7,-2
2103,CACNA2D4,73,46,6,1,78,52,13,2,322,171,224,303,319,-5,-6,-7,-1
9566,MC4R,28,12,1,0,64,47,8,1,322,230,263,313,321,-36,-35,-7,-1
11192,NUPR2,66,42,22,8,96,73,29,12,322,160,207,271,302,-30,-31,-7,-4
4503,DOK1,46,30,7,4,111,64,14,1,322,165,228,301,317,-65,-34,-7,3
3140,CKLF,49,31,5,2,51,34,12,8,322,222,257,305,312,-2,-3,-7,-6
9551,MBLAC2,30,16,2,0,121,68,9,0,322,171,238,311,322,-91,-52,-7,0
16348,SWSAP1,44,28,8,2,120,74,15,3,322,158,220,299,317,-76,-46,-7,-1
19165,ZNF181,43,24,5,3,117,64,12,2,322,162,234,305,317,-74,-40,-7,1
17768,TRGV8,24,23,21,4,37,32,28,7,322,261,267,273,311,-13,-9,-7,-3
10721,NFE2,70,52,13,8,108,81,20,4,322,144,189,289,310,-38,-29,-7,4
10862,NMI,43,22,2,1,76,47,9,1,322,203,253,311,320,-33,-25,-7,0
11515,OR4F21,49,43,16,6,56,49,23,10,322,217,230,283,306,-7,-6,-7,-4
14454,RWDD3,42,24,8,2,99,66,15,5,322,181,232,299,315,-57,-42,-7,-3
202,ACSS3,40,21,6,2,72,45,13,3,322,210,256,303,317,-32,-24,-7,-1
19370,ZNF517,56,29,5,3,107,51,12,3,322,159,242,305,316,-51,-22,-7,0
17529,TRADD,50,31,4,1,82,47,11,6,322,190,244,307,315,-32,-16,-7,-5
10585,NDP,30,16,5,3,61,41,12,2,322,231,265,305,317,-31,-25,-7,1
19155,ZNF16,54,34,7,3,82,42,14,4,322,186,246,301,315,-28,-8,-7,-1
5246,F3,54,33,9,5,115,73,16,0,322,153,216,297,317,-61,-40,-7,5
1334,ATXN7L2,40,25,6,1,108,65,13,6,322,174,232,303,315,-68,-40,-7,-5
10685,NEMP2,70,35,3,0,82,51,10,3,322,170,236,309,319,-12,-16,-7,-3
2318,CCDC110,89,56,14,4,87,65,21,5,322,146,201,287,313,2,-9,-7,-1
2295,CBX2,35,23,9,5,126,83,16,0,322,161,216,297,317,-91,-60,-7,5
9455,MAP6D1,48,30,14,7,123,70,21,8,322,151,222,287,307,-75,-40,-7,-1
9120,LRRC24,71,46,8,0,103,65,15,5,322,148,211,299,317,-32,-19,-7,-5
2443,CCDC87,76,44,2,0,89,61,9,3,322,157,217,311,319,-13,-17,-7,-3
8967,LIN7B,54,31,5,2,92,66,12,5,322,176,225,305,315,-38,-35,-7,-3
17416,TNS1,60,33,11,4,101,68,18,3,322,161,221,293,315,-41,-35,-7,1
1376,B3GNT10,39,25,8,3,125,73,15,3,322,158,224,299,316,-86,-48,-7,0
13824,RCSD1,43,20,0,0,62,23,7,2,322,217,279,315,320,-19,-3,-7,-2
5279,FAHD2B,39,26,8,3,94,54,15,5,322,189,242,299,314,-55,-28,-7,-2
7298,HS3ST5,39,18,3,1,56,30,10,3,322,227,274,309,318,-17,-12,-7,-2
19196,ZNF23,102,51,4,0,49,29,11,2,322,171,242,307,320,53,22,-7,-2
2146,CALML4,63,40,10,3,84,58,17,8,322,175,224,295,311,-21,-18,-7,-5
108,ABO,80,53,23,18,84,66,30,14,322,158,203,269,290,-4,-13,-7,4
9326,MAEL,56,35,2,1,50,37,9,1,322,216,250,311,320,6,-2,-7,0
6170,GCNT1,67,25,4,1,81,44,11,6,322,174,253,307,315,-14,-19,-7,-5
12255,PFKFB1,72,44,4,0,85,55,11,3,322,165,223,307,319,-13,-11,-7,-3
14051,RLBP1,28,20,6,2,47,36,13,4,322,247,266,303,316,-19,-16,-7,-2
7264,HPDL,36,23,9,4,91,67,16,7,322,195,232,297,311,-55,-44,-7,-3
4451,DNAJC28,71,31,4,1,115,69,11,4,322,136,222,307,317,-44,-38,-7,-3
2933,CFAP45,53,33,8,4,120,81,15,2,322,149,208,299,316,-67,-48,-7,2
7749,IGSF23,55,52,18,5,56,48,25,10,322,211,222,279,307,-1,4,-7,-5
1342,AURKB,30,21,8,4,91,60,15,3,322,201,241,299,315,-61,-39,-7,1
10334,MYEOV,61,31,4,0,107,55,11,1,322,154,236,307,321,-46,-24,-7,-1
15272,SLC2A1,48,29,12,4,111,71,19,5,322,163,222,291,313,-63,-42,-7,-1
15830,SPATA12,50,28,3,1,91,53,10,4,322,181,241,309,317,-41,-25,-7,-3
10776,NINJ2,62,50,11,5,71,53,18,7,322,189,219,293,310,-9,-3,-7,-2
8030,ISOC2,41,28,8,4,83,45,15,6,322,198,249,299,312,-42,-17,-7,-2
13442,PUSL1,43,27,6,1,88,49,13,6,322,191,246,303,315,-45,-22,-7,-5
5998,FZR1,35,20,9,7,116,61,16,2,322,171,241,297,313,-81,-41,-7,5
16699,TDO2,44,25,6,2,76,52,13,1,322,202,245,303,319,-32,-27,-7,1
16976,TLCD3B,88,58,11,2,99,73,18,5,322,135,191,293,315,-11,-15,-7,-3
9762,MFSD6L,13,4,0,0,33,24,7,2,322,276,294,315,320,-20,-20,-7,-2
9760,MFSD5,42,19,6,3,130,76,13,2,322,150,227,303,317,-88,-57,-7,1
15321,SLC35E4,42,22,6,1,103,59,13,3,322,177,241,303,318,-61,-37,-7,-2
9739,MFAP4,38,25,5,1,77,47,12,7,322,207,250,305,314,-39,-22,-7,-6
6953,HAUS7,37,23,8,3,78,50,15,10,322,207,249,299,309,-41,-27,-7,-7
10244,MTNR1B,17,14,5,5,23,20,12,6,322,282,288,305,311,-6,-6,-7,-1
18339,UNC5CL,46,22,3,0,101,61,10,0,322,175,239,309,322,-55,-39,-7,0
15931,SPINT2,68,53,21,5,93,73,28,16,322,161,196,273,301,-25,-20,-7,-11
6960,HBB,42,37,12,4,41,38,19,10,322,239,247,291,308,1,-1,-7,-6
16660,TCF19,29,13,4,1,78,41,11,0,322,215,268,307,321,-49,-28,-7,1
437,AGPAT2,43,17,4,1,80,37,11,7,322,199,268,307,314,-37,-20,-7,-6
1563,BLACAT1,43,29,5,3,94,61,12,1,322,185,232,305,318,-51,-32,-7,2
18047,TTK,64,41,10,3,115,65,17,6,322,143,216,295,313,-51,-24,-7,-3
1562,BIVM-ERCC5,66,55,31,17,69,60,38,26,322,187,207,253,279,-3,-5,-7,-9
7629,IGHV4-39,19,14,9,2,20,19,16,7,322,283,289,297,313,-1,-5,-7,-5
15172,SLC22A11,35,27,3,0,53,32,10,3,322,234,263,309,319,-18,-5,-7,-3
13557,RAB41,34,32,10,6,42,35,17,5,322,246,255,295,311,-8,-3,-7,1
18293,UGT1A6,20,17,4,1,38,31,11,5,322,264,274,307,316,-18,-14,-7,-4
8700,KRTAP4-9,34,30,5,3,34,33,12,2,322,254,259,305,317,0,-3,-7,1
15141,SLC16A6,49,30,7,2,157,102,14,5,322,116,190,301,315,-108,-72,-7,-3
1225,ATOH7,78,48,5,1,83,62,12,1,322,161,212,305,320,-5,-14,-7,0
12743,POLI,59,21,4,3,92,54,11,2,322,171,247,307,317,-33,-33,-7,1
19554,ZNF746,47,25,8,3,82,54,15,3,322,193,243,299,316,-35,-29,-7,0
6660,GRHL3,62,38,5,1,90,61,12,2,322,170,223,305,319,-28,-23,-7,-1
11754,OSR1,60,30,4,0,80,38,11,3,322,182,254,307,319,-20,-8,-7,-3
9907,MMP7,35,26,5,0,36,29,12,7,322,251,267,305,315,-1,-3,-7,-7
8477,KLHL13,48,31,10,6,81,47,17,8,322,193,244,295,308,-33,-16,-7,-2
2767,CDKN3,45,26,9,3,85,52,16,3,322,192,244,297,316,-40,-26,-7,0
10307,MXD3,38,25,9,6,127,75,16,4,322,157,222,297,312,-89,-50,-7,2
10802,NKG7,33,28,9,3,31,25,16,3,322,258,269,297,316,2,3,-7,0
15569,SMIM10L2B,38,19,3,0,111,68,10,1,322,173,235,309,321,-73,-49,-7,-1
12714,POC5,50,30,7,1,98,58,14,5,322,174,234,301,316,-48,-28,-7,-4
4715,ECHDC3,46,34,8,1,65,45,15,4,322,211,243,299,317,-19,-11,-7,-3
8380,KIF11,41,25,4,1,109,49,11,0,322,172,248,307,321,-68,-24,-7,1
16858,TGOLN2,33,20,4,3,88,53,11,0,322,201,249,307,319,-55,-33,-7,3
8370,KIAA1586,34,18,10,2,142,88,17,3,322,146,216,295,317,-108,-70,-7,-1
18181,UBASH3B,43,23,2,1,94,51,9,0,322,185,248,311,321,-51,-28,-7,1
6515,GPC2,56,37,12,7,126,81,19,4,322,140,204,291,311,-70,-44,-7,3
3041,CHMP6,45,28,8,6,112,62,15,4,322,165,232,299,312,-67,-34,-7,2
11846,PABPN1L,30,24,6,1,42,31,13,6,322,250,267,303,315,-12,-7,-7,-5
6508,GPATCH3,49,33,10,6,107,73,17,7,322,166,216,295,309,-58,-40,-7,-1
16536,TAS2R46,62,48,9,2,93,73,16,2,322,167,201,297,318,-31,-25,-7,0
2886,CEP72,31,18,4,1,92,56,11,3,322,199,248,307,318,-61,-38,-7,-2
18700,WDR43,42,22,5,3,90,53,12,0,322,190,247,305,319,-48,-31,-7,3
3136,CKAP2L,29,10,5,1,130,60,12,2,322,163,252,305,319,-101,-50,-7,-1
7668,IGKV1OR2-108,32,32,27,22,42,36,34,27,322,248,254,261,273,-10,-4,-7,-5
1109,ASAH2,83,59,26,15,98,73,33,18,322,141,190,263,289,-15,-14,-7,-3
3380,COG1,38,29,10,6,102,60,17,3,322,182,233,295,313,-64,-31,-7,3
11751,OSGIN2,42,23,4,1,90,49,11,1,322,190,250,307,320,-48,-26,-7,0
1776,C12orf42,48,32,1,0,70,46,8,0,322,204,244,313,322,-22,-14,-7,0
15449,SLC7A2,35,16,2,0,107,80,9,2,322,180,226,311,320,-72,-64,-7,-2
15794,SPAAR,77,48,7,0,77,50,14,3,322,168,224,301,319,0,-2,-7,-3
15108,SLC11A1,88,44,4,0,64,42,11,5,322,170,236,307,317,24,2,-7,-5
15915,SPIN2A,65,38,7,2,102,58,14,1,322,155,226,301,319,-37,-20,-7,1
3296,CMTM7,50,23,5,3,69,47,12,4,322,203,252,305,315,-19,-24,-7,-1
13742,RBM12,59,37,10,4,143,87,17,5,322,120,198,295,313,-84,-50,-7,-1
3285,CMIP,33,16,11,6,100,74,18,5,322,189,232,293,311,-67,-58,-7,1
983,ARHGEF19,63,36,6,2,114,73,13,6,322,145,213,303,314,-51,-37,-7,-4
976,ARHGEF10L,31,23,7,4,113,64,14,2,322,178,235,301,316,-82,-41,-7,2
15973,SPRTN,42,24,4,2,114,59,11,0,322,166,239,307,320,-72,-35,-7,2
6697,GRM5,44,26,12,3,49,37,19,5,322,229,259,291,314,-5,-11,-7,-2
16073,SSC5D,86,52,9,2,82,50,16,6,322,154,220,297,314,4,2,-7,-4
2890,CEP85,41,19,5,2,83,51,12,3,322,198,252,305,317,-42,-32,-7,-1
3852,CXCL10,31,27,3,0,45,37,10,4,322,246,258,309,318,-14,-10,-7,-4
11062,NRROS,53,33,9,1,98,61,16,5,322,171,228,297,316,-45,-28,-7,-4
2056,C9orf72,44,21,8,2,130,87,15,4,322,148,214,299,316,-86,-66,-7,-2
10229,MTLN,63,39,9,7,67,41,16,4,322,192,242,297,311,-4,-2,-7,3
10008,MRFAP1L1,44,21,4,3,111,58,11,2,322,167,243,307,317,-67,-37,-7,1
950,ARHGAP25,88,62,9,4,80,46,16,5,322,154,214,297,313,8,16,-7,-1
17259,TMEM52,58,38,5,2,82,49,12,5,322,182,235,305,315,-24,-11,-7,-3
14831,SERPINB3,13,9,0,0,21,12,7,1,322,288,301,315,321,-8,-3,-7,-1
7838,IL36RN,15,8,1,0,42,30,8,2,322,265,284,313,320,-27,-22,-7,-2
8199,KCNAB2,48,32,6,3,101,57,13,2,322,173,233,303,317,-53,-25,-7,1
6329,GLIPR1,51,26,7,1,93,55,14,7,322,178,241,301,314,-42,-29,-7,-6
6630,GPSM3,51,28,4,1,88,45,11,6,322,183,249,307,315,-37,-17,-7,-5
17286,TMEM86B,57,32,9,1,83,49,16,12,322,182,241,297,309,-26,-17,-7,-11
5764,FKBPL,54,26,6,1,80,60,13,4,322,188,236,303,317,-26,-34,-7,-3
1487,BCL3,77,42,6,2,84,52,13,10,322,161,228,303,310,-7,-10,-7,-8
16104,SSX4,72,65,13,2,74,62,20,8,322,176,195,289,312,-2,3,-7,-6
19227,ZNF280B,35,19,4,0,87,46,11,2,322,200,257,307,320,-52,-27,-7,-2
17310,TMOD4,99,77,20,9,102,78,27,10,322,121,167,275,303,-3,-1,-7,-1
18523,VCPKMT,44,21,4,1,82,48,11,1,322,196,253,307,320,-38,-27,-7,0
18966,ZC2HC1A,47,23,7,2,118,83,14,0,322,157,216,301,320,-71,-60,-7,2
18833,XKRX,77,39,3,1,91,59,10,7,322,154,224,309,314,-14,-20,-7,-6
19272,ZNF354A,52,29,6,2,78,47,13,4,322,192,246,303,316,-26,-18,-7,-2
5068,EQTN,30,29,8,3,51,45,15,2,322,241,248,299,317,-21,-16,-7,1
2073,CA9,58,39,8,5,67,49,15,4,322,197,234,299,313,-9,-10,-7,1
3946,CYP3A7,29,21,2,1,38,23,9,1,322,255,278,311,320,-9,-2,-7,0
4513,DOP1A,58,30,8,4,109,62,15,7,322,155,230,299,311,-51,-32,-7,-3
16126,ST6GALNAC6,34,15,5,2,76,42,12,4,322,212,265,305,316,-42,-27,-7,-2
153,ACKR3,59,40,7,2,110,78,14,3,322,153,204,301,317,-51,-38,-7,-1
7985,IRAG1,71,46,15,4,97,68,22,4,322,154,208,285,314,-26,-22,-7,0
2036,C8orf48,56,35,5,1,57,40,12,3,322,209,247,305,318,-1,-5,-7,-2
10000,MRAP,41,33,11,2,36,32,18,7,322,245,257,293,313,5,1,-7,-5
6828,H1-5,59,43,18,10,99,77,25,5,322,164,202,279,307,-40,-34,-7,5
15961,SPRN,37,22,4,1,59,40,11,0,322,226,260,307,321,-22,-18,-7,1
13635,RALGDS,28,16,9,7,128,92,16,4,322,166,214,297,311,-100,-76,-7,3
5085,ERCC6L,34,17,6,1,112,59,13,1,322,176,246,303,320,-78,-42,-7,0
18868,YDJC,42,20,5,2,87,50,12,3,322,193,252,305,317,-45,-30,-7,-1
7212,HOMEZ,41,21,4,2,122,81,12,0,322,159,220,306,320,-81,-60,-8,2
14005,RIBC2,35,18,2,1,66,35,10,5,322,221,269,310,316,-31,-17,-8,-4
4692,E4F1,32,23,7,3,115,74,15,2,322,175,225,300,317,-83,-51,-8,1
8373,KIAA1755,73,44,12,2,84,60,20,9,322,165,218,290,311,-11,-16,-8,-7
6893,H3C6,83,51,9,4,109,79,17,2,322,130,192,296,316,-26,-28,-8,2
17836,TRIM62,39,23,6,4,140,81,14,3,322,143,218,302,315,-101,-58,-8,1
1626,BORCS7-ASMT,52,39,24,19,57,50,32,24,322,213,233,266,279,-5,-11,-8,-5
16058,SRSF6,59,26,10,8,82,50,18,5,322,181,246,294,309,-23,-24,-8,3
16090,SSTR5,24,18,3,0,52,41,11,3,322,246,263,308,319,-28,-23,-8,-3
3734,CSTF1,54,23,7,3,124,95,15,9,322,144,204,300,310,-70,-72,-8,-6
6892,H3C4,57,50,35,32,90,69,43,33,322,175,203,244,257,-33,-19,-8,-1
8348,KIAA0040,36,18,2,1,91,52,10,4,322,195,252,310,317,-55,-34,-8,-3
10964,NPIPA3,77,62,35,23,100,76,43,24,322,145,184,244,275,-23,-14,-8,-1
19299,ZNF414,47,30,7,3,95,56,15,1,322,180,236,300,318,-48,-26,-8,2
7761,IKBKE,45,23,7,4,117,72,15,1,322,160,227,300,317,-72,-49,-8,3
19160,ZNF174,55,28,6,3,94,52,14,2,322,173,242,302,317,-39,-24,-8,1
518,AKR1C2,54,42,14,4,78,62,22,6,322,190,218,286,312,-24,-20,-8,-2
18533,VDR,44,26,2,0,115,66,10,2,322,163,230,310,320,-71,-40,-8,-2
15938,SPNS2,55,38,5,0,83,50,13,6,322,184,234,304,316,-28,-12,-8,-6
15921,SPINK13,38,30,7,1,49,41,15,6,322,235,251,300,315,-11,-11,-8,-5
3211,CLEC3A,76,48,2,0,58,39,10,0,322,188,235,310,322,18,9,-8,0
6853,H2AW,67,42,12,8,84,54,20,6,322,171,226,290,308,-17,-12,-8,2
9997,MPZL2,26,17,2,2,69,45,10,2,322,227,260,310,318,-43,-28,-8,0
9350,MAGEB17,53,41,3,1,70,56,11,3,322,199,225,308,318,-17,-15,-8,-2
10004,MRC2,55,30,8,4,95,69,16,4,322,172,223,298,314,-40,-39,-8,0
9981,MPP2,53,31,8,3,105,60,16,2,322,164,231,298,317,-52,-29,-8,1
19697,ZXDA,45,20,4,0,118,71,12,1,322,159,231,306,321,-73,-51,-8,-1
19268,ZNF346,30,22,10,4,115,84,18,4,322,177,216,294,314,-85,-62,-8,0
16631,TBX5,15,10,0,0,44,27,8,0,322,263,285,314,322,-29,-17,-8,0
17797,TRIM32,57,33,8,4,113,64,16,1,322,152,225,298,317,-56,-31,-8,3
15978,SPRYD3,49,27,5,2,113,57,13,2,322,160,238,304,318,-64,-30,-8,0
1196,ATF7-NPFF,62,49,25,14,66,60,33,20,322,194,213,264,288,-4,-11,-8,-6
12237,PEX14,48,28,8,3,106,64,16,4,322,168,230,298,315,-58,-36,-8,-1
1604,BNIP1,45,26,6,4,78,44,14,2,322,199,252,302,316,-33,-18,-8,2
6578,GPR19,59,39,8,1,108,74,16,2,322,155,209,298,319,-49,-35,-8,-1
13053,PRF1,27,17,1,0,84,49,9,0,322,211,256,312,322,-57,-32,-8,0
16730,TEKT1,22,13,3,0,29,20,11,2,322,271,289,308,320,-7,-7,-8,-2
6844,H2AC20,57,32,13,9,125,77,21,6,322,140,213,288,307,-68,-45,-8,3
4791,EFNA3,59,39,7,2,126,77,15,2,322,137,206,300,318,-67,-38,-8,0
15998,SPTY2D1OS,122,93,26,14,96,73,34,17,322,104,156,262,291,26,20,-8,-3
11208,NXF2B,4,3,1,0,15,13,9,7,322,303,306,312,315,-11,-10,-8,-7
1622,BORA,54,28,2,0,84,49,10,0,322,184,245,310,322,-30,-21,-8,0
16550,TATDN3,62,33,2,2,71,40,10,0,322,189,249,310,320,-9,-7,-8,2
7341,HSPA12A,51,29,9,3,99,64,17,2,322,172,229,296,317,-48,-35,-8,1
10302,MVK,44,30,10,3,107,70,18,3,322,171,222,294,316,-63,-40,-8,0
18058,TTLL6,66,40,4,2,70,39,12,2,322,186,243,306,318,-4,1,-8,0
9064,LPIN3,47,26,5,2,78,48,13,3,322,197,248,304,317,-31,-22,-8,-1
14546,SARS2,34,19,7,3,102,60,15,3,322,186,243,300,316,-68,-41,-8,0
14538,SAPCD2,33,17,2,1,102,55,10,2,322,187,250,310,319,-69,-38,-8,-1
17152,TMEM187,52,43,14,8,131,85,22,11,322,139,194,286,303,-79,-42,-8,-3
3877,CXorf65,29,23,6,1,31,28,14,7,322,262,271,302,314,-2,-5,-8,-6
14517,SAMD13,74,53,16,9,120,85,24,6,322,128,184,282,307,-46,-32,-8,3
7463,IFI44L,73,43,11,3,99,69,19,7,322,150,210,292,312,-26,-26,-8,-4
12367,PI15,44,15,1,0,55,32,9,4,322,223,275,312,318,-11,-17,-8,-4
2629,CD70,79,47,8,1,68,49,16,6,322,175,226,298,315,11,-2,-8,-5
16473,TAF5,39,23,6,1,96,50,14,3,322,187,249,302,318,-57,-27,-8,-2
1304,ATP6V1G3,38,35,19,4,45,40,27,12,322,239,247,276,306,-7,-5,-8,-8
4262,DGKQ,38,27,7,3,118,81,15,3,322,166,214,300,316,-80,-54,-8,0
8691,KRTAP4-12,29,27,2,0,33,31,10,1,322,260,264,310,321,-4,-4,-8,-1
17473,TP53TG3C,19,17,8,4,29,25,16,10,322,274,280,298,308,-10,-8,-8,-6
6250,GGTLC3,32,29,9,4,42,39,17,5,322,248,254,296,313,-10,-10,-8,-1
17476,TP53TG3F,28,26,12,5,31,28,20,8,322,263,268,290,309,-3,-2,-8,-3
15200,SLC24A5,27,16,1,0,36,31,9,2,322,259,275,312,320,-9,-15,-8,-2
1371,B3GALT6,32,19,5,2,116,62,13,5,322,174,241,304,315,-84,-43,-8,-3
5276,FAH,49,33,9,5,96,66,17,4,322,177,223,296,313,-47,-33,-8,1
14973,SH3TC2,55,28,0,0,76,44,8,1,322,191,250,314,321,-21,-16,-8,-1
727,ANKRD39,48,28,6,3,73,35,14,5,322,201,259,302,314,-25,-7,-8,-2
12444,PIP4P1,58,39,9,3,125,71,17,4,322,139,212,296,315,-67,-32,-8,-1
13769,RBM45,60,37,3,1,62,37,11,2,322,200,248,308,319,-2,0,-8,-1
17336,TMTC4,44,21,12,4,99,65,20,3,322,179,236,290,315,-55,-44,-8,1
10465,NAGLU,35,26,7,7,140,100,15,3,322,147,196,300,312,-105,-74,-8,4
18949,ZBTB42,43,35,7,0,134,79,15,5,322,145,208,300,317,-91,-44,-8,-5
2046,C9orf135,52,44,17,3,62,54,25,3,322,208,224,280,316,-10,-10,-8,0
2044,C9orf116,62,48,7,3,88,51,15,6,322,172,223,300,313,-26,-3,-8,-3
17277,TMEM71,63,39,12,2,59,43,20,7,322,200,240,290,313,4,-4,-8,-5
1963,C3AR1,38,28,7,2,88,57,15,3,322,196,237,300,317,-50,-29,-8,-1
8971,LINC00634,82,60,19,9,99,79,27,7,322,141,183,276,306,-17,-19,-8,2
1378,B3GNT3,67,36,5,0,97,57,13,0,322,158,229,304,322,-30,-21,-8,0
6290,GJA5,31,18,5,3,87,56,13,0,322,204,248,304,319,-56,-38,-8,3
5288,FAM110A,45,22,9,3,88,54,17,2,322,189,246,296,317,-43,-32,-8,1
4218,DENND3,53,28,7,2,109,68,15,4,322,160,226,300,316,-56,-40,-8,-2
9631,MECOM,59,38,6,3,117,74,14,4,322,146,210,302,315,-58,-36,-8,-1
9521,MAT1A,38,22,2,0,60,36,10,4,322,224,264,310,318,-22,-14,-8,-4
179,ACP6,53,28,3,1,88,44,11,3,322,181,250,308,318,-35,-16,-8,-2
17488,TPGS1,51,31,12,10,114,69,20,6,322,157,222,290,306,-63,-38,-8,4
3687,CSGALNACT1,66,39,5,2,93,63,13,1,322,163,220,304,319,-27,-24,-8,1
3614,CRHBP,47,38,7,2,57,44,15,2,322,218,240,300,318,-10,-6,-8,0
15496,SLFN5,37,15,3,1,120,71,11,2,322,165,236,308,319,-83,-56,-8,-1
2731,CDK15,54,30,1,1,83,54,9,1,322,185,238,312,320,-29,-24,-8,0
8530,KLRC3,39,33,8,0,50,43,16,6,322,233,246,298,316,-11,-10,-8,-6
3778,CTF1,74,39,4,1,64,31,12,4,322,184,252,306,317,10,8,-8,-3
1731,BUD13,33,27,11,2,107,70,19,7,322,182,225,292,313,-74,-43,-8,-5
3774,CTDSP1,37,19,9,4,109,62,17,2,322,176,241,296,316,-72,-43,-8,2
6520,GPCPD1,63,31,9,3,104,73,17,1,322,155,218,296,318,-41,-42,-8,2
6208,GEMIN7,45,27,9,4,122,77,17,2,322,155,218,296,316,-77,-50,-8,2
822,AP5B1,38,19,6,2,120,76,14,2,322,164,227,302,318,-82,-57,-8,0
13975,RHCE,78,56,16,3,91,58,24,6,322,153,208,282,313,-13,-2,-8,-3
1728,BUB1B,45,29,3,1,87,57,11,1,322,190,236,308,320,-42,-28,-8,0
13321,PSRC1,45,27,9,5,95,57,17,3,322,182,238,296,314,-50,-30,-8,2
16848,TGIF2-RAB5IF,89,74,37,31,81,66,45,36,322,152,182,240,255,8,8,-8,-5
9227,LTBP2,70,35,4,1,78,48,12,4,322,174,239,306,317,-8,-13,-8,-3
2293,CBWD6,61,44,12,6,119,87,20,10,322,142,191,290,306,-58,-43,-8,-4
2771,CDPF1,32,22,7,3,123,80,15,7,322,167,220,300,312,-91,-58,-8,-4
2497,CCN6,46,34,8,2,54,45,16,7,322,222,243,298,313,-8,-11,-8,-5
9678,MEIKIN,27,19,8,3,32,28,16,3,322,263,275,298,316,-5,-9,-8,0
9794,MICAL2,43,23,3,1,109,75,11,1,322,170,224,308,320,-66,-52,-8,0
9151,LRRC53,9,8,0,0,13,12,8,7,322,300,302,314,315,-4,-4,-8,-7
1066,ARNT2,40,26,9,6,104,75,17,1,322,178,221,296,315,-64,-49,-8,5
6461,GOLGA8H,69,48,15,1,80,59,23,9,322,173,215,284,312,-11,-11,-8,-8
17001,TLR6,59,29,2,0,91,56,10,3,322,172,237,310,319,-32,-27,-8,-3
4616,DUS2,46,29,8,5,114,69,16,4,322,162,224,298,313,-68,-40,-8,1
4618,DUS4L,45,24,3,1,76,45,11,2,322,201,253,308,319,-31,-21,-8,-1
18726,WDR81,52,33,12,5,131,77,20,8,322,139,212,290,309,-79,-44,-8,-3
13923,RFXAP,53,32,3,1,127,72,11,1,322,142,218,308,320,-74,-40,-8,0
4271,DHFR2,38,22,5,1,170,103,13,4,322,114,197,304,317,-132,-81,-8,-3
18723,WDR75,36,24,9,3,94,68,17,6,322,192,230,296,313,-58,-44,-8,-3
17526,TRABD2A,58,23,3,2,97,49,11,1,322,167,250,308,319,-39,-26,-8,1
14422,RTN4IP1,53,24,4,2,107,57,12,1,322,162,241,306,319,-54,-33,-8,1
11141,NUDT12,45,26,6,2,106,63,14,2,322,171,233,302,318,-61,-37,-8,0
9783,MGST1,64,47,18,7,84,56,26,12,322,174,219,278,303,-20,-9,-8,-5
13427,PTX3,52,27,6,0,111,71,14,1,322,159,224,302,321,-59,-44,-8,-1
19466,ZNF628,48,33,10,0,108,72,19,8,322,166,217,293,314,-60,-39,-9,-8
5697,FGF20,57,39,11,2,56,41,20,5,322,209,242,291,315,1,-2,-9,-3
19277,ZNF365,58,27,2,1,83,55,11,1,322,181,240,309,320,-25,-28,-9,0
52,ABCC10,42,27,7,3,128,76,16,3,322,152,219,299,316,-86,-49,-9,0
19530,ZNF710,48,27,8,3,104,66,17,4,322,170,229,297,315,-56,-39,-9,-1
19356,ZNF500,45,23,4,3,135,81,13,6,322,142,218,305,313,-90,-58,-9,-3
19240,ZNF30,56,38,7,1,82,54,16,4,322,184,230,299,317,-26,-16,-9,-3
19244,ZNF311,40,12,0,0,75,47,9,4,322,207,263,313,318,-35,-35,-9,-4
1117,ASB12,37,31,4,1,60,55,13,3,322,225,236,305,318,-23,-24,-9,-2
16563,TBC1D16,41,21,9,7,125,74,18,5,322,156,227,295,310,-84,-53,-9,2
9925,MOB2,56,35,10,6,93,62,19,1,322,173,225,293,315,-37,-27,-9,5
12355,PHOSPHO2,59,31,9,2,108,64,18,8,322,155,227,295,312,-49,-33,-9,-6
8953,LIMD2,67,32,6,2,105,69,15,3,322,150,221,301,317,-38,-37,-9,-1
2130,CALCB,67,45,5,1,78,50,14,4,322,177,227,303,317,-11,-5,-9,-3
5178,EVA1C,69,40,5,3,129,84,14,3,322,124,198,303,316,-60,-44,-9,0
3364,CNTNAP3C,41,28,13,7,57,46,22,14,322,224,248,287,301,-16,-18,-9,-7
15605,SMIM5,71,41,5,2,68,41,14,3,322,183,240,303,317,3,0,-9,-1
11873,PAGR1,25,14,3,2,109,60,12,1,322,188,248,307,319,-84,-46,-9,1
2778,CDRT4,69,60,31,18,115,85,40,20,322,138,177,251,284,-46,-25,-9,-2
10885,NOD1,51,24,7,1,106,66,16,2,322,165,232,299,319,-55,-42,-9,-1
490,AK8,79,47,3,1,81,55,12,2,322,162,220,307,319,-2,-8,-9,-1
2793,CEACAM1,70,46,9,4,74,54,18,5,322,178,222,295,313,-4,-8,-9,-1
3858,CXCL17,46,37,7,1,46,40,16,2,322,230,245,299,319,0,-3,-9,-1
11844,PABPC5,19,15,0,0,48,32,9,0,322,255,275,313,322,-29,-17,-9,0
2137,CALHM2,47,30,6,1,88,53,15,4,322,187,239,301,317,-41,-23,-9,-3
7291,HS1BP3,41,26,11,8,113,72,20,5,322,168,224,291,309,-72,-46,-9,3
7293,HS3ST1,54,30,3,0,77,54,12,2,322,191,238,307,320,-23,-24,-9,-2
4482,DNMT3B,36,19,3,0,106,58,12,1,322,180,245,307,321,-70,-39,-9,-1
15720,SNX4,46,32,6,2,96,56,15,0,322,180,234,301,320,-50,-24,-9,2
3278,CLYBL,60,41,18,10,107,80,27,8,322,155,201,277,304,-47,-39,-9,2
12438,PINLYP,88,65,15,3,99,73,24,6,322,135,184,283,313,-11,-8,-9,-3
18580,VPS18,44,22,8,6,138,78,17,4,322,140,222,297,312,-94,-56,-9,2
4027,DBR1,28,19,4,1,142,75,13,0,322,152,228,305,321,-114,-56,-9,1
7257,HOXD9,35,16,4,1,93,59,13,4,322,194,247,305,317,-58,-43,-9,-3
848,APLN,50,22,1,0,109,58,10,5,322,163,242,311,317,-59,-36,-9,-5
15566,SMIM10,36,25,4,0,89,54,13,2,322,197,243,305,320,-53,-29,-9,-2
13378,PTP4A3,52,28,8,1,96,63,17,5,322,174,231,297,316,-44,-35,-9,-4
9708,METTL14,66,36,7,2,118,78,16,5,322,138,208,299,315,-52,-42,-9,-3
17881,TRMT5,49,31,6,2,114,70,15,2,322,159,221,301,318,-65,-39,-9,0
677,ANKFN1,66,40,5,3,85,48,14,4,322,171,234,303,315,-19,-8,-9,-1
6954,HAUS8,36,22,5,3,100,60,14,2,322,186,240,303,317,-64,-38,-9,1
6945,HASPIN,48,21,8,1,107,59,17,1,322,167,242,297,320,-59,-38,-9,0
1901,C1QL4,51,30,8,2,90,54,17,11,322,181,238,297,309,-39,-24,-9,-9
1933,C22orf31,46,41,6,1,42,36,15,5,322,234,245,301,316,4,5,-9,-4
5250,F8A1,36,23,6,4,131,74,15,14,322,155,225,301,304,-95,-51,-9,-10
13509,RAB11FIP4,59,34,7,2,94,48,16,0,322,169,240,299,320,-35,-14,-9,2
7781,IL15RA,54,37,10,1,104,69,19,2,322,164,216,293,319,-50,-32,-9,-1
2676,CDC42EP5,61,39,7,1,87,59,16,3,322,174,224,299,318,-26,-20,-9,-2
4153,DDX60L,70,34,7,1,93,64,16,3,322,159,224,299,318,-23,-30,-9,-2
7177,HNF4A,52,24,3,0,66,35,12,1,322,204,263,307,321,-14,-11,-9,-1
17686,TRBV10-3,7,7,6,3,15,15,15,12,322,300,300,301,307,-8,-8,-9,-9
3762,CTAGE4,47,34,16,5,66,55,25,8,322,209,233,281,309,-19,-21,-9,-3
8808,LBX2,71,44,6,4,65,43,15,7,322,186,235,301,311,6,1,-9,-3
17647,TRAV30,0,0,0,0,9,9,9,4,322,313,313,313,318,-9,-9,-9,-4
2000,C5orf34,80,42,6,0,59,42,15,5,322,183,238,301,317,21,0,-9,-5
3780,CTHRC1,74,55,11,6,86,65,20,6,322,162,202,291,310,-12,-10,-9,0
7232,HOXB2,52,28,5,2,74,47,14,2,322,196,247,303,318,-22,-19,-9,0
3184,CLDN34,21,20,1,0,49,45,10,1,322,252,257,311,321,-28,-25,-9,-1
411,AGA,53,30,5,1,97,71,14,1,322,172,221,303,320,-44,-41,-9,0
15194,SLC23A2,41,24,6,1,108,73,15,4,322,173,225,301,317,-67,-49,-9,-3
2499,CCNA2,46,27,5,1,98,51,14,1,322,178,244,303,320,-52,-24,-9,0
11006,NPY4R,48,31,7,4,63,43,16,8,322,211,248,299,310,-15,-12,-9,-4
9289,LYSMD2,52,30,4,0,91,54,13,3,322,179,238,305,319,-39,-24,-9,-3
9302,LZTS1,54,30,7,3,84,52,16,4,322,184,240,299,315,-30,-22,-9,-1
7862,IMMP2L,75,41,7,2,80,58,16,3,322,167,223,299,317,-5,-17,-9,-1
18848,XRCC3,50,24,6,1,64,40,15,4,322,208,258,301,317,-14,-16,-9,-3
7497,IFNL1,25,23,6,4,31,30,15,2,322,266,269,301,316,-6,-7,-9,2
6374,GMEB2,51,22,3,2,89,49,12,2,322,182,251,307,318,-38,-27,-9,0
16724,TEDC1,52,32,6,1,98,53,15,5,322,172,237,301,316,-46,-21,-9,-4
7641,IGKC,15,15,12,6,32,31,21,9,322,275,276,289,307,-17,-16,-9,-3
6342,GLP2R,52,34,3,0,49,29,12,2,322,221,259,307,320,3,5,-9,-2
12609,PLK1,31,20,9,3,93,47,18,3,322,198,255,295,316,-62,-27,-9,0
4938,EMC2,45,28,7,4,105,59,16,5,322,172,235,299,313,-60,-31,-9,-1
4335,DKK1,69,42,5,2,94,61,14,1,322,159,219,303,319,-25,-19,-9,1
16158,STARD8,27,7,0,0,122,77,9,4,322,173,238,313,318,-95,-70,-9,-4
14074,RNASE6,17,14,0,0,48,42,9,3,322,257,266,313,319,-31,-28,-9,-3
6240,GGNBP2,35,20,5,3,98,53,14,0,322,189,249,303,319,-63,-33,-9,3
16330,SUSD3,30,26,7,1,53,37,16,8,322,239,259,299,313,-23,-11,-9,-7
10230,MTM1,57,37,8,3,120,81,17,4,322,145,204,297,315,-63,-44,-9,-1
7462,IFI44,45,33,12,3,94,66,21,7,322,183,223,289,312,-49,-33,-9,-4
4318,DIPK1A,40,25,10,3,154,103,19,8,322,128,194,293,311,-114,-78,-9,-5
14160,RNF31,38,24,11,7,110,71,20,3,322,174,227,291,312,-72,-47,-9,4
6190,GDF5,52,20,2,0,74,36,11,3,322,196,266,309,319,-22,-16,-9,-3
3100,CHURC1-FNTB,48,36,27,21,65,58,36,21,322,209,228,259,280,-17,-22,-9,0
4951,EMILIN1,56,27,4,1,122,85,13,5,322,144,210,305,316,-66,-58,-9,-4
16600,TBCC,45,23,8,4,106,70,17,1,322,171,229,297,317,-61,-47,-9,3
10115,MRTFB,42,29,9,3,110,69,18,2,322,170,224,295,317,-68,-40,-9,1
16602,TBCD,33,22,10,7,95,64,19,4,322,194,236,293,311,-62,-42,-9,3
378,ADPRM,51,19,3,0,114,76,12,2,322,157,227,307,320,-63,-57,-9,-2
9230,LTBR,25,14,2,0,73,39,11,3,322,224,269,309,319,-48,-25,-9,-3
16529,TAS2R38,28,23,3,0,35,32,12,1,322,259,267,307,321,-7,-9,-9,-1
12970,PPP4R4,41,32,9,3,83,54,18,2,322,198,236,295,317,-42,-22,-9,1
14091,RNF103-CHMP3,86,70,22,16,88,60,31,14,322,148,192,269,292,-2,10,-9,2
12935,PPP1R3E,49,24,5,1,103,54,14,2,322,170,244,303,319,-54,-30,-9,-1
15391,SLC49A3,73,54,12,2,78,57,22,9,322,171,211,288,311,-5,-3,-10,-7
12858,PPFIA4,67,41,2,0,106,67,12,3,322,149,214,308,319,-39,-26,-10,-3
7817,IL22RA1,33,16,2,0,72,40,12,0,322,217,266,308,322,-39,-24,-10,0
12233,PEX11B,40,24,7,4,115,68,17,8,322,167,230,298,310,-75,-44,-10,-4
17689,TRBV12-3,18,18,17,13,32,31,27,18,322,272,273,278,291,-14,-13,-10,-5
2992,CHAMP1,39,25,7,1,100,62,17,1,322,183,235,298,320,-61,-37,-10,0
9728,METTL7B,45,28,6,1,117,70,16,8,322,160,224,300,313,-72,-42,-10,-7
17943,TSKU,34,25,10,5,143,85,20,4,322,145,212,292,313,-109,-60,-10,1
17692,TRBV13,13,12,10,10,26,23,20,13,322,283,287,292,299,-13,-11,-10,-3
4114,DDTL,74,51,12,4,117,74,22,9,322,131,197,288,309,-43,-23,-10,-5
59,ABCC6,62,41,10,5,112,78,20,6,322,148,203,292,311,-50,-37,-10,-1
12390,PIGBOS1,41,22,7,3,98,68,17,4,322,183,232,298,315,-57,-46,-10,-1
969,ARHGAP8,70,51,17,4,94,70,27,8,322,158,201,278,310,-24,-19,-10,-4
16252,STX16-NPEPL1,63,47,17,3,111,76,27,9,322,148,199,278,310,-48,-29,-10,-6
15916,SPIN2B,46,26,7,4,71,46,17,6,322,205,250,298,312,-25,-20,-10,-2
12540,PLCB2,63,44,13,5,95,69,23,6,322,164,209,286,311,-32,-25,-10,-1
17355,TNFRSF10C,89,57,4,0,68,47,14,4,322,165,218,304,318,21,10,-10,-4
3826,CUEDC1,48,31,14,8,131,92,24,4,322,143,199,284,310,-83,-61,-10,4
5765,FKRP,41,25,10,6,145,93,20,4,322,136,204,292,312,-104,-68,-10,2
10145,MSH5-SAPCD1,68,49,11,3,97,70,21,5,322,157,203,290,314,-29,-21,-10,-2
15440,SLC6A6,53,33,8,3,131,97,18,1,322,138,192,296,318,-78,-64,-10,2
12940,PPP1R8,41,25,8,5,85,55,18,7,322,196,242,296,310,-44,-30,-10,-2
12578,PLEKHF1,57,32,7,3,133,84,17,7,322,132,206,298,312,-76,-52,-10,-4
1045,ARMC2,50,33,5,2,99,56,15,2,322,173,233,302,318,-49,-23,-10,0
5053,EPOP,41,27,5,2,104,62,15,2,322,177,233,302,318,-63,-35,-10,0
16995,TLR1,63,45,15,5,108,84,25,10,322,151,193,282,307,-45,-39,-10,-5
3782,CTLA4,43,20,4,0,74,53,14,5,322,205,249,304,317,-31,-33,-10,-5
7875,INAFM2,57,33,2,1,116,73,12,0,322,149,216,308,321,-59,-40,-10,1
4764,EEF2KMT,31,19,7,2,144,94,17,5,322,147,209,298,315,-113,-75,-10,-3
8634,KRTAP1-5,24,23,3,0,53,49,13,1,322,245,250,306,321,-29,-26,-10,-1
19229,ZNF280D,42,19,5,1,99,63,15,3,322,181,240,302,318,-57,-44,-10,-2
9489,MARCHF11,26,23,6,2,41,33,16,8,322,255,266,300,312,-15,-10,-10,-6
1986,C4orf36,79,64,17,2,97,84,27,11,322,146,174,278,309,-18,-20,-10,-9
18997,ZCCHC24,39,22,10,5,150,91,20,5,322,133,209,292,312,-111,-69,-10,0
1981,C4BPB,48,43,12,3,73,57,22,5,322,201,222,288,314,-25,-14,-10,-2
19236,ZNF287,55,27,2,0,90,54,12,2,322,177,241,308,320,-35,-27,-10,-2
14853,SERTM1,15,6,2,1,45,27,12,4,322,262,289,308,317,-30,-21,-10,-3
6890,H3C2,55,38,22,16,136,103,32,14,322,131,181,268,292,-81,-65,-10,2
9495,MARCHF7,40,25,8,4,95,67,18,2,322,187,230,296,316,-55,-42,-10,2
1942,C2CD4D,34,23,1,1,55,39,11,5,322,233,260,310,316,-21,-16,-10,-4
5619,FCER1G,86,55,17,6,80,55,27,10,322,156,212,278,306,6,0,-10,-4
14477,S100A3,68,35,4,2,74,51,14,4,322,180,236,304,316,-6,-16,-10,-2
6899,H4C1,60,49,31,13,117,90,41,22,322,145,183,250,287,-57,-41,-10,-9
2510,CCNE2,42,24,7,1,146,89,17,5,322,134,209,298,316,-104,-65,-10,-4
9365,MAGEE1,24,11,2,2,119,91,12,1,322,179,220,308,319,-95,-80,-10,1
5602,FBXO5,49,31,4,3,129,71,14,0,322,144,220,304,319,-80,-40,-10,3
6363,GLYATL1,70,54,10,2,80,66,20,6,322,172,202,292,314,-10,-12,-10,-4
4293,DHX32,38,25,8,2,113,71,18,2,322,171,226,296,318,-75,-46,-10,0
6199,GDPD3,83,64,19,13,98,65,29,19,322,141,193,274,290,-15,-1,-10,-6
6325,GLI1,71,45,7,0,107,72,17,7,322,144,205,298,315,-36,-27,-10,-7
14409,RTL10,41,24,9,4,130,77,19,11,322,151,221,294,307,-89,-53,-10,-7
6322,GLDN,48,28,6,1,88,62,16,1,322,186,232,300,320,-40,-34,-10,0
6205,GEMIN4,41,24,10,5,145,91,20,2,322,136,207,292,315,-104,-67,-10,3
14736,SEL1L3,46,28,11,5,100,69,21,10,322,176,225,290,307,-54,-41,-10,-5
6106,GARNL3,87,65,18,5,114,81,28,6,322,121,176,276,311,-27,-16,-10,-1
5479,FAM89A,32,22,3,1,115,75,14,4,322,175,225,305,317,-83,-53,-11,-3
5832,FOSL1,90,54,10,3,83,54,21,2,322,149,214,291,317,7,0,-11,1
3388,COIL,53,30,5,1,99,61,16,4,322,170,231,301,317,-46,-31,-11,-3
8407,KIF2C,52,31,7,2,99,54,18,6,322,171,237,297,314,-47,-23,-11,-4
462,AHRR,57,39,10,2,144,94,21,7,322,121,189,291,313,-87,-55,-11,-5
16998,TLR3,56,31,0,0,94,48,11,3,322,172,243,311,319,-38,-17,-11,-3
2383,CCDC190,52,36,10,6,85,64,21,9,322,185,222,291,307,-33,-28,-11,-3
15812,SPAG8,56,40,8,3,127,92,19,3,322,139,190,295,316,-71,-52,-11,0
9920,MNT,35,21,9,3,161,101,20,1,322,126,200,293,318,-126,-80,-11,2
17371,TNFRSF6B,70,58,34,26,106,82,45,34,322,146,182,243,262,-36,-24,-11,-8
15205,SLC25A13,45,34,7,2,118,79,18,2,322,159,209,297,318,-73,-45,-11,0
17039,TMCC1,84,58,26,17,98,80,37,27,322,140,184,259,278,-14,-22,-11,-10
14527,SAMD9L,51,26,6,1,110,73,17,5,322,161,223,299,316,-59,-47,-11,-4
7327,HSF2,34,18,5,1,108,57,16,3,322,180,247,301,318,-74,-39,-11,-2
2326,CCDC120,52,30,6,4,82,44,17,12,322,188,248,299,306,-30,-14,-11,-8
6466,GOLGA8O,77,45,8,5,101,71,19,6,322,144,206,295,311,-24,-26,-11,-1
17117,TMEM158,73,39,4,2,85,49,15,4,322,164,234,303,316,-12,-10,-11,-2
17182,TMEM220,71,48,12,5,94,61,23,6,322,157,213,287,311,-23,-13,-11,-1
7430,ICOS,18,7,0,0,41,28,11,6,322,263,287,311,316,-23,-21,-11,-6
397,AFAP1,58,29,9,1,86,63,20,4,322,178,230,293,317,-28,-34,-11,-3
6458,GOLGA8B,61,24,3,0,105,63,14,3,322,156,235,305,319,-44,-39,-11,-3
2230,CASKIN2,52,30,6,4,105,61,17,2,322,165,231,299,316,-53,-31,-11,2
18859,YAE1,64,30,4,1,80,45,15,4,322,178,247,303,317,-16,-15,-11,-3
10020,MRM1,49,28,7,2,113,75,18,2,322,160,219,297,318,-64,-47,-11,0
4806,EGFR,52,33,10,6,82,53,21,4,322,188,236,291,312,-30,-20,-11,2
1552,BIK,68,48,10,2,80,54,21,4,322,174,220,291,316,-12,-6,-11,-2
938,ARHGAP11B,50,21,2,0,100,56,13,4,322,172,245,307,318,-50,-35,-11,-4
6705,GRPR,50,25,1,0,102,57,12,1,322,170,240,309,321,-52,-32,-11,-1
14036,RIOX1,36,17,2,1,117,61,13,2,322,169,244,307,319,-81,-44,-11,-1
4450,DNAJC27,31,13,2,0,123,68,13,2,322,168,241,307,320,-92,-55,-11,-2
19327,ZNF449,41,21,5,1,108,59,16,3,322,173,242,301,318,-67,-38,-11,-2
18400,USP13,74,47,16,6,102,69,27,10,322,146,206,279,306,-28,-22,-11,-4
14786,SEPHS2,42,23,7,4,93,56,18,2,322,187,243,297,316,-51,-33,-11,2
8491,KLHL29,38,24,4,1,119,85,15,1,322,165,213,303,320,-81,-61,-11,0
15135,SLC16A13,40,25,6,0,126,83,17,8,322,156,214,299,314,-86,-58,-11,-8
16607,TBK1,64,42,8,5,111,63,19,7,322,147,217,295,310,-47,-21,-11,-2
19069,ZFPM1,57,33,5,1,120,82,16,1,322,145,207,301,320,-63,-49,-11,0
2659,CDC25A,53,28,4,1,97,58,15,1,322,172,236,303,320,-44,-30,-11,0
783,ANXA3,45,26,5,0,73,47,16,3,322,204,249,301,319,-28,-21,-11,-3
18116,TVP23C-CDRT4,55,43,17,11,78,52,28,14,322,189,227,277,297,-23,-9,-11,-3
7067,HFM1,57,31,10,3,98,66,21,10,322,167,225,291,309,-41,-35,-11,-7
10239,MTMR6,60,25,3,1,75,51,14,0,322,187,246,305,321,-15,-26,-11,1
11148,NUDT18,47,27,10,4,108,69,21,2,322,167,226,291,316,-61,-42,-11,2
1205,ATG16L2,53,35,9,5,141,96,20,6,322,128,191,293,311,-88,-61,-11,-1
3270,CLTCL1,53,29,6,2,116,70,17,5,322,153,223,299,315,-63,-41,-11,-3
607,AMACR,35,20,3,1,128,78,14,3,322,159,224,305,318,-93,-58,-11,-2
2607,CD3D,25,20,6,0,39,31,17,9,322,258,271,299,313,-14,-11,-11,-9
4983,ENO4,72,49,2,0,83,53,13,1,322,167,220,307,321,-11,-4,-11,-1
744,ANKRD63,31,23,6,1,60,48,17,12,322,231,251,299,309,-29,-25,-11,-11
18980,ZC3H3,43,26,5,2,109,63,16,5,322,170,233,301,315,-66,-37,-11,-3
11972,PBDC1,39,29,6,4,102,65,17,3,322,181,228,299,315,-63,-36,-11,1
13404,PTPRE,49,33,10,1,135,96,21,4,322,138,193,291,317,-86,-63,-11,-3
2945,CFAP73,52,37,10,1,89,69,21,6,322,181,216,291,315,-37,-32,-11,-5
9339,MAGEA2,52,23,4,0,63,34,15,6,322,207,265,303,316,-11,-11,-11,-6
3492,CORO7-PAM16,70,53,25,12,78,66,36,16,322,174,203,261,294,-8,-13,-11,-4
14819,SERPINA3,36,19,1,1,56,35,12,5,322,230,268,309,316,-20,-16,-11,-4
17521,TPTEP2-CSNK1E,62,35,12,3,111,74,23,7,322,149,213,287,312,-49,-39,-11,-4
3180,CLDN23,48,24,2,1,101,61,13,3,322,173,237,307,318,-53,-37,-11,-2
18938,ZBTB26,58,26,6,1,86,52,17,0,322,178,244,299,321,-28,-26,-11,1
5507,FANCE,29,18,7,2,106,59,18,5,322,187,245,297,315,-77,-41,-11,-3
3895,CYBA,54,45,7,2,84,55,18,3,322,184,222,297,317,-30,-10,-11,-1
8937,LIG3,62,43,12,6,127,83,23,4,322,133,196,287,312,-65,-40,-11,2
1095,ARSI,32,18,2,0,86,63,13,1,322,204,241,307,321,-54,-45,-11,-1
3491,CORO7,44,25,10,4,139,92,21,3,322,139,205,291,315,-95,-67,-11,1
7745,IGSF10,33,20,5,1,51,31,17,6,322,238,271,300,315,-18,-11,-12,-5
2418,CCDC61,68,42,8,0,101,60,20,6,322,153,220,294,316,-33,-18,-12,-6
9363,MAGED4,46,43,27,16,70,54,39,25,322,206,225,256,281,-24,-11,-12,-9
5065,EPSTI1,40,26,7,2,91,67,19,6,322,191,229,296,314,-51,-41,-12,-4
18789,WNT9A,68,38,1,0,133,85,13,3,322,121,199,308,319,-65,-47,-12,-3
5982,FXYD7,55,48,21,5,83,69,33,16,322,184,205,268,301,-28,-21,-12,-11
19467,ZNF629,26,19,7,2,92,54,19,7,322,204,249,296,313,-66,-35,-12,-5
16524,TAS2R19,74,58,8,1,105,80,20,6,322,143,184,294,315,-31,-22,-12,-5
16973,TLCD1,56,39,13,5,121,79,25,9,322,145,204,284,308,-65,-40,-12,-4
5664,FERMT1,47,23,4,0,83,53,16,2,322,192,246,302,320,-36,-30,-12,-2
19506,ZNF689,50,24,8,2,81,60,20,5,322,191,238,294,315,-31,-36,-12,-3
12557,PLD1,63,37,7,5,106,71,19,5,322,153,214,296,312,-43,-34,-12,0
6164,GCLC,43,26,3,1,103,52,15,3,322,176,244,304,318,-60,-26,-12,-2
6822,H1-0,39,26,7,2,131,80,19,3,322,152,216,296,317,-92,-54,-12,-1
5438,FAM3D,40,35,3,1,48,44,15,3,322,234,243,304,318,-8,-9,-12,-2
5205,EXOC6,55,34,14,6,106,66,26,15,322,161,222,282,301,-51,-32,-12,-9
5202,EXOC3L4,57,41,10,2,88,67,22,7,322,177,214,290,313,-31,-26,-12,-5
17764,TRGV2,17,14,10,3,28,26,22,7,322,277,282,290,312,-11,-12,-12,-4
17600,TRAM1L1,38,18,0,0,111,66,12,3,322,173,238,310,319,-73,-48,-12,-3
12317,PHETA2,58,34,10,1,124,84,22,10,322,140,204,290,311,-66,-50,-12,-9
6842,H2AC18,34,27,17,16,46,36,29,26,322,242,259,276,280,-12,-9,-12,-10
9804,MICU3,51,28,8,3,90,74,20,3,322,181,220,294,316,-39,-46,-12,0
1762,C11orf68,26,17,6,4,120,59,18,6,322,176,246,298,312,-94,-42,-12,-2
5333,FAM160A2,32,21,10,4,108,64,22,7,322,182,237,290,311,-76,-43,-12,-3
13745,RBM14-RBM4,78,43,18,13,117,78,30,13,322,127,201,274,296,-39,-35,-12,0
5181,EVI2A,53,41,4,1,100,67,16,3,322,169,214,302,318,-47,-26,-12,-2
5896,FRAT1,60,37,2,0,132,83,14,4,322,130,202,306,318,-72,-46,-12,-4
10665,NEIL3,46,21,5,1,90,52,17,2,322,186,249,300,319,-44,-31,-12,-1
10538,NCAPH,35,20,5,2,109,60,17,13,322,178,242,300,307,-74,-40,-12,-11
18433,USP27X,40,18,5,2,125,76,17,4,322,157,228,300,316,-85,-58,-12,-2
1435,BATF2,62,45,13,4,97,73,25,7,322,163,204,284,311,-35,-28,-12,-3
8072,ITIH4,66,43,1,0,88,60,13,2,322,168,219,308,320,-22,-17,-12,-2
15140,SLC16A5,54,29,5,2,115,70,17,4,322,153,223,300,316,-61,-41,-12,-2
16255,STX19,51,41,6,4,85,68,18,9,322,186,213,298,309,-34,-27,-12,-5
19419,ZNF575,68,42,11,3,118,81,23,11,322,136,199,288,308,-50,-39,-12,-8
1428,BARD1,41,26,7,2,114,69,19,1,322,167,227,296,319,-73,-43,-12,1
11798,OXGR1,36,22,3,1,73,47,15,4,322,213,253,304,317,-37,-25,-12,-3
11418,OR2A1,50,30,7,6,48,36,19,8,322,224,256,296,308,2,-6,-12,-2
10784,NIPAL4,45,22,4,4,72,55,16,5,322,205,245,302,313,-27,-33,-12,-1
15273,SLC2A10,57,35,5,3,115,76,17,2,322,150,211,300,317,-58,-41,-12,1
7342,HSPA12B,27,13,3,0,73,42,15,5,322,222,267,304,317,-46,-29,-12,-5
11162,NUFIP1,53,30,2,0,76,52,14,1,322,193,240,306,321,-23,-22,-12,-1
8395,KIF20B,46,30,6,0,132,71,18,2,322,144,221,298,320,-86,-41,-12,-2
9720,METTL27,61,45,14,3,107,76,27,6,322,154,201,281,313,-46,-31,-13,-3
15136,SLC16A14,47,33,10,6,131,83,23,11,322,144,206,289,305,-84,-50,-13,-5
13626,RAI1,43,25,7,4,115,75,20,7,322,164,222,295,311,-72,-50,-13,-3
15212,SLC25A2,51,39,10,1,87,67,23,6,322,184,216,289,315,-36,-28,-13,-5
15347,SLC38A4,50,35,5,0,87,60,18,5,322,185,227,299,317,-37,-25,-13,-5
9236,LTV1,38,16,6,1,94,65,19,2,322,190,241,297,319,-56,-49,-13,-1
9755,MFSD2A,56,26,5,1,117,82,18,2,322,149,214,299,319,-61,-56,-13,-1
16476,TAF6L,50,32,12,8,120,67,25,8,322,152,223,285,306,-70,-35,-13,0
13429,PUDP,48,29,7,4,114,82,20,5,322,160,211,295,313,-66,-53,-13,-1
19680,ZSCAN5A,33,18,8,3,140,89,21,8,322,149,215,293,311,-107,-71,-13,-5
9884,MMEL1,31,16,4,1,79,56,17,4,322,212,250,301,317,-48,-40,-13,-3
8983,LIPE,57,36,12,7,110,79,25,11,322,155,207,285,304,-53,-43,-13,-4
4775,EFCAB5,94,58,8,3,88,63,21,7,322,140,201,293,312,6,-5,-13,-4
16077,SSMEM1,54,39,4,0,71,60,17,2,322,197,223,301,320,-17,-21,-13,-2
16334,SUV39H1,28,19,6,3,101,58,19,3,322,193,245,297,316,-73,-39,-13,0
7992,IREB2,38,22,7,4,109,68,20,0,322,175,232,295,318,-71,-46,-13,4
13946,RGS14,50,23,5,3,104,62,18,3,322,168,237,299,316,-54,-39,-13,0
13955,RGS3,70,38,8,5,97,61,21,0,322,155,223,293,317,-27,-23,-13,5
13171,PRR22,47,28,8,3,127,87,21,9,322,148,207,293,310,-80,-59,-13,-6
11197,NUTM2A,70,47,9,2,106,74,22,13,322,146,201,291,307,-36,-27,-13,-11
3675,CSAG2,50,44,25,21,64,59,38,28,322,208,219,259,273,-14,-15,-13,-7
10305,MX2,58,33,3,0,95,66,16,4,322,169,223,303,318,-37,-33,-13,-4
6888,H3C13,52,41,22,19,117,89,35,18,322,153,192,265,285,-65,-48,-13,1
6875,H2BS1,13,13,11,7,25,24,24,12,322,284,285,287,303,-12,-11,-13,-5
10444,NAA80,38,22,8,5,133,82,21,4,322,151,218,293,313,-95,-60,-13,1
17091,TMEM131L,43,23,5,3,113,62,18,6,322,166,237,299,313,-70,-39,-13,-3
12583,PLEKHG4,55,32,2,1,96,67,15,1,322,171,223,305,320,-41,-35,-13,0
3056,CHRFAM7A,66,38,8,2,108,71,21,8,322,148,213,293,312,-42,-33,-13,-6
17693,TRBV14,7,7,7,3,22,22,20,4,322,293,293,295,315,-15,-15,-13,-1
12314,PHC2,30,23,8,8,114,81,21,1,322,178,218,293,313,-84,-58,-13,7
10565,NCOA5,43,28,10,5,141,96,23,4,322,138,198,289,313,-98,-68,-13,1
6593,GPR39,35,25,1,0,114,77,14,1,322,173,220,307,321,-79,-52,-13,-1
18627,VSTM5,39,26,8,7,66,46,21,10,322,217,250,293,305,-27,-20,-13,-3
396,AEN,35,22,9,3,111,80,22,6,322,176,220,291,313,-76,-58,-13,-3
5182,EVI2B,45,25,6,2,92,74,19,9,322,185,223,297,311,-47,-49,-13,-7
6142,GBP1,46,26,2,0,106,67,15,6,322,170,229,305,316,-60,-41,-13,-6
18722,WDR74,35,16,7,7,108,75,20,6,322,179,231,295,309,-73,-59,-13,1
6462,GOLGA8J,45,35,6,1,52,46,19,5,322,225,241,297,316,-7,-11,-13,-4
6187,GDF15,88,63,13,8,122,96,26,8,322,112,163,283,306,-34,-33,-13,0
18915,ZBED2,53,27,3,0,64,49,16,8,322,205,246,303,314,-11,-22,-13,-8
11531,OR4N2,24,14,3,1,48,34,16,4,322,250,274,303,317,-24,-20,-13,-3
879,APOL2,32,18,5,4,111,65,18,5,322,179,239,299,313,-79,-47,-13,-1
16676,TCIRG1,74,51,12,3,95,64,25,9,322,153,207,285,310,-21,-13,-13,-6
4691,E2F8,60,22,5,0,83,53,19,2,322,179,247,298,320,-23,-31,-14,-2
17776,TRIB3,38,24,5,2,100,56,19,3,322,184,242,298,317,-62,-32,-14,-1
17946,TSNARE1,46,33,11,5,110,75,25,11,322,166,214,286,306,-64,-42,-14,-6
3157,CLCF1,74,37,4,1,83,57,18,5,322,165,228,300,316,-9,-20,-14,-4
12998,PRAMEF17,35,28,2,0,56,46,16,1,322,231,248,304,321,-21,-18,-14,-1
12162,PDIK1L,39,18,5,0,113,68,19,7,322,170,236,298,315,-74,-50,-14,-7
8394,KIF20A,45,28,8,2,111,65,22,4,322,166,229,292,316,-66,-37,-14,-2
8153,KANK1,48,21,6,2,110,76,20,2,322,164,225,296,318,-62,-55,-14,0
13475,PYM1,24,17,5,2,127,77,19,2,322,171,228,298,318,-103,-60,-14,0
15663,SNN,29,20,8,6,177,114,22,2,322,116,188,292,314,-148,-94,-14,4
7166,HMGXB4,30,17,4,1,136,62,18,8,322,156,243,300,313,-106,-45,-14,-7
10467,NAGS,58,33,4,0,114,85,18,4,322,150,204,300,318,-56,-52,-14,-4
7244,HOXC4,42,21,6,1,115,76,20,6,322,165,225,296,315,-73,-55,-14,-5
15051,SIN3A,31,20,9,6,159,102,23,5,322,132,200,290,311,-128,-82,-14,1
15982,SPSB2,46,29,7,3,102,66,21,6,322,174,227,294,313,-56,-37,-14,-3
17423,TOE1,48,24,6,2,102,62,20,4,322,172,236,296,316,-54,-38,-14,-2
6987,HCST,79,58,26,7,83,63,40,18,322,160,201,256,297,-4,-5,-14,-11
10209,MTERF3,36,18,5,2,101,62,19,5,322,185,242,298,315,-65,-44,-14,-3
616,AMER1,24,16,3,1,112,78,17,4,322,186,228,302,317,-88,-62,-14,-3
11916,PAQR5,60,32,5,2,87,54,19,1,322,175,236,298,319,-27,-22,-14,1
16525,TAS2R20,63,45,10,3,126,90,24,7,322,133,187,288,312,-63,-45,-14,-4
14345,RPUSD2,53,34,7,2,103,62,21,5,322,166,226,294,315,-50,-28,-14,-3
6577,GPR183,32,20,7,3,88,72,21,12,322,202,230,294,307,-56,-52,-14,-9
16371,SYNDIG1,29,16,0,0,48,38,14,0,322,245,268,308,322,-19,-22,-14,0
12928,PPP1R35,43,26,5,3,100,55,19,8,322,179,241,298,311,-57,-29,-14,-5
6894,H3C7,45,28,15,10,116,87,29,10,322,161,207,278,302,-71,-59,-14,0
11886,PALB2,41,20,6,2,104,56,20,2,322,177,246,296,318,-63,-36,-14,0
8880,LEO1,43,22,5,1,125,61,19,10,322,154,239,298,311,-82,-39,-14,-9
11958,PATZ1,30,19,11,6,124,71,25,3,322,168,232,286,313,-94,-52,-14,3
12229,PET117,35,27,11,6,132,79,26,10,322,155,216,285,306,-97,-52,-15,-4
17468,TP53INP1,48,33,9,3,114,61,24,3,322,160,228,289,316,-66,-28,-15,0
13215,PRSS36,67,44,12,2,122,81,27,4,322,133,197,283,316,-55,-37,-15,-2
5152,ETAA1,38,15,4,0,139,76,19,9,322,145,231,299,313,-101,-61,-15,-9
18936,ZBTB24,32,17,2,2,97,56,17,0,322,193,249,303,320,-65,-39,-15,2
2381,CCDC188,51,29,1,0,60,43,16,2,322,211,250,305,320,-9,-14,-15,-2
333,ADGRF1,71,50,4,0,74,43,19,4,322,177,229,299,318,-3,7,-15,-4
13713,RASSF7,39,22,5,3,120,75,20,5,322,163,225,297,314,-81,-53,-15,-2
5682,FGD3,41,16,4,1,82,48,19,8,322,199,258,299,313,-41,-32,-15,-7
14469,S100A1,71,57,28,15,89,74,43,22,322,162,191,251,285,-18,-17,-15,-7
5269,FADD,32,19,10,6,126,84,25,4,322,164,219,287,312,-94,-65,-15,2
6553,GPR146,54,36,10,4,129,92,25,10,322,139,194,287,308,-75,-56,-15,-6
4149,DDX58,60,32,7,6,115,73,22,11,322,147,217,293,305,-55,-41,-15,-5
3259,CLPX,39,24,5,2,88,47,20,8,322,195,251,297,312,-49,-23,-15,-6
17786,TRIM21,45,22,3,0,138,82,18,2,322,139,218,301,320,-93,-60,-15,-2
13832,RDH14,35,16,5,2,106,62,20,4,322,181,244,297,316,-71,-46,-15,-2
1807,C16orf71,91,52,9,1,102,80,24,3,322,129,190,289,318,-11,-28,-15,-2
13466,PYCR3,34,19,5,3,126,68,20,2,322,162,235,297,317,-92,-49,-15,1
9545,MBD4,38,24,5,1,99,61,20,5,322,185,237,297,316,-61,-37,-15,-4
3660,CRYBG2,51,22,4,0,86,58,19,9,322,185,242,299,313,-35,-36,-15,-9
8322,KDM4D,40,12,1,0,123,83,16,1,322,159,227,305,321,-83,-71,-15,-1
16790,TEX38,47,40,12,4,78,69,27,1,322,197,213,283,317,-31,-29,-15,3
16353,SYCE1L,85,72,29,16,103,79,44,32,322,134,171,249,274,-18,-7,-15,-16
16928,TIGD5,36,20,7,1,132,90,22,5,322,154,212,293,316,-96,-70,-15,-4
17142,TMEM18,31,16,5,1,121,86,20,2,322,170,220,297,319,-90,-70,-15,-1
8184,KBTBD3,94,50,6,3,93,56,21,6,322,135,216,295,313,1,-6,-15,-3
2835,CENPC,35,21,4,2,143,99,19,6,322,144,202,299,314,-108,-78,-15,-4
1512,BEGAIN,50,34,5,3,96,69,20,6,322,176,219,297,313,-46,-35,-15,-3
7828,IL2RG,67,46,10,2,84,56,25,10,322,171,220,287,310,-17,-10,-15,-8
19465,ZNF627,37,15,6,3,128,83,21,9,322,157,224,295,310,-91,-68,-15,-6
1581,BMF,86,63,8,2,113,83,23,2,322,123,176,291,318,-27,-20,-15,0
8129,JMJD4,46,23,6,3,135,77,21,1,322,141,222,295,318,-89,-54,-15,2
5137,ESPL1,36,22,6,4,112,64,21,1,322,174,236,295,317,-76,-42,-15,3
7894,INMT-MINDY4,49,40,18,7,67,63,33,18,322,206,219,271,297,-18,-23,-15,-11
16921,TIFA,65,34,3,0,94,59,18,2,322,163,229,301,320,-29,-25,-15,-2
14428,RTP3,37,34,8,1,76,66,24,2,322,209,222,290,319,-39,-32,-16,-1
16400,SYT12,60,28,3,1,90,61,19,1,322,172,233,300,320,-30,-33,-16,0
6538,GPR1,59,35,6,1,122,83,22,4,322,141,204,294,317,-63,-48,-16,-3
16428,TAB1,32,18,7,7,117,68,23,9,322,173,236,292,306,-85,-50,-16,-2
1857,C1GALT1C1L,31,18,2,0,108,74,18,7,322,183,230,302,315,-77,-56,-16,-7
16605,TBCEL-TECTA,64,56,18,7,84,74,34,12,322,174,192,270,303,-20,-18,-16,-5
17285,TMEM86A,37,18,2,0,153,97,18,3,322,132,207,302,319,-116,-79,-16,-3
12934,PPP1R3D,58,24,4,1,90,50,20,5,322,174,248,298,316,-32,-26,-16,-4
16113,ST3GAL1,51,23,8,3,116,81,24,1,322,155,218,290,318,-65,-58,-16,2
2531,CCR1,20,12,1,1,73,51,17,9,322,229,259,304,312,-53,-39,-16,-8
6884,H3C1,52,37,16,10,128,85,32,11,322,142,200,274,301,-76,-48,-16,-1
2303,CBY2,28,15,4,0,54,46,20,7,322,240,261,298,315,-26,-31,-16,-7
12976,PPRC1,25,22,7,3,147,86,23,8,322,150,214,292,311,-122,-64,-16,-5
19573,ZNF775,57,30,8,6,122,88,24,8,322,143,204,290,308,-65,-58,-16,-2
9393,MAMSTR,63,36,5,3,135,99,21,5,322,124,187,296,314,-72,-63,-16,-2
12728,POLA2,48,23,4,1,91,52,20,9,322,183,247,298,312,-43,-29,-16,-8
18952,ZBTB45,48,27,7,2,159,119,23,7,322,115,176,292,313,-111,-92,-16,-5
6320,GLCE,38,20,5,0,143,91,21,2,322,141,211,296,320,-105,-71,-16,-2
14972,SH3TC1,59,39,14,2,109,82,30,8,322,154,201,278,312,-50,-43,-16,-6
15760,SOWAHD,57,42,11,5,88,62,27,11,322,177,218,284,306,-31,-20,-16,-6
12846,PPARGC1B,45,24,5,0,114,74,21,1,322,163,224,296,321,-69,-50,-16,-1
2830,CEMP1,43,37,16,4,88,69,32,15,322,191,216,274,303,-45,-32,-16,-11
885,APOM,71,45,12,2,93,64,28,13,322,158,213,282,307,-22,-19,-16,-11
2511,CCNF,38,25,8,2,120,70,25,4,322,164,227,289,316,-82,-45,-17,-2
10923,NOTCH2NLC,61,39,13,9,115,83,30,8,322,146,200,279,305,-54,-44,-17,1
4510,DOLK,34,23,7,6,153,101,24,5,322,135,198,291,311,-119,-78,-17,1
13245,PSCA,75,48,10,1,97,73,27,8,322,150,201,285,313,-22,-25,-17,-7
17291,TMEM89,68,56,28,11,99,82,45,15,322,155,184,249,296,-31,-26,-17,-4
13165,PRR15L,48,33,8,4,73,58,25,16,322,201,231,289,302,-25,-25,-17,-12
12095,PCSK9,36,18,2,0,104,74,19,4,322,182,230,301,318,-68,-56,-17,-4
7927,INSYN2B,35,19,0,0,73,59,17,0,322,214,244,305,322,-38,-40,-17,0
13898,RFESD,67,38,5,2,115,85,22,9,322,140,199,295,311,-48,-47,-17,-7
19407,ZNF564,52,32,9,3,120,81,26,11,322,150,209,287,308,-68,-49,-17,-8
8833,LCMT2,44,25,7,2,136,100,24,5,322,142,197,291,315,-92,-75,-17,-3
18783,WNT5B,60,36,11,6,135,101,28,8,322,127,185,283,308,-75,-65,-17,-2
12612,PLK4,33,21,2,1,105,58,19,1,322,184,243,301,320,-72,-37,-17,0
7470,IFIT5,35,15,5,4,151,103,23,3,322,136,204,294,315,-116,-88,-18,1
542,ALDH1B1,27,19,6,3,143,93,24,9,322,152,210,292,310,-116,-74,-18,-6
12627,PLPP6,34,18,6,1,137,83,24,6,322,151,221,292,315,-103,-65,-18,-5
1118,ASB13,32,18,6,1,139,82,24,2,322,151,222,292,319,-107,-64,-18,-1
7112,HJURP,32,18,5,1,119,66,23,6,322,171,238,294,315,-87,-48,-18,-5
16079,SSPN,56,30,6,0,101,59,24,5,322,165,233,292,317,-45,-29,-18,-5
6605,GPR68,46,32,5,0,97,72,23,2,322,179,218,294,320,-51,-40,-18,-2
426,AGFG2,47,29,2,0,115,53,20,7,322,160,240,300,315,-68,-24,-18,-7
7864,IMP3,26,18,5,3,144,80,23,2,322,152,224,294,317,-118,-62,-18,1
5772,FLI1,53,24,3,0,98,66,21,3,322,171,232,298,319,-45,-42,-18,-3
8468,KLHDC7A,14,10,2,0,80,51,20,14,322,228,261,300,308,-66,-41,-18,-14
17419,TNS4,66,35,1,0,95,65,19,10,322,161,222,302,312,-29,-30,-18,-10
10499,NAT2,36,31,5,1,73,67,23,9,322,213,224,294,312,-37,-36,-18,-8
19423,ZNF579,43,28,5,3,145,90,23,7,322,134,204,294,312,-102,-62,-18,-4
141,ACCS,45,27,4,1,123,81,23,6,322,154,214,295,315,-78,-54,-19,-5
12059,PCED1B,50,33,9,0,143,103,28,9,322,129,186,285,313,-93,-70,-19,-9
13956,RGS4,73,50,16,2,101,75,35,14,322,148,197,271,306,-28,-25,-19,-12
6235,GGACT,54,31,16,5,108,82,35,15,322,160,209,271,302,-54,-51,-19,-10
15842,SPATA2L,52,35,10,2,132,77,29,9,322,138,210,283,311,-80,-42,-19,-7
2690,CDCA8,34,21,4,1,98,45,23,2,322,190,256,295,319,-64,-24,-19,-1
1796,C14orf39,69,53,25,6,98,77,44,15,322,155,192,253,301,-29,-24,-19,-9
10591,NDST2,41,33,16,9,156,117,35,16,322,125,172,271,297,-115,-84,-19,-7
13402,PTPRCAP,23,22,20,12,49,47,39,28,322,250,253,263,282,-26,-25,-19,-16
2686,CDCA4,21,17,6,3,157,97,25,2,322,144,208,291,317,-136,-80,-19,1
17633,TRAV18,5,5,5,1,26,25,24,9,322,291,292,293,312,-21,-20,-19,-8
1795,C14orf28,48,22,1,0,129,87,20,1,322,145,213,301,321,-81,-65,-19,-1
10478,NANP,28,17,4,2,149,92,23,3,322,145,213,295,317,-121,-75,-19,-1
11159,NUDT8,55,31,8,2,109,74,28,15,322,158,217,286,305,-54,-43,-20,-13
15949,SPOUT1,57,42,15,7,108,78,35,20,322,157,202,272,295,-51,-36,-20,-13
1506,BDKRB2,34,17,0,0,92,59,20,0,322,196,246,302,322,-58,-42,-20,0
9412,MAP10,16,5,0,0,106,76,20,9,322,200,241,302,313,-90,-71,-20,-9
4792,EFNA4,59,33,9,6,149,96,29,12,322,114,193,284,304,-90,-63,-20,-6
13112,PRMT6,31,19,7,2,127,83,27,9,322,164,220,288,311,-96,-64,-20,-7
12209,PEDS1-UBE2V1,51,48,28,17,80,66,48,42,322,191,208,246,263,-29,-18,-20,-25
18588,VPS33B,48,31,8,4,120,74,28,8,322,154,217,286,310,-72,-43,-20,-4
6845,H2AC21,63,47,30,13,102,81,50,19,322,157,194,242,290,-39,-34,-20,-6
5527,FASTKD2,26,15,2,1,143,86,22,7,322,153,221,298,314,-117,-71,-20,-6
7450,IER3,53,35,8,3,145,109,28,3,322,124,178,286,316,-92,-74,-20,0
379,ADPRS,35,23,11,7,118,75,31,5,322,169,224,280,310,-83,-52,-20,2
3981,D2HGDH,61,45,14,9,118,84,35,14,322,143,193,273,299,-57,-39,-21,-5
4296,DHX35,55,24,6,1,114,88,27,5,322,153,210,289,316,-59,-64,-21,-4
6585,GPR3,57,28,3,0,137,89,24,9,322,128,205,295,313,-80,-61,-21,-9
16442,TADA1,31,20,8,4,166,119,29,12,322,125,183,285,306,-135,-99,-21,-8
10297,MUSTN1,66,58,41,23,100,90,62,38,322,156,174,219,261,-34,-32,-21,-15
3649,CRY2,32,18,11,6,131,89,32,6,322,159,215,279,310,-99,-71,-21,0
4248,DGAT2,44,25,3,0,129,78,24,12,322,149,219,295,310,-85,-53,-21,-12
14956,SH3BP4,37,21,8,1,112,72,29,6,322,173,229,285,315,-75,-51,-21,-5
17137,TMEM177,29,15,6,2,173,121,27,12,322,120,186,289,308,-144,-106,-21,-10
7404,HYAL2,39,23,8,3,142,102,30,7,322,141,197,284,312,-103,-79,-22,-4
10966,NPIPA7,65,46,17,10,126,89,39,22,322,131,187,266,290,-61,-43,-22,-12
6827,H1-4,64,44,14,7,155,116,36,6,322,103,162,272,309,-91,-72,-22,1
7410,HYLS1,41,18,4,3,156,96,26,8,322,125,208,292,311,-115,-78,-22,-5
8879,LENG9,46,33,9,4,142,98,31,6,322,134,191,282,312,-96,-65,-22,-2
10750,NGF,37,22,5,1,100,83,27,3,322,185,217,290,318,-63,-61,-22,-2
7096,HILPDA,36,19,2,1,120,74,24,13,322,166,229,296,308,-84,-55,-22,-12
963,ARHGAP40,46,37,7,3,105,74,29,4,322,171,211,286,315,-59,-37,-22,-1
947,ARHGAP22,39,23,1,0,127,90,23,5,322,156,209,298,317,-88,-67,-22,-5
18281,UFSP1,56,37,14,4,125,100,36,12,322,141,185,272,306,-69,-63,-22,-8
19461,ZNF624,39,22,5,4,149,109,27,10,322,134,191,290,308,-110,-87,-22,-6
19090,ZHX2,39,21,5,2,132,95,28,3,322,151,206,289,317,-93,-74,-23,-1
8277,KCNQ5,90,48,10,2,97,71,33,18,322,135,203,279,302,-7,-23,-23,-16
5748,FJX1,31,20,11,8,182,132,34,7,322,109,170,277,307,-151,-112,-23,1
6326,GLI2,38,23,11,4,153,106,34,8,322,131,193,277,310,-115,-83,-23,-4
9706,METTL1,36,19,9,5,131,85,32,10,322,155,218,281,307,-95,-66,-23,-5
12534,PLAU,55,32,6,1,148,100,29,14,322,119,190,287,307,-93,-68,-23,-13
2541,CCRL2,30,25,3,1,116,88,26,10,322,176,209,293,311,-86,-63,-23,-9
4954,EML1,59,34,7,3,103,73,30,12,322,160,215,285,307,-44,-39,-23,-9
7891,INKA1,67,52,11,4,133,103,34,9,322,122,167,277,309,-66,-51,-23,-5
6943,HAS2,42,32,5,0,103,76,29,9,322,177,214,288,313,-61,-44,-24,-9
8934,LIF,57,37,4,1,121,90,28,8,322,144,195,290,313,-64,-53,-24,-7
18097,TUBGCP5,29,18,6,2,149,108,30,8,322,144,196,286,312,-120,-90,-24,-6
2164,CAMKK1,28,19,7,2,157,100,31,3,322,137,203,284,317,-129,-81,-24,-1
18918,ZBED5,44,20,5,2,125,81,29,10,322,153,221,288,310,-81,-61,-24,-8
8669,KRTAP2-3,37,24,8,8,102,83,33,9,322,183,215,281,305,-65,-59,-25,-1
8890,LFNG,51,31,11,6,173,140,36,12,322,98,151,275,304,-122,-109,-25,-6
4128,DDX28,33,20,5,1,175,135,30,9,322,114,167,287,312,-142,-115,-25,-8
880,APOL3,54,39,10,6,113,90,36,19,322,155,193,276,297,-59,-51,-26,-13
6266,GIMAP2,47,33,2,1,87,72,28,12,322,188,217,292,309,-40,-39,-26,-11
12386,PIF1,32,17,2,0,139,93,28,9,322,151,212,292,313,-107,-76,-26,-9
18023,TTC30B,34,24,3,0,145,94,29,10,322,143,204,290,312,-111,-70,-26,-10
14377,RSC1A1,38,23,18,17,78,62,44,37,322,206,237,260,268,-40,-39,-26,-20
13448,PWP2,49,31,15,12,114,82,41,30,322,159,209,266,280,-65,-51,-26,-18
3133,CITED4,42,34,10,1,114,78,36,20,322,166,210,276,301,-72,-44,-26,-19
17754,TREX2,61,46,9,7,127,89,35,11,322,134,187,278,304,-66,-43,-26,-4
3709,CSNK2A3,58,48,12,3,83,71,38,16,322,181,203,272,303,-25,-23,-26,-13
14495,S1PR5,60,39,1,1,129,93,28,12,322,133,190,293,309,-69,-54,-27,-11
19590,ZNF792,35,14,4,2,158,105,31,13,322,129,203,287,307,-123,-91,-27,-11
17753,TREX1,44,37,28,20,131,97,56,38,322,147,188,238,264,-87,-60,-28,-18
7800,IL1B,33,25,7,0,100,78,35,20,322,189,219,280,302,-67,-53,-28,-20
7245,HOXC5,52,33,7,1,109,86,36,16,322,161,203,279,305,-57,-53,-29,-15
8993,LIPT2,37,21,4,0,157,108,33,10,322,128,193,285,312,-120,-87,-29,-10
9811,MIEF2,42,24,5,2,162,119,35,15,322,118,179,282,305,-120,-95,-30,-13
6825,H1-2,44,27,11,7,115,82,42,22,322,163,213,269,293,-71,-55,-31,-15
2427,CCDC71,35,22,9,5,168,119,40,13,322,119,181,273,304,-133,-97,-31,-8
7469,IFIT3,42,32,8,3,146,106,39,18,322,134,184,275,301,-104,-74,-31,-15
14537,SAPCD1,61,57,46,35,104,96,78,64,322,157,169,198,223,-43,-39,-32,-29
3192,CLDND2,55,40,17,5,131,96,49,32,322,136,186,256,285,-76,-56,-32,-27
16156,STARD6,56,44,11,2,104,96,44,11,322,162,182,267,309,-48,-52,-33,-9
7275,HPS6,32,15,5,4,170,137,41,26,322,120,170,276,292,-138,-122,-36,-22
10426,N4BP1,38,23,3,1,141,105,44,21,322,143,194,275,300,-103,-82,-41,-20
19582,ZNF784,34,25,8,4,178,126,50,28,322,110,171,264,290,-144,-101,-42,-24
17994,TSSK3,72,62,28,16,153,127,71,51,322,97,133,223,255,-81,-65,-43,-35
7282,HRCT1,34,25,7,0,137,118,59,26,322,151,179,256,296,-103,-93,-52,-26
6826,H1-3,44,31,10,6,146,129,81,51,322,132,162,231,265,-102,-98,-71,-45