,GeneName,up1.5,up2,up5,up10,dn1.5,dn2,dn5,dn10,all,unchange1.5,unchange2,unchange5,unchange10,HN1.5,HN2,HN5,HN10
8867,Hspa1b,184,172,152,130,14,11,3,1,242,44,59,87,111,170,161,149,129
8866,Hspa1a,171,160,140,117,13,10,3,1,242,58,72,99,124,158,150,137,116
8875,Hspb1,171,153,112,78,11,6,1,0,242,60,83,129,164,160,147,111,78
7051,Gm20481,110,105,95,76,18,17,7,3,242,114,120,140,163,92,88,88,73
1627,Atf3,158,134,81,42,18,10,3,1,242,66,98,158,199,140,124,78,41
4737,Dnajb1,142,123,71,47,22,12,0,0,242,78,107,171,195,120,111,71,47
8889,Hsph1,157,131,66,37,16,12,2,0,242,69,99,174,205,141,119,64,37
1871,Bag3,132,100,53,12,18,11,2,1,242,92,131,187,229,114,89,51,11
6152,Fos,137,115,59,32,36,23,8,6,242,69,104,175,204,101,92,51,26
5083,Edn1,150,123,46,12,22,11,1,0,242,70,108,195,230,128,112,45,12
5151,Egr1,126,101,51,29,35,20,7,6,242,81,121,184,207,91,81,44,23
14612,Phlda1,131,99,43,25,18,12,1,0,242,93,131,198,217,113,87,42,25
2741,Ccnb1ip1,113,96,57,42,59,43,19,11,242,70,103,166,189,54,53,38,31
8859,Hsp90aa1,131,110,39,15,29,17,2,0,242,82,115,201,227,102,93,37,15
8881,Hspb8,123,93,39,14,13,6,3,0,242,106,143,200,228,110,87,36,14
9836,Kcnk4,107,89,40,16,25,13,5,3,242,110,140,197,223,82,76,35,13
2012,Best2,88,76,35,16,21,10,0,0,242,133,156,207,226,67,66,35,16
4736,Dnaja4,115,83,40,16,30,19,5,2,242,97,140,197,224,85,64,35,14
6019,Fgf21,82,78,37,13,30,21,4,0,242,130,143,201,229,52,57,33,13
21468,Xirp1,82,66,39,20,23,15,6,0,242,137,161,197,222,59,51,33,20
7500,Gm44505,89,74,43,31,49,34,11,4,242,104,134,188,207,40,40,32,27
8868,Hspa1l,99,76,39,21,46,32,7,2,242,97,134,196,219,53,44,32,19
7906,Gml,55,51,37,32,23,19,7,3,242,164,172,198,207,32,32,30,29
2732,Ccn1,112,88,34,14,29,15,4,1,242,101,139,204,227,83,73,30,13
3224,Chac1,104,84,37,14,41,30,7,0,242,97,128,198,228,63,54,30,14
14613,Phlda2,69,56,32,18,46,33,3,1,242,127,153,207,223,23,23,29,17
11915,Myo1g,90,68,36,19,52,39,7,3,242,100,135,199,220,38,29,29,16
19152,Tex52,80,62,32,14,46,33,3,1,242,116,147,207,227,34,29,29,13
9727,Jun,143,111,33,16,14,9,5,4,242,85,122,204,222,129,102,28,12
5152,Egr2,120,99,39,13,40,27,11,9,242,82,116,192,220,80,72,28,4
11068,Mc4r,64,50,27,17,4,1,0,0,242,174,191,215,225,60,49,27,17
3516,Clu,100,79,31,20,24,17,4,0,242,118,146,207,222,76,62,27,20
646,Acta1,90,68,33,18,35,24,6,2,242,117,150,203,222,55,44,27,16
15607,Pspn,70,55,40,23,32,25,13,8,242,140,162,189,211,38,30,27,15
4733,Dnaja1,107,88,29,5,22,11,3,0,242,113,143,210,237,85,77,26,5
7178,Gm21738,63,59,46,27,44,35,20,13,242,135,148,176,202,19,24,26,14
4400,Ddit4,109,73,28,9,30,18,2,1,242,103,151,212,232,79,55,26,8
17180,Serpinf2,106,90,28,9,31,22,2,1,242,105,130,212,232,75,68,26,8
10762,Ly6g6c,85,67,38,12,49,37,12,7,242,108,138,192,223,36,30,26,5
8343,H1f8,54,52,29,15,24,23,4,1,242,164,167,209,226,30,29,25,14
10630,Lrrc26,64,55,27,10,33,22,3,2,242,145,165,212,230,31,33,24,8
14921,Pmaip1,107,90,28,8,32,20,4,0,242,103,132,210,234,75,70,24,8
7907,Gml2,46,42,27,20,17,13,3,2,242,179,187,212,220,29,29,24,18
7438,Gm38100,63,54,24,20,13,11,0,0,242,166,177,218,222,50,43,24,20
15520,Prtn3,82,68,30,18,34,27,6,1,242,126,147,206,223,48,41,24,17
1367,Arc,120,92,34,14,29,18,11,7,242,93,132,197,221,91,74,23,7
6913,Gm14406,59,55,40,29,39,30,17,10,242,144,157,185,203,20,25,23,19
10590,Lrg1,79,59,28,13,45,32,5,2,242,118,151,209,227,34,27,23,11
7589,Gm49356,87,72,53,43,56,48,30,23,242,99,122,159,176,31,24,23,20
10332,Lbx2,84,73,26,6,45,30,4,1,242,113,139,212,235,39,43,22,5
6815,Gm11563,39,38,27,14,9,8,5,2,242,194,196,210,226,30,30,22,12
11714,Mt2,80,63,28,19,57,31,6,3,242,105,148,208,220,23,32,22,16
4450,Dedd2,114,82,24,6,19,5,2,1,242,109,155,216,235,95,77,22,5
9394,Il1r2,80,71,32,12,46,35,10,4,242,116,136,200,226,34,36,22,8
3049,Cebpb,108,83,22,7,30,10,0,0,242,104,149,220,235,78,73,22,7
3005,Cdkn1a,89,60,23,9,26,6,1,0,242,127,176,218,233,63,54,22,9
17141,Serpina3n,73,53,22,12,36,14,0,0,242,133,175,220,230,37,39,22,12
8886,Hspe1,118,82,22,8,13,5,0,0,242,111,155,220,234,105,77,22,8
21398,Wfdc18,63,56,34,23,26,19,12,4,242,153,167,196,215,37,37,22,19
10769,Ly6k,65,54,24,16,25,17,2,0,242,152,171,216,226,40,37,22,16
6499,Gdf15,92,69,28,7,50,28,6,1,242,100,145,208,234,42,41,22,6
9002,Ifitm5,106,91,36,10,42,34,14,7,242,94,117,192,225,64,57,22,3
6962,Gm16253,71,52,31,12,47,37,9,2,242,124,153,202,228,24,15,22,10
10230,Krtap4-16,49,45,21,14,6,4,0,0,242,187,193,221,228,43,41,21,14
19711,Tnfrsf23,86,70,26,8,51,28,5,0,242,105,144,211,234,35,42,21,8
10512,Lman1l,88,71,24,3,31,17,3,0,242,123,154,215,239,57,54,21,3
4186,Cyp2e1,104,73,27,12,42,25,6,2,242,96,144,209,228,62,48,21,10
5785,Fam71d,91,72,32,9,45,40,11,3,242,106,130,199,230,46,32,21,6
12245,Nfil3,117,87,23,2,23,10,2,0,242,102,145,217,240,94,77,21,2
18278,Spp1,83,64,26,13,39,23,5,5,242,120,155,211,224,44,41,21,8
9548,Iqcf1,53,46,31,12,20,17,10,1,242,169,179,201,229,33,29,21,11
14782,Pla2g4c,89,64,23,4,29,14,2,0,242,124,164,217,238,60,50,21,4
4511,Defb42,42,39,26,14,27,22,5,3,242,173,181,211,225,15,17,21,11
10195,Krtap1-5,43,41,25,10,18,17,5,1,242,181,184,212,231,25,24,20,9
16772,S100a9,47,42,29,19,32,27,9,7,242,163,173,204,216,15,15,20,12
8999,Ifitm10,71,55,24,15,52,36,4,0,242,119,151,214,227,19,19,20,15
4744,Dnajb4,97,74,24,8,25,14,4,2,242,120,154,214,232,72,60,20,6
4247,Cys1,86,65,23,9,39,21,3,2,242,117,156,216,231,47,44,20,7
16688,Rsrp1,93,64,22,6,25,12,2,1,242,124,166,218,235,68,52,20,5
20119,Trib3,105,77,23,5,41,22,3,0,242,96,143,216,237,64,55,20,5
915,Ahsa2,113,78,22,7,17,8,2,0,242,112,156,218,235,96,70,20,7
17182,Serpinh1,128,94,22,7,23,10,3,0,242,91,138,217,235,105,84,19,7
3408,Cldn11,68,55,23,6,40,18,4,2,242,134,169,215,234,28,37,19,4
1490,Arl9,83,69,39,14,41,37,20,10,242,118,136,183,218,42,32,19,4
11713,Mt1,69,58,23,9,38,15,4,2,242,135,169,215,231,31,43,19,7
10845,Maff,96,75,22,12,17,9,3,0,242,129,158,217,230,79,66,19,12
10171,Krt6a,37,32,23,15,20,14,4,0,242,185,196,215,227,17,18,19,15
2708,Ccl11,66,48,22,8,35,29,3,1,242,141,165,217,233,31,19,19,7
4459,Defa24,23,23,21,17,3,2,2,0,242,216,217,219,225,20,21,19,17
9610,Ism2,71,54,19,11,35,23,0,0,242,136,165,223,231,36,31,19,11
12521,Nr4a3,98,71,24,6,35,18,5,1,242,109,153,213,235,63,53,19,5
3903,Crybb3,75,56,24,10,37,27,5,1,242,130,159,213,231,38,29,19,9
3431,Cldn4,71,52,25,12,37,16,6,3,242,134,174,211,227,34,36,19,9
17979,Snap25,51,42,19,5,29,16,1,1,242,162,184,222,236,22,26,18,4
10915,Mansc1,54,39,22,12,61,33,4,1,242,127,170,216,229,-7,6,18,11
14073,Oxt,70,61,35,15,37,29,17,5,242,135,152,190,222,33,32,18,10
20517,Ubc,102,79,18,8,19,6,0,0,242,121,157,224,234,83,73,18,8
8105,Gpr75,73,52,18,5,25,13,0,0,242,144,177,224,237,48,39,18,5
10424,Lgals7,85,69,29,13,51,34,11,2,242,106,139,202,227,34,35,18,11
16296,Rhox8,92,75,31,12,63,52,13,8,242,87,115,198,222,29,23,18,4
2881,Cd79a,79,62,22,4,44,34,4,2,242,119,146,216,236,35,28,18,2
16765,S100a3,71,62,29,6,40,28,11,4,242,131,152,202,232,31,34,18,2
16637,Rrad,101,72,25,9,34,24,7,2,242,107,146,210,231,67,48,18,7
2701,Ccer2,71,60,23,3,31,19,5,0,242,140,163,214,239,40,41,18,3
9817,Kcnj14,105,76,22,6,31,19,4,1,242,106,147,216,235,74,57,18,5
11429,Mndal,94,71,25,7,53,41,7,2,242,95,130,210,233,41,30,18,5
823,Adora2a,85,67,20,5,34,21,3,1,242,123,154,219,236,51,46,17,4
16782,Saa1,45,43,29,14,37,26,12,6,242,160,173,201,222,8,17,17,8
14081,P2rx7,62,43,21,9,53,35,4,0,242,127,164,217,233,9,8,17,9
6015,Fgf17,81,60,20,9,33,25,3,0,242,128,157,219,233,48,35,17,9
9728,Junb,111,80,22,5,36,20,5,2,242,95,142,215,235,75,60,17,3
11788,Muc13,63,35,18,8,28,12,1,0,242,151,195,223,234,35,23,17,8
9088,Ighg2b,59,44,20,8,16,11,3,2,242,167,187,219,232,43,33,17,6
3897,Cryab,116,84,19,7,24,17,2,1,242,102,141,221,234,92,67,17,6
18068,Socs3,96,76,23,8,45,28,6,1,242,101,138,213,233,51,48,17,7
1482,Arl5c,84,65,22,10,38,24,5,2,242,120,153,215,230,46,41,17,8
10364,Lcn2,64,51,25,13,40,26,8,2,242,138,165,209,227,24,25,17,11
7228,Gm21976,41,37,22,9,50,36,5,2,242,151,169,215,231,-9,1,17,7
11950,Mzb1,72,64,40,28,46,37,23,11,242,124,141,179,203,26,27,17,17
4184,Cyp2d40,52,50,18,6,18,13,1,1,242,172,179,223,235,34,37,17,5
9355,Il10,66,61,21,10,20,17,4,2,242,156,164,217,230,46,44,17,8
7728,Gm6169,58,48,31,23,32,25,14,8,242,152,169,197,211,26,23,17,15
1886,Banp,101,64,18,8,21,15,2,0,242,120,163,222,234,80,49,16,8
7517,Gm45234,68,58,36,29,56,46,20,15,242,118,138,186,198,12,12,16,14
3789,Cplx3,73,60,23,8,34,22,7,0,242,135,160,212,234,39,38,16,8
11490,Mpo,70,52,22,11,43,27,6,1,242,129,163,214,230,27,25,16,10
6365,Gadd45g,113,85,20,8,20,16,4,1,242,109,141,218,233,93,69,16,7
11510,Mpzl2,51,34,18,13,52,32,2,0,242,139,176,222,229,-1,2,16,13
19144,Tex43,55,49,30,19,33,25,14,5,242,154,168,198,218,22,24,16,14
1790,Avp,43,37,25,15,15,15,9,1,242,184,190,208,226,28,22,16,14
16061,Rbmy,25,25,18,14,7,3,2,2,242,210,214,222,226,18,22,16,12
19555,Tmem252,67,36,16,9,38,13,0,0,242,137,193,226,233,29,23,16,9
15625,Ptcra,92,60,23,10,43,32,7,2,242,107,150,212,230,49,28,16,8
9062,Igfbp3,52,37,16,12,37,13,0,0,242,153,192,226,230,15,24,16,12
14704,Pin1rt1,81,69,30,16,48,39,14,4,242,113,134,198,222,33,30,16,12
8460,H4c18,96,77,30,23,33,26,14,10,242,113,139,198,209,63,51,16,13
17751,Slc5a5,95,70,18,7,32,17,2,0,242,115,155,222,235,63,53,16,7
20239,Trpc2,27,27,20,15,7,7,4,3,242,208,208,218,224,20,20,16,12
5255,Elf3,67,42,19,11,53,30,3,0,242,122,170,220,231,14,12,16,11
8831,Hsd17b1,81,57,20,5,53,37,4,1,242,108,148,218,236,28,20,16,4
8811,Hrk,44,31,17,9,27,14,1,0,242,171,197,224,233,17,17,16,9
7451,Gm38999,39,37,22,13,11,8,6,5,242,192,197,214,224,28,29,16,8
10763,Ly6g6d,56,51,22,6,45,33,6,3,242,141,158,214,233,11,18,16,3
7694,Gm5741,54,49,40,33,49,40,24,22,242,139,153,178,187,5,9,16,11
850,AF366264,67,50,21,9,40,25,5,0,242,135,167,216,233,27,25,16,9
8452,H3c8,69,55,33,18,60,44,17,8,242,113,143,192,216,9,11,16,10
11929,Myocos,40,38,22,8,22,19,6,3,242,180,185,214,231,18,19,16,5
2013,Best3,67,48,18,8,29,16,2,0,242,146,178,222,234,38,32,16,8
18309,Spry4,73,47,19,7,43,24,3,2,242,126,171,220,233,30,23,16,5
650,Actc1,67,52,21,12,25,12,5,4,242,150,178,216,226,42,40,16,8
1595,Asns,71,48,18,8,30,12,2,1,242,141,182,222,233,41,36,16,7
1321,Apoc3,53,43,24,8,22,17,9,4,242,167,182,209,230,31,26,15,4
5987,Fermt3,85,60,21,6,48,29,6,3,242,109,153,215,233,37,31,15,3
2233,Btg2,78,51,19,5,41,25,4,0,242,123,166,219,237,37,26,15,5
1319,Apoc1,60,43,26,13,30,24,11,11,242,152,175,205,218,30,19,15,2
6753,Gm10720,33,30,22,12,15,12,7,5,242,194,200,213,225,18,18,15,7
2024,Bglap,47,43,36,24,34,29,21,10,242,161,170,185,208,13,14,15,14
7378,Gm3376,22,21,17,9,3,3,2,1,242,217,218,223,232,19,18,15,8
12373,Nme5,60,48,24,10,60,38,9,4,242,122,156,209,228,0,10,15,6
2324,Cabp5,81,56,17,5,46,27,2,1,242,115,159,223,236,35,29,15,4
9089,Ighg2c,42,39,21,10,22,20,6,3,242,178,183,215,229,20,19,15,7
6762,Gm10800,80,67,37,23,53,45,22,11,242,109,130,183,208,27,22,15,12
6763,Gm10801,66,60,39,24,49,43,24,9,242,127,139,179,209,17,17,15,15
8975,Ifi205,75,61,24,5,43,31,9,6,242,124,150,209,231,32,30,15,-1
14095,P4ha1,100,60,19,4,27,12,4,1,242,115,170,219,237,73,48,15,3
7259,Gm28035,72,56,22,7,48,34,7,3,242,122,152,213,232,24,22,15,4
8693,Hmgcs2,73,54,20,11,37,22,5,0,242,132,166,217,231,36,32,15,11
2632,Ccdc194,80,59,20,9,42,24,5,0,242,120,159,217,233,38,35,15,9
6264,Fthl17c,24,23,17,8,9,5,2,2,242,209,214,223,232,15,18,15,6
3914,Crygs,61,55,20,6,39,31,5,1,242,142,156,217,235,22,24,15,5
21486,Xlr5b,43,37,21,7,21,21,6,5,242,178,184,215,230,22,16,15,2
15530,Psca,62,55,26,9,55,44,11,6,242,125,143,205,227,7,11,15,3
3434,Cldn7,62,46,24,13,40,28,9,6,242,140,168,209,223,22,18,15,7
12388,Nmu,45,36,21,10,24,19,6,1,242,173,187,215,231,21,17,15,9
16156,Retn,90,64,29,10,55,41,14,6,242,97,137,199,226,35,23,15,4
9557,Iqcn,73,50,15,5,24,10,0,0,242,145,182,227,237,49,40,15,5
8701,Hmox1,110,78,15,5,24,12,1,1,242,108,152,226,236,86,66,14,4
8948,Id1,87,61,20,8,51,38,6,0,242,104,143,216,234,36,23,14,8
8887,Hspe1-rs1,100,80,41,24,40,36,27,15,242,102,126,174,203,60,44,14,9
8513,Havcr1,40,26,16,11,33,17,2,0,242,169,199,224,231,7,9,14,11
14203,Parvg,70,51,21,10,57,45,7,3,242,115,146,214,229,13,6,14,7
396,A3galt2,86,59,18,4,35,18,4,1,242,121,165,220,237,51,41,14,3
8630,Hhatl,69,51,23,11,49,27,9,2,242,124,164,210,229,20,24,14,9
19700,Tnfrsf12a,65,50,19,14,37,18,5,1,242,140,174,218,227,28,32,14,13
4489,Defb19,35,30,21,11,13,12,7,6,242,194,200,214,225,22,18,14,5
12500,Nr0b2,74,54,17,7,32,24,3,1,242,136,164,222,234,42,30,14,6
6283,Fut1,74,49,19,11,50,28,5,1,242,118,165,218,230,24,21,14,10
6369,Gal,65,53,16,5,22,18,2,0,242,155,171,224,237,43,35,14,5
12035,Nat8f7,62,52,23,7,32,24,9,6,242,148,166,210,229,30,28,14,1
15921,Ramp3,55,45,20,11,56,29,6,0,242,131,168,216,231,-1,16,14,11
21218,Vpreb1,88,72,30,15,47,37,16,6,242,107,133,196,221,41,35,14,9
18271,Spon2,62,43,17,7,57,28,3,0,242,123,171,222,235,5,15,14,7
40,1700007K13Rik,82,62,25,13,51,44,11,3,242,109,136,206,226,31,18,14,10
10224,Krtap3-2,34,31,15,9,11,10,1,1,242,197,201,226,232,23,21,14,8
12446,Noxred1,93,64,22,9,48,32,8,5,242,101,146,212,228,45,32,14,4
3416,Cldn19,73,59,24,11,56,38,10,6,242,113,145,208,225,17,21,14,5
3433,Cldn6,63,50,18,8,44,28,4,0,242,135,164,220,234,19,22,14,8
16444,Rnf224,54,38,17,5,25,10,3,1,242,163,194,222,236,29,28,14,4
17984,Snapc1l,49,43,32,27,34,28,18,14,242,159,171,192,201,15,15,14,13
10002,Klf6,102,71,15,4,28,13,1,0,242,112,158,226,238,74,58,14,4
15979,Rasl11a,78,55,21,7,48,27,7,3,242,116,160,214,232,30,28,14,4
596,Acnat1,67,51,17,7,52,39,3,2,242,123,152,222,233,15,12,14,5
20626,Ugt1a10,36,29,20,11,20,11,6,3,242,186,202,216,228,16,18,14,8
8347,H2-Bl,75,54,25,10,45,30,11,2,242,122,158,206,230,30,24,14,8
6751,Gm10718,68,58,36,23,44,37,22,15,242,130,147,184,204,24,21,14,8
18656,Susd3,53,35,15,6,36,15,1,0,242,153,192,226,236,17,20,14,6
9543,Iqca1l,44,33,18,6,25,16,4,3,242,173,193,220,233,19,17,14,3
17137,Serpina3i,64,44,20,10,58,34,6,0,242,120,164,216,232,6,10,14,10
9310,Igkv8-28,22,21,16,12,12,9,2,1,242,208,212,224,229,10,12,14,11
12741,Obp2a,40,38,16,8,11,10,2,1,242,191,194,224,233,29,28,14,7
3204,Cfd,65,58,24,11,34,25,10,6,242,143,159,208,225,31,33,14,5
11854,Myc,84,61,16,4,48,29,3,0,242,110,152,223,238,36,32,13,4
20184,Trim72,84,57,15,7,36,16,2,0,242,122,169,225,235,48,41,13,7
16443,Rnf223,89,59,13,4,28,18,0,0,242,125,165,229,238,61,41,13,4
3412,Cldn15,93,70,16,5,48,22,3,1,242,101,150,223,236,45,48,13,4
16159,Retnlg,38,35,22,9,30,28,9,4,242,174,179,211,229,8,7,13,5
11663,Msantd1,94,67,19,4,42,27,6,2,242,106,148,217,236,52,40,13,2
20118,Trib2,53,41,17,5,76,49,4,0,242,113,152,221,237,-23,-8,13,5
2181,Bst2,84,49,17,6,31,17,4,2,242,127,176,221,234,53,32,13,4
11716,Mt4,29,26,21,11,23,18,8,4,242,190,198,213,227,6,8,13,7
18980,Tceal5,45,37,22,10,35,31,9,3,242,162,174,211,229,10,6,13,7
6777,Gm11032,59,48,34,29,51,38,21,14,242,132,156,187,199,8,10,13,15
6153,Fosb,102,70,21,6,49,34,8,6,242,91,138,213,230,53,36,13,0
1309,Apoa1,68,54,21,11,56,36,8,2,242,118,152,213,229,12,18,13,9
8517,Hba-a2,57,47,28,15,48,38,15,9,242,137,157,199,218,9,9,13,6
9071,Igha,50,45,18,9,41,32,5,2,242,151,165,219,231,9,13,13,7
9066,Igfbp7,67,52,16,4,28,16,3,1,242,147,174,223,237,39,36,13,3
4961,Dusp8,90,70,19,7,37,16,6,2,242,115,156,217,233,53,54,13,5
578,Acbd7,53,45,24,11,44,30,11,8,242,145,167,207,223,9,15,13,3
6359,Gabrr2,99,69,17,3,39,23,4,2,242,104,150,221,237,60,46,13,1
10092,Klrb1b,34,26,14,5,32,19,1,0,242,176,197,227,237,2,7,13,5
19727,Tnfsf9,99,69,18,5,51,23,5,4,242,92,150,219,233,48,46,13,1
812,Adig,69,58,30,11,46,33,17,5,242,127,151,195,226,23,25,13,6
10151,Krt20,83,50,13,8,24,10,0,0,242,135,182,229,234,59,40,13,8
6210,Fpr2,61,53,26,15,41,30,13,4,242,140,159,203,223,20,23,13,11
8871,Hspa4l,105,75,16,5,24,15,3,0,242,113,152,223,237,81,60,13,5
414,A730049H05Rik,55,46,18,9,42,24,5,0,242,145,172,219,233,13,22,13,9
3669,Col6a3,66,44,15,10,32,19,2,0,242,144,179,225,232,34,25,13,10
6027,Fgf8,69,58,16,8,37,28,3,0,242,136,156,223,234,32,30,13,8
4465,Defa3,22,19,17,15,5,4,4,4,242,215,219,221,223,17,15,13,11
11555,Mroh6,81,54,13,2,28,17,0,0,242,133,171,229,240,53,37,13,2
18225,Sphk1,77,61,22,7,67,42,9,2,242,98,139,211,233,10,19,13,5
2714,Ccl21a,46,39,15,8,18,14,2,0,242,178,189,225,234,28,25,13,8
2855,Cd3e,60,50,14,7,32,21,1,0,242,150,171,227,235,28,29,13,7
2776,Ccr5,83,64,27,13,52,38,14,9,242,107,140,201,220,31,26,13,4
8037,Gpnmb,87,59,19,7,49,22,6,1,242,106,161,217,234,38,37,13,6
4026,Ctrb1,62,57,21,9,34,32,8,2,242,146,153,213,231,28,25,13,7
15063,Potegl,68,47,14,3,49,34,1,0,242,125,161,227,239,19,13,13,3
7269,Gm28053,36,34,26,18,29,22,13,8,242,177,186,203,216,7,12,13,10
4250,Cysrt1,75,62,27,15,51,32,14,1,242,116,148,201,226,24,30,13,14
8233,Gsta2,59,53,19,6,43,30,6,0,242,140,159,217,236,16,23,13,6
8447,H3c2,76,61,34,21,56,40,21,12,242,110,141,187,209,20,21,13,9
4042,Ctsk,84,64,22,8,49,28,9,4,242,109,150,211,230,35,36,13,4
7369,Gm3285,20,19,13,6,0,0,0,0,242,222,223,229,236,20,19,13,6
14771,Pla2g12b,56,49,16,8,20,17,3,0,242,166,176,223,234,36,32,13,8
19032,Tdgf1,48,39,16,9,45,28,4,2,242,149,175,222,231,3,11,12,7
21390,Wfdc10,34,28,17,6,10,7,5,3,242,198,207,220,233,24,21,12,3
12825,Olfr1033,69,45,22,14,53,32,10,7,242,120,165,210,221,16,13,12,7
18751,Sytl1,77,56,14,2,43,19,2,0,242,122,167,226,240,34,37,12,2
15472,Prrg4,77,61,21,10,50,24,9,3,242,115,157,212,229,27,37,12,7
16641,Rragd,62,43,14,7,42,17,2,0,242,138,182,226,235,20,26,12,7
6473,Gcg,31,25,17,12,21,16,5,3,242,190,201,220,227,10,9,12,9
19506,Tmem200b,71,55,18,10,41,24,6,2,242,130,163,218,230,30,31,12,8
8959,Idi2,57,38,14,1,45,24,2,0,242,140,180,226,241,12,14,12,1
15380,Prm1,38,31,28,12,29,26,16,5,242,175,185,198,225,9,5,12,7
16142,Ren1,49,42,17,10,58,40,5,2,242,135,160,220,230,-9,2,12,8
1356,Aqp5,78,56,24,8,54,42,12,4,242,110,144,206,230,24,14,12,4
8792,Hpn,55,35,12,2,40,22,0,0,242,147,185,230,240,15,13,12,2
1337,Apol9a,84,67,24,8,46,34,12,3,242,112,141,206,231,38,33,12,5
14434,Pdk4,79,52,15,9,45,26,3,1,242,118,164,224,232,34,26,12,8
13995,Orm1,49,47,22,9,39,37,10,3,242,154,158,210,230,10,10,12,6
8787,Hpd,49,39,17,14,25,18,5,5,242,168,185,220,223,24,21,12,9
12830,Olfr1039,73,58,20,11,52,31,8,3,242,117,153,214,228,21,27,12,8
10918,Maob,58,46,14,2,28,19,2,1,242,156,177,226,239,30,27,12,1
11412,Mmp23,66,49,17,4,47,25,5,1,242,129,168,220,237,19,24,12,3
6607,Gjc2,78,40,12,6,48,27,0,0,242,116,175,230,236,30,13,12,6
16570,Rplp2-ps1,33,28,24,24,22,17,12,12,242,187,197,206,206,11,11,12,12
10806,Lyst,60,46,27,15,68,44,15,8,242,114,152,200,219,-8,2,12,7
10782,Lypd1,89,58,14,4,31,11,2,0,242,122,173,226,238,58,47,12,4
7200,Gm21854,45,43,17,7,39,32,5,4,242,158,167,220,231,6,11,12,3
7189,Gm21778,53,47,21,10,29,23,9,3,242,160,172,212,229,24,24,12,7
17181,Serping1,66,49,13,6,30,14,1,1,242,146,179,228,235,36,35,12,5
8250,Gstp3,49,40,21,14,43,32,9,1,242,150,170,212,227,6,8,12,13
17681,Slc38a3,63,39,16,8,43,26,4,0,242,136,177,222,234,20,13,12,8
8840,Hsd17b6,39,32,13,8,13,12,1,0,242,190,198,228,234,26,20,12,8
16548,Rpl36a-ps1,56,49,39,28,51,38,27,20,242,135,155,176,194,5,11,12,8
8830,Hsd11b2,71,54,20,8,51,27,8,5,242,120,161,214,229,20,27,12,3
5500,Espn,77,54,14,5,41,20,2,2,242,124,168,226,235,36,34,12,3
1090,Amhr2,75,57,17,5,53,31,5,0,242,114,154,220,237,22,26,12,5
17064,Selplg,65,47,22,9,53,36,10,5,242,124,159,210,228,12,11,12,4
9608,Islr2,62,38,14,3,52,38,2,0,242,128,166,226,239,10,0,12,3
19294,Timp1,72,53,20,11,40,27,8,2,242,130,162,214,229,32,26,12,9
818,Adm2,74,58,14,6,41,23,2,1,242,127,161,226,235,33,35,12,5
1065,Alpk2,38,29,17,7,26,17,5,1,242,178,196,220,234,12,12,12,6
7020,Gm17728,43,36,26,17,28,22,14,10,242,171,184,202,215,15,14,12,7
5548,Evpl,76,49,14,5,45,19,2,0,242,121,174,226,237,31,30,12,5
8634,Hhipl2,93,65,19,4,33,21,7,3,242,116,156,216,235,60,44,12,1
10044,Klhl40,73,42,15,7,40,22,3,2,242,129,178,224,233,33,20,12,5
2704,Cck,56,41,20,9,37,23,8,4,242,149,178,214,229,19,18,12,5
6797,Gm11213,16,16,14,2,9,6,2,0,242,217,220,226,240,7,10,12,2
6053,Fibcd1,57,35,13,6,32,12,1,1,242,153,195,228,235,25,23,12,5
4103,Cxcr4,75,55,21,4,38,31,9,4,242,129,156,212,234,37,24,12,0
7898,Gm9999,31,29,23,15,16,15,11,9,242,195,198,208,218,15,14,12,6
6265,Fthl17d,20,19,13,7,14,11,1,1,242,208,212,228,234,6,8,12,6
8386,H2ac10,57,47,39,32,58,49,27,17,242,127,146,176,193,-1,-2,12,15
2728,Ccl8,56,47,32,17,51,41,20,10,242,135,154,190,215,5,6,12,7
8390,H2ac15,69,51,35,22,49,39,23,16,242,124,152,184,204,20,12,12,6
4076,Cuzd1,65,46,13,8,33,10,1,0,242,144,186,228,234,32,36,12,8
252,4930486L24Rik,58,54,32,21,46,41,20,13,242,138,147,190,208,12,13,12,8
20275,Tsc22d3,86,61,19,5,46,29,7,1,242,110,152,216,236,40,32,12,4
17777,Slc6a8,42,31,13,6,64,29,1,1,242,136,182,228,235,-22,2,12,5
9069,Igflr1,61,56,41,25,65,58,29,17,242,116,128,172,200,-4,-2,12,8
11539,Mrgprh,51,35,12,7,32,14,0,0,242,159,193,230,235,19,21,12,7
712,Adam30,50,39,18,9,27,25,6,4,242,165,178,218,229,23,14,12,5
2886,Cd83,59,47,14,5,36,24,2,1,242,147,171,226,236,23,23,12,4
8885,Hspd1,106,69,15,5,20,14,3,0,242,116,159,224,237,86,55,12,5
9123,Ighv1-55,22,20,16,7,9,9,4,3,242,211,213,222,232,13,11,12,4
16976,Scx,80,65,20,5,56,32,8,1,242,106,145,214,236,24,33,12,4
2467,Card9,80,51,16,1,44,24,4,2,242,118,167,222,239,36,27,12,-1
21264,Vsig4,30,26,15,6,17,13,3,1,242,195,203,224,235,13,13,12,5
4084,Cx3cl1,68,45,15,4,54,30,3,2,242,120,167,224,236,14,15,12,2
6363,Gadd45a,90,61,13,4,29,16,1,1,242,123,165,228,237,61,45,12,3
21681,Zfand2a,107,65,15,2,25,12,3,0,242,110,165,224,240,82,53,12,2
1137,Angptl4,77,56,17,10,50,31,5,2,242,115,155,220,230,27,25,12,8
21577,Zbtb16,60,36,15,8,24,12,3,1,242,158,194,224,233,36,24,12,7
3223,Ch25h,68,58,19,7,61,47,7,2,242,113,137,216,233,7,11,12,5
6016,Fgf18,85,62,20,2,39,29,8,2,242,118,151,214,238,46,33,12,0
2882,Cd79b,53,47,17,4,46,28,5,2,242,143,167,220,236,7,19,12,2
8294,Guca1b,78,63,15,4,38,18,4,1,242,126,161,223,237,40,45,11,3
19646,Tmigd1,39,35,14,9,38,31,3,0,242,165,176,225,233,1,4,11,9
7171,Gm21693,18,18,12,9,8,7,1,1,242,216,217,229,232,10,11,11,8
3847,Creb5,62,45,13,3,46,24,2,0,242,134,173,227,239,16,21,11,3
4171,Cyp2c55,62,45,17,8,41,24,6,1,242,139,173,219,233,21,21,11,7
16858,Sbk3,39,32,14,3,41,22,3,0,242,162,188,225,239,-2,10,11,3
5400,Ephx3,103,67,14,3,36,16,3,1,242,103,159,225,238,67,51,11,2
9249,Igkv2-109,17,16,13,6,7,7,2,1,242,218,219,227,235,10,9,11,5
5783,Fam71a,63,39,15,8,22,9,4,3,242,157,194,223,231,41,30,11,5
13345,Olfr286,66,47,12,2,32,15,1,0,242,144,180,229,240,34,32,11,2
20007,Trav6d-6,14,14,13,10,2,2,2,1,242,226,226,227,231,12,12,11,9
4666,Dlk1,79,51,14,2,35,22,3,0,242,128,169,225,240,44,29,11,2
6743,Gm10563,54,50,34,32,39,31,23,20,242,149,161,185,190,15,19,11,12
20678,Unc93a,60,35,13,9,43,24,2,0,242,139,183,227,233,17,11,11,9
8521,Hbb-bs,48,39,15,3,33,23,4,1,242,161,180,223,238,15,16,11,2
16566,Rpl9-ps6,42,34,26,17,32,27,15,12,242,168,181,201,213,10,7,11,5
17224,Sfn,94,70,15,3,33,19,4,1,242,115,153,223,238,61,51,11,2
6364,Gadd45b,122,84,14,0,22,12,3,2,242,98,146,225,240,100,72,11,-2
20059,Trbv14,14,14,13,5,2,2,2,2,242,226,226,227,235,12,12,11,3
15087,Ppargc1a,54,30,11,4,49,26,0,0,242,139,186,231,238,5,4,11,4
15697,Ptprn,75,49,14,4,32,13,3,0,242,135,180,225,238,43,36,11,4
9981,Kitl,85,54,15,3,33,20,4,1,242,124,168,223,238,52,34,11,2
10012,Klhdc7b,57,33,14,3,33,20,3,1,242,152,189,225,238,24,13,11,2
6299,Fxyd4,64,48,21,9,54,36,10,2,242,124,158,211,231,10,12,11,7
17748,Slc5a3,111,87,15,2,36,22,4,0,242,95,133,223,240,75,65,11,2
8044,Gpr132,71,56,22,12,48,36,11,5,242,123,150,209,225,23,20,11,7
10098,Klrd1,52,42,28,15,33,30,17,7,242,157,170,197,220,19,12,11,8
5084,Edn2,70,55,13,9,29,19,2,0,242,143,168,227,233,41,36,11,9
16913,Scgb1c1,51,46,30,10,35,28,19,7,242,156,168,193,225,16,18,11,3
17829,Slfn1,43,31,14,7,38,24,3,3,242,161,187,225,232,5,7,11,4
12331,Nkx2-5,43,31,12,8,24,13,1,0,242,175,198,229,234,19,18,11,8
3304,Chrna4,74,47,16,5,34,21,5,1,242,134,174,221,236,40,26,11,4
10598,Lrit3,57,36,11,4,32,14,0,0,242,153,192,231,238,25,22,11,4
17042,Sectm1b,46,40,18,7,44,26,7,3,242,152,176,217,232,2,14,11,4
1369,Areg,80,64,17,4,34,27,6,4,242,128,151,219,234,46,37,11,0
19314,Tktl1,52,37,14,6,40,19,3,2,242,150,186,225,234,12,18,11,4
13128,Olfr1369-ps1,91,57,14,3,27,18,3,1,242,124,167,225,238,64,39,11,2
18981,Tceal6,37,29,11,6,16,13,0,0,242,189,200,231,236,21,16,11,6
15148,Ppp1r15a,83,51,14,3,30,10,3,0,242,129,181,225,239,53,41,11,3
1311,Apoa4,53,37,12,6,28,15,1,1,242,161,190,229,235,25,22,11,5
10735,Ltc4s,59,47,26,12,70,53,15,6,242,113,142,201,224,-11,-6,11,6
7830,Gm8251,71,49,15,3,18,12,4,1,242,153,181,223,238,53,37,11,2
14719,Pipox,66,49,14,8,40,20,3,0,242,136,173,225,234,26,29,11,8
17716,Slc45a1,53,38,11,0,26,17,0,0,242,163,187,231,242,27,21,11,0
10728,Ltb4r1,79,53,14,6,47,31,3,1,242,116,158,225,235,32,22,11,5
14718,Pip5kl1,75,53,18,8,42,22,7,6,242,125,167,217,228,33,31,11,2
15968,Rasgef1b,80,54,11,1,41,20,0,0,242,121,168,231,241,39,34,11,1
16646,Rrh,61,49,16,4,50,40,5,1,242,131,153,221,237,11,9,11,3
9650,Itgb8,61,41,14,5,44,23,3,1,242,137,178,225,236,17,18,11,4
14405,Pde6g,88,69,18,7,52,39,7,4,242,102,134,217,231,36,30,11,3
19094,Tepp,53,45,21,6,47,37,10,4,242,142,160,211,232,6,8,11,2
18693,Sycn,28,25,15,6,15,14,4,3,242,199,203,223,233,13,11,11,3
10307,Laptm5,58,42,13,4,39,23,2,1,242,145,177,227,237,19,19,11,3
8873,Hspa8,110,80,15,5,27,20,4,1,242,105,142,223,236,83,60,11,4
11669,Msgn1,24,22,12,6,6,5,1,0,242,212,215,229,236,18,17,11,6
6880,Gm13398,65,45,12,3,30,9,1,0,242,147,188,229,239,35,36,11,3
7581,Gm49339,49,38,14,1,39,28,3,2,242,154,176,225,239,10,10,11,-1
17442,Slc10a5,40,26,11,5,47,27,0,0,242,155,189,231,237,-7,-1,11,5
13875,Olfr907,62,46,16,8,48,27,5,4,242,132,169,221,230,14,19,11,4
979,Akr1b7,62,49,19,7,48,41,8,1,242,132,152,215,234,14,8,11,6
17443,Slc10a6,74,47,13,5,35,14,2,0,242,133,181,227,237,39,33,11,5
19712,Tnfrsf25,101,80,17,8,33,25,6,2,242,108,137,219,232,68,55,11,6
6990,Gm17349,42,39,34,26,32,29,23,22,242,168,174,185,194,10,10,11,4
11400,Mmp12,59,44,17,7,59,48,6,0,242,124,150,219,235,0,-4,11,7
5531,Etv2,50,41,16,9,19,11,5,4,242,173,190,221,229,31,30,11,5
18512,Stip1,94,66,15,3,17,11,4,0,242,131,165,223,239,77,55,11,3
20625,Ugt1a1,41,29,13,5,39,27,2,0,242,162,186,227,237,2,2,11,5
15255,Pramel42,22,21,11,5,9,5,0,0,242,211,216,231,237,13,16,11,5
19230,Themis,65,48,19,12,69,50,8,6,242,108,144,215,224,-4,-2,11,6
2270,C1ql2,39,27,12,3,16,6,1,1,242,187,209,229,238,23,21,11,2
5711,Fam180a,80,61,20,6,45,30,9,4,242,117,151,213,232,35,31,11,2
17534,Slc23a3,68,48,17,7,60,37,6,2,242,114,157,219,233,8,11,11,5
238,4930444G20Rik,74,57,21,9,55,43,10,8,242,113,142,211,225,19,14,11,1
19724,Tnfsf18,57,40,13,7,33,20,2,0,242,152,182,227,235,24,20,11,7
8774,Hoxd10,40,33,11,3,36,21,0,0,242,166,188,231,239,4,12,11,3
20158,Trim43b,87,57,18,5,41,25,7,4,242,114,160,217,233,46,32,11,1
8457,H4c12,61,50,28,21,45,39,18,17,242,136,153,196,204,16,11,10,4
3765,Cox8a,49,34,13,3,26,14,3,0,242,167,194,226,239,23,20,10,3
1072,Alx3,34,22,13,8,26,14,3,1,242,182,206,226,233,8,8,10,7
11417,Mmp3,66,49,13,2,35,16,3,1,242,141,177,226,239,31,33,10,1
3543,Cmtm8,49,37,14,5,40,23,4,0,242,153,182,224,237,9,14,10,5
15973,Rasgrp2,70,50,18,7,45,22,8,1,242,127,170,216,234,25,28,10,6
19137,Tex29,56,50,23,11,36,33,13,7,242,150,159,206,224,20,17,10,4
14223,Pawr,74,50,12,4,44,19,2,2,242,124,173,228,236,30,31,10,2
17143,Serpina6,27,17,11,2,7,4,1,0,242,208,221,230,240,20,13,10,2
7577,Gm49325,70,51,27,23,46,30,17,16,242,126,161,198,203,24,21,10,7
3379,Ckmt1,42,28,12,3,36,23,2,0,242,164,191,228,239,6,5,10,3
17934,Smim5,53,43,22,11,68,50,12,4,242,121,149,208,227,-15,-7,10,7
11401,Mmp13,65,46,14,7,58,33,4,2,242,119,163,224,233,7,13,10,5
14238,Pbld1,87,66,19,4,46,29,9,6,242,109,147,214,232,41,37,10,-2
13170,Olfr1419,83,53,15,7,35,26,5,2,242,124,163,222,233,48,27,10,5
6563,Ghrh,35,31,26,16,40,27,16,5,242,167,184,200,221,-5,4,10,11
528,Abhd3,69,49,12,4,54,24,2,2,242,119,169,228,236,15,25,10,2
21425,Wnt1,52,31,15,7,25,15,5,1,242,165,196,222,234,27,16,10,6
18152,Sparcl1,55,34,10,3,23,10,0,0,242,164,198,232,239,32,24,10,3
3787,Cplx1,47,33,15,4,41,25,5,3,242,154,184,222,235,6,8,10,1
17696,Slc39a4,70,42,12,3,47,20,2,1,242,125,180,228,238,23,22,10,2
19746,Tnnt1,57,42,21,5,61,41,11,4,242,124,159,210,233,-4,1,10,1
10779,Lyl1,74,50,22,10,47,37,12,7,242,121,155,208,225,27,13,10,3
8254,Gstt4,51,44,15,4,37,34,5,2,242,154,164,222,236,14,10,10,2
15525,Prxl2b,38,31,10,6,38,19,0,0,242,166,192,232,236,0,12,10,6
7221,Gm21961,41,34,30,26,30,27,20,18,242,171,181,192,198,11,7,10,8
3792,Cpn1,56,41,14,11,42,16,4,2,242,144,185,224,229,14,25,10,9
13830,Olfr847,68,52,16,4,44,31,6,0,242,130,159,220,238,24,21,10,4
17176,Serpine1,90,64,16,4,49,31,6,2,242,103,147,220,236,41,33,10,2
17177,Serpine2,73,52,14,5,36,24,4,1,242,133,166,224,236,37,28,10,4
9422,Il33,54,42,15,8,52,32,5,1,242,136,168,222,233,2,10,10,7
19851,Trac,67,60,30,18,58,47,20,10,242,117,135,192,214,9,13,10,8
5948,Fcgr1,78,54,20,7,33,26,10,2,242,131,162,212,233,45,28,10,5
10149,Krt19,78,51,12,3,28,15,2,1,242,136,176,228,238,50,36,10,2
7069,Gm20683,78,60,15,5,48,27,5,1,242,116,155,222,236,30,33,10,4
8086,Gpr3,77,60,21,10,60,41,11,2,242,105,141,210,230,17,19,10,8
1584,Asgr1,63,50,16,5,49,34,6,3,242,130,158,220,234,14,16,10,2
6269,Ftl1-ps1,72,51,19,11,42,27,9,6,242,128,164,214,225,30,24,10,5
8618,Hey1,61,40,10,1,50,31,0,0,242,131,171,232,241,11,9,10,1
6090,Flg,38,33,12,7,19,14,2,2,242,185,195,228,233,19,19,10,5
2939,Cdcp2,43,29,10,1,26,12,0,0,242,173,201,232,241,17,17,10,1
10410,Lepr,96,65,22,4,42,31,12,4,242,104,146,208,234,54,34,10,0
6039,Fgl1,53,42,15,8,35,18,5,3,242,154,182,222,231,18,24,10,5
19378,Tmc4,67,44,14,7,38,23,4,1,242,137,175,224,234,29,21,10,6
15843,Rab44,53,32,13,7,27,13,3,1,242,162,197,226,234,26,19,10,6
12435,Notch3,62,41,10,5,30,20,0,0,242,150,181,232,237,32,21,10,5
17834,Slfn5,90,56,16,7,35,21,6,3,242,117,165,220,232,55,35,10,4
12404,Nog,80,58,18,5,32,21,8,2,242,130,163,216,235,48,37,10,3
4216,Cyp4a14,20,19,10,9,21,11,0,0,242,201,212,232,233,-1,8,10,9
7927,Gnat1,92,65,31,15,56,37,21,14,242,94,140,190,213,36,28,10,1
12549,Nrn1l,73,61,26,14,57,47,16,8,242,112,134,200,220,16,14,10,6
16272,Rhox2d,19,19,14,11,10,10,4,0,242,213,213,224,231,9,9,10,11
17122,Serpina10,61,32,11,4,48,19,1,0,242,133,191,230,238,13,13,10,4
12680,Nupr1,83,56,15,4,38,22,5,1,242,121,164,222,237,45,34,10,3
20368,Ttc36,66,52,25,9,65,50,15,4,242,111,140,202,229,1,2,10,5
5949,Fcgr2b,72,53,18,8,54,38,8,4,242,116,151,216,230,18,15,10,4
3757,Cox6b2,50,32,19,13,53,35,9,4,242,139,175,214,225,-3,-3,10,9
15310,Prickle1,93,64,13,2,32,17,3,0,242,117,161,226,240,61,47,10,2
3755,Cox6a2,82,64,26,10,45,33,16,6,242,115,145,200,226,37,31,10,4
8761,Hoxb7,55,42,13,5,45,30,3,0,242,142,170,226,237,10,12,10,5
22040,Zfp948,63,40,11,1,29,9,1,0,242,150,193,230,241,34,31,10,1
8486,Hamp,50,48,37,21,42,36,27,19,242,150,158,178,202,8,12,10,2
16208,Rgs1,54,46,12,7,26,18,2,1,242,162,178,228,234,28,28,10,6
5602,F2rl2,46,35,15,9,39,23,5,1,242,157,184,222,232,7,12,10,8
20787,Uspl1,68,47,11,2,24,9,1,0,242,150,186,230,240,44,38,10,2
5591,Ezhip,42,27,10,1,8,5,0,0,242,192,210,232,241,34,22,10,1
6344,Gabra3,34,22,10,2,23,12,0,0,242,185,208,232,240,11,10,10,2
18818,Tafa1,57,31,12,5,37,17,2,1,242,148,194,228,236,20,14,10,4
15682,Ptpn5,52,30,11,7,18,8,1,0,242,172,204,230,235,34,22,10,7
984,Akr1c18,61,55,15,5,41,36,5,0,242,140,151,222,237,20,19,10,5
10857,Magea6,22,21,11,4,4,4,1,0,242,216,217,230,238,18,17,10,4
3944,Csn3,61,56,21,15,31,27,11,3,242,150,159,210,224,30,29,10,12
6824,Gm11634,48,43,22,7,29,25,12,1,242,165,174,208,234,19,18,10,6
7594,Gm49368,48,39,28,11,33,25,18,9,242,161,178,196,222,15,14,10,2
7613,Gm49416,52,47,36,22,41,37,26,16,242,149,158,180,204,11,10,10,6
6646,Glod5,40,32,15,8,33,22,5,2,242,169,188,222,232,7,10,10,6
1982,Bcl6,87,64,11,4,56,38,1,0,242,99,140,230,238,31,26,10,4
9279,Igkv4-74,15,14,13,5,8,7,3,1,242,219,221,226,236,7,7,10,4
32,1700001K19Rik,55,46,20,14,39,28,10,3,242,148,168,212,225,16,18,10,11
15485,Prss22,66,48,14,6,45,29,4,3,242,131,165,224,233,21,19,10,3
13711,Olfr71,87,55,19,3,41,28,9,5,242,114,159,214,234,46,27,10,-2
6863,Gm13090,27,26,12,1,8,8,2,1,242,207,208,228,240,19,18,10,0
15448,Prr18,90,60,15,1,38,24,5,1,242,114,158,222,240,52,36,10,0
8965,Ier2,91,59,14,4,30,19,4,0,242,121,164,224,238,61,40,10,4
2743,Ccnb3,21,16,10,5,1,0,0,0,242,220,226,232,237,20,16,10,5
11015,Marveld2,64,39,14,6,49,32,4,1,242,129,171,224,235,15,7,10,5
9244,Igkv16-104,19,17,15,4,11,9,5,3,242,212,216,222,235,8,8,10,1
9231,Igkv12-38,14,13,13,9,6,6,3,2,242,222,223,226,231,8,7,10,7
16490,Rorc,43,23,11,5,59,33,1,0,242,140,186,230,237,-16,-10,10,5
13658,Olfr655,104,75,16,4,42,27,6,2,242,96,140,220,236,62,48,10,2
19089,Tent5a,90,58,11,2,30,16,1,0,242,122,168,230,240,60,42,10,2
20123,Trim12a,56,41,19,7,69,44,9,5,242,117,157,214,230,-13,-3,10,2
14801,Plat,68,49,12,3,49,21,2,0,242,125,172,228,239,19,28,10,3
3822,Cpxm2,46,32,11,0,25,12,1,0,242,171,198,230,242,21,20,10,0
3050,Cebpd,86,62,10,3,40,20,0,0,242,116,160,232,239,46,42,10,3
8395,H2ac22,55,49,30,27,43,32,20,12,242,144,161,192,203,12,17,10,15
6754,Gm10721,55,50,29,20,47,38,19,11,242,140,154,194,211,8,12,10,9
5735,Fam209,76,68,31,12,57,46,21,7,242,109,128,190,223,19,22,10,5
424,A930017K11Rik,71,46,13,2,38,18,3,0,242,133,178,226,240,33,28,10,2
15412,Proser2,81,52,13,1,34,18,3,1,242,127,172,226,240,47,34,10,0
7603,Gm49388,62,55,34,19,40,33,24,17,242,140,154,184,206,22,22,10,2
18686,Swt1,95,65,12,4,26,18,2,1,242,121,159,228,237,69,47,10,3
22084,Zfp990,67,46,16,3,46,26,7,4,242,129,170,219,235,21,20,9,-1
9791,Kcne1l,52,28,10,8,35,21,1,0,242,155,193,231,234,17,7,9,8
15167,Ppp1r3c,87,63,12,4,30,15,3,1,242,125,164,227,237,57,48,9,3
6371,Gal3st2,47,39,17,12,33,23,8,3,242,162,180,217,227,14,16,9,9
7169,Gm21677,10,10,9,8,0,0,0,0,242,232,232,233,234,10,10,9,8
15678,Ptpn22,62,35,13,3,61,38,4,1,242,119,169,225,238,1,-3,9,2
18229,Spib,61,31,12,6,52,26,3,0,242,129,185,227,236,9,5,9,6
408,A630073D07Rik,12,10,10,6,1,1,1,0,242,229,231,231,236,11,9,9,6
16294,Rhox7a,35,31,19,3,26,25,10,5,242,181,186,213,234,9,6,9,-2
12560,Nscme3l,74,56,21,2,64,45,12,5,242,104,141,209,235,10,11,9,-3
16950,Scn5a,33,20,10,3,24,11,1,0,242,185,211,231,239,9,9,9,3
16971,Sct,51,44,18,8,34,24,9,3,242,157,174,215,231,17,20,9,5
8115,Gprc5a,81,54,13,6,36,19,4,0,242,125,169,225,236,45,35,9,6
9138,Ighv1-72,13,12,11,6,11,6,2,1,242,218,224,229,235,2,6,9,5
177,2510002D24Rik,37,25,12,8,49,21,3,2,242,156,196,227,232,-12,4,9,6
4498,Defb29,16,14,12,9,9,7,3,0,242,217,221,227,233,7,7,9,9
17008,Sdsl,53,38,11,0,50,29,2,1,242,139,175,229,241,3,9,9,-1
20718,Uroc1,41,26,11,7,40,17,2,0,242,161,199,229,235,1,9,9,7
4495,Defb25,32,26,21,18,30,24,12,12,242,180,192,209,212,2,2,9,6
7283,Gm28374,93,80,26,11,66,45,17,5,242,83,117,199,226,27,35,9,6
5029,E330021D16Rik,54,38,16,6,53,37,7,1,242,135,167,219,235,1,1,9,5
4494,Defb23,18,17,10,2,12,8,1,0,242,212,217,231,240,6,9,9,2
11292,Mgl2,78,59,17,4,50,30,8,0,242,114,153,217,238,28,29,9,4
10584,Lrcol1,45,39,17,5,25,22,8,4,242,172,181,217,233,20,17,9,1
5282,Elovl5,59,38,13,3,38,17,4,2,242,145,187,225,237,21,21,9,1
11115,Mdfi,52,34,14,2,51,26,5,1,242,139,182,223,239,1,8,9,1
5999,Fga,27,20,12,7,22,13,3,2,242,193,209,227,233,5,7,9,5
20058,Trbv13-3,14,14,12,9,4,3,3,3,242,224,225,227,230,10,11,9,6
9875,Kctd18,70,41,13,2,27,17,4,1,242,145,184,225,239,43,24,9,1
19581,Tmem35a,48,36,9,4,21,9,0,0,242,173,197,233,238,27,27,9,4
6288,Fut7,60,39,13,3,54,30,4,0,242,128,173,225,239,6,9,9,3
5251,Elavl3,65,44,12,2,38,25,3,0,242,139,173,227,240,27,19,9,2
6770,Gm10985,43,39,34,31,30,26,25,25,242,169,177,183,186,13,13,9,6
16379,Rnd3,84,56,17,5,46,32,8,2,242,112,154,217,235,38,24,9,3
1558,Asb11,69,52,16,7,44,34,7,3,242,129,156,219,232,25,18,9,4
20514,Ubash3a,87,56,14,2,35,18,5,1,242,120,168,223,239,52,38,9,1
10170,Krt5,46,31,11,5,36,16,2,1,242,160,195,229,236,10,15,9,4
116,1700102P08Rik,92,67,18,2,52,37,9,3,242,98,138,215,237,40,30,9,-1
7133,Gm21060,33,26,23,22,36,31,14,14,242,173,185,205,206,-3,-5,9,8
3318,Chst11,55,32,11,6,52,23,2,0,242,135,187,229,236,3,9,9,6
6197,Foxq1,52,26,9,1,51,21,0,0,242,139,195,233,241,1,5,9,1
16844,Sat1,52,35,10,7,39,17,1,1,242,151,190,231,234,13,18,9,6
6123,Fmod,61,40,13,6,42,21,4,1,242,139,181,225,235,19,19,9,5
726,Adamts1,57,42,13,5,60,42,4,1,242,125,158,225,236,-3,0,9,4
10274,Lad1,42,29,9,5,37,18,0,0,242,163,195,233,237,5,11,9,5
5161,Ehf,48,36,12,7,59,35,3,0,242,135,171,227,235,-11,1,9,7
6155,Fosl2,95,64,15,8,31,17,6,0,242,116,161,221,234,64,47,9,8
16863,Sbsn,75,55,16,4,56,34,7,1,242,111,153,219,237,19,21,9,3
2287,C2,73,49,17,2,44,26,8,1,242,125,167,217,239,29,23,9,1
2297,C3,96,61,12,7,34,17,3,1,242,112,164,227,234,62,44,9,6
19702,Tnfrsf13c,75,50,13,4,56,38,4,0,242,111,154,225,238,19,12,9,4
11543,Mrln,43,40,33,18,40,32,24,14,242,159,170,185,210,3,8,9,4
18293,Sprr2a2,59,46,18,11,42,31,9,5,242,141,165,215,226,17,15,9,6
6253,Fst,74,48,11,5,52,35,2,1,242,116,159,229,236,22,13,9,4
11280,Mgarp,77,57,15,4,39,24,6,1,242,126,161,221,237,38,33,9,3
3902,Crybb2,26,26,12,5,9,8,3,1,242,207,208,227,236,17,18,9,4
19960,Trav13d-3,21,19,19,12,11,10,10,5,242,210,213,213,225,10,9,9,7
19447,Tmem141,48,26,10,7,49,23,1,1,242,145,193,231,234,-1,3,9,6
11195,Mep1a,44,29,11,8,25,13,2,0,242,173,200,229,234,19,16,9,8
14676,Pigz,74,61,23,11,61,42,14,3,242,107,139,205,228,13,19,9,8
6402,Galp,28,27,15,5,16,14,6,0,242,198,201,221,237,12,13,9,5
18307,Spry1,75,45,10,2,49,28,1,0,242,118,169,231,240,26,17,9,2
12211,Neu2,49,39,14,6,47,40,5,1,242,146,163,223,235,2,-1,9,5
8516,Hba-a1,63,47,22,6,52,36,13,4,242,127,159,207,232,11,11,9,2
8379,H2-T23,93,59,15,4,29,15,6,1,242,120,168,221,237,64,44,9,3
18895,Tat,47,28,11,1,19,14,2,1,242,176,200,229,240,28,14,9,0
2034,Bhlhe41,70,51,12,3,40,26,3,1,242,132,165,227,238,30,25,9,2
17491,Slc18a1,74,60,18,7,50,32,9,0,242,118,150,215,235,24,28,9,7
4196,Cyp2j9,53,35,11,3,37,15,2,0,242,152,192,229,239,16,20,9,3
3469,Clec5a,47,35,15,3,43,30,6,2,242,152,177,221,237,4,5,9,1
4475,Defa39,17,15,12,4,4,4,3,0,242,221,223,227,238,13,11,9,4
8612,Hesx1,57,42,9,2,26,20,0,0,242,159,180,233,240,31,22,9,2
5072,Eda2r,64,36,12,6,47,31,3,1,242,131,175,227,235,17,5,9,5
12486,Nptx1,64,42,9,3,21,5,0,0,242,157,195,233,239,43,37,9,3
18780,Tac2,37,33,18,6,26,23,9,5,242,179,186,215,231,11,10,9,1
10625,Lrrc2,69,43,14,7,45,29,5,3,242,128,170,223,232,24,14,9,4
8742,Hormad2,53,30,13,3,38,21,4,0,242,151,191,225,239,15,9,9,3
8198,Grp,39,30,11,5,24,18,2,1,242,179,194,229,236,15,12,9,4
2867,Cd53,47,35,13,2,46,24,4,1,242,149,183,225,239,1,11,9,1
2633,ccdc198,43,33,11,6,44,30,2,0,242,155,179,229,236,-1,3,9,6
10761,Ly6g5c,35,30,22,8,31,26,13,5,242,176,186,207,229,4,4,9,3
8241,Gstm3,61,38,11,4,34,25,2,0,242,147,179,229,238,27,13,9,4
5688,Fam163a,46,26,14,5,28,14,5,1,242,168,202,223,236,18,12,9,4
8440,H2bw2,31,30,11,3,13,13,2,0,242,198,199,229,239,18,17,9,3
16143,Renbp,56,36,12,6,39,19,3,0,242,147,187,227,236,17,17,9,6
4146,Cyp21a1,66,41,10,3,23,13,1,0,242,153,188,231,239,43,28,9,3
6515,Gem,88,66,14,6,36,20,5,3,242,118,156,223,233,52,46,9,3
4555,Derpc,90,75,47,33,64,58,38,30,242,88,109,157,179,26,17,9,3
11895,Mylk2,47,29,12,7,42,24,3,2,242,153,189,227,233,5,5,9,5
9227,Igkv10-94,19,17,12,8,10,8,3,3,242,213,217,227,231,9,9,9,5
5798,Fam83b,34,22,10,2,31,11,1,0,242,177,209,231,240,3,11,9,2
21481,Xlr3c,49,38,19,5,39,33,10,3,242,154,171,213,234,10,5,9,2
11398,Mmp10,46,28,12,7,26,18,3,0,242,170,196,227,235,20,10,9,7
460,AB124611,69,53,14,4,56,39,5,0,242,117,150,223,238,13,14,9,4
7458,Gm4064,13,13,11,6,3,3,2,2,242,226,226,229,234,10,10,9,4
9430,Il6,82,66,23,11,52,40,14,7,242,108,136,205,224,30,26,9,4
4857,Dpp7,75,50,10,4,25,12,1,1,242,142,180,231,237,50,38,9,3
20440,Tulp1,46,35,15,6,51,29,6,1,242,145,178,221,235,-5,6,9,5
8939,Icam1,68,50,11,3,36,22,2,1,242,138,170,229,238,32,28,9,2
18707,Synb,65,36,12,3,44,25,3,1,242,133,181,227,238,21,11,9,2
21296,Wap,40,38,21,9,19,17,12,6,242,183,187,209,227,21,21,9,3
15499,Prss39,29,24,10,3,22,16,1,0,242,191,202,231,239,7,8,9,3
17373,Sim1,39,25,10,3,25,17,1,0,242,178,200,231,239,14,8,9,3
13149,Olfr1391,33,24,10,7,17,7,1,0,242,192,211,231,235,16,17,9,7
14777,Pla2g2e,58,50,21,7,49,41,12,2,242,135,151,209,233,9,9,9,5
19127,Tex19.1,46,28,10,4,28,17,1,0,242,168,197,231,238,18,11,9,4
18692,Syce3,34,29,23,15,23,19,14,5,242,185,194,205,222,11,10,9,10
1861,Baat,83,57,12,5,43,27,3,1,242,116,158,227,236,40,30,9,4
17230,Sfrp5,68,49,12,3,36,18,3,2,242,138,175,227,237,32,31,9,1
8801,Hpx,85,65,15,7,38,27,6,2,242,119,150,221,233,47,38,9,5
18064,Soat2,80,57,13,1,23,13,4,1,242,139,172,225,240,57,44,9,0
17627,Slc30a2,50,37,13,8,40,27,4,2,242,152,178,225,232,10,10,9,6
2182,Bsx,39,29,10,5,16,8,1,0,242,187,205,231,237,23,21,9,5
9705,Jchain,55,40,12,4,61,39,3,1,242,126,163,227,237,-6,1,9,3
5291,Emb,52,34,10,6,40,14,1,0,242,150,194,231,236,12,20,9,6
13996,Orm2,48,43,21,9,43,36,12,7,242,151,163,209,226,5,7,9,2
1067,Alpl,67,38,12,6,35,15,3,2,242,140,189,227,234,32,23,9,4
20130,Trim2,48,28,13,5,52,24,4,1,242,142,190,225,236,-4,4,9,4
15306,Prg2,36,32,16,5,35,32,7,3,242,171,178,219,234,1,0,9,2
6433,Gast,43,37,29,16,35,28,20,14,242,164,177,193,212,8,9,9,2
14848,Plekhg1,55,28,9,0,40,20,0,0,242,147,194,233,242,15,8,9,0
4939,Dusp1,87,68,16,6,40,22,7,2,242,115,152,219,234,47,46,9,4
16478,Robo4,37,25,14,9,30,16,5,1,242,175,201,223,232,7,9,9,8
8762,Hoxb8,42,31,11,5,38,19,2,1,242,162,192,229,236,4,12,9,4
5604,F3,67,46,13,3,47,30,4,1,242,128,166,225,238,20,16,9,2
8758,Hoxb4,65,44,14,5,60,29,5,1,242,117,169,223,236,5,15,9,4
19225,Thegl,56,38,15,5,38,27,6,1,242,148,177,221,236,18,11,9,4
9706,Jdp2,86,53,13,3,49,26,4,1,242,107,163,225,238,37,27,9,2
15969,Rasgef1c,55,30,11,5,35,20,2,2,242,152,192,229,235,20,10,9,3
11653,Ms4a4a,56,47,13,4,14,10,4,1,242,172,185,225,237,42,37,9,3
14781,Pla2g4b,46,35,22,13,37,27,14,8,242,159,180,206,221,9,8,8,5
10460,Lilr4b,51,40,11,4,33,25,3,1,242,158,177,228,237,18,15,8,3
12265,Ngef,65,41,9,4,41,26,1,1,242,136,175,232,237,24,15,8,3
5862,Fbp2,51,38,8,3,17,9,0,0,242,174,195,234,239,34,29,8,3
5961,Fcrl1,44,34,10,3,42,29,2,0,242,156,179,230,239,2,5,8,3
19006,Tcim,67,53,12,4,42,31,4,2,242,133,158,226,236,25,22,8,2
5175,Eif1ad12,16,15,14,6,13,12,6,5,242,213,215,222,231,3,3,8,1
10853,Magea2,21,20,12,7,19,16,4,3,242,202,206,226,232,2,4,8,4
11930,Myod1,32,23,8,3,15,4,0,0,242,195,215,234,239,17,19,8,3
16392,Rnf125,44,25,11,6,71,45,3,1,242,127,172,228,235,-27,-20,8,5
16663,Rsad2,45,32,12,6,56,35,4,1,242,141,175,226,235,-11,-3,8,5
2665,Ccdc68,40,34,10,6,58,35,2,1,242,144,173,230,235,-18,-1,8,5
7605,Gm49392,48,41,23,8,32,27,15,10,242,162,174,204,224,16,14,8,-2
11766,Mtnr1a,37,31,10,5,24,12,2,2,242,181,199,230,235,13,19,8,3
11352,Misp,58,37,10,3,60,29,2,0,242,124,176,230,239,-2,8,8,3
4096,Cxcl2,65,53,16,6,38,28,8,3,242,139,161,218,233,27,25,8,3
11939,Myoz2,43,38,12,7,28,26,4,3,242,171,178,226,232,15,12,8,4
10885,Majin,61,42,10,5,48,36,2,1,242,133,164,230,236,13,6,8,4
2562,Ccbe1,55,37,10,3,46,27,2,0,242,141,178,230,239,9,10,8,3
18994,Tcf23,47,29,8,1,15,3,0,0,242,180,210,234,241,32,26,8,1
10342,Lce1f,19,19,13,9,14,11,5,4,242,209,212,224,229,5,8,8,5
18115,Sox8,75,49,16,4,53,34,8,1,242,114,159,218,237,22,15,8,3
7587,Gm49354,40,36,31,25,40,32,23,20,242,162,174,188,197,0,4,8,5
16155,Ret,59,37,9,0,29,11,1,1,242,154,194,232,241,30,26,8,-1
1159,Ankrd1,81,55,14,3,47,28,6,1,242,114,159,222,238,34,27,8,2
22163,Zp1,49,41,19,4,35,24,11,0,242,158,177,212,238,14,17,8,4
19177,Tfpi2,46,28,12,6,29,15,4,1,242,167,199,226,235,17,13,8,5
10321,Lat2,64,48,17,6,69,44,9,4,242,109,150,216,232,-5,4,8,2
4198,Cyp2s1,57,45,12,4,52,35,4,1,242,133,162,226,237,5,10,8,3
1017,Aldh3b2,52,30,11,7,43,22,3,1,242,147,190,228,234,9,8,8,6
11822,Mup6,27,24,17,9,22,18,9,2,242,193,200,216,231,5,6,8,7
1100,Amotl2,90,65,11,2,23,18,3,1,242,129,159,228,239,67,47,8,1
22152,Zmynd8,66,43,14,5,36,21,6,5,242,140,178,222,232,30,22,8,0
14942,Pnldc1,64,48,19,6,64,44,11,3,242,114,150,212,233,0,4,8,3
834,Adra2a,77,43,10,5,33,19,2,1,242,132,180,230,236,44,24,8,4
18188,Spats2l,61,38,11,7,48,27,3,2,242,133,177,228,233,13,11,8,5
10752,Ly6a,78,59,19,7,44,31,11,2,242,120,152,212,233,34,28,8,5
20198,Trip6,66,34,11,4,32,15,3,0,242,144,193,228,238,34,19,8,4
7786,Gm7592,61,43,12,3,64,33,4,2,242,117,166,226,237,-3,10,8,1
10970,Mapk13,60,42,10,5,34,20,2,1,242,148,180,230,236,26,22,8,4
16269,Rhox2a,25,24,18,6,16,16,10,6,242,201,202,214,230,9,8,8,0
17932,Smim41,77,56,12,4,56,33,4,2,242,109,153,226,236,21,23,8,2
14952,Pnmt,42,37,11,6,41,30,3,0,242,159,175,228,236,1,7,8,6
4087,Cxcl1,91,71,31,10,60,44,23,9,242,91,127,188,223,31,27,8,1
16271,Rhox2c,23,23,16,9,12,12,8,3,242,207,207,218,230,11,11,8,6
16273,Rhox2e,16,16,12,7,8,8,4,2,242,218,218,226,233,8,8,8,5
5625,Fabp9,15,14,12,5,10,6,4,1,242,217,222,226,236,5,8,8,4
1404,Arhgap27,59,38,10,3,51,15,2,0,242,132,189,230,239,8,23,8,3
5544,Evi2b,58,48,25,12,62,44,17,9,242,122,150,200,221,-4,4,8,3
14944,Pnliprp1,32,27,10,2,30,20,2,0,242,180,195,230,240,2,7,8,2
11257,Mfsd10,54,42,15,4,50,35,7,1,242,138,165,220,237,4,7,8,3
4101,Cxcr2,88,56,17,3,37,23,9,4,242,117,163,216,235,51,33,8,-1
11414,Mmp25,58,31,8,3,52,27,0,0,242,132,184,234,239,6,4,8,3
7886,Gm9745,25,24,13,8,14,14,5,1,242,203,204,224,233,11,10,8,7
10503,Litaf,72,48,13,3,36,17,5,3,242,134,177,224,236,36,31,8,0
1359,Aqp8,50,42,11,4,32,18,3,0,242,160,182,228,238,18,24,8,4
20121,Trim10,61,45,11,2,41,20,3,1,242,140,177,228,239,20,25,8,1
2733,Ccn2,84,62,13,6,36,24,5,0,242,122,156,224,236,48,38,8,6
12049,Nbl1,82,52,11,4,36,24,3,0,242,124,166,228,238,46,28,8,4
16264,Rhox1,17,16,8,0,10,7,0,0,242,215,219,234,242,7,9,8,0
3352,Cidec,54,38,18,9,55,32,10,4,242,133,172,214,229,-1,6,8,5
3432,Cldn5,48,36,14,3,58,36,6,1,242,136,170,222,238,-10,0,8,2
746,Adamtsl2,50,33,10,4,31,16,2,0,242,161,193,230,238,19,17,8,4
1249,Aox1,67,42,11,2,32,15,3,1,242,143,185,228,239,35,27,8,1
12068,Ncf1,80,48,11,2,40,22,3,0,242,122,172,228,240,40,26,8,2
11301,Mia,62,51,26,12,53,39,18,6,242,127,152,198,224,9,12,8,6
6078,Fkbp4,78,46,11,3,32,17,3,0,242,132,179,228,239,46,29,8,3
7616,Gm49486,90,64,15,5,38,26,7,3,242,114,152,220,234,52,38,8,2
7657,Gm5148,73,47,13,4,49,35,5,1,242,120,160,224,237,24,12,8,3
11903,Myo15,47,31,9,4,24,13,1,0,242,171,198,232,238,23,18,8,4
19168,Tfe3,57,37,11,2,36,12,3,3,242,149,193,228,237,21,25,8,-1
11060,Mboat7,58,36,11,4,35,17,3,0,242,149,189,228,238,23,19,8,4
12216,Neurl2,52,35,15,3,55,34,7,1,242,135,173,220,238,-3,1,8,2
11834,Mvp,57,34,10,3,34,21,2,2,242,151,187,230,237,23,13,8,1
9952,Kif28,55,37,9,2,30,13,1,1,242,157,192,232,239,25,24,8,1
20424,Tubb4a,54,34,9,1,40,17,1,1,242,148,191,232,240,14,17,8,0
8461,H4c2,65,48,21,11,41,30,13,9,242,136,164,208,222,24,18,8,2
20851,Vegfc,72,50,12,4,50,32,4,2,242,120,160,226,236,22,18,8,2
14249,Pcbd1,45,33,16,10,41,31,8,2,242,156,178,218,230,4,2,8,8
1785,Auts2,42,26,8,2,47,20,0,0,242,153,196,234,240,-5,6,8,2
4896,Dsc2,35,24,9,3,36,17,1,0,242,171,201,232,239,-1,7,8,3
8197,Grn,58,36,9,4,36,14,1,0,242,148,192,232,238,22,22,8,4
9472,Inhbb,56,37,11,1,43,19,3,1,242,143,186,228,240,13,18,8,0
9438,Ildr2,48,33,11,8,39,23,3,0,242,155,186,228,234,9,10,8,8
1008,Aldh1a3,88,63,16,4,32,24,8,3,242,122,155,218,235,56,39,8,1
8974,Ifi204,79,47,12,2,45,29,4,1,242,118,166,226,239,34,18,8,1
21784,Zfp36,94,71,15,3,40,25,7,0,242,108,146,220,239,54,46,8,3
8431,H2bc24,64,49,26,15,51,39,18,11,242,127,154,198,216,13,10,8,4
8426,H2bc15,57,50,38,31,49,44,30,18,242,136,148,174,193,8,6,8,13
19580,Tmem33,64,40,9,3,28,12,1,0,242,150,190,232,239,36,28,8,3
9414,Il27,52,47,12,5,30,25,4,0,242,160,170,226,237,22,22,8,5
9408,Il22ra1,39,30,10,5,40,25,2,0,242,163,187,230,237,-1,5,8,5
19527,Tmem221,72,51,15,4,39,21,7,2,242,131,170,220,236,33,30,8,2
19519,Tmem213,40,32,17,9,34,29,9,3,242,168,181,216,230,6,3,8,6
17568,Slc25a34,74,52,9,3,39,17,1,1,242,129,173,232,238,35,35,8,2
7251,Gm26938,65,58,31,15,64,58,23,15,242,113,126,188,212,1,0,8,0
8129,Gpt2,64,40,11,6,52,23,3,1,242,126,179,228,235,12,17,8,5
9790,Kcne1,42,35,14,6,32,25,6,3,242,168,182,222,233,10,10,8,3
4516,Defb48,21,19,17,11,12,12,9,3,242,209,211,216,228,9,7,8,8
18552,Stpg3,67,56,10,3,34,26,2,1,242,141,160,230,238,33,30,8,2
6404,Galr2,81,54,12,1,32,17,4,2,242,129,171,226,239,49,37,8,-1
8147,Grb14,58,37,12,4,49,28,4,1,242,135,177,226,237,9,9,8,3
8472,Habp2,42,35,10,2,33,24,2,0,242,167,183,230,240,9,11,8,2
18554,Stra6,58,45,14,3,41,27,6,2,242,143,170,222,237,17,18,8,1
3177,Cfap300,69,49,13,3,52,32,5,0,242,121,161,224,239,17,17,8,3
9663,Itpk1,49,27,10,7,48,21,2,0,242,145,194,230,235,1,6,8,7
8823,Hs6st1,55,43,10,4,53,22,2,0,242,134,177,230,238,2,21,8,4
17127,Serpina1b,51,47,16,5,26,20,8,2,242,165,175,218,235,25,27,8,3
12797,Olfr1,32,17,8,6,14,4,0,0,242,196,221,234,236,18,13,8,6
17135,Serpina3f,71,49,13,4,46,24,5,0,242,125,169,224,238,25,25,8,4
8464,H4c6,56,47,30,19,49,39,22,10,242,137,156,190,213,7,8,8,9
6828,Gm11757,13,13,8,2,4,3,0,0,242,225,226,234,240,9,10,8,2
8405,H2al1c,10,10,9,8,1,1,1,1,242,231,231,232,233,9,9,8,7
3900,Cryba4,61,47,13,2,40,32,5,1,242,141,163,224,239,21,15,8,1
9386,Il1a,51,36,12,6,46,30,4,2,242,145,176,226,234,5,6,8,4
6805,Gm1140,32,30,15,5,17,17,7,3,242,193,195,220,234,15,13,8,2
9061,Igfbp2,56,40,12,2,30,21,4,0,242,156,181,226,240,26,19,8,2
9172,Ighv3-3,15,14,11,10,8,7,3,2,242,219,221,228,230,7,7,8,8
6739,Gm10490,49,44,38,28,55,44,30,15,242,138,154,174,199,-6,0,8,13
8312,Gvin1,54,42,17,7,42,29,9,2,242,146,171,216,233,12,13,8,5
6749,Gm10715,35,32,22,13,37,31,14,11,242,170,179,206,218,-2,1,8,2
3056,Cel,62,39,12,6,36,18,4,0,242,144,185,226,236,26,21,8,6
15455,Prr29,47,37,12,6,33,24,4,2,242,162,181,226,234,14,13,8,4
386,A030014E15Rik,39,35,14,5,33,29,6,0,242,170,178,222,237,6,6,8,5
190,2610528A11Rik,81,69,21,6,41,30,13,7,242,120,143,208,229,40,39,8,-1
4673,Dlx2,73,51,14,5,40,25,6,1,242,129,166,222,236,33,26,8,4
417,A830018L16Rik,61,39,10,1,35,18,2,0,242,146,185,230,241,26,21,8,1
9086,Ighe,25,20,8,4,10,6,0,0,242,207,216,234,238,15,14,8,4
411,A630095N17Rik,56,51,30,14,49,40,22,8,242,137,151,190,220,7,11,8,6
2035,Bhmt,63,43,9,3,45,26,1,1,242,134,173,232,238,18,17,8,2
17594,Slc26a5,45,29,9,3,29,12,1,0,242,168,201,232,239,16,17,8,3
9209,Ighv9-4,12,11,11,9,6,5,3,1,242,224,226,228,232,6,6,8,8
9223,Igkv1-135,18,17,14,3,15,11,6,4,242,209,214,222,235,3,6,8,-1
9297,Igkv6-20,18,18,16,9,16,13,8,3,242,208,211,218,230,2,5,8,6
13173,Olfr1423,100,67,13,3,40,21,5,2,242,102,154,224,237,60,46,8,1
17229,Sfrp4,61,44,12,4,53,31,4,2,242,128,167,226,236,8,13,8,2
14335,Pck1,76,47,8,4,25,4,0,0,242,141,191,234,238,51,43,8,4
20420,Tubb1,55,43,12,1,41,25,4,1,242,146,174,226,240,14,18,8,0
6643,Glmp,52,39,10,4,35,15,2,0,242,155,188,230,238,17,24,8,4
9301,Igkv6-32,24,24,20,15,21,21,12,8,242,197,197,210,219,3,3,8,7
9277,Igkv4-71,11,11,10,7,5,5,2,0,242,226,226,230,235,6,6,8,7
6688,Gm10142,10,10,8,7,0,0,0,0,242,232,232,234,235,10,10,8,7
15406,Prom2,34,23,9,4,24,9,1,0,242,184,210,232,238,10,14,8,4
9272,Igkv4-62,10,9,9,5,4,4,1,0,242,228,229,232,237,6,5,8,5
9031,Ifrd1,84,54,12,3,29,13,4,0,242,129,175,226,239,55,41,8,3
9258,Igkv3-4,17,16,13,11,11,8,5,1,242,214,218,224,230,6,8,8,10
4371,Dcstamp,55,39,16,5,37,27,8,5,242,150,176,218,232,18,12,8,0
4635,Diras1,45,28,8,2,42,22,0,0,242,155,192,234,240,3,6,8,2
2180,Bst1,66,36,15,2,62,35,7,1,242,114,171,220,239,4,1,8,1
3763,Cox7b2,31,24,16,8,32,25,8,4,242,179,193,218,230,-1,-1,8,4
13956,Omt2a,17,16,11,6,7,7,3,0,242,218,219,228,236,10,9,8,6
1544,Art5,60,40,13,6,43,29,5,4,242,139,173,224,232,17,11,8,2
8670,Hkdc1,65,41,9,5,45,20,1,0,242,132,181,232,237,20,21,8,5
18822,Tafa5,37,21,8,2,47,21,0,0,242,158,200,234,240,-10,0,8,2
2807,Cd1d1,58,39,13,5,48,33,5,2,242,136,170,224,235,10,6,8,3
17773,Slc6a4,71,39,12,3,48,23,4,2,242,123,180,226,237,23,16,8,1
10194,Krtap1-4,15,14,9,1,4,3,1,0,242,223,225,232,241,11,11,8,1
18308,Spry2,64,45,14,9,39,22,6,2,242,139,175,222,231,25,23,8,7
8016,Gpc3,55,37,11,2,24,12,3,1,242,163,193,228,239,31,25,8,1
17742,Slc52a3,43,31,10,4,77,34,2,2,242,122,177,230,236,-34,-3,8,2
6198,Foxr1,79,45,12,2,44,26,4,0,242,119,171,226,240,35,19,8,2
15705,Ptprv,50,44,28,19,37,30,20,17,242,155,168,194,206,13,14,8,2
17464,Slc15a2,46,35,8,2,38,23,0,0,242,158,184,234,240,8,12,8,2
6159,Foxb1,40,26,9,2,25,12,1,0,242,177,204,232,240,15,14,8,2
16898,Scgb1a1,36,34,24,10,27,22,16,7,242,179,186,202,225,9,12,8,3
3957,Cspg5,81,46,9,0,31,19,1,0,242,130,177,232,242,50,27,8,0
21651,Zcwpw2,67,52,14,3,68,46,6,4,242,107,144,222,235,-1,6,8,-1
10068,Klk1b4,22,18,8,3,14,12,0,0,242,206,212,234,239,8,6,8,3
10148,Krt18,63,46,9,4,27,12,1,1,242,152,184,232,237,36,34,8,3
12522,Nr5a1,56,37,8,1,12,2,0,0,242,174,203,234,241,44,35,8,1
10140,Krt1,39,28,10,5,25,12,2,2,242,178,202,230,235,14,16,8,3
6996,Gm17416,9,9,9,9,1,1,1,1,242,232,232,232,232,8,8,8,8
10115,Kncn,47,41,11,7,19,17,3,0,242,176,184,228,235,28,24,8,7
14096,P4ha2,92,56,11,4,19,13,3,0,242,131,173,228,238,73,43,8,4
6162,Foxc2,84,56,13,0,48,30,5,3,242,110,156,224,239,36,26,8,-3
6267,Fthl17f,15,13,8,1,8,6,0,0,242,219,223,234,241,7,7,8,1
3233,Chchd10,44,35,12,4,40,17,4,1,242,158,190,226,237,4,18,8,3
12361,Nlrp6,48,27,8,5,38,18,0,0,242,156,197,234,237,10,9,8,5
1645,Atg4a,56,38,9,4,35,16,1,0,242,151,188,232,238,21,22,8,4
8777,Hoxd13,31,21,12,8,27,14,4,1,242,184,207,226,233,4,7,8,7
4466,Defa30,17,14,14,5,8,7,6,4,242,217,221,222,233,9,7,8,1
8107,Gpr83,50,35,9,1,26,15,1,1,242,166,192,232,240,24,20,8,0
3980,Cstdc2,37,36,18,5,27,25,10,3,242,178,181,214,234,10,11,8,2
7361,Gm3250,8,8,8,3,0,0,0,0,242,234,234,234,239,8,8,8,3
6150,Folr1,50,40,16,5,50,29,8,3,242,142,173,218,234,0,11,8,2
7977,Golt1a,38,30,16,9,26,23,8,3,242,178,189,218,230,12,7,8,6
15684,Ptpn7,70,49,13,4,48,26,5,3,242,124,167,224,235,22,23,8,1
7995,Gp9,59,53,15,1,29,24,7,1,242,154,165,220,240,30,29,8,0
14019,Osgin1,81,52,15,9,40,25,7,1,242,121,165,220,232,41,27,8,8
8522,Hbb-bt,40,31,13,4,31,21,5,2,242,171,190,224,236,9,10,8,2
12354,Nlrp3,56,38,9,4,41,22,1,0,242,145,182,232,238,15,16,8,4
4500,Defb30,35,33,19,11,24,20,11,3,242,183,189,212,228,11,13,8,8
10281,Lama3,35,20,9,6,32,19,1,0,242,175,203,232,236,3,1,8,6
20054,Trbv12-1,9,8,8,3,1,0,0,0,242,232,234,234,239,8,8,8,3
3465,Clec4e,34,25,14,5,25,19,7,2,242,183,198,221,235,9,6,7,3
8604,Herpud1,85,59,10,3,28,15,3,0,242,129,168,229,239,57,44,7,3
7596,Gm49373,116,84,17,4,40,26,10,3,242,86,132,215,235,76,58,7,1
18618,Sult2a2,9,9,8,7,2,2,1,0,242,231,231,233,235,7,7,7,7
3464,Clec4d,48,44,13,6,41,33,6,4,242,153,165,223,232,7,11,7,2
6823,Gm11627,77,53,15,5,45,31,8,3,242,120,158,219,234,32,22,7,2
21452,Wt1,58,40,11,5,39,28,4,1,242,145,174,227,236,19,12,7,4
2026,Bglap3,70,44,13,4,54,33,6,1,242,118,165,223,237,16,11,7,3
3452,Clec2h,78,51,17,8,50,36,10,3,242,114,155,215,231,28,15,7,5
21397,Wfdc17,54,43,23,9,35,25,16,6,242,153,174,203,227,19,18,7,3
19171,Tff1,23,22,13,9,16,12,6,5,242,203,208,223,228,7,10,7,4
21383,Wdr95,55,33,13,9,47,26,6,1,242,140,183,223,232,8,7,7,8
16373,Rnasek,54,40,11,7,27,13,4,1,242,161,189,227,234,27,27,7,6
2277,C1qtnf4,45,25,8,2,55,27,1,0,242,142,190,233,240,-10,-2,7,2
21395,Wfdc15b,21,19,13,6,14,11,6,0,242,207,212,223,236,7,8,7,6
8603,Herc6,55,36,13,1,55,37,6,2,242,132,169,223,239,0,-1,7,-1
11503,Mptx1,8,7,7,6,6,5,0,0,242,228,230,235,236,2,2,7,6
7035,Gm2000,50,43,23,20,31,24,16,12,242,161,175,203,210,19,19,7,8
16253,Rhoc,57,32,11,4,33,21,4,0,242,152,189,227,238,24,11,7,4
17507,Slc22a1,60,36,10,3,30,17,3,3,242,152,189,229,236,30,19,7,0
17532,Slc23a1,70,49,13,5,52,31,6,1,242,120,162,223,236,18,18,7,4
17592,Slc26a3,31,24,8,2,17,6,1,0,242,194,212,233,240,14,18,7,2
17327,Shisa4,49,29,13,7,55,24,6,2,242,138,189,223,233,-6,5,7,5
7537,Gm45837,47,43,27,20,44,34,20,13,242,151,165,195,209,3,9,7,7
8446,H3c15,79,50,20,9,50,36,13,7,242,113,156,209,226,29,14,7,2
20497,Uap1l1,50,29,9,3,33,14,2,1,242,159,199,231,238,17,15,7,2
7082,Gm20772,8,8,8,8,1,1,1,0,242,233,233,233,234,7,7,7,8
8462,H4c3,78,61,19,10,61,46,12,2,242,103,135,211,230,17,15,7,8
8463,H4c4,72,43,10,2,53,28,3,0,242,117,171,229,240,19,15,7,2
5599,F2,55,34,11,0,45,24,4,2,242,142,184,227,240,10,10,7,-2
8468,H60b,71,52,16,7,52,41,9,3,242,119,149,217,232,19,11,7,4
8471,Haao,62,50,14,5,66,53,7,2,242,114,139,221,235,-4,-3,7,3
7144,Gm21190,32,27,13,5,29,24,6,1,242,181,191,223,236,3,3,7,4
20905,Vmn1r13,58,38,11,3,45,26,4,2,242,139,178,227,237,13,12,7,1
6936,Gm15056,23,23,15,7,13,13,8,6,242,206,206,219,229,10,10,7,1
8773,Hoxd1,36,27,7,0,14,10,0,0,242,192,205,235,242,22,17,7,0
8776,Hoxd12,24,11,9,3,25,14,2,0,242,193,217,231,239,-1,-3,7,3
7546,Gm4724,50,44,23,15,35,29,16,11,242,157,169,203,216,15,15,7,4
7556,Gm47955,13,13,8,0,7,7,1,1,242,222,222,233,241,6,6,7,-1
17401,Six5,61,36,10,0,50,27,3,0,242,131,179,229,242,11,9,7,0
7552,Gm47791,23,20,18,5,16,14,11,4,242,203,208,213,233,7,6,7,1
18448,St6galnac1,58,34,8,2,37,22,1,0,242,147,186,233,240,21,12,7,2
8785,Hpcal1,55,37,7,2,36,10,0,0,242,151,195,235,240,19,27,7,2
20163,Trim47,72,50,11,4,40,24,4,1,242,130,168,227,237,32,26,7,3
2135,Brap,58,34,8,3,27,17,1,0,242,157,191,233,239,31,17,7,3
16275,Rhox2g,22,22,20,11,16,16,13,3,242,204,204,209,228,6,6,7,8
7070,Gm20695,74,53,24,11,60,41,17,8,242,108,148,201,223,14,12,7,3
20849,Vegfa,66,38,9,6,45,23,2,2,242,131,181,231,234,21,15,7,4
2303,C5ar1,58,42,13,2,42,30,6,3,242,142,170,223,237,16,12,7,-1
16270,Rhox2b,11,11,9,8,4,4,2,1,242,227,227,231,233,7,7,7,7
18438,St14,49,25,7,4,33,14,0,0,242,160,203,235,238,16,11,7,4
17474,Slc16a2,28,14,7,5,64,32,0,0,242,150,196,235,237,-36,-18,7,5
21434,Wnt4,78,51,10,1,43,19,3,0,242,121,172,229,241,35,32,7,1
8500,Has1,64,42,12,6,43,28,5,1,242,135,172,225,235,21,14,7,5
2226,Btc,59,49,15,10,54,26,8,1,242,129,167,219,231,5,23,7,9
16348,Rln1,51,46,18,7,40,30,11,2,242,151,166,213,233,11,16,7,5
8973,Ifi203,96,58,11,3,40,24,4,1,242,106,160,227,238,56,34,7,2
5694,Fam167b,62,45,15,5,45,32,8,4,242,135,165,219,233,17,13,7,1
8969,Ier5l,74,45,11,4,45,24,4,1,242,123,173,227,237,29,21,7,3
11316,Mid1,48,35,13,4,57,23,6,3,242,137,184,223,235,-9,12,7,1
8435,H2bc7,59,49,32,17,61,49,25,13,242,122,144,185,212,-2,0,7,4
17341,Shmt2,46,31,7,2,34,15,0,0,242,162,196,235,240,12,16,7,2
16341,Ripply3,75,52,14,3,46,31,7,2,242,121,159,221,237,29,21,7,1
16274,Rhox2f,21,20,17,5,10,10,10,3,242,211,212,215,234,11,10,7,2
2117,Bpifa1,19,19,11,5,15,15,4,3,242,208,208,227,234,4,4,7,2
2118,Bpifa2,27,25,12,4,12,12,5,2,242,203,205,225,236,15,13,7,2
16323,Rin3,71,45,9,2,45,26,2,1,242,126,171,231,239,26,19,7,1
5762,Fam240a,23,20,17,2,12,12,10,0,242,207,210,215,240,11,8,7,2
21215,Vnn1,54,40,9,5,40,21,2,0,242,148,181,231,237,14,19,7,5
3447,Clec1b,42,33,14,5,29,23,7,0,242,171,186,221,237,13,10,7,5
9827,Kcnk1,37,30,7,3,20,11,0,0,242,185,201,235,239,17,19,7,3
16964,Scrg1,28,24,10,7,24,16,3,0,242,190,202,229,235,4,8,7,7
3342,Ciart,67,45,17,11,55,31,10,1,242,120,166,215,230,12,14,7,10
7066,Gm20661,51,44,15,6,42,38,8,2,242,149,160,219,234,9,6,7,4
9938,Kif19b,75,50,9,4,26,15,2,0,242,141,177,231,238,49,35,7,4
6014,Fgf16,62,36,7,1,24,15,0,0,242,156,191,235,241,38,21,7,1
6319,G0s2,55,41,11,3,51,34,4,1,242,136,167,227,238,4,7,7,2
10549,Lonrf3,61,47,10,2,28,16,3,1,242,153,179,229,239,33,31,7,1
18313,Spsb1,81,56,12,2,41,24,5,4,242,120,162,225,236,40,32,7,-2
1387,Arg2,53,44,15,7,69,41,8,5,242,120,157,219,230,-16,3,7,2
3210,Cfi,49,32,14,6,42,25,7,3,242,151,185,221,233,7,7,7,3
9831,Kcnk15,48,42,11,5,28,13,4,3,242,166,187,227,234,20,29,7,2
18783,Tacc2,59,38,8,3,50,27,1,1,242,133,177,233,238,9,11,7,2
9642,Itgb2,73,59,10,3,45,28,3,0,242,124,155,229,239,28,31,7,3
8117,Gprc5c,52,34,10,5,60,46,3,1,242,130,162,229,236,-8,-12,7,4
17035,Sec61b,49,27,9,5,27,11,2,1,242,166,204,231,236,22,16,7,4
5959,Fcnb,17,17,7,3,4,4,0,0,242,221,221,235,239,13,13,7,3
7844,Gm8439,17,17,14,5,10,8,7,3,242,215,217,221,234,7,9,7,2
9776,Kcna6,29,15,8,4,32,17,1,0,242,181,210,233,238,-3,-2,7,4
3199,Cfap97d1,29,26,18,10,19,16,11,3,242,194,200,213,229,10,10,7,7
20336,Tssk6,61,34,10,0,48,26,3,0,242,133,182,229,242,13,8,7,0
3365,Cish,87,60,15,2,55,27,8,1,242,100,155,219,239,32,33,7,1
6436,Gata3,81,49,12,5,55,36,5,1,242,106,157,225,236,26,13,7,4
5950,Fcgr3,70,50,21,11,52,37,14,7,242,120,155,207,224,18,13,7,4
6455,Gbp2,68,44,8,4,54,29,1,1,242,120,169,233,237,14,15,7,3
7872,Gm9376,23,19,10,2,10,10,3,0,242,209,213,229,240,13,9,7,2
6037,Fgg,28,23,12,8,37,26,5,2,242,177,193,225,232,-9,-3,7,6
16947,Scn3b,44,29,11,9,39,16,4,0,242,159,197,227,233,5,13,7,9
16932,Schip1,49,26,10,5,64,36,3,1,242,129,180,229,236,-15,-10,7,4
16857,Sbk2,63,47,11,3,52,37,4,1,242,127,158,227,238,11,10,7,2
3301,Chrna10,51,24,15,8,47,26,8,2,242,144,192,219,232,4,-2,7,6
6124,Fmr1,47,34,10,5,39,21,3,2,242,156,187,229,235,8,13,7,3
10329,Lbp,71,45,9,4,43,18,2,0,242,128,179,231,238,28,27,7,4
6157,Foxa2,33,29,11,6,23,17,4,1,242,186,196,227,235,10,12,7,5
3293,Chrdl1,48,34,8,1,36,17,1,1,242,158,191,233,240,12,17,7,0
7325,Gm29797,85,66,21,8,52,44,14,6,242,105,132,207,228,33,22,7,2
3312,Chrnb4,52,31,10,3,40,17,3,0,242,150,194,229,239,12,14,7,3
6117,Fmo2,52,38,10,3,29,19,3,1,242,161,185,229,238,23,19,7,2
18290,Sprr1a,54,42,15,5,25,17,8,3,242,163,183,219,234,29,25,7,2
18889,Tas2r143,41,38,9,5,18,18,2,1,242,183,186,231,236,23,20,7,4
6263,Fthl17b,18,17,13,9,6,6,6,6,242,218,219,223,227,12,11,7,3
16783,Saa2,43,42,28,11,48,36,21,10,242,151,164,193,221,-5,6,7,1
6268,Ftl1,57,39,12,4,31,18,5,3,242,154,185,225,235,26,21,7,1
10099,Klre1,49,42,12,5,48,36,5,4,242,145,164,225,233,1,6,7,1
17763,Slc6a15,40,23,8,2,41,25,1,0,242,161,194,233,240,-1,-2,7,2
10479,Lin7b,62,47,19,5,57,43,12,7,242,123,152,211,230,5,4,7,-2
3328,Chst8,39,22,7,2,40,17,0,0,242,163,203,235,240,-1,5,7,2
6071,Fkbp11,55,32,14,6,54,30,7,1,242,133,180,221,235,1,2,7,5
16926,Scgb2b27,13,13,8,0,4,4,1,0,242,225,225,233,242,9,9,7,0
6047,Fhl2,70,45,8,3,46,25,1,1,242,126,172,233,238,24,20,7,2
10491,Lipg,77,55,10,1,26,14,3,0,242,139,173,229,241,51,41,7,1
18242,Spink10,53,37,16,5,51,38,9,0,242,138,167,217,237,2,-1,7,5
1338,Apol9b,82,69,22,4,57,44,15,5,242,103,129,205,233,25,25,7,-1
6477,Gck,41,27,8,2,59,26,1,0,242,142,189,233,240,-18,1,7,2
18402,Ssc4d,54,38,14,5,53,32,7,2,242,135,172,221,235,1,6,7,3
9251,Igkv2-137,22,22,16,6,17,14,9,6,242,203,206,217,230,5,8,7,0
7467,Gm42517,58,34,10,2,43,24,3,2,242,141,184,229,238,15,10,7,0
9367,Il13ra2,43,32,8,3,34,17,1,0,242,165,193,233,239,9,15,7,3
5864,Fbrsl1,47,32,8,4,44,21,1,0,242,151,189,233,238,3,11,7,4
20423,Tubb3,73,48,11,4,32,19,4,2,242,137,175,227,236,41,29,7,2
10306,Laptm4b,55,37,8,2,31,15,1,1,242,156,190,233,239,24,22,7,1
9329,Iglv2,17,17,15,12,20,15,8,7,242,205,210,219,223,-3,2,7,5
10888,Mal,35,23,10,2,33,21,3,0,242,174,198,229,240,2,2,7,2
6672,Glycam1,23,20,14,6,17,16,7,4,242,202,206,221,232,6,4,7,2
18139,Spag11a,7,7,7,7,0,0,0,0,242,235,235,235,235,7,7,7,7
7668,Gm52955,33,28,13,3,31,27,6,2,242,178,187,223,237,2,1,7,1
6675,Gm10024,8,8,7,3,0,0,0,0,242,234,234,235,239,8,8,7,3
9243,Igkv15-103,15,14,11,5,10,8,4,1,242,217,220,227,236,5,6,7,4
7254,Gm27021,53,43,30,23,52,44,23,11,242,137,155,189,208,1,-1,7,12
18034,Snx10,57,39,12,2,54,27,5,1,242,131,176,225,239,3,12,7,1
6710,Gm10272,7,7,7,5,0,0,0,0,242,235,235,235,237,7,7,7,5
2404,Camk4,43,27,9,5,49,30,2,0,242,150,185,231,237,-6,-3,7,5
6723,Gm10352,17,15,10,7,6,6,3,2,242,219,221,229,233,11,9,7,5
8313,Gvin2,62,50,21,6,48,33,14,8,242,132,159,207,228,14,17,7,-2
17625,Slc30a1,51,30,12,5,66,43,5,0,242,125,169,225,237,-15,-13,7,5
8335,H1f1,70,56,16,4,49,36,9,3,242,123,150,217,235,21,20,7,1
9144,Ighv1-80,16,14,12,5,13,12,5,3,242,213,216,225,234,3,2,7,2
9143,Ighv1-78,10,10,9,4,9,8,2,0,242,223,224,231,238,1,2,7,4
20469,Txndc2,67,46,10,1,47,30,3,1,242,128,166,229,240,20,16,7,0
9112,Ighv1-39,12,12,11,8,14,12,4,4,242,216,218,227,230,-2,0,7,4
9399,Il1rl2,62,42,13,6,58,39,6,2,242,122,161,223,234,4,3,7,4
9400,Il1rn,69,47,14,10,65,36,7,2,242,108,159,221,230,4,11,7,8
3391,Clca3a2,71,56,19,10,65,42,12,8,242,106,144,211,224,6,14,7,2
10809,Lyz2,52,40,15,3,50,35,8,2,242,140,167,219,237,2,5,7,1
3157,Ces2g,60,45,11,5,61,38,4,0,242,121,159,227,237,-1,7,7,5
1761,Atxn1,57,32,8,3,55,30,1,0,242,130,180,233,239,2,2,7,3
10729,Ltb4r2,75,53,9,2,38,25,2,0,242,129,164,231,240,37,28,7,2
1324,Apoe,72,42,10,3,34,18,3,0,242,136,182,229,239,38,24,7,3
1322,Apoc4,37,36,19,9,25,22,12,5,242,180,184,211,228,12,14,7,4
3154,Ces2c,31,17,7,4,34,13,0,0,242,177,212,235,238,-3,4,7,4
18748,Syt7,47,30,9,2,42,21,2,0,242,153,191,231,240,5,9,7,2
17142,Serpina5,22,14,7,2,12,5,0,0,242,208,223,235,240,10,9,7,2
7235,Gm21992,78,59,25,15,58,40,18,6,242,106,143,199,221,20,19,7,9
9591,Irs3,71,51,15,3,47,33,8,2,242,124,158,219,237,24,18,7,1
9590,Irs2,81,47,9,5,45,28,2,0,242,116,167,231,237,36,19,7,5
6505,Gdf9,78,53,8,2,45,27,1,0,242,119,162,233,240,33,26,7,2
21291,Vwce,66,42,10,4,42,29,3,1,242,134,171,229,237,24,13,7,3
1306,Aplp1,47,28,9,5,41,17,2,0,242,154,197,231,237,6,11,7,5
17160,Serpinb6b,68,49,14,6,51,32,7,4,242,123,161,221,232,17,17,7,2
18001,Snorc,42,33,25,6,39,29,18,9,242,161,180,199,227,3,4,7,-3
9437,Ildr1,34,25,9,4,27,12,2,1,242,181,205,231,237,7,13,7,3
9434,Il7r,53,38,11,3,49,27,4,0,242,140,177,227,239,4,11,7,3
9420,Il31,33,32,19,7,16,16,12,9,242,193,194,211,226,17,16,7,-2
9419,Il3,12,12,7,2,4,3,0,0,242,226,227,235,240,8,9,7,2
16603,Rps23rg1,59,44,12,4,58,41,5,2,242,125,157,225,236,1,3,7,2
6598,Gja6,65,44,14,3,53,31,7,2,242,124,167,221,237,12,13,7,1
10807,Lyve1,56,38,11,4,29,17,4,2,242,157,187,227,236,27,21,7,2
6589,Gipc3,62,37,7,1,43,25,0,0,242,137,180,235,241,19,12,7,1
14869,Plin2,69,43,10,7,35,23,3,1,242,138,176,229,234,34,20,7,6
18116,Sox9,76,54,10,3,43,24,3,0,242,123,164,229,239,33,30,7,3
13256,Olfr1564,51,31,9,2,39,18,2,0,242,152,193,231,240,12,13,7,2
12504,Nr1h3,48,30,10,2,51,37,3,0,242,143,175,229,240,-3,-7,7,2
4862,Dppa3,33,29,13,5,26,21,6,2,242,183,192,223,235,7,8,7,3
20140,Trim30a,54,33,7,1,55,30,0,0,242,133,179,235,241,-1,3,7,1
19227,Them5,42,37,10,2,33,24,3,0,242,167,181,229,240,9,13,7,2
19426,Tmem121b,44,25,8,0,27,12,1,0,242,171,205,233,242,17,13,7,0
12449,Npas3,45,30,20,19,51,39,13,7,242,146,173,209,216,-6,-9,7,12
12438,Notum,67,45,8,3,43,25,1,1,242,132,172,233,238,24,20,7,2
21790,Zfp36l1,62,45,9,3,47,31,2,1,242,133,166,231,238,15,14,7,2
15264,Pramel51,13,13,7,2,11,8,0,0,242,218,221,235,240,2,5,7,2
4490,Defb2,14,12,11,11,4,4,4,4,242,224,226,227,227,10,8,7,7
15769,Qpct,40,29,9,0,42,20,2,1,242,160,193,231,241,-2,9,7,-1
3554,Cnfn,37,29,18,7,30,22,11,4,242,175,191,213,231,7,7,7,3
5133,Efna5,49,29,11,1,69,36,4,3,242,124,177,227,238,-20,-7,7,-2
3827,Crabp2,97,71,15,4,38,24,8,2,242,107,147,219,236,59,47,7,2
14392,Pde2a,64,45,19,4,44,28,12,8,242,134,169,211,230,20,17,7,-4
19889,Traj34,11,10,9,9,5,3,2,1,242,226,229,231,232,6,7,7,8
4107,Cxxc4,45,29,7,2,35,17,0,0,242,162,196,235,240,10,12,7,2
5344,Enpep,42,28,7,2,33,18,0,0,242,167,196,235,240,9,10,7,2
4036,Ctsd,58,36,11,3,27,17,4,4,242,157,189,227,235,31,19,7,-1
15806,Rab20,60,37,8,2,45,26,1,0,242,137,179,233,240,15,11,7,2
457,Aass,44,32,8,4,32,16,1,1,242,166,194,233,237,12,16,7,3
19300,Tincr,99,76,10,3,38,20,3,2,242,105,146,229,237,61,56,7,1
5154,Egr4,53,35,10,5,23,12,3,0,242,166,195,229,237,30,23,7,5
21482,Xlr4a,60,49,23,11,43,30,16,6,242,139,163,203,225,17,19,7,5
14614,Phlda3,65,40,13,6,43,26,6,1,242,134,176,223,235,22,14,7,5
13300,Olfr209,10,8,7,5,4,3,0,0,242,228,231,235,237,6,5,7,5
14610,Phkg1,84,48,11,1,31,21,4,2,242,127,173,227,239,53,27,7,-1
15321,Prkab2,67,34,8,0,33,17,1,0,242,142,191,233,242,34,17,7,0
4509,Defb40,11,10,9,6,5,3,2,2,242,226,229,231,234,6,7,7,4
15326,Prkag3,81,61,13,5,47,31,6,1,242,114,150,223,236,34,30,7,4
12505,Nr1h4,52,35,12,5,64,46,5,0,242,126,161,225,237,-12,-11,7,5
5062,Eci3,62,49,13,5,27,25,6,3,242,153,168,223,234,35,24,7,2
5057,Echdc2,48,34,11,7,43,25,4,3,242,151,183,227,232,5,9,7,4
11912,Myo1d,57,33,9,2,36,20,2,1,242,149,189,231,239,21,13,7,1
4399,Ddit3,72,57,26,15,60,39,19,10,242,110,146,197,217,12,18,7,5
5388,Epha4,68,44,12,4,49,27,5,1,242,125,171,225,237,19,17,7,3
4091,Cxcl13,52,39,15,5,26,20,8,4,242,164,183,219,233,26,19,7,1
12673,Nup62cl,52,42,12,4,36,19,5,3,242,154,181,225,235,16,23,7,1
4182,Cyp2d26,63,45,14,10,60,38,7,3,242,119,159,221,229,3,7,7,7
595,Acmsd,81,53,14,7,51,30,7,4,242,110,159,221,231,30,23,7,3
12743,Obscn,49,29,8,1,42,24,1,0,242,151,189,233,241,7,5,7,1
21522,Ybx2,53,39,10,4,48,29,3,2,242,141,174,229,236,5,10,7,2
22186,Zscan29,85,50,10,2,17,10,3,1,242,140,182,229,239,68,40,7,1
4185,Cyp2d9,30,28,9,3,18,15,2,0,242,194,199,231,239,12,13,7,3
15224,Pramel13,39,28,8,3,35,17,1,0,242,168,197,233,239,4,11,7,3
11881,Myh9,58,37,8,2,43,22,1,1,242,141,183,233,239,15,15,7,1
5411,Eppin,23,21,9,2,20,19,2,1,242,199,202,231,239,3,2,7,1
4012,Ctla4,32,23,9,0,25,14,2,2,242,185,205,231,240,7,9,7,-2
4457,Defa22,9,9,9,7,4,3,2,2,242,229,230,231,233,5,6,7,5
16062,Rbp1,60,27,8,2,45,23,1,0,242,137,192,233,240,15,4,7,2
4458,Defa23,15,12,12,11,6,6,5,3,242,221,224,225,228,9,6,7,8
4928,Dtx4,69,41,11,4,51,25,4,0,242,122,176,227,238,18,16,7,4
3978,Cstb,51,38,11,4,29,14,4,2,242,162,190,227,236,22,24,7,2
19516,Tmem210,49,44,27,14,34,28,20,9,242,159,170,195,219,15,16,7,5
19458,Tmem151b,39,16,7,5,39,20,0,0,242,164,206,235,237,0,-4,7,5
19446,Tmem140,77,53,21,10,58,40,14,6,242,107,149,207,226,19,13,7,4
14308,Pcdhga2,36,22,8,4,53,30,1,0,242,153,190,233,238,-17,-8,7,4
13015,Olfr1251,20,16,7,1,3,1,0,0,242,219,225,235,241,17,15,7,1
16094,Rcvrn,39,36,9,2,23,20,2,0,242,180,186,231,240,16,16,7,2
4088,Cxcl10,76,66,19,14,66,45,12,6,242,100,131,211,222,10,21,7,8
19443,Tmem135,45,30,9,2,56,23,2,0,242,141,189,231,240,-11,7,7,2
13038,Olfr1276,42,22,10,3,44,26,3,0,242,156,194,229,239,-2,-4,7,3
11745,Mthfd2,70,46,9,5,34,18,2,2,242,138,178,231,235,36,28,7,3
13336,Olfr272,13,13,8,1,3,1,1,0,242,226,228,233,241,10,12,7,1
5137,Efr3a,47,31,13,6,60,26,6,1,242,135,185,223,235,-13,5,7,5
19199,Tgm2,61,39,10,3,46,22,3,0,242,135,181,229,239,15,17,7,3
19725,Tnfsf4,26,19,7,3,20,9,0,0,242,196,214,235,239,6,10,7,3
15988,Rassf5,71,50,13,2,42,24,6,1,242,129,168,223,239,29,26,7,1
19351,Tlx3,49,34,7,1,18,8,0,0,242,175,200,235,241,31,26,7,1
22113,Zhx2,47,27,7,2,61,29,0,0,242,134,186,235,240,-14,-2,7,2
13477,Olfr458,32,21,8,4,10,8,1,0,242,200,213,233,238,22,13,7,4
16204,Rgmb,63,39,10,2,56,36,3,0,242,123,167,229,240,7,3,7,2
15338,Prkcq,38,17,8,3,23,6,1,0,242,181,219,233,239,15,11,7,3
15396,Proca1,67,45,14,3,48,28,7,2,242,127,169,221,237,19,17,7,1
14865,Plet1,68,49,15,7,56,39,8,2,242,118,154,219,233,12,10,7,5
347,6430628N08Rik,33,22,9,4,19,10,2,0,242,190,210,231,238,14,12,7,4
15399,Prodh2,72,55,21,13,67,47,14,10,242,103,140,207,219,5,8,7,3
4136,Cym,48,39,10,2,38,30,3,0,242,156,173,229,240,10,9,7,2
4049,Ctss,43,39,11,4,48,32,4,0,242,151,171,227,238,-5,7,7,4
4040,Ctsh,54,42,9,3,47,28,2,0,242,141,172,231,239,7,14,7,3
19670,Tmprss9,58,37,9,4,39,23,2,0,242,145,182,231,238,19,14,7,4
15407,Prop1,33,33,20,8,31,28,13,4,242,178,181,209,230,2,5,7,4
13539,Olfr523,31,22,7,6,13,7,0,0,242,198,213,235,236,18,15,7,6
3658,Col4a1,75,44,9,3,29,16,2,0,242,138,182,231,239,46,28,7,3
19327,Tle5,54,32,10,4,41,17,3,2,242,147,193,229,236,13,15,7,2
16238,Rhbdl1,77,57,19,4,54,37,12,7,242,111,148,211,231,23,20,7,-3
20115,Trhr2,53,40,9,4,22,14,2,0,242,167,188,231,238,31,26,7,4
5529,Ets2,64,39,10,2,43,18,3,1,242,135,185,229,239,21,21,7,1
14846,Plekhf1,87,46,10,1,24,15,3,0,242,131,181,229,241,63,31,7,1
13889,Olfr922,34,22,8,1,39,21,1,1,242,169,199,233,240,-5,1,7,0
3852,Creg1,59,35,10,6,43,20,3,0,242,140,187,229,236,16,15,7,6
20109,Trgv5,8,8,8,8,1,1,1,1,242,233,233,233,233,7,7,7,7
20154,Trim40,34,23,8,3,25,12,1,0,242,183,207,233,239,9,11,7,3
15964,Rasd1,73,48,17,4,64,51,10,3,242,105,143,215,235,9,-3,7,1
12568,Nsg2,54,36,8,3,45,27,2,1,242,143,179,232,238,9,9,6,2
18299,Sprr2g,22,22,11,5,13,11,5,2,242,207,209,226,235,9,11,6,3
1608,Ass1,46,31,8,3,50,29,2,0,242,146,182,232,239,-4,2,6,3
9809,Kcnip2,59,43,15,7,65,45,9,2,242,118,154,218,233,-6,-2,6,5
8021,Gpd1,68,49,10,2,44,22,4,0,242,130,171,228,240,24,27,6,2
6388,Galnt15,54,32,10,3,53,31,4,0,242,135,179,228,239,1,1,6,3
4344,Dcaf8l,17,13,7,3,15,6,1,0,242,210,223,234,239,2,7,6,3
18383,Srsf12,48,34,7,1,37,21,1,1,242,157,187,234,240,11,13,6,0
15698,Ptprn2,46,30,9,5,26,14,3,1,242,170,198,230,236,20,16,6,4
19322,Tldc2,47,37,21,7,55,45,15,5,242,140,160,206,230,-8,-8,6,2
7168,Gm21671,19,14,8,3,22,15,2,1,242,201,213,232,238,-3,-1,6,2
12550,Nrp1,69,48,10,2,45,22,4,0,242,128,172,228,240,24,26,6,2
19947,Trav12-1,15,13,12,9,7,6,6,4,242,220,223,224,229,8,7,6,5
7322,Gm29735,11,9,7,2,6,5,1,0,242,225,228,234,240,5,4,6,2
14270,Pcdha11,29,23,12,8,42,31,6,3,242,171,188,224,231,-13,-8,6,5
20100,Trgc3,7,7,6,1,2,2,0,0,242,233,233,236,241,5,5,6,1
2388,Calml4,54,37,15,3,56,29,9,4,242,132,176,218,235,-2,8,6,-1
6007,Fgf1,48,34,8,2,53,30,2,0,242,141,178,232,240,-5,4,6,2
8370,H2-Ob,40,26,7,2,45,27,1,0,242,157,189,234,240,-5,-1,6,2
617,Acoxl,59,37,8,1,40,19,2,0,242,143,186,232,241,19,18,6,1
20841,Vcl,63,40,8,3,54,25,2,2,242,125,177,232,237,9,15,6,1
12584,Nt5c1a,41,30,10,6,31,27,4,0,242,170,185,228,236,10,3,6,6
18437,St13,65,35,8,4,33,16,2,1,242,144,191,232,237,32,19,6,3
9850,Kcnq1,54,36,11,6,47,29,5,1,242,141,177,226,235,7,7,6,5
5955,Fchsd1,67,50,12,2,61,32,6,3,242,114,160,224,237,6,18,6,-1
9868,Kctd12,36,20,7,2,46,27,1,0,242,160,195,234,240,-10,-7,6,2
788,Adgrf2,48,24,6,0,45,26,0,0,242,149,192,236,242,3,-2,6,0
15649,Ptgs2,74,51,12,3,39,28,6,2,242,129,163,224,237,35,23,6,1
787,Adgrf1,31,21,7,2,27,14,1,0,242,184,207,234,240,4,7,6,2
9876,Kctd19,59,47,15,4,45,36,9,3,242,138,159,218,235,14,11,6,1
792,Adgrg1,65,42,13,5,47,30,7,2,242,130,170,222,235,18,12,6,3
14473,Pecam1,68,43,11,8,39,27,5,1,242,135,172,226,233,29,16,6,7
2817,Cd209b,26,16,8,4,14,9,2,0,242,202,217,232,238,12,7,6,4
16704,Rtl8a,40,28,9,5,55,34,3,0,242,147,180,230,237,-15,-6,6,5
20056,Trbv13-1,11,10,8,2,2,2,2,1,242,229,230,232,239,9,8,6,1
191,2610528J11Rik,25,18,10,4,44,26,4,0,242,173,198,228,238,-19,-8,6,4
15633,Ptgds,68,49,13,5,45,34,7,2,242,129,159,222,235,23,15,6,3
18953,Tbx1,54,36,10,2,37,21,4,1,242,151,185,228,239,17,15,6,1
8389,H2ac13,63,50,30,22,56,42,24,18,242,123,150,188,202,7,8,6,4
8388,H2ac12,64,55,28,24,49,39,22,21,242,129,148,192,197,15,16,6,3
18294,Sprr2a3,25,23,7,3,21,15,1,0,242,196,204,234,239,4,8,6,3
17007,Sds,52,48,12,2,28,16,6,1,242,162,178,224,239,24,32,6,1
19382,Tmc8,65,48,11,0,55,35,5,0,242,122,159,226,242,10,13,6,0
3251,Chek1,64,40,17,8,47,29,11,8,242,131,173,214,226,17,11,6,0
16860,Sbno2,75,47,9,4,39,22,3,0,242,128,173,230,238,36,25,6,4
16776,S100z,30,29,24,17,18,18,18,12,242,194,195,200,213,12,11,6,5
6166,Foxd4,36,19,6,4,17,8,0,0,242,189,215,236,238,19,11,6,4
4317,Dbf4,38,23,9,2,59,33,3,2,242,145,186,230,238,-21,-10,6,0
2479,Cartpt,34,26,7,3,14,12,1,0,242,194,204,234,239,20,14,6,3
3295,Chrm1,42,26,10,2,46,29,4,1,242,154,187,228,239,-4,-3,6,1
17686,Slc38a8,42,29,8,3,41,20,2,1,242,159,193,232,238,1,9,6,2
19813,Tpd52l1,38,27,9,2,42,26,3,1,242,162,189,230,239,-4,1,6,1
14387,Pde11a,57,39,10,1,70,39,4,1,242,115,164,228,240,-13,0,6,0
10302,Lancl3,62,32,8,3,33,19,2,0,242,147,191,232,239,29,13,6,3
21242,Vps37d,47,36,9,1,75,41,3,0,242,120,165,230,241,-28,-5,6,1
10473,Lims2,71,50,14,6,47,21,8,5,242,124,171,220,231,24,29,6,1
20085,Trdv4,26,25,20,7,19,16,14,7,242,197,201,208,228,7,9,6,0
15084,Ppara,47,24,8,5,52,27,2,2,242,143,191,232,235,-5,-3,6,3
17727,Slc4a1,51,29,8,3,22,13,2,2,242,169,200,232,237,29,16,6,1
1472,Arl15,51,34,8,3,48,28,2,0,242,143,180,232,239,3,6,6,3
10441,Lhfpl2,77,53,8,0,52,34,2,1,242,113,155,232,241,25,19,6,-1
16798,Samd1,61,41,9,3,35,17,3,2,242,146,184,230,237,26,24,6,1
8154,Grem2,55,36,9,4,36,19,3,1,242,151,187,230,237,19,17,6,3
729,Adamts13,52,29,6,2,36,14,0,0,242,154,199,236,240,16,15,6,2
2455,Car4,44,30,16,9,46,35,10,5,242,152,177,216,228,-2,-5,6,4
10430,Lgi3,37,26,8,1,31,18,2,0,242,174,198,232,241,6,8,6,1
2457,Car5b,48,25,7,2,38,20,1,0,242,156,197,234,240,10,5,6,2
19380,Tmc6,67,42,12,6,50,32,6,4,242,125,168,224,232,17,10,6,2
16837,Sars,67,38,8,3,17,10,2,0,242,158,194,232,239,50,28,6,3
10236,Krtap5-1,13,13,7,2,7,7,1,0,242,222,222,234,240,6,6,6,2
8108,Gpr84,75,53,15,1,46,26,9,2,242,121,163,218,239,29,27,6,-1
6169,Foxf1,73,45,10,3,38,22,4,0,242,131,175,228,239,35,23,6,3
3285,Chordc1,95,60,10,4,37,15,4,2,242,110,167,228,236,58,45,6,2
12141,Ndufb5,37,24,11,4,34,21,5,0,242,171,197,226,238,3,3,6,4
15900,Raet1e,54,40,11,5,54,37,5,1,242,134,165,226,236,0,3,6,4
8341,H1f6,54,52,19,3,47,47,13,9,242,141,143,210,230,7,5,6,-6
19328,Tle6,72,43,10,4,51,29,4,2,242,119,170,228,236,21,14,6,2
659,Actl7b,54,45,15,4,39,28,9,4,242,149,169,218,234,15,17,6,0
2489,Casp16,40,35,22,10,27,24,16,2,242,175,183,204,230,13,11,6,8
19941,Trav1,19,17,13,7,13,8,7,5,242,210,217,222,230,6,9,6,2
12175,Nefh,47,28,8,4,41,26,2,1,242,154,188,232,237,6,2,6,3
19438,Tmem132b,40,26,10,2,35,17,4,3,242,167,199,228,237,5,9,6,-1
3262,Chil3,40,29,10,5,27,17,4,1,242,175,196,228,236,13,12,6,4
5246,Elane,53,48,15,6,28,27,9,4,242,161,167,218,232,25,21,6,2
8318,Gypa,37,22,9,3,37,18,3,1,242,168,202,230,238,0,4,6,2
14319,Pcdhgb5,54,32,7,2,48,22,1,0,242,140,188,234,240,6,10,6,2
7173,Gm21704,10,9,7,2,1,1,1,0,242,231,232,234,240,9,8,6,2
1413,Arhgap36,34,21,6,1,36,18,0,0,242,172,203,236,241,-2,3,6,1
8301,Gucy1b2,43,25,6,0,25,12,0,0,242,174,205,236,242,18,13,6,0
1543,Art4,55,39,7,2,38,23,1,0,242,149,180,234,240,17,16,6,2
10186,Krt83,44,29,6,2,26,10,0,0,242,172,203,236,240,18,19,6,2
15151,Ppp1r16b,72,45,11,6,55,38,5,0,242,115,159,226,236,17,7,6,6
12210,Neu1,46,31,9,5,46,20,3,0,242,150,191,230,237,0,11,6,5
14353,Pcp4,37,26,12,4,27,18,6,4,242,178,198,224,234,10,8,6,0
21588,Zbtb32,61,42,10,4,60,43,4,0,242,121,157,228,238,1,-1,6,4
5121,Efemp1,58,40,9,3,39,18,3,1,242,145,184,230,238,19,22,6,2
19490,Tmem184a,64,46,15,5,61,35,9,4,242,117,161,218,233,3,11,6,1
2306,C7,44,25,6,3,31,13,0,0,242,167,204,236,239,13,12,6,3
17580,Slc25a45,54,34,9,2,67,42,3,2,242,121,166,230,238,-13,-8,6,0
9159,Ighv14-4,17,17,12,8,13,11,6,5,242,212,214,224,229,4,6,6,3
4512,Defb43,16,16,16,10,11,11,10,4,242,215,215,216,228,5,5,6,6
9182,Ighv5-17,18,16,13,8,14,12,7,3,242,210,214,222,231,4,4,6,5
9175,Ighv3-6,17,17,12,11,16,14,6,6,242,209,211,224,225,1,3,6,5
13906,Olfr95,78,46,8,2,38,17,2,2,242,126,179,232,238,40,29,6,0
9169,Ighv2-9,13,11,8,6,7,3,2,2,242,222,228,232,234,6,8,6,4
3060,Cela3b,30,27,10,2,16,15,4,0,242,196,200,228,240,14,12,6,2
13884,Olfr918,43,28,8,0,29,22,2,0,242,170,192,232,242,14,6,6,0
8782,Hp,83,63,21,8,65,51,15,5,242,94,128,206,229,18,12,6,3
17279,Sh2d4b,59,38,6,0,45,27,0,0,242,138,177,236,242,14,11,6,0
1998,Bdh2,56,44,9,3,41,22,3,1,242,145,176,230,238,15,22,6,2
9132,Ighv1-64,20,19,13,8,15,12,7,3,242,207,211,222,231,5,7,6,5
8844,Hsd3b3,31,26,10,3,38,26,4,2,242,173,190,228,237,-7,0,6,1
412,A730009L09Rik,22,15,7,4,13,7,1,0,242,207,220,234,238,9,8,6,4
9127,Ighv1-61,15,13,10,7,9,8,4,4,242,218,221,228,231,6,5,6,3
8784,Hpca,51,34,8,2,39,20,2,0,242,152,188,232,240,12,14,6,2
9220,Igkv1-131,9,9,8,6,4,4,2,2,242,229,229,232,234,5,5,6,4
9316,Igkv9-129,16,15,14,11,13,12,8,4,242,213,215,220,227,3,3,6,7
15300,Prelp,57,41,10,6,46,29,4,3,242,139,172,228,233,11,12,6,3
18682,Svs6,10,10,8,4,6,6,2,0,242,226,226,232,238,4,4,6,4
14028,Ostm1,46,33,9,3,55,30,3,2,242,141,179,230,237,-9,3,6,1
18681,Svs5,15,14,10,5,7,7,4,2,242,220,221,228,235,8,7,6,3
14021,Osm,65,44,11,4,24,10,5,1,242,153,188,226,237,41,34,6,3
6952,Gm15433,40,35,16,9,29,25,10,5,242,173,182,216,228,11,10,6,4
19590,Tmem41b,53,29,8,3,42,20,2,1,242,147,193,232,238,11,9,6,2
9278,Igkv4-72,9,9,9,6,14,11,3,2,242,219,222,230,234,-5,-2,6,4
9221,Igkv1-132,11,11,9,8,5,5,3,2,242,226,226,230,232,6,6,6,6
2968,Cdhr5,65,51,7,5,26,11,1,0,242,151,180,234,237,39,40,6,5
9265,Igkv4-54,10,10,9,8,6,6,3,1,242,226,226,230,233,4,4,6,7
8763,Hoxb9,68,39,8,2,38,26,2,0,242,136,177,232,240,30,13,6,2
451,Aard,53,38,8,3,21,11,2,2,242,168,193,232,237,32,27,6,1
8770,Hoxc6,58,40,12,3,42,24,6,0,242,142,178,224,239,16,16,6,3
6696,Gm10197,36,34,33,32,32,31,27,26,242,174,177,182,184,4,3,6,6
13459,Olfr433,54,23,8,2,52,25,2,0,242,136,194,232,240,2,-2,6,2
18571,Stum,56,44,9,0,23,14,3,2,242,163,184,230,240,33,30,6,-2
3866,Crisp1,21,18,8,4,24,18,2,1,242,197,206,232,237,-3,0,6,3
8992,Ifit1,70,49,10,3,61,37,4,0,242,111,156,228,239,9,12,6,3
6830,Gm11808,31,20,13,10,16,12,7,6,242,195,210,222,226,15,8,6,4
18615,Sult1d1,29,20,7,5,10,4,1,0,242,203,218,234,237,19,16,6,5
8908,Htra3,66,46,13,0,62,38,7,1,242,114,158,222,241,4,8,6,-1
6842,Gm12248,82,54,15,3,36,27,9,4,242,124,161,218,235,46,27,6,-1
17361,Siglec1,85,54,12,1,44,18,6,1,242,113,170,224,240,41,36,6,0
2082,Bmp8a,64,33,9,6,44,24,3,0,242,134,185,230,236,20,9,6,6
6843,Gm12253,58,47,10,1,36,28,4,0,242,148,167,228,241,22,19,6,1
20473,Txnip,80,51,14,5,55,40,8,4,242,107,151,220,233,25,11,6,1
8977,Ifi207,84,53,9,0,32,17,3,1,242,126,172,230,241,52,36,6,-1
6869,Gm13276,17,16,12,5,9,9,6,4,242,216,217,224,233,8,7,6,1
8940,Icam2,54,38,15,6,53,39,9,4,242,135,165,218,232,1,-1,6,2
17347,Shq1,50,27,8,1,37,16,2,1,242,155,199,232,240,13,11,6,0
17344,Shox2,63,44,11,2,54,35,5,0,242,125,163,226,240,9,9,6,2
13749,Olfr748,27,17,6,2,29,16,0,0,242,186,209,236,240,-2,1,6,2
6888,Gm13889,38,26,8,3,61,36,2,1,242,143,180,232,238,-23,-10,6,2
17315,Shc2,58,32,7,1,31,9,1,1,242,153,201,234,240,27,23,6,0
17313,Shbg,51,35,9,5,30,26,3,2,242,161,181,230,235,21,9,6,3
4587,Dhh,60,36,10,0,48,30,4,4,242,134,176,228,238,12,6,6,-4
3028,Cdx1,33,21,7,4,22,11,1,0,242,187,210,234,238,11,10,6,4
4668,Dll1,55,37,11,1,53,33,5,0,242,134,172,226,241,2,4,6,1
4687,Dmkn,58,42,14,1,44,30,8,3,242,140,170,220,238,14,12,6,-2
9087,Ighg1,38,28,11,7,25,17,5,1,242,179,197,226,234,13,11,6,6
4698,Dmrtc1c1,23,19,10,2,14,11,4,3,242,205,212,228,237,9,8,6,-1
2033,Bhlhe40,83,59,12,3,48,30,6,2,242,111,153,224,237,35,29,6,1
3871,Crispld2,63,39,9,4,32,17,3,0,242,147,186,230,238,31,22,6,4
6795,Gm11168,59,51,26,15,48,41,20,7,242,135,150,196,220,11,10,6,8
19665,Tmprss3,36,21,6,2,24,7,0,0,242,182,214,236,240,12,14,6,2
13484,Olfr464,31,23,6,3,20,6,0,0,242,191,213,236,239,11,17,6,3
9101,Ighv1-18,13,13,11,9,18,16,5,3,242,211,213,226,230,-5,-3,6,6
9104,Ighv1-22,16,16,12,6,18,14,6,6,242,208,212,224,230,-2,2,6,0
15341,Prkd1,51,31,8,2,34,10,2,0,242,157,201,232,240,17,21,6,2
9315,Igkv9-124,13,11,8,8,8,7,2,2,242,221,224,232,232,5,4,6,6
15279,Prdm14,42,28,7,2,17,8,1,1,242,183,206,234,239,25,20,6,1
12697,Nxnl2,68,42,10,4,42,24,4,0,242,132,176,228,238,26,18,6,4
6475,Gch1,75,52,9,5,38,18,3,0,242,129,172,230,237,37,34,6,5
12067,Nceh1,61,41,10,4,55,33,4,2,242,126,168,228,236,6,8,6,2
6466,Gc,46,29,12,7,26,18,6,2,242,170,195,224,233,20,11,6,5
9654,Itih3,66,48,10,4,37,21,4,0,242,139,173,228,238,29,27,6,4
1737,Atp6v1g2,61,40,13,2,51,32,7,1,242,130,170,222,239,10,8,6,1
14164,Papolb,61,41,14,7,37,21,8,4,242,144,180,220,231,24,20,6,3
2301,C4b,57,33,8,6,39,22,2,0,242,146,187,232,236,18,11,6,6
22032,Zfp940,65,42,9,2,38,16,3,2,242,139,184,230,238,27,26,6,0
1723,Atp6v0d2,53,35,10,6,47,21,4,3,242,142,186,228,233,6,14,6,3
20380,Ttc7b,52,30,7,5,50,24,1,0,242,140,188,234,237,2,6,6,5
15570,Psmb8,58,39,11,7,53,38,5,2,242,131,165,226,233,5,1,6,5
9613,Isoc2b,53,38,8,2,43,25,2,0,242,146,179,232,240,10,13,6,2
15564,Psmb2,42,25,11,7,40,17,5,3,242,160,200,226,232,2,8,6,4
21092,Vmn2r10,47,26,7,0,50,17,1,0,242,145,199,234,242,-3,9,6,0
9602,Isg15,66,42,17,9,71,49,11,9,242,105,151,214,224,-5,-7,6,0
4455,Defa20,7,7,6,4,1,0,0,0,242,234,235,236,238,6,7,6,4
1722,Atp6v0d1,57,38,8,4,22,10,2,1,242,163,194,232,237,35,28,6,3
8663,Hivep2,57,36,6,0,39,20,0,0,242,146,186,236,242,18,16,6,0
12736,Obox6,43,30,8,2,24,18,2,2,242,175,194,232,238,19,12,6,0
4402,Ddn,70,53,13,6,38,26,7,0,242,134,163,222,236,32,27,6,6
4405,Ddr1,50,31,10,6,46,24,4,1,242,146,187,228,235,4,7,6,5
9759,Kazn,33,17,7,3,57,35,1,0,242,152,190,234,239,-24,-18,6,3
8458,H4c14,96,68,12,1,39,25,6,0,242,107,149,224,241,57,43,6,1
22053,Zfp960,45,24,8,3,47,28,2,1,242,150,190,232,238,-2,-4,6,2
19800,Tor3a,53,31,9,2,52,24,3,1,242,137,187,230,239,1,7,6,1
4428,Ddx4,43,26,10,2,39,27,4,0,242,160,189,228,240,4,-1,6,2
14173,Paqr6,56,39,12,3,71,46,6,0,242,115,157,224,239,-15,-7,6,3
6439,Gata6,69,45,8,1,35,15,2,1,242,138,182,232,240,34,30,6,0
3991,Ctag2l1,17,14,6,3,16,13,0,0,242,209,215,236,239,1,1,6,3
12746,Oca2,32,20,9,6,27,19,3,1,242,183,203,230,235,5,1,6,5
6448,Gba,53,38,9,5,24,12,3,2,242,165,192,230,235,29,26,6,3
14185,Parm1,55,38,9,3,31,12,3,0,242,156,192,230,239,24,26,6,3
9683,Izumo1r,39,30,10,6,29,22,4,1,242,174,190,228,235,10,8,6,5
1772,AU015836,39,26,8,1,23,10,2,2,242,180,206,232,239,16,16,6,-1
19536,Tmem233,33,21,7,1,28,10,1,0,242,181,211,234,241,5,11,6,1
8542,Hcrt,32,31,15,7,23,22,9,3,242,187,189,218,232,9,9,6,4
6601,Gjb2,47,32,6,4,58,22,0,0,242,137,188,236,238,-11,10,6,4
2941,Cdh1,53,32,9,3,38,13,3,0,242,151,197,230,239,15,19,6,3
19572,Tmem270,27,24,10,7,18,16,4,1,242,197,202,228,234,9,8,6,6
1844,B4galnt2,59,44,10,1,49,30,4,0,242,134,168,228,241,10,14,6,1
9409,Il22ra2,39,22,6,4,11,7,0,0,242,192,213,236,238,28,15,6,4
7030,Gm19684,66,46,10,3,47,38,4,0,242,129,158,228,239,19,8,6,3
486,Abcb8,29,20,8,5,59,27,2,0,242,154,195,232,237,-30,-7,6,5
20409,Ttyh2,56,39,10,4,60,31,4,0,242,126,172,228,238,-4,8,6,4
3973,Cst9,22,22,10,1,7,7,4,1,242,213,213,228,240,15,15,6,0
13185,Olfr1438-ps1,52,24,6,0,41,18,0,0,242,149,200,236,242,11,6,6,0
17485,Slc17a4,29,19,8,3,12,7,2,0,242,201,216,232,239,17,12,6,3
1007,Aldh1a2,50,31,7,2,29,16,1,0,242,163,195,234,240,21,15,6,2
14083,P2ry10,33,28,6,0,18,4,0,0,242,191,210,236,242,15,24,6,0
3959,Csrnp1,87,59,13,4,36,26,7,4,242,119,157,222,234,51,33,6,0
9342,Ihh,50,32,9,3,43,26,3,1,242,149,184,230,238,7,6,6,2
19571,Tmem269,59,36,11,0,63,45,5,1,242,120,161,226,241,-4,-9,6,-1
14109,Pabpn1l,57,45,8,2,25,17,2,2,242,160,180,232,238,32,28,6,0
15501,Prss41,41,21,7,4,44,22,1,0,242,157,199,234,238,-3,-1,6,4
17498,Slc1a1,56,35,7,3,39,21,1,0,242,147,186,234,239,17,14,6,3
17501,Slc1a4,53,35,10,6,49,20,4,0,242,140,187,228,236,4,15,6,6
17191,Sesn2,86,47,11,2,35,23,5,3,242,121,172,226,237,51,24,6,-1
9478,Inmt,51,40,13,7,34,25,7,1,242,157,177,222,234,17,15,6,6
13084,Olfr1322,66,36,11,1,41,21,5,2,242,135,185,226,239,25,15,6,-1
4865,Dpt,61,41,12,6,33,24,6,1,242,148,177,224,235,28,17,6,5
6555,Ggt5,68,41,9,3,31,20,3,1,242,143,181,230,238,37,21,6,2
8584,Hecw2,40,24,6,2,56,33,0,0,242,146,185,236,240,-16,-9,6,2
17510,Slc22a14,44,31,19,11,39,29,13,7,242,159,182,210,224,5,2,6,4
18737,Syt12,55,32,11,6,51,24,5,0,242,136,186,226,236,4,8,6,6
9561,Iqschfp,32,26,9,4,18,14,3,1,242,192,202,230,237,14,12,6,3
1792,Avpr1a,53,32,7,2,27,10,1,0,242,162,200,234,240,26,22,6,2
18489,Stat3,67,40,7,2,36,12,1,1,242,139,190,234,239,31,28,6,1
1788,Avil,85,51,14,2,41,28,8,3,242,116,163,220,237,44,23,6,-1
4059,Ctxn3,46,30,12,2,53,37,6,1,242,143,175,224,239,-7,-7,6,1
6249,Fshr,26,12,6,3,4,2,0,0,242,212,228,236,239,22,10,6,3
1218,Ano4,42,30,8,2,36,20,2,0,242,164,192,232,240,6,10,6,2
70,1700020A23Rik,43,36,16,7,25,22,10,1,242,174,184,216,234,18,14,6,6
16065,Rbp4,48,36,10,1,40,22,4,3,242,154,184,228,238,8,14,6,-2
98,1700042G07Rik,18,17,12,6,11,8,6,1,242,213,217,224,235,7,9,6,5
14902,Plscr2,73,50,10,3,41,27,4,1,242,128,165,228,238,32,23,6,2
5354,Entpd1,49,30,7,4,53,31,1,1,242,140,181,234,237,-4,-1,6,3
11296,Mgp,51,41,18,8,44,31,12,4,242,147,170,212,230,7,10,6,4
16180,Rflna,61,44,10,3,51,33,4,0,242,130,165,228,239,10,11,6,3
21544,Ypel2,62,43,9,3,55,37,3,0,242,125,162,230,239,7,6,6,3
16184,Rfpl4b,18,17,6,3,4,3,0,0,242,220,222,236,239,14,14,6,3
3515,Cltrn,34,28,10,8,33,29,4,2,242,175,185,228,232,1,-1,6,6
4085,Cx3cr1,71,46,16,6,65,43,10,2,242,106,153,216,234,6,3,6,4
14875,Plk3,69,42,11,4,39,22,5,0,242,134,178,226,238,30,20,6,4
11208,Methig1,43,39,10,7,39,25,4,1,242,160,178,228,234,4,14,6,6
7839,Gm8334,33,24,6,1,17,8,0,0,242,192,210,236,241,16,16,6,1
5619,Fabp2,33,31,9,3,23,20,3,1,242,186,191,230,238,10,11,6,2
1169,Ankrd2,78,58,16,4,41,30,10,3,242,123,154,216,235,37,28,6,1
10854,Magea3,21,21,10,4,9,8,4,2,242,212,213,228,236,12,13,6,2
16280,Rhox3e,11,9,7,5,6,6,1,1,242,225,227,234,236,5,3,6,4
7920,Gnai1,46,31,6,2,23,7,0,0,242,173,204,236,240,23,24,6,2
18970,Tcaf2,38,21,7,1,56,23,1,0,242,148,198,234,241,-18,-2,6,1
3594,Cnr2,77,44,9,0,40,27,3,1,242,125,171,230,241,37,17,6,-1
16259,Rhoq,44,30,11,6,64,37,5,2,242,134,175,226,234,-20,-7,6,4
10737,Ltk,49,28,8,3,45,17,2,0,242,148,197,232,239,4,11,6,3
1001,Alb,46,23,8,4,14,10,2,1,242,182,209,232,237,32,13,6,3
14582,Phf1,54,26,8,4,33,19,2,0,242,155,197,232,238,21,7,6,4
5774,Fam43a,62,41,13,3,51,40,7,1,242,129,161,222,238,11,1,6,2
20177,Trim65,67,35,9,3,39,24,3,2,242,136,183,230,237,28,11,6,1
1023,Aldh8a1,56,38,10,4,52,28,4,2,242,134,176,228,236,4,10,6,2
5672,Fam13a,47,32,6,2,49,18,0,0,242,146,192,236,240,-2,14,6,2
17868,Smad7,81,58,11,4,38,20,5,2,242,123,164,226,236,43,38,6,2
11927,Myoc,47,27,7,2,38,19,1,1,242,157,196,234,239,9,8,6,1
10950,Map3k7cl,47,34,8,5,37,25,2,1,242,158,183,232,236,10,9,6,4
17857,Slx1b,47,32,14,6,43,21,8,4,242,152,189,220,232,4,11,6,2
21391,Wfdc11,11,10,7,3,2,1,1,0,242,229,231,234,239,9,9,6,3
7646,Gm5065,11,10,6,3,6,5,0,0,242,225,227,236,239,5,5,6,3
2573,Ccdc117,107,80,11,3,26,16,5,1,242,109,146,226,238,81,64,6,2
21393,Wfdc13,35,29,7,2,24,21,1,1,242,183,192,234,239,11,8,6,1
11643,Ms4a10,28,25,11,1,20,14,5,1,242,194,203,226,240,8,11,6,0
16374,Rnasel,48,32,11,4,58,38,5,1,242,136,172,226,237,-10,-6,6,3
16076,Rcan2,55,38,11,5,47,25,5,1,242,140,179,226,236,8,13,6,4
5346,Enpp2,47,29,9,3,54,27,3,2,242,141,186,230,237,-7,2,6,1
10856,Magea5,21,21,8,3,16,14,2,1,242,205,207,232,238,5,7,6,2
3571,Cnn3,62,36,12,9,45,25,6,1,242,135,181,224,232,17,11,6,8
19104,Tesc,65,43,12,4,37,24,6,3,242,140,175,224,235,28,19,6,1
847,Aen,57,37,10,5,27,15,4,3,242,158,190,228,234,30,22,6,2
5457,Erich4,58,46,13,7,33,30,7,2,242,151,166,222,233,25,16,6,5
21388,Wee2,42,31,9,5,28,21,3,1,242,172,190,230,236,14,10,6,4
11974,Naalad2,68,43,13,1,42,24,7,2,242,132,175,222,239,26,19,6,-1
5416,Eps8l1,60,46,18,7,61,42,12,3,242,121,154,212,232,-1,4,6,4
10821,Mab21l1,56,29,7,0,46,28,1,0,242,140,185,234,242,10,1,6,0
21500,Xpot,41,20,7,2,56,27,1,1,242,145,195,234,239,-15,-7,6,1
16215,Rgs17,53,36,10,2,39,24,4,0,242,150,182,228,240,14,12,6,2
3565,Cnksr1,67,41,8,2,55,24,2,1,242,120,177,232,239,12,17,6,1
3390,Clca3a1,77,57,12,3,43,24,6,3,242,122,161,224,236,34,33,6,0
7515,Gm45208,63,58,40,19,57,52,34,14,242,122,132,168,209,6,6,6,5
19231,Themis2,78,51,9,2,38,25,3,1,242,126,166,230,239,40,26,6,1
4079,Cwc25,52,27,9,3,42,23,3,1,242,148,192,230,238,10,4,6,2
11823,Mup7,19,18,14,7,18,15,8,7,242,205,209,220,228,1,3,6,0
14841,Plekha7,52,31,8,2,43,20,2,0,242,147,191,232,240,9,11,6,2
20669,Unc45b,46,29,8,5,30,11,2,1,242,166,202,232,236,16,18,6,4
20627,Ugt1a2,29,25,9,6,32,25,3,2,242,181,192,230,234,-3,0,6,4
22170,Zpld2,24,17,6,2,14,4,0,0,242,204,221,236,240,10,13,6,2
11932,Myog,35,26,10,8,37,23,4,1,242,170,193,228,233,-2,3,6,7
7449,Gm3880,20,17,9,9,3,3,3,3,242,219,222,230,230,17,14,6,6
18962,Tbx3,60,43,8,2,39,23,2,0,242,143,176,232,240,21,20,6,2
20681,Uncx,63,42,11,5,32,23,5,2,242,147,177,226,235,31,19,6,3
17789,Slc7a5,73,42,9,0,43,22,3,1,242,126,178,230,241,30,20,6,-1
7529,Gm45716,58,38,11,2,59,31,5,1,242,125,173,226,239,-1,7,6,1
11850,Mybpc2,51,36,9,3,30,15,3,1,242,161,191,230,238,21,21,6,2
4169,Cyp2c50,32,19,6,0,17,11,0,0,242,193,212,236,242,15,8,6,0
19147,Tex46,21,19,7,1,9,6,1,0,242,212,217,234,241,12,13,6,1
5486,Esp18,11,9,6,0,2,1,0,0,242,229,232,236,242,9,8,6,0
17961,Smr3a,15,13,10,5,14,10,4,2,242,213,219,228,235,1,3,6,3
19054,Tdrp,46,25,9,4,56,29,3,2,242,140,188,230,236,-10,-4,6,2
5386,Epha2,76,47,11,1,36,16,5,3,242,130,179,226,238,40,31,6,-2
1006,Aldh1a1,56,37,9,2,47,21,3,1,242,139,184,230,239,9,16,6,1
11065,Mc1r,90,57,11,3,46,27,5,3,242,106,158,226,236,44,30,6,0
11891,Myl7,53,40,16,7,37,25,10,4,242,152,177,216,231,16,15,6,3
11441,Mobp,50,37,11,7,41,22,5,2,242,151,183,226,233,9,15,6,5
10976,Mapk4,36,20,6,2,45,21,0,0,242,161,201,236,240,-9,-1,6,2
4214,Cyp4a12a,16,8,6,5,22,7,0,0,242,204,227,236,237,-6,1,6,5
2803,Cd164l2,70,46,10,2,37,21,4,1,242,135,175,228,239,33,25,6,1
2725,Ccl5,64,50,25,15,54,42,19,11,242,124,150,198,216,10,8,6,4
1101,Ampd1,63,44,14,7,52,33,8,3,242,127,165,220,232,11,11,6,4
1089,Amh,89,61,15,2,45,32,9,2,242,108,149,218,238,44,29,6,0
12033,Nat8f5,46,41,14,4,38,28,8,5,242,158,173,220,233,8,13,6,-1
20606,Ucma,47,39,21,4,40,36,15,3,242,155,167,206,235,7,3,6,1
14852,Plekhg5,41,27,9,1,72,41,3,0,242,129,174,230,241,-31,-14,6,1
1323,Apod,64,35,12,7,47,31,6,1,242,131,176,224,234,17,4,6,6
20593,Ubxn2a,55,34,9,2,30,13,3,3,242,157,195,230,237,25,21,6,-1
2526,Cbarp,65,41,9,2,49,26,3,0,242,128,175,230,240,16,15,6,2
11849,Mybpc1,48,30,7,4,14,8,1,0,242,180,204,234,238,34,22,6,4
942,Ajm1,67,51,12,4,45,28,6,2,242,130,163,224,236,22,23,6,2
12028,Nat8,41,37,10,3,56,42,4,3,242,145,163,228,236,-15,-5,6,0
5311,Eml2,45,25,6,4,43,25,0,0,242,154,192,236,238,2,0,6,4
8806,Hrg,39,24,7,4,40,26,2,0,242,163,192,233,238,-1,-2,5,4
14789,Pla2r1,40,24,7,1,31,13,2,1,242,171,205,233,240,9,11,5,0
16046,Rbm47,53,31,9,2,52,30,4,0,242,137,181,229,240,1,1,5,2
18024,Sntb1,45,30,7,0,47,18,2,1,242,150,194,233,241,-2,12,5,-1
2154,Bricd5,54,44,11,4,47,31,6,1,242,141,167,225,237,7,13,5,3
18485,Stard8,49,24,9,3,52,26,4,0,242,141,192,229,239,-3,-2,5,3
3206,Cfh,52,36,8,2,39,18,3,1,242,151,188,231,239,13,18,5,1
3045,Ceacam3,55,38,7,3,36,23,2,0,242,151,181,233,239,19,15,5,3
11256,Mfsd1,51,43,9,3,51,17,4,0,242,140,182,229,239,0,26,5,3
1749,Atp9a,35,19,5,2,21,3,0,0,242,186,220,237,240,14,16,5,2
9797,Kcng2,55,36,9,4,33,18,4,1,242,154,188,229,237,22,18,5,3
17018,Sec14l5,54,34,6,2,37,16,1,0,242,151,192,235,240,17,18,5,2
19529,Tmem223,49,31,9,5,36,17,4,1,242,157,194,229,236,13,14,5,4
8518,Hba-x,14,14,7,1,3,3,2,1,242,225,225,233,240,11,11,5,0
8793,Hprt,45,33,9,2,34,23,4,1,242,163,186,229,239,11,10,5,1
19264,Ticam2,47,35,8,3,41,12,3,3,242,154,195,231,236,6,23,5,0
19625,Tmem80,42,27,9,2,50,26,4,2,242,150,189,229,238,-8,1,5,0
3068,Celsr2,38,18,5,4,48,30,0,0,242,156,194,237,238,-10,-12,5,4
19263,Ticam1,45,28,8,2,38,18,3,2,242,159,196,231,238,7,10,5,0
3458,Clec4a1,67,49,15,5,53,43,10,2,242,122,150,217,235,14,6,5,3
15638,Ptges,47,31,7,3,34,16,2,0,242,161,195,233,239,13,15,5,3
3864,Crip3,48,41,10,3,51,36,5,0,242,143,165,227,239,-3,5,5,3
4997,Dynlt5,28,19,7,0,33,23,2,1,242,181,200,233,241,-5,-4,5,-1
17129,Serpina1d,25,23,8,2,21,16,3,2,242,196,203,231,238,4,7,5,0
6485,Gcnt2,75,50,10,3,47,33,5,2,242,120,159,227,237,28,17,5,1
17136,Serpina3g,72,58,21,5,65,45,16,1,242,105,139,205,236,7,13,5,4
20691,Upk1a,88,54,7,1,45,26,2,2,242,109,162,233,239,43,28,5,-1
11055,Mbnl2,65,42,7,2,37,15,2,1,242,140,185,233,239,28,27,5,1
19091,Tent5c,59,38,5,0,43,19,0,0,242,140,185,237,242,16,19,5,0
14148,Palmd,56,36,9,0,36,17,4,0,242,150,189,229,242,20,19,5,0
541,Ablim2,46,28,5,1,38,17,0,0,242,158,197,237,241,8,11,5,1
5010,E030025P04Rik,13,12,7,2,11,10,2,0,242,218,220,233,240,2,2,5,2
427,AA467197,72,56,27,18,70,52,22,12,242,100,134,193,212,2,4,5,6
11855,Mycbp,43,29,7,2,34,14,2,2,242,165,199,233,238,9,15,5,0
12793,Olfml1,38,28,11,3,49,34,6,1,242,155,180,225,238,-11,-6,5,2
1740,Atp7a,61,40,8,3,35,21,3,2,242,146,181,231,237,26,19,5,1
21437,Wnt6,59,43,8,6,30,15,3,1,242,153,184,231,235,29,28,5,5
6460,Gbp6,65,43,13,6,56,33,8,4,242,121,166,221,232,9,10,5,2
9679,Ivns1abp,39,25,8,2,36,17,3,1,242,167,200,231,239,3,8,5,1
6456,Gbp2b,48,30,6,0,48,19,1,0,242,146,193,235,242,0,11,5,0
12730,Oaz3,73,60,18,6,65,53,13,4,242,104,129,211,232,8,7,5,2
9741,Kap,12,11,6,4,12,8,1,1,242,218,223,235,237,0,3,5,3
9158,Ighv14-3,17,16,11,5,9,8,6,3,242,216,218,225,234,8,8,5,2
6429,Gas7,57,34,9,2,46,24,4,0,242,139,184,229,240,11,10,5,2
22187,Zscan4-ps1,24,18,6,3,21,13,1,1,242,197,211,235,238,3,5,5,2
3057,Cela1,48,39,13,7,72,42,8,1,242,122,161,221,234,-24,-3,5,6
9693,Jak1,60,43,8,2,22,9,3,0,242,160,190,231,240,38,34,5,2
13402,Olfr352,57,35,7,3,34,16,2,2,242,151,191,233,237,23,19,5,1
13882,Olfr916,46,30,8,0,33,18,3,0,242,163,194,231,242,13,12,5,0
18446,St6gal1,43,28,7,3,68,36,2,0,242,131,178,233,239,-25,-8,5,3
8829,Hsd11b1,42,31,15,6,46,31,10,2,242,154,180,217,234,-4,0,5,4
17100,Septin14,43,31,7,3,35,18,2,1,242,164,193,233,238,8,13,5,2
19063,Tecrl,33,21,6,1,15,12,1,0,242,194,209,235,241,18,9,5,1
3856,Crem,53,39,10,6,55,31,5,1,242,134,172,227,235,-2,8,5,5
18151,Sparc,56,29,7,3,37,19,2,1,242,149,194,233,238,19,10,5,2
6437,Gata4,55,36,6,0,30,11,1,0,242,157,195,235,242,25,25,5,0
15445,Prr15,48,36,14,6,74,48,9,2,242,120,158,219,234,-26,-12,5,4
6750,Gm10717,59,45,27,16,52,44,22,5,242,131,153,193,221,7,1,5,11
9163,Ighv2-3,10,9,8,6,9,6,3,2,242,223,227,231,234,1,3,5,4
1179,Ankrd33b,58,32,8,5,43,16,3,2,242,141,194,231,235,15,16,5,3
16394,Rnf128,45,32,6,4,46,20,1,0,242,151,190,235,238,-1,12,5,4
7710,Gm5901,23,20,13,12,16,15,8,8,242,203,207,221,222,7,5,5,4
904,Agxt2,29,18,7,4,31,18,2,0,242,182,206,233,238,-2,0,5,4
12742,Obp2b,18,15,9,3,21,18,4,1,242,203,209,229,238,-3,-3,5,2
17128,Serpina1c,29,22,11,5,24,20,6,3,242,189,200,225,234,5,2,5,2
4566,Dgat2l6,46,31,5,2,7,2,0,0,242,189,209,237,240,39,29,5,2
7696,Gm5767,52,43,26,11,42,35,21,4,242,148,164,195,227,10,8,5,7
15182,Ppp2r2b,34,19,5,0,45,20,0,0,242,163,203,237,242,-11,-1,5,0
3861,Crim1,49,33,9,5,34,14,4,1,242,159,195,229,236,15,19,5,4
17057,Selenop,46,32,9,6,64,39,4,1,242,132,171,229,235,-18,-7,5,5
9166,Ighv2-6,12,11,10,8,8,7,5,3,242,222,224,227,231,4,4,5,5
798,Adgrg7,36,24,5,0,16,0,0,0,242,190,218,237,242,20,24,5,0
14916,Plxnb3,39,29,8,4,28,12,3,2,242,175,201,231,236,11,17,5,2
4953,Dusp26,57,27,6,0,27,13,1,1,242,158,202,235,241,30,14,5,-1
3171,Cfap20,37,23,7,2,48,32,2,2,242,157,187,233,238,-11,-9,5,0
1729,Atp6v1c1,56,38,8,2,30,14,3,0,242,156,190,231,240,26,24,5,2
11114,Mdc1,51,31,9,4,59,31,4,3,242,132,180,229,235,-8,0,5,1
3449,Clec2e,45,24,5,0,47,24,0,0,242,150,194,237,242,-2,0,5,0
8814,Hs1bp3,65,47,12,7,62,32,7,2,242,115,163,223,233,3,15,5,5
6931,Gm14744,10,10,5,3,1,1,0,0,242,231,231,237,239,9,9,5,3
12720,Oas1f,23,19,5,0,16,10,0,0,242,203,213,237,242,7,9,5,0
3446,Clec1a,38,21,9,3,36,21,4,2,242,168,200,229,237,2,0,5,1
353,8030474K03Rik,38,22,5,2,17,6,0,0,242,187,214,237,240,21,16,5,2
7053,Gm20498,53,35,14,8,53,28,9,4,242,136,179,219,230,0,7,5,4
18655,Susd2,52,35,8,3,47,33,3,1,242,143,174,231,238,5,2,5,2
21026,Vmn1r37,10,10,5,2,1,1,0,0,242,231,231,237,240,9,9,5,2
19223,Thbs4,46,28,5,0,28,8,0,0,242,168,206,237,242,18,20,5,0
14045,Otud1,58,30,9,4,38,20,4,1,242,146,192,229,237,20,10,5,3
3823,Cpz,62,45,9,5,42,19,4,2,242,138,178,229,235,20,26,5,3
470,Abca3,40,24,7,3,45,23,2,0,242,157,195,233,239,-5,1,5,3
13966,Oosp1,15,13,9,2,15,15,4,0,242,212,214,229,240,0,-2,5,2
17458,Slc13a3,37,25,7,2,43,25,2,0,242,162,192,233,240,-6,0,5,2
473,Abca6,56,29,6,3,38,15,1,0,242,148,198,235,239,18,14,5,3
4104,Cxcr5,58,39,14,6,47,27,9,5,242,137,176,219,231,11,12,5,1
16151,Rergl,29,22,10,1,19,13,5,1,242,194,207,227,240,10,9,5,0
15274,Prdm1,62,37,7,1,33,13,2,1,242,147,192,233,240,29,24,5,0
14066,Oxct2b,52,30,8,1,34,20,3,0,242,156,192,231,241,18,10,5,1
6993,Gm17374,33,28,21,20,23,20,16,16,242,186,194,205,206,10,8,5,4
6623,Glb1l2,41,27,6,3,41,19,1,0,242,160,196,235,239,0,8,5,3
11686,Msn,54,32,7,2,35,17,2,1,242,153,193,233,239,19,15,5,1
9226,Igkv1-99,9,8,7,4,8,8,2,1,242,225,226,233,237,1,0,5,3
1870,Bag2,62,39,8,2,59,34,3,1,242,121,169,231,239,3,5,5,1
8640,Hid1,56,34,12,6,46,26,7,0,242,140,182,223,236,10,8,5,6
9358,Il11,75,51,13,3,49,34,8,2,242,118,157,221,237,26,17,5,1
480,Abcb1a,58,32,7,0,53,26,2,2,242,131,184,233,240,5,6,5,-2
9225,Igkv1-88,13,13,11,4,12,10,6,1,242,217,219,225,237,1,3,5,3
8638,Hic1,75,47,9,1,53,29,4,0,242,114,166,229,241,22,18,5,1
4767,Dnajc28,61,34,11,6,68,43,6,3,242,113,165,225,233,-7,-9,5,3
20659,Umod,18,13,7,3,13,8,2,0,242,211,221,233,239,5,5,5,3
20410,Ttyh3,43,29,7,3,57,28,2,0,242,142,185,233,239,-14,1,5,3
11334,Milr1,67,52,10,3,63,37,5,3,242,112,153,227,236,4,15,5,0
4484,Defb12,11,9,5,4,1,1,0,0,242,230,232,237,238,10,8,5,4
14901,Plscr1,55,38,11,7,48,16,6,3,242,139,188,225,232,7,22,5,4
8623,Hgd,47,32,6,2,55,35,1,1,242,140,175,235,239,-8,-3,5,1
1893,Basp1,63,37,12,4,49,26,7,2,242,130,179,223,236,14,11,5,2
9229,Igkv10-96,21,20,13,13,15,14,8,5,242,206,208,221,224,6,6,5,8
16316,Rimklb,27,17,6,5,43,21,1,0,242,172,204,235,237,-16,-4,5,5
6685,Gm10131,41,28,14,13,36,18,9,8,242,165,196,219,221,5,10,5,5
9248,Igkv19-93,17,13,12,8,15,11,7,4,242,210,218,223,230,2,2,5,4
452,Aars,51,26,7,2,38,15,2,0,242,153,201,233,240,13,11,5,2
6938,Gm15091,20,18,7,1,11,9,2,0,242,211,215,233,241,9,9,5,1
4157,Cyp2ab1,43,24,6,0,38,18,1,0,242,161,200,235,242,5,6,5,0
4507,Defb39,5,5,5,5,0,0,0,0,242,237,237,237,237,5,5,5,5
4503,Defb35,12,12,12,12,7,7,7,7,242,223,223,223,223,5,5,5,5
9264,Igkv4-53,11,10,9,5,11,9,4,2,242,220,223,229,235,0,1,5,3
7585,Gm49352,9,9,7,3,2,2,2,1,242,231,231,233,238,7,7,5,2
9266,Igkv4-55,15,15,13,13,16,16,8,5,242,211,211,221,224,-1,-1,5,8
8756,Hoxb2,55,38,7,4,41,21,2,0,242,146,183,233,238,14,17,5,4
11397,Mmgt2,59,41,12,3,56,32,7,2,242,127,169,223,237,3,9,5,1
19151,Tex50,32,23,6,2,19,15,1,0,242,191,204,235,240,13,8,5,2
9240,Igkv14-111,12,12,11,7,18,14,6,3,242,212,216,225,232,-6,-2,5,4
4158,Cyp2b10,42,24,7,3,22,13,2,0,242,178,205,233,239,20,11,5,3
1896,Batf3,70,50,15,7,51,38,10,3,242,121,154,217,232,19,12,5,4
18539,Stmn4,64,48,19,6,48,35,14,4,242,130,159,209,232,16,13,5,2
9283,Igkv4-81,8,7,7,6,4,4,2,1,242,230,231,233,235,4,3,5,5
11386,Mlxipl,63,46,14,3,57,36,9,3,242,122,160,219,236,6,10,5,0
9233,Igkv12-44,20,17,17,11,20,17,12,3,242,202,208,213,228,0,0,5,8
6960,Gm16181,80,62,23,8,59,45,18,8,242,103,135,201,226,21,17,5,0
18679,Svs3b,14,12,5,1,3,2,0,0,242,225,228,237,241,11,10,5,1
9232,Igkv12-41,11,10,7,7,11,10,2,1,242,220,222,233,234,0,0,5,6
1940,BC051019,68,51,12,4,54,38,7,4,242,120,153,223,234,14,13,5,0
20025,Trav8d-1,8,6,6,3,2,1,1,0,242,232,235,235,239,6,5,5,3
23,1500009L16Rik,69,54,12,5,46,28,7,6,242,127,160,223,231,23,26,5,-1
958,Akap12,56,38,5,2,40,18,0,0,242,146,186,237,240,16,20,5,2
9305,Igkv8-19,15,15,10,8,9,9,5,3,242,218,218,227,231,6,6,5,5
17437,Slc10a1,72,57,10,2,56,32,5,0,242,114,153,227,240,16,25,5,2
7490,Gm43552,36,35,26,25,24,21,21,20,242,182,186,195,197,12,14,5,5
7486,Gm43302,50,41,18,9,35,25,13,9,242,157,176,211,224,15,16,5,0
8781,Hoxd9,43,26,9,3,46,18,4,0,242,153,198,229,239,-3,8,5,3
9550,Iqcf5,23,20,10,5,24,20,5,0,242,195,202,227,237,-1,0,5,5
15510,Prss51,24,22,10,6,6,6,5,4,242,212,214,227,232,18,16,5,2
17178,Serpine3,45,38,9,0,30,23,4,1,242,167,181,229,241,15,15,5,-1
2258,C130026I21Rik,59,48,16,3,53,32,11,3,242,130,162,215,236,6,16,5,0
13953,Omd,88,64,18,6,53,40,13,6,242,101,138,211,230,35,24,5,0
15248,Pramel36,18,15,7,5,15,12,2,1,242,209,215,233,236,3,3,5,4
2261,C130074G19Rik,32,16,5,2,30,11,0,0,242,180,215,237,240,2,5,5,2
17509,Slc22a13,73,51,9,5,50,26,4,2,242,119,165,229,235,23,25,5,3
8577,Hebp2,55,35,8,1,56,34,3,0,242,131,173,231,241,-1,1,5,1
6536,Gfra1,61,41,9,3,46,29,4,2,242,135,172,229,237,15,12,5,1
15462,Prr5l,70,47,11,2,62,37,6,2,242,110,158,225,238,8,10,5,0
13951,Olr1,59,41,15,6,41,26,10,5,242,142,175,217,231,18,15,5,1
11415,Mmp27,34,23,10,3,41,26,5,0,242,167,193,227,239,-7,-3,5,3
3142,Cers6,60,37,9,3,42,18,4,1,242,140,187,229,238,18,19,5,2
253,4930503B20Rik,38,34,8,2,28,21,3,0,242,176,187,231,240,10,13,5,2
4474,Defa38,10,9,9,6,4,4,4,3,242,228,229,229,233,6,5,5,3
9869,Kctd12b,32,20,7,2,65,39,2,0,242,145,183,233,240,-33,-19,5,2
17153,Serpinb2,52,39,14,6,29,23,9,4,242,161,180,219,232,23,16,5,2
11265,Mfsd2b,77,44,9,1,45,24,4,1,242,120,174,229,240,32,20,5,0
16093,Rcsd1,52,28,8,3,53,36,3,1,242,137,178,231,238,-1,-8,5,2
5526,Etnk2,39,27,9,1,41,17,4,4,242,162,198,229,237,-2,10,5,-3
9576,Irf2bp2,72,42,8,2,40,24,3,1,242,130,176,231,239,32,18,5,1
9577,Irf2bpl,64,31,8,3,44,17,3,1,242,134,194,231,238,20,14,5,2
19964,Trav13n-4,12,11,11,4,8,7,6,6,242,222,224,225,232,4,4,5,-2
9580,Irf5,64,40,8,2,58,32,3,3,242,120,170,231,237,6,8,5,-1
9583,Irf8,60,40,12,4,45,23,7,1,242,137,179,223,237,15,17,5,3
3148,Ces1e,25,17,5,4,26,16,0,0,242,191,209,237,238,-1,1,5,4
9585,Irgc1,54,38,16,7,42,31,11,4,242,146,173,215,231,12,7,5,3
2281,C1qtnf9,58,32,6,1,34,19,1,0,242,150,191,235,241,24,13,5,1
5515,Etd,17,14,8,2,3,3,3,2,242,222,225,231,238,14,11,5,0
16124,Reep6,62,42,6,3,46,22,1,0,242,134,178,235,239,16,20,5,3
21788,Zfp367,56,32,7,2,53,28,2,0,242,133,182,233,240,3,4,5,2
1836,B3gnt6,72,42,5,1,30,15,0,0,242,140,185,237,241,42,27,5,1
21787,Zfp366,59,38,10,2,32,23,5,0,242,151,181,227,240,27,15,5,2
4478,Defa42,11,11,10,7,5,5,5,1,242,226,226,227,234,6,6,5,6
9211,Igkc,47,38,18,9,38,32,13,5,242,157,172,211,228,9,6,5,4
21050,Vmn1r59,7,7,5,4,2,2,0,0,242,233,233,237,238,5,5,5,4
36,1700003E16Rik,65,33,7,4,62,33,2,0,242,115,176,233,238,3,0,5,4
4151,Cyp27a1,70,37,9,3,40,22,4,1,242,132,183,229,238,30,15,5,2
9410,Il23a,64,42,12,3,55,39,7,2,242,123,161,223,237,9,3,5,1
22002,Zfp853,51,26,5,2,44,20,0,0,242,147,196,237,240,7,6,5,2
9415,Il27ra,50,27,6,1,63,35,1,1,242,129,180,235,240,-13,-8,5,0
19578,Tmem30b,36,27,5,3,29,8,0,0,242,177,207,237,239,7,19,5,3
9204,Ighv8-8,13,13,10,8,17,15,5,4,242,212,214,227,230,-4,-2,5,4
18129,Spa17,54,41,17,10,66,37,12,3,242,122,164,213,229,-12,4,5,7
7625,Gm49673,50,33,9,5,34,21,4,3,242,158,188,229,234,16,12,5,2
21406,Wfdc9,17,17,11,3,11,9,6,2,242,214,216,225,237,6,8,5,1
2746,Ccnd2,67,40,7,4,47,20,2,0,242,128,182,233,238,20,20,5,4
14111,Pacrg,43,28,8,4,59,39,3,0,242,140,175,231,238,-16,-11,5,4
16131,Reg4,22,21,7,2,21,16,2,2,242,199,205,233,238,1,5,5,0
1832,B3gnt2,63,43,13,5,73,48,8,2,242,106,151,221,235,-10,-5,5,3
21058,Vmn1r66,25,11,6,2,26,12,1,1,242,191,219,235,239,-1,-1,5,1
6588,Gipc2,64,39,9,4,43,24,4,2,242,135,179,229,236,21,15,5,2
17497,Slc19a3,39,27,8,2,37,17,3,1,242,166,198,231,239,2,10,5,1
7632,Gm49909,45,27,8,6,26,16,3,2,242,171,199,231,234,19,11,5,4
3801,Cpne8,62,37,10,6,41,21,5,4,242,139,184,227,232,21,16,5,2
509,Abcg4,75,50,13,2,37,23,8,2,242,130,169,221,238,38,27,5,0
9453,Impact,47,34,8,3,61,37,3,0,242,134,171,231,239,-14,-3,5,3
11715,Mt3,56,43,21,3,49,38,16,3,242,137,161,205,236,7,5,5,0
4864,Dppa5a,44,37,20,12,44,34,15,7,242,154,171,207,223,0,3,5,5
16128,Reg3b,26,18,9,4,18,14,4,1,242,198,210,229,237,8,4,5,3
4889,Drd4,47,30,7,1,49,30,2,0,242,146,182,233,241,-2,0,5,1
19831,Tppp2,25,19,8,2,14,13,3,0,242,203,210,231,240,11,6,5,2
11012,Mars1,49,28,8,2,35,15,3,2,242,158,199,231,238,14,13,5,0
10773,Ly86,55,40,13,2,41,33,8,2,242,146,169,221,238,14,7,5,0
2454,Car3,51,30,7,4,46,31,2,0,242,145,181,233,238,5,-1,5,4
12282,Niban1,69,47,9,2,46,23,4,1,242,127,172,229,239,23,24,5,1
10785,Lypd2,55,44,27,16,36,29,22,9,242,151,169,193,217,19,15,5,7
16841,Sash1,59,33,12,5,49,26,7,1,242,134,183,223,236,10,7,5,4
11977,Nab1,48,29,7,2,50,19,2,0,242,144,194,233,240,-2,10,5,2
20740,Usp17lb,40,34,7,6,23,17,2,1,242,179,191,233,235,17,17,5,5
14605,Phgr1,14,14,12,5,15,14,7,1,242,213,214,223,236,-1,0,5,4
4624,Dio1,41,29,10,8,25,20,5,2,242,176,193,227,232,16,9,5,6
835,Adra2b,43,30,7,2,37,16,2,1,242,162,196,233,239,6,14,5,1
2842,Cd300ld3,45,41,17,7,20,17,12,8,242,177,184,213,227,25,24,5,-1
12277,Nhlrc4,54,31,10,1,67,40,5,1,242,121,171,227,240,-13,-9,5,0
18878,Tas2r126,20,19,6,1,13,12,1,1,242,209,211,235,240,7,7,5,0
6099,Flrt1,49,29,7,3,50,27,2,0,242,143,186,233,239,-1,2,5,3
738,Adamts3,41,16,6,3,35,13,1,0,242,166,213,235,239,6,3,5,3
15841,Rab42,47,38,14,6,77,52,9,1,242,118,152,219,235,-30,-14,5,5
9018,Ifnab,34,28,12,5,23,21,7,4,242,185,193,223,233,11,7,5,1
7262,Gm28040,36,30,11,5,26,21,6,3,242,180,191,225,234,10,9,5,2
14604,Phgdh,62,38,9,4,36,16,4,1,242,144,188,229,237,26,22,5,3
10432,Lgmn,47,31,8,5,40,16,3,1,242,155,195,231,236,7,15,5,4
10436,Lgsn,25,15,7,2,11,9,2,1,242,206,218,233,239,14,6,5,1
5331,Eng,49,26,9,5,54,31,4,1,242,139,185,229,236,-5,-5,5,4
8894,Htr1d,53,33,7,2,43,23,2,1,242,146,186,233,239,10,10,5,1
10443,Lhfpl4,78,52,13,4,33,22,8,6,242,131,168,221,232,45,30,5,-2
4308,Dapl1,36,32,19,5,40,30,14,5,242,166,180,209,232,-4,2,5,0
18974,Tcap,64,49,15,6,60,45,10,7,242,118,148,217,229,4,4,5,-1
11500,Mpped2,50,27,8,3,54,30,3,0,242,138,185,231,239,-4,-3,5,3
16228,Rgs8,39,24,6,0,31,18,1,0,242,172,200,235,242,8,6,5,0
14438,Pdlim4,44,31,9,2,53,32,4,2,242,145,179,229,238,-9,-1,5,0
10337,Lce1a2,11,10,6,3,9,8,1,1,242,222,224,235,238,2,2,5,2
1469,Arl14,47,34,10,3,27,26,5,1,242,168,182,227,238,20,8,5,2
3016,Cdo1,52,33,8,5,33,22,3,2,242,157,187,231,235,19,11,5,3
12381,Nmnat3,44,27,8,3,59,29,3,3,242,139,186,231,236,-15,-2,5,0
4138,Cyp11b1,39,20,6,2,22,10,1,1,242,181,212,235,239,17,10,5,1
10263,L1td1,46,26,8,2,35,19,3,1,242,161,197,231,239,11,7,5,1
6158,Foxa3,56,27,5,0,25,14,0,0,242,161,201,237,242,31,13,5,0
2050,Birc3,69,42,8,4,39,19,3,2,242,134,181,231,236,30,23,5,2
17308,Shank1,42,23,6,0,51,31,1,0,242,149,188,235,242,-9,-8,5,0
7234,Gm21988,65,45,8,2,37,12,3,0,242,140,185,231,240,28,33,5,2
6816,Gm11564,13,13,5,0,5,5,0,0,242,224,224,237,242,8,8,5,0
16219,Rgs20,57,35,10,1,63,33,5,3,242,122,174,227,238,-6,2,5,-2
10289,Lamc3,50,30,6,3,42,28,1,1,242,150,184,235,238,8,2,5,2
2056,Blk,38,23,7,5,28,11,2,1,242,176,208,233,236,10,12,5,4
18241,Spink1,26,20,9,5,21,18,4,1,242,195,204,229,236,5,2,5,4
18993,Tcf21,46,29,7,2,22,9,2,0,242,174,204,233,240,24,20,5,2
7374,Gm3336,58,48,18,5,52,40,13,5,242,132,154,211,232,6,8,5,0
15792,Rab11fip1,55,27,8,2,49,26,3,0,242,138,189,231,240,6,1,5,2
7256,Gm27029,57,41,16,4,58,36,11,7,242,127,165,215,231,-1,5,5,-3
16583,Rprm,45,32,9,4,49,28,4,0,242,148,182,229,238,-4,4,5,4
2441,Capsl,44,30,13,1,39,28,8,6,242,159,184,221,235,5,2,5,-5
14666,Pigp,40,25,7,3,41,18,2,1,242,161,199,233,238,-1,7,5,2
12342,Nlgn3,74,51,6,1,29,13,1,1,242,139,178,235,240,45,38,5,0
344,6430548M08Rik,67,47,9,0,43,22,4,2,242,132,173,229,240,24,25,5,-2
7244,Gm26602,24,21,16,16,16,13,11,11,242,202,208,215,215,8,8,5,5
4038,Ctsf,39,23,6,2,54,23,1,0,242,149,196,235,240,-15,0,5,2
13773,Olfr780,36,24,8,2,29,17,3,0,242,177,201,231,240,7,7,5,2
15813,Rab27a,49,27,8,5,57,32,3,2,242,136,183,231,235,-8,-5,5,3
7252,Gm26965,30,29,18,9,27,24,13,9,242,185,189,211,224,3,5,5,0
10325,Layn,71,49,12,1,57,40,7,1,242,114,153,223,240,14,9,5,0
5886,Fbxo16,33,22,8,1,54,30,3,0,242,155,190,231,241,-21,-8,5,1
2987,Cdk2ap2,62,37,7,2,28,13,2,1,242,152,192,233,239,34,24,5,1
4305,Dapk1,39,25,6,3,25,14,1,0,242,178,203,235,239,14,11,5,3
12248,Nfkb2,66,34,8,3,27,9,3,1,242,149,199,231,238,39,25,5,2
20290,Tshz2,41,21,5,2,19,8,0,0,242,182,213,237,240,22,13,5,2
6855,Gm12845,26,19,5,0,5,3,0,0,242,211,220,237,242,21,16,5,0
19324,Tle2,78,46,14,5,57,37,9,2,242,107,159,219,235,21,9,5,3
19987,Trav3-3,15,13,11,5,12,11,6,4,242,215,218,225,233,3,2,5,1
18612,Sult1b1,22,17,6,2,27,15,1,0,242,193,210,235,240,-5,2,5,2
2820,Cd209e,26,17,5,0,16,9,0,0,242,200,216,237,242,10,8,5,0
10617,Lrrc10,52,35,7,3,43,24,2,0,242,147,183,233,239,9,11,5,3
21462,Xaf1,71,48,13,2,54,33,8,3,242,117,161,221,237,17,15,5,-1
14488,Per2,71,44,8,6,49,27,3,1,242,122,171,231,235,22,17,5,5
806,Adh5,41,23,7,3,39,23,2,1,242,162,196,233,238,2,0,5,2
14490,Percc1,46,41,13,6,34,28,8,2,242,162,173,221,234,12,13,5,4
16701,Rtl4,29,22,6,1,31,17,1,0,242,182,203,235,241,-2,5,5,1
2532,Cblc,46,27,7,3,36,23,2,0,242,160,192,233,239,10,4,5,3
106,1700067K01Rik,70,49,10,2,57,32,5,0,242,115,161,227,240,13,17,5,2
1335,Apol7e,61,46,22,11,59,43,17,8,242,122,153,203,223,2,3,5,3
7320,Gm29666,75,46,11,2,31,17,6,4,242,136,179,225,236,44,29,5,-2
18592,Stxbp5l,31,18,6,2,32,22,1,1,242,179,202,235,239,-1,-4,5,1
804,Adh1,52,40,11,6,46,32,6,2,242,144,170,225,234,6,8,5,4
1362,Ar,35,19,5,2,34,16,0,0,242,173,207,237,240,1,3,5,2
1339,Apold1,61,40,8,2,71,47,3,1,242,110,155,231,239,-10,-7,5,1
793,Adgrg2,51,41,7,0,38,17,2,0,242,153,184,233,242,13,24,5,0
10649,Lrrc43,46,27,10,2,30,18,5,1,242,166,197,227,239,16,9,5,1
6864,Gm13102,10,10,7,6,3,3,2,2,242,229,229,233,234,7,7,5,4
12077,Nckipsd,81,54,18,14,52,33,13,8,242,109,155,211,220,29,21,5,6
15026,Polr2m,50,30,7,5,44,23,2,0,242,148,189,233,237,6,7,5,5
17334,Shisal2a,31,25,11,4,30,25,6,1,242,181,192,225,237,1,0,5,3
3367,Cited1,61,42,10,1,40,25,5,4,242,141,175,227,237,21,17,5,-3
16247,Rho,74,55,10,1,41,30,5,3,242,127,157,227,238,33,25,5,-2
14546,Pgf,73,47,10,5,49,32,5,0,242,120,163,227,237,24,15,5,5
10684,Lrrfip1,58,32,7,6,38,23,2,2,242,146,187,233,234,20,9,5,4
1003,Alcam,60,33,8,3,51,25,3,1,242,131,184,231,238,9,8,5,2
15940,Rap2c,33,26,9,3,55,29,4,0,242,154,187,229,239,-22,-3,5,3
21556,Ywhag,71,41,8,4,23,13,3,1,242,148,188,231,237,48,28,5,3
2716,Ccl21d,21,18,15,13,25,21,10,8,242,196,203,217,221,-4,-3,5,5
20478,Txnrd2,52,29,9,3,39,21,4,4,242,151,192,229,235,13,8,5,-1
12018,Napsa,62,46,12,4,55,44,7,4,242,125,152,223,234,7,2,5,0
18111,Sox4,63,43,9,7,57,27,4,1,242,122,172,229,234,6,16,5,6
2832,Cd28,38,23,5,0,45,24,0,0,242,159,195,237,242,-7,-1,5,0
2075,Bmp2,49,29,5,2,33,19,0,0,242,160,194,237,240,16,10,5,2
14458,Pdzd3,48,30,8,2,42,20,3,2,242,152,192,231,238,6,10,5,0
824,Adora2b,70,46,9,2,41,23,4,2,242,131,173,229,238,29,23,5,0
16771,S100a8,61,51,37,21,52,49,32,15,242,129,142,173,206,9,2,5,6
11513,Mrap,69,56,16,3,49,43,11,3,242,124,143,215,236,20,13,5,0
8909,Htra4,58,41,11,0,57,40,6,1,242,127,161,225,241,1,1,5,-1
16767,S100a5,32,29,22,12,35,27,17,7,242,175,186,203,223,-3,2,5,5
6841,Gm12216,56,42,15,8,65,44,10,0,242,121,156,217,234,-9,-2,5,8
16255,Rhof,75,48,10,0,49,25,5,2,242,118,169,227,240,26,23,5,-2
8099,Gpr6,30,25,9,4,13,9,4,1,242,199,208,229,237,17,16,5,3
2538,Cbln4,30,22,10,5,17,9,5,3,242,195,211,227,234,13,13,5,2
16761,S100a13,49,32,10,3,41,22,5,3,242,152,188,227,236,8,10,5,0
6035,Fgfr4,51,22,5,2,22,11,0,0,242,169,209,237,240,29,11,5,2
20110,Trgv6,10,10,9,5,4,4,4,3,242,228,228,229,234,6,6,5,2
1020,Aldh5a1,31,15,5,3,60,25,0,0,242,151,202,237,239,-29,-10,5,3
19992,Trav4-4-dv10,19,19,15,12,15,14,10,7,242,208,209,217,223,4,5,5,5
14476,Peg10,86,52,6,1,18,11,1,1,242,138,179,235,240,68,41,5,0
10554,Loxl2,87,56,12,3,36,19,7,3,242,119,167,223,236,51,37,5,0
19326,Tle4,59,32,6,2,51,26,1,0,242,132,184,235,240,8,6,5,2
16254,Rhod,71,31,9,6,34,19,4,3,242,137,192,229,233,37,12,5,3
16237,Rhbdf2,62,35,7,2,50,30,2,0,242,130,177,233,240,12,5,5,2
10572,Lpl,51,37,8,4,51,28,3,0,242,140,177,231,238,0,9,5,4
18942,Tbkbp1,60,31,7,3,47,23,2,0,242,135,188,233,239,13,8,5,3
18303,Sprr2k,26,25,14,4,16,16,9,2,242,200,201,219,236,10,9,5,2
5130,Efna2,65,39,7,2,41,24,2,0,242,136,179,233,240,24,15,5,2
10279,Lama1,43,29,7,1,25,15,2,1,242,174,198,233,240,18,14,5,0
9052,Igf1,67,40,15,4,54,38,10,7,242,121,164,217,231,13,2,5,-3
13847,Olfr872,13,10,5,2,1,1,0,0,242,228,231,237,240,12,9,5,2
9993,Klf13,53,35,9,5,73,45,4,1,242,116,162,229,236,-20,-10,5,4
404,A530084C06Rik,34,21,5,2,25,7,0,0,242,183,214,237,240,9,14,5,2
8375,H2-Q6,75,55,9,4,40,21,4,0,242,127,166,229,238,35,34,5,4
3417,Cldn2,45,30,9,6,32,13,4,0,242,165,199,229,236,13,17,5,6
7770,Gm7138,9,9,5,1,0,0,0,0,242,233,233,237,241,9,9,5,1
12556,Nrxn1,30,22,6,2,44,28,1,0,242,168,192,235,240,-14,-6,5,2
12546,Nrl,34,21,9,1,29,15,4,0,242,179,206,229,241,5,6,5,1
639,Acsm2,33,20,7,3,31,17,2,1,242,178,205,233,238,2,3,5,2
1602,Asphd2,63,46,6,1,31,21,1,0,242,148,175,235,241,32,25,5,1
20315,Tspan7,41,29,8,4,40,20,3,1,242,161,193,231,237,1,9,5,3
7785,Gm7582,28,27,15,9,22,20,10,4,242,192,195,217,229,6,7,5,5
8369,H2-Oa,66,56,13,4,49,36,8,3,242,127,150,221,235,17,20,5,1
6297,Fxyd2,44,25,8,3,37,19,3,1,242,161,198,231,238,7,6,5,2
332,5530401A14Rik,13,8,5,2,8,2,0,0,242,221,232,237,240,5,6,5,2
16934,Scin,58,42,14,8,47,31,9,3,242,137,169,219,231,11,11,5,5
7528,Gm45713,58,45,23,17,49,41,18,11,242,135,156,201,214,9,4,5,6
645,Acss3,42,28,7,3,32,16,2,1,242,168,198,233,238,10,12,5,2
6286,Fut2,50,36,6,1,40,18,1,0,242,152,188,235,241,10,18,5,1
5586,Eya2,67,38,6,3,44,21,1,0,242,131,183,235,239,23,17,5,3
2703,Ccin,68,49,11,4,35,18,6,3,242,139,175,225,235,33,31,5,1
8344,H1f9,34,28,15,2,35,27,10,6,242,173,187,217,234,-1,1,5,-4
17296,Sh3gl3,48,27,6,1,46,27,1,0,242,148,188,235,241,2,0,5,1
19841,Tpsg1,35,31,12,6,26,24,7,0,242,181,187,223,236,9,7,5,6
19667,Tmprss5,58,38,9,2,52,36,4,3,242,132,168,229,237,6,2,5,-1
19017,Tcp10a,30,25,10,7,36,25,5,3,242,176,192,227,232,-6,0,5,4
1579,Ascl3,53,42,15,3,51,40,10,8,242,138,160,217,231,2,2,5,-5
15731,Pvr,73,42,7,3,31,18,2,1,242,138,182,233,238,42,24,5,2
6313,Fzd5,68,42,7,5,51,22,2,0,242,123,178,233,237,17,20,5,5
7769,Gm7137,8,8,5,1,0,0,0,0,242,234,234,237,241,8,8,5,1
11458,Morc4,72,37,8,3,28,13,3,1,242,142,192,231,238,44,24,5,2
2369,Calca,39,28,14,5,48,35,9,3,242,155,179,219,234,-9,-7,5,2
5787,Fam71e2,53,27,9,2,21,14,4,3,242,168,201,229,237,32,13,5,-1
17006,Sdr9c7,26,15,7,3,19,9,2,0,242,197,218,233,239,7,6,5,3
19662,Tmprss13,41,27,9,4,45,26,4,4,242,156,189,229,234,-4,1,5,0
20055,Trbv12-2,19,18,16,5,14,14,11,6,242,209,210,215,231,5,4,5,-1
14732,Pitrm1,50,29,9,3,43,22,4,2,242,149,191,229,237,7,7,5,1
7530,Gm45717,34,33,29,17,25,25,24,9,242,183,184,189,216,9,8,5,8
19828,Tpp1,57,37,8,4,36,17,3,1,242,149,188,231,237,21,20,5,3
14931,Pmp2,29,23,8,0,26,19,3,1,242,187,200,231,241,3,4,5,-1
4778,Dnal1,51,34,11,3,61,41,6,1,242,130,167,225,238,-10,-7,5,2
7437,Gm37988,70,60,28,20,49,38,23,15,242,123,144,191,207,21,22,5,5
22081,Zfp987,50,29,14,7,45,26,9,3,242,147,187,219,232,5,3,5,4
980,Akr1b8,65,48,10,2,52,29,5,0,242,125,165,227,240,13,19,5,2
15672,Ptpn13,64,37,5,2,34,17,0,0,242,144,188,237,240,30,20,5,2
7425,Gm3696,40,35,15,10,48,40,10,7,242,154,167,217,225,-8,-5,5,3
6325,G6pc,24,14,6,4,27,14,1,1,242,191,214,235,237,-3,0,5,3
2370,Calcb,35,31,11,2,29,26,6,5,242,178,185,225,235,6,5,5,-3
17603,Slc27a5,66,43,7,1,40,24,2,1,242,136,175,233,240,26,19,5,0
11886,Myl2,44,37,19,6,41,34,14,10,242,157,171,209,226,3,3,5,-4
19475,Tmem170b,69,35,10,3,52,30,5,1,242,121,177,227,238,17,5,5,2
7143,Gm21188,59,44,12,2,40,28,7,1,242,143,170,223,239,19,16,5,1
19948,Trav12-2,9,8,8,2,4,4,3,2,242,229,230,231,238,5,4,5,0
3731,Coro1a,61,41,15,3,61,41,10,5,242,120,160,217,234,0,0,5,-2
3231,Chat,28,16,6,3,27,18,1,0,242,187,208,235,239,1,-2,5,3
8860,Hsp90ab1,116,74,11,5,24,16,6,1,242,102,152,225,236,92,58,5,4
6315,Fzd7,60,40,9,3,60,32,4,0,242,122,170,229,239,0,8,5,3
20061,Trbv16,11,10,8,3,3,3,3,0,242,228,229,231,239,8,7,5,3
17617,Slc2a2,52,32,7,3,41,26,2,1,242,149,184,233,238,11,6,5,2
2025,Bglap2,49,47,31,24,40,32,26,14,242,153,163,185,204,9,15,5,10
14315,Pcdhga9,55,30,6,3,42,24,1,0,242,145,188,235,239,13,6,5,3
8260,Gtf2a1l,45,36,13,3,48,36,8,4,242,149,170,221,235,-3,0,5,-1
6233,Frrs1,43,34,9,5,69,35,4,1,242,130,173,229,236,-26,-1,5,4
679,Acvr1c,39,26,7,4,30,16,2,0,242,173,200,233,238,9,10,5,4
19421,Tmem117,43,29,7,3,65,35,2,1,242,134,178,233,238,-22,-6,5,2
11931,Myof,53,35,9,4,44,26,4,1,242,145,181,229,237,9,9,5,3
16896,Scg3,39,25,7,2,42,23,2,0,242,161,194,233,240,-3,2,5,2
16895,Scg2,35,21,5,1,18,7,0,0,242,189,214,237,241,17,14,5,1
3270,Chm,46,29,7,3,44,18,2,0,242,152,195,233,239,2,11,5,3
18849,Tarm1,69,47,14,3,52,35,9,4,242,121,160,219,235,17,12,5,-1
6221,Frk,47,33,6,4,57,26,1,0,242,138,183,235,238,-10,7,5,4
16917,Scgb2b15,5,5,5,1,0,0,0,0,242,237,237,237,241,5,5,5,1
19742,Tnni1,61,47,18,10,42,37,13,5,242,139,158,211,227,19,10,5,5
6201,Foxred2,63,37,7,3,35,13,2,0,242,144,192,233,239,28,24,5,3
1533,Arrdc5,42,37,10,2,18,14,5,4,242,182,191,227,236,24,23,5,-2
21194,Vmn2r82,35,19,6,0,36,19,1,0,242,171,204,235,242,-1,0,5,0
15762,Pyroxd2,53,32,9,5,50,29,4,0,242,139,181,229,237,3,3,5,5
15765,Pzp,42,25,8,2,52,24,3,1,242,148,193,231,239,-10,1,5,1
18353,Srgn,48,36,15,7,43,27,10,4,242,151,179,217,231,5,9,5,3
990,Akr1d1,61,42,9,2,52,33,4,0,242,129,167,229,240,9,9,5,2
4661,Dlgap1,39,22,7,2,58,26,2,0,242,145,194,233,240,-19,-4,5,2
10221,Krtap28-13,16,12,6,0,17,13,1,0,242,209,217,235,242,-1,-1,5,0
19740,Tnnc1,71,49,13,7,43,26,8,1,242,128,167,221,234,28,23,5,6
1268,Ap3b2,39,23,5,2,21,7,0,0,242,182,212,237,240,18,16,5,2
4320,Dbil5,71,55,27,13,63,50,22,12,242,108,137,193,217,8,5,5,1
10850,Magea10,23,17,5,2,13,5,0,0,242,206,220,237,240,10,12,5,2
6164,Foxd2,65,37,10,1,60,33,5,1,242,117,172,227,240,5,4,5,0
6239,Frzb,41,25,5,3,39,12,0,0,242,162,205,237,239,2,13,5,3
18854,Tas1r2,47,25,7,4,17,8,2,1,242,178,209,233,237,30,17,5,3
9072,Ighd,32,26,11,4,43,32,6,1,242,167,184,225,237,-11,-6,5,3
8296,Guca2b,42,39,18,6,32,25,13,8,242,168,178,211,228,10,14,5,-2
17626,Slc30a10,29,17,8,3,28,15,3,2,242,185,210,231,237,1,2,5,1
12481,Nprl2,41,24,10,3,42,25,5,2,242,159,193,227,237,-1,-1,5,1
5355,Entpd2,63,42,6,3,29,12,1,1,242,150,188,235,238,34,30,5,2
5087,Ednrb,63,39,9,6,44,27,4,1,242,135,176,229,235,19,12,5,5
5533,Etv3l,38,19,5,3,39,20,0,0,242,165,203,237,239,-1,-1,5,3
5855,Fbln1,54,43,10,2,43,23,5,3,242,145,176,227,237,11,20,5,-1
14322,Pcdhgc3,69,43,7,5,32,15,2,1,242,141,184,233,236,37,28,5,4
19004,Tchhl1,14,10,5,3,22,7,0,0,242,206,225,237,239,-8,3,5,3
2705,Cckar,42,20,6,4,49,25,1,0,242,151,197,235,238,-7,-5,5,4
21484,Xlr4c,60,51,15,4,45,35,10,6,242,137,156,217,232,15,16,5,-2
10169,Krt42,29,18,6,1,19,11,1,0,242,194,213,235,241,10,7,5,1
17655,Slc35d3,62,44,8,2,30,13,3,1,242,150,185,231,239,32,31,5,1
18091,Sos2,56,29,5,2,50,24,1,0,242,136,189,236,240,6,5,4,2
6881,Gm13420,54,36,14,4,56,38,10,4,242,132,168,218,234,-2,-2,4,0
19974,Trav15d-1-dv6d-1,11,11,10,3,7,7,6,5,242,224,224,226,234,4,4,4,-2
22213,Zyx,52,33,8,3,33,16,4,0,242,157,193,230,239,19,17,4,3
4574,Dgkg,46,26,5,0,49,25,1,1,242,147,191,236,241,-3,1,4,-1
18085,Sorcs2,54,31,7,1,51,31,3,0,242,137,180,232,241,3,0,4,1
342,6330409D20Rik,38,37,6,1,44,30,2,0,242,160,175,234,241,-6,7,4,1
8847,Hsd3b6,44,31,4,0,25,13,0,0,242,173,198,238,242,19,18,4,0
2178,Bsph2,5,5,5,3,2,2,1,0,242,235,235,236,239,3,3,4,3
14874,Plk2,60,38,9,2,56,35,5,1,242,126,169,228,239,4,3,4,1
8791,Hpgds,56,36,10,5,72,50,6,3,242,114,156,226,234,-16,-14,4,2
18124,Sp5,35,22,6,4,48,26,2,0,242,159,194,234,238,-13,-4,4,4
7542,Gm45928,44,43,34,28,44,37,30,25,242,154,162,178,189,0,6,4,3
14839,Plekha5,34,17,5,3,60,32,1,0,242,148,193,236,239,-26,-15,4,3
8771,Hoxc8,53,38,6,1,46,27,2,0,242,143,177,234,241,7,11,4,1
7503,Gm44596,13,13,11,5,10,10,7,4,242,219,219,224,233,3,3,4,1
2139,Brcc3,48,33,10,3,45,29,6,1,242,149,180,226,238,3,4,4,2
18084,Sorcs1,40,16,4,0,30,13,0,0,242,172,213,238,242,10,3,4,0
14851,Plekhg4,48,34,14,6,63,37,10,4,242,131,171,218,232,-15,-3,4,2
7514,Gm45194,22,13,5,1,11,6,1,1,242,209,223,236,240,11,7,4,0
18119,Sp110,67,41,8,2,58,34,4,0,242,117,167,230,240,9,7,4,2
19761,Tns3,49,30,6,4,53,31,2,0,242,140,181,234,238,-4,-1,4,4
8890,Htatip2,31,15,6,4,44,23,2,0,242,167,204,234,238,-13,-8,4,4
6875,Gm13290,41,34,19,12,33,31,15,8,242,168,177,208,222,8,3,4,4
18095,Sowahb,44,26,5,3,33,9,1,0,242,165,207,236,239,11,17,4,3
22210,Zxdc,60,31,6,2,45,28,2,1,242,137,183,234,239,15,3,4,1
7519,Gm45337,20,16,4,1,10,6,0,0,242,212,220,238,241,10,10,4,1
7574,Gm49318,19,18,12,8,13,13,8,4,242,210,211,222,230,6,5,4,4
8863,Hspa12b,64,40,12,5,46,29,8,4,242,132,173,222,233,18,11,4,1
2717,Ccl22,31,17,7,2,34,21,3,0,242,177,204,232,240,-3,-4,4,2
13959,Onecut2,30,15,4,0,32,14,0,0,242,180,213,238,242,-2,1,4,0
18077,Soga3,36,22,8,4,29,20,4,0,242,177,200,230,238,7,2,4,4
15361,Prl3d1,14,14,7,3,10,10,3,1,242,218,218,232,238,4,4,4,2
8837,Hsd17b2,49,39,11,8,36,32,7,2,242,157,171,224,232,13,7,4,6
2729,Ccl9,66,50,15,7,61,34,11,2,242,115,158,216,233,5,16,4,5
7561,Gm47996,17,16,6,1,12,10,2,0,242,213,216,234,241,5,6,4,1
19980,Trav17,7,5,5,3,1,1,1,0,242,234,236,236,239,6,4,4,3
21939,Zfp706,48,27,6,2,36,13,2,1,242,158,202,234,239,12,14,4,1
15320,Prkab1,46,26,5,3,50,20,1,1,242,146,196,236,238,-4,6,4,2
15334,Prkce,46,32,7,2,62,35,3,0,242,134,175,232,240,-16,-3,4,2
8932,Iars,49,32,5,3,34,11,1,1,242,159,199,236,238,15,21,4,2
7547,Gm4737,56,35,18,15,48,34,14,9,242,138,173,210,218,8,1,4,6
7516,Gm45213,6,6,6,6,2,2,2,2,242,234,234,234,234,4,4,4,4
6868,Gm13275,5,5,4,2,1,1,0,0,242,236,236,238,240,4,4,4,2
6896,Gm14190,4,4,4,4,0,0,0,0,242,238,238,238,238,4,4,4,4
6877,Gm13304,32,28,15,11,26,25,11,8,242,184,189,216,223,6,3,4,3
18576,Stx18,41,18,7,4,52,22,3,0,242,149,202,232,238,-11,-4,4,4
4245,Cyria,53,31,7,0,57,25,3,1,242,132,186,232,241,-4,6,4,-1
4504,Defb36,24,23,14,6,12,11,10,4,242,206,208,218,232,12,12,4,2
7233,Gm21987,42,37,29,17,38,36,25,13,242,162,169,188,212,4,1,4,4
15145,Ppp1r14bl,23,14,4,1,17,9,0,0,242,202,219,238,241,6,5,4,1
7857,Gm8909,61,38,10,3,44,26,6,1,242,137,178,226,238,17,12,4,2
8248,Gstp1,47,31,10,3,40,23,6,4,242,155,188,226,235,7,8,4,-1
17673,Slc37a1,46,30,6,2,53,33,2,0,242,143,179,234,240,-7,-3,4,2
7863,Gm9008,52,28,12,5,48,32,8,5,242,142,182,222,232,4,-4,4,0
7870,Gm9112,24,19,9,3,11,7,5,2,242,207,216,228,237,13,12,4,1
2861,Cd44,58,33,7,3,55,31,3,1,242,129,178,232,238,3,2,4,2
7232,Gm21985,50,42,15,9,50,34,11,5,242,142,166,216,228,0,8,4,4
19921,Trank1,28,15,4,2,23,14,0,0,242,191,213,238,240,5,1,4,2
14397,Pde4c,64,38,10,3,50,30,6,0,242,128,174,226,239,14,8,4,3
14376,Pdcd2,47,28,7,5,24,16,3,3,242,171,198,232,234,23,12,4,2
8232,Gsta1,36,27,21,13,40,34,17,11,242,166,181,204,218,-4,-7,4,2
8220,Gse1,59,36,6,2,45,24,2,0,242,138,182,234,240,14,12,4,2
15130,Ppm1n,41,29,8,2,42,31,4,1,242,159,182,230,239,-1,-2,4,1
17685,Slc38a7,51,38,7,3,50,27,3,1,242,141,177,232,238,1,11,4,2
15127,Ppm1k,58,42,12,5,61,37,8,3,242,123,163,222,234,-3,5,4,2
7239,Gm2244,40,37,15,8,32,31,11,4,242,170,174,216,230,8,6,4,4
4316,Dazl,33,18,5,0,28,15,1,0,242,181,209,236,242,5,3,4,0
17855,Slurp2,33,30,17,8,20,18,13,3,242,189,194,212,231,13,12,4,5
14336,Pck2,58,38,9,4,55,31,5,3,242,129,173,228,235,3,7,4,1
19844,Tpt1,52,24,7,4,27,16,3,1,242,163,202,232,237,25,8,4,3
4325,Dbp,54,34,10,4,76,46,6,1,242,112,162,226,237,-22,-12,4,3
19840,Tpsb2,31,25,7,4,25,17,3,0,242,186,200,232,238,6,8,4,4
181,2610002M06Rik,33,23,6,2,65,33,2,0,242,144,186,234,240,-32,-10,4,2
66,1700018G05Rik,27,25,15,5,14,13,11,7,242,201,204,216,230,13,12,4,-2
4089,Cxcl11,63,48,10,3,65,47,6,3,242,114,147,226,236,-2,1,4,0
19944,Trav10n,7,6,5,4,3,2,1,1,242,232,234,236,237,4,4,4,3
19943,Trav10d,7,5,5,2,3,3,1,0,242,232,234,236,240,4,2,4,2
17930,Smim40,74,51,14,4,54,36,10,5,242,114,155,218,233,20,15,4,-1
17908,Smgc,16,12,8,3,12,6,4,1,242,214,224,230,238,4,6,4,2
2392,Calr4,49,34,8,2,41,24,4,2,242,152,184,230,238,8,10,4,0
18216,Spem1,68,59,11,0,37,30,7,1,242,137,153,224,241,31,29,4,-1
174,2410004B18Rik,56,31,8,3,40,26,4,0,242,146,185,230,239,16,5,4,3
14716,Pip5k1b,36,21,7,1,47,26,3,2,242,159,195,232,239,-11,-5,4,-1
14710,Pip4k2a,64,46,8,3,52,35,4,2,242,126,161,230,237,12,11,4,1
2400,Camk2d,47,34,7,3,43,20,3,0,242,152,188,232,239,4,14,4,3
4331,Dcaf10,58,29,7,4,26,17,3,3,242,158,196,232,235,32,12,4,1
8950,Id3,73,52,12,3,53,41,8,2,242,116,149,222,237,20,11,4,1
8300,Gucy1b1,42,26,7,5,30,17,3,2,242,170,199,232,235,12,9,4,3
2850,Cd34,46,31,10,5,75,37,6,0,242,121,174,226,237,-29,-6,4,5
19923,Trap1a,33,26,5,3,31,22,1,0,242,178,194,236,239,2,4,4,3
7759,Gm6812,12,9,7,3,6,4,3,1,242,224,229,232,238,6,5,4,2
20752,Usp26,21,13,4,0,13,2,0,0,242,208,227,238,242,8,11,4,0
2796,Cd101,62,31,6,0,26,14,2,0,242,154,197,234,242,36,17,4,0
17800,Slc9a2,34,22,6,3,44,16,2,1,242,164,204,234,238,-10,6,4,2
4301,Dand5,45,25,5,0,47,26,1,0,242,150,191,236,242,-2,-1,4,0
8081,Gpr21,61,40,10,1,41,27,6,0,242,140,175,226,241,20,13,4,1
8073,Gpr176,60,39,4,1,51,31,0,0,242,131,172,238,241,9,8,4,1
17747,Slc5a2,60,48,15,6,55,42,11,4,242,127,152,216,232,5,6,4,2
17796,Slc8a2,50,27,5,2,30,17,1,0,242,162,198,236,240,20,10,4,2
14487,Per1,52,33,6,2,56,34,2,1,242,134,175,234,239,-4,-1,4,1
17754,Slc5a8,39,26,6,2,41,24,2,2,242,162,192,234,238,-2,2,4,0
14412,Pdf,47,26,12,6,57,33,8,4,242,138,183,222,232,-10,-7,4,2
2819,Cd209d,34,30,10,3,19,16,6,3,242,189,196,226,236,15,14,4,0
18298,Sprr2f,16,15,7,3,5,4,3,2,242,221,223,232,237,11,11,4,1
4051,Ctsz,41,29,8,4,40,20,4,2,242,161,193,230,236,1,9,4,2
2813,Cd200r3,41,31,9,3,76,47,5,1,242,125,164,228,238,-35,-16,4,2
17787,Slc7a3,51,30,9,4,56,30,5,3,242,135,182,228,235,-5,0,4,1
4251,Cystm1,42,27,11,7,43,21,7,2,242,157,194,224,233,-1,6,4,5
14519,Pfdn6,40,26,7,3,35,12,3,1,242,167,204,232,238,5,14,4,2
14543,Pgbd5,62,29,5,0,48,21,1,0,242,132,192,236,242,14,8,4,0
4302,Dao,40,21,5,3,42,24,1,1,242,160,197,236,238,-2,-3,4,2
18254,Spint1,26,15,4,2,48,22,0,0,242,168,205,238,240,-22,-7,4,2
14466,Pdzrn3,50,30,5,2,54,30,1,1,242,138,182,236,239,-4,0,4,1
8101,Gpr62,57,41,10,5,55,31,6,0,242,130,170,226,237,2,10,4,5
17725,Slc48a1,43,32,6,2,45,28,2,2,242,154,182,234,238,-2,4,4,0
14437,Pdlim3,60,38,4,1,32,20,0,0,242,150,184,238,241,28,18,4,1
20743,Usp17le,49,36,6,4,17,10,2,1,242,176,196,234,237,32,26,4,3
18245,Spink13,24,20,12,4,22,19,8,3,242,196,203,222,235,2,1,4,1
7263,Gm28041,65,55,26,11,60,43,22,12,242,117,144,194,219,5,12,4,-1
7264,Gm28042,71,47,8,0,54,34,4,3,242,117,161,230,239,17,13,4,-3
4303,Dap,50,29,8,3,45,16,4,1,242,147,197,230,238,5,13,4,2
7925,Gnaq,35,21,7,2,50,26,3,1,242,157,195,232,239,-15,-5,4,1
2477,Cars,51,27,8,6,44,11,4,2,242,147,204,230,234,7,16,4,4
4204,Cyp3a13,52,30,9,0,46,27,5,1,242,144,185,228,241,6,3,4,-1
8110,Gpr87,18,15,4,0,19,18,0,0,242,205,209,238,242,-1,-3,4,0
14455,Pdyn,30,15,6,2,26,16,2,0,242,186,211,234,240,4,-1,4,2
7940,Gng12,52,30,8,4,42,27,4,1,242,148,185,230,237,10,3,4,3
15094,Ppef1,46,31,11,3,51,41,7,4,242,145,170,224,235,-5,-10,4,-1
7284,Gm28434,14,13,9,1,10,9,5,2,242,218,220,228,239,4,4,4,-1
17807,Slc9a7,58,31,8,0,48,31,4,0,242,136,180,230,242,10,0,4,0
7944,Gng4,40,24,7,5,39,17,3,1,242,163,201,232,236,1,7,4,4
64,1700018B08Rik,54,44,6,5,25,22,2,0,242,163,176,234,237,29,22,4,5
17951,Smpd1,42,24,8,2,55,30,4,1,242,145,188,230,239,-13,-6,4,1
18545,Stoml3,55,35,7,2,42,23,3,1,242,145,184,232,239,13,12,4,1
4468,Defa32,6,6,6,5,2,2,2,1,242,234,234,234,236,4,4,4,4
14798,Plag1,63,36,11,3,64,34,7,2,242,115,172,224,237,-1,2,4,1
18493,Stat6,53,38,10,4,41,19,6,2,242,148,185,226,236,12,19,4,2
17505,Slc20a1,45,33,6,4,44,25,2,1,242,153,184,234,237,1,8,4,3
17513,Slc22a17,35,23,4,3,34,16,0,0,242,173,203,238,239,1,7,4,3
3969,Cst3,54,30,8,2,34,18,4,2,242,154,194,230,238,20,12,4,0
20515,Ubash3b,53,30,5,1,57,28,1,0,242,132,184,236,241,-4,2,4,1
18042,Snx18,52,32,6,3,38,21,2,0,242,152,189,234,239,14,11,4,3
2274,C1qtnf12,50,30,9,2,48,28,5,0,242,144,184,228,240,2,2,4,2
20877,Vmn1r1,66,40,13,2,41,25,9,3,242,135,177,220,237,25,15,4,-1
22193,Zscan4e,19,17,8,5,18,13,4,2,242,205,212,230,235,1,4,4,3
8541,Hcn4,48,32,8,4,27,14,4,1,242,167,196,230,237,21,18,4,3
8537,Hcls1,56,37,7,0,55,32,3,1,242,131,173,232,241,1,5,4,-1
19963,Trav13n-3,13,12,11,9,8,8,7,6,242,221,222,224,227,5,4,4,3
17537,Slc24a2,27,15,4,1,16,6,0,0,242,199,221,238,241,11,9,4,1
8526,Hbq1a,32,31,16,9,27,21,12,6,242,183,190,214,227,5,10,4,3
7062,Gm20547,35,27,13,9,25,19,9,7,242,182,196,220,226,10,8,4,2
14141,Pak6,53,32,7,3,46,25,3,1,242,143,185,232,238,7,7,4,2
20874,Vldlr,43,25,7,2,48,24,3,0,242,151,193,232,240,-5,1,4,2
7617,Gm49496,29,26,20,11,26,25,16,11,242,187,191,206,220,3,1,4,0
4477,Defa41,4,4,4,2,0,0,0,0,242,238,238,238,240,4,4,4,2
4480,Defa5,4,4,4,3,0,0,0,0,242,238,238,238,239,4,4,4,3
8622,Hfm1,53,37,11,2,48,34,7,3,242,141,171,224,237,5,3,4,-1
18540,Stmnd1,38,30,5,1,19,11,1,0,242,185,201,236,241,19,19,4,1
8743,Hoxa1,62,39,8,1,45,21,4,1,242,135,182,230,240,17,18,4,0
14014,Oscar,62,40,5,1,45,20,1,1,242,135,182,236,240,17,20,4,0
20622,Uggt1,45,26,8,2,34,18,4,0,242,163,198,230,240,11,8,4,2
8708,Hnf4a,28,19,5,3,24,16,1,0,242,190,207,236,239,4,3,4,3
17432,Slamf6,47,37,10,2,53,37,6,3,242,142,168,226,237,-6,0,4,-1
15289,Prdx2,40,27,7,3,39,21,3,2,242,163,194,232,237,1,6,4,1
7595,Gm49369,57,48,36,26,45,41,32,25,242,140,153,174,191,12,7,4,1
17440,Slc10a4,42,33,5,1,37,23,1,0,242,163,186,236,241,5,10,4,1
2666,Ccdc69,55,42,9,1,63,42,5,2,242,124,158,228,239,-8,0,4,-1
17457,Slc13a2,31,22,7,2,41,26,3,2,242,170,194,232,238,-10,-4,4,0
7597,Gm49378,59,45,26,18,57,46,22,11,242,126,151,194,213,2,-1,4,7
14820,Plcl1,34,20,4,2,45,21,0,0,242,163,201,238,240,-11,-1,4,2
27,1600014C10Rik,59,36,14,6,54,28,10,0,242,129,178,218,236,5,8,4,6
14819,Plch2,60,41,6,1,56,35,2,1,242,126,166,234,240,4,6,4,0
2238,Btn1a1,45,30,8,4,41,23,4,2,242,156,189,230,236,4,7,4,2
7021,Gm17783,17,15,4,0,9,7,0,0,242,216,220,238,242,8,8,4,0
4464,Defa29,14,13,7,1,7,6,3,0,242,221,223,232,241,7,7,4,1
14151,Pamr1,28,19,4,0,40,17,0,0,242,174,206,238,242,-12,2,4,0
2892,Cd93,53,31,8,3,48,27,4,1,242,141,184,230,238,5,4,4,2
8413,H2al2a,16,13,10,0,10,7,6,2,242,216,222,226,240,6,6,4,-2
14761,Pkn3,60,35,9,1,53,31,5,1,242,129,176,228,240,7,4,4,0
18442,St3gal3,38,27,7,2,56,31,3,1,242,148,184,232,239,-18,-4,4,1
19812,Tpd52,46,31,9,4,30,15,5,1,242,166,196,228,237,16,16,4,3
4092,Cxcl14,38,26,10,3,39,25,6,1,242,165,191,226,238,-1,1,4,2
8427,H2bc18,72,58,26,13,69,56,22,9,242,101,128,194,220,3,2,4,4
8423,H2bc12,61,46,24,14,66,48,20,13,242,115,148,198,215,-5,-2,4,1
17585,Slc25a51,52,30,9,5,49,26,5,2,242,141,186,228,235,3,4,4,3
7444,Gm38393,45,32,14,5,49,40,10,3,242,148,170,218,234,-4,-8,4,2
18422,Ssty1,4,4,4,4,0,0,0,0,242,238,238,238,238,4,4,4,4
7666,Gm5269,14,12,10,10,13,10,6,5,242,215,220,226,227,1,2,4,5
8406,H2al1e,14,13,9,2,10,9,5,3,242,218,220,228,237,4,4,4,-1
17975,Snai1,96,61,9,4,39,24,5,3,242,107,157,228,235,57,37,4,1
19950,Trav12d-1,19,16,15,7,15,13,11,8,242,208,213,216,227,4,3,4,-1
19821,Tpm1,49,35,7,3,32,21,3,1,242,161,186,232,238,17,14,4,2
20547,Ube2ql1,42,28,6,5,40,18,2,0,242,160,196,234,237,2,10,4,5
7731,Gm6217,11,10,4,1,6,6,0,0,242,225,226,238,241,5,4,4,1
8392,H2ac19,38,25,16,15,35,22,12,11,242,169,195,214,216,3,3,4,4
17601,Slc27a3,69,49,11,0,39,19,7,1,242,134,174,224,241,30,30,4,-1
8448,H3c3,63,45,21,5,52,38,17,5,242,127,159,204,232,11,7,4,0
19803,Tox2,58,39,5,0,27,14,1,0,242,157,189,236,242,31,25,4,0
7453,Gm3952,4,4,4,2,0,0,0,0,242,238,238,238,240,4,4,4,2
20856,Vgf,58,41,6,2,45,20,2,0,242,139,181,234,240,13,21,4,2
4456,Defa21,8,8,8,4,4,4,4,3,242,230,230,230,235,4,4,4,1
8496,Hapln4,56,34,6,2,30,15,2,0,242,156,193,234,240,26,19,4,2
8495,Hapln3,71,48,8,3,39,27,4,0,242,132,167,230,239,32,21,4,3
20869,Vipr2,47,22,6,1,44,25,2,0,242,151,195,234,241,3,-3,4,1
14909,Plxdc2,55,31,7,2,36,18,3,0,242,151,193,232,240,19,13,4,2
20868,Vipr1,49,27,5,0,46,23,1,1,242,147,192,236,241,3,4,4,-1
43,1700009N14Rik,29,18,5,0,19,13,1,1,242,194,211,236,241,10,5,4,-1
14180,Pard6b,62,38,10,3,40,18,6,0,242,140,186,226,239,22,20,4,3
14786,Pla2g5,56,34,8,2,50,22,4,2,242,136,186,230,238,6,12,4,0
19788,Top2b,36,22,9,3,51,25,5,1,242,155,195,228,238,-15,-3,4,2
4180,Cyp2d12,16,11,4,2,13,9,0,0,242,213,222,238,240,3,2,4,2
2321,Cabp1,48,32,8,2,51,28,4,0,242,143,182,230,240,-3,4,4,2
8465,H4c8,69,41,8,4,39,22,4,2,242,134,179,230,236,30,19,4,2
2629,Ccdc190,57,41,8,2,34,22,4,0,242,151,179,230,240,23,19,4,2
7674,Gm5415,58,44,14,4,49,26,10,5,242,135,172,218,233,9,18,4,-1
14215,Pate6,19,18,6,1,12,11,2,2,242,211,213,234,239,7,7,4,-1
4427,Ddx3y,44,29,9,6,44,23,5,4,242,154,190,228,232,0,6,4,2
7474,Gm42791,51,47,34,27,45,40,30,20,242,146,155,178,195,6,7,4,7
1009,Aldh1a7,49,37,13,3,39,22,9,3,242,154,183,220,236,10,15,4,0
15372,Prl8a1,61,36,8,1,45,22,4,0,242,136,184,230,241,16,14,4,1
6080,Fkbp6,54,43,8,2,31,18,4,1,242,157,181,230,239,23,25,4,1
16731,Runx1,73,47,8,0,41,20,4,3,242,128,175,230,239,32,27,4,-3
20099,Trgc2,27,26,10,3,28,22,6,1,242,187,194,226,238,-1,4,4,2
15919,Ramp1,72,34,6,1,31,15,2,1,242,139,193,234,240,41,19,4,0
1402,Arhgap25,67,41,5,1,26,15,1,1,242,149,186,236,240,41,26,4,0
3641,Col15a1,58,34,10,2,55,33,6,2,242,129,175,226,238,3,1,4,0
6046,Fhl1,49,27,10,3,49,30,6,3,242,144,185,226,236,0,-3,4,0
20091,Treml1,43,36,10,5,36,29,6,2,242,163,177,226,235,7,7,4,3
1421,Arhgap6,43,26,7,2,43,23,3,2,242,156,193,232,238,0,3,4,0
5232,Eif4ebp3,55,36,18,12,72,48,14,10,242,115,158,210,220,-17,-12,4,2
10485,Lingo4,40,23,5,3,36,13,1,0,242,166,206,236,239,4,10,4,3
12224,Neurog2,53,28,10,7,35,22,6,2,242,154,192,226,233,18,6,4,5
10484,Lingo3,49,33,8,3,42,28,4,1,242,151,181,230,238,7,5,4,2
10465,Lima1,52,35,6,3,50,23,2,0,242,140,184,234,239,2,12,4,3
5923,Fbxw15,34,27,5,2,24,17,1,0,242,184,198,236,240,10,10,4,2
3662,Col4a5,52,35,6,3,48,21,2,0,242,142,186,234,239,4,14,4,3
10453,Lhx9,62,36,7,2,41,21,3,1,242,139,185,232,239,21,15,4,1
20263,Trpv6,45,28,4,2,30,12,0,0,242,167,202,238,240,15,16,4,2
10429,Lgi2,39,20,7,1,30,18,3,2,242,173,204,232,239,9,2,4,-1
739,Adamts4,67,35,8,0,50,26,4,0,242,125,181,230,242,17,9,4,0
20265,Trub1,47,29,9,5,63,37,5,0,242,132,176,228,237,-16,-8,4,5
10366,Lcn4,15,13,5,3,9,5,1,0,242,218,224,236,239,6,8,4,3
12279,Nhs,46,28,5,2,51,24,1,0,242,145,190,236,240,-5,4,4,2
5166,Eid1,45,31,8,5,44,21,4,3,242,153,190,230,234,1,10,4,2
3672,Col6a6,36,19,4,3,43,20,0,0,242,163,203,238,239,-7,-1,4,3
15829,Rab39,54,33,6,3,47,23,2,1,242,141,186,234,238,7,10,4,2
16856,Sbk1,47,33,11,4,70,47,7,5,242,125,162,224,233,-23,-14,4,-1
16730,Rundc3b,39,21,5,1,53,22,1,0,242,150,199,236,241,-14,-1,4,1
1389,Arhgap1,44,27,5,2,58,28,1,1,242,140,187,236,239,-14,-1,4,1
779,Adgra3,45,31,8,2,52,27,4,1,242,145,184,230,239,-7,4,4,1
5280,Elovl3,49,37,7,1,44,27,3,2,242,149,178,232,239,5,10,4,-1
10730,Ltbp1,56,37,13,7,42,23,9,3,242,144,182,220,232,14,14,4,4
817,Adm,82,60,14,6,55,38,10,3,242,105,144,218,233,27,22,4,3
15975,Rasgrp4,53,33,8,2,42,25,4,0,242,147,184,230,240,11,8,4,2
1326,Apoh,64,51,18,10,39,30,14,7,242,139,161,210,225,25,21,4,3
807,Adh6a,33,22,5,0,28,14,1,0,242,181,206,236,242,5,8,4,0
1331,Apol6,59,38,10,2,60,38,6,2,242,123,166,226,238,-1,0,4,0
18965,Tbx6,64,43,11,3,58,39,7,3,242,120,160,224,236,6,4,4,0
16643,Rras2,51,34,6,3,33,11,2,2,242,158,197,234,237,18,23,4,1
12065,Nccrp1,56,35,11,5,46,32,7,3,242,140,175,224,234,10,3,4,2
20228,Trp53i11,49,25,6,2,32,16,2,0,242,161,201,234,240,17,9,4,2
5945,Fcer2a,56,35,15,9,57,45,11,9,242,129,162,216,224,-1,-10,4,0
21565,Zar1,26,21,6,1,51,35,2,0,242,165,186,234,241,-25,-14,4,1
10691,Lrrn1,24,16,6,1,52,23,2,0,242,166,203,234,241,-28,-7,4,1
15960,Rasa4,58,31,5,0,49,21,1,1,242,135,190,236,241,9,10,4,-1
10660,Lrrc57,53,27,6,3,34,19,2,1,242,155,196,234,238,19,8,4,2
1353,Aqp2,42,35,11,3,41,32,7,2,242,159,175,224,237,1,3,4,1
1355,Aqp4,41,28,6,2,26,15,2,0,242,175,199,234,240,15,13,4,2
10650,Lrrc45,48,29,7,4,29,9,3,1,242,165,204,232,237,19,20,4,3
10636,Lrrc31,58,40,7,2,39,27,3,0,242,145,175,232,240,19,13,4,2
790,Adgrf4,48,33,7,2,42,14,3,0,242,152,195,232,240,6,19,4,2
5284,Elovl7,49,26,6,4,60,31,2,0,242,133,185,234,238,-11,-5,4,4
786,Adgre5,57,35,7,3,42,22,3,0,242,143,185,232,239,15,13,4,3
20107,Trgv2,13,11,9,2,10,10,5,3,242,219,221,228,237,3,1,4,-1
16711,Rtn4,47,24,5,2,32,16,1,1,242,163,202,236,239,15,8,4,1
10609,Lrp4,51,30,5,4,39,19,1,0,242,152,193,236,238,12,11,4,4
3303,Chrna3,43,17,5,1,40,24,1,0,242,159,201,236,241,3,-7,4,1
12345,Nlrc3,75,47,12,1,40,27,8,2,242,127,168,222,239,35,20,4,-1
3681,Colec11,62,45,11,1,53,38,7,3,242,127,159,224,238,9,7,4,-2
16939,Scml4,43,30,6,0,64,40,2,0,242,135,172,234,242,-21,-10,4,0
20316,Tspan8,48,37,13,3,41,31,9,2,242,153,174,220,237,7,6,4,1
1610,Astl,45,32,5,2,26,12,1,1,242,171,198,236,239,19,20,4,1
18825,Tagln,75,45,12,4,50,30,8,3,242,117,167,222,235,25,15,4,1
19461,Tmem158,67,38,7,1,47,24,3,0,242,128,180,232,241,20,14,4,1
19463,Tmem160,37,21,8,2,44,23,4,2,242,161,198,230,238,-7,-2,4,0
1623,Atcay,47,24,6,2,26,13,2,0,242,169,205,234,240,21,11,4,2
9944,Kif21a,51,34,7,2,43,24,3,0,242,148,184,232,240,8,10,4,2
1629,Atf5,69,38,8,2,38,24,4,1,242,135,180,230,239,31,14,4,1
15674,Ptpn18,60,37,9,7,48,28,5,2,242,134,177,228,233,12,9,4,5
20057,Trbv13-2,25,21,18,13,17,15,14,10,242,200,206,210,219,8,6,4,3
12611,Nts,43,34,7,1,26,15,3,2,242,173,193,232,239,17,19,4,-1
9910,Kdsr,45,22,7,3,47,18,3,0,242,150,202,232,239,-2,4,4,3
12613,Ntsr2,30,21,6,3,23,14,2,1,242,189,207,234,238,7,7,4,2
5014,E130208F15Rik,50,38,9,3,41,27,5,0,242,151,177,228,239,9,11,4,3
9890,Kdf1,48,34,8,3,56,27,4,1,242,138,181,230,238,-8,7,4,2
15651,Pth1r,61,32,5,2,54,25,1,0,242,127,185,236,240,7,7,4,2
1646,Atg4a-ps,38,27,6,3,17,14,2,0,242,187,201,234,239,21,13,4,3
604,Acot12,33,17,4,2,42,20,0,0,242,167,205,238,240,-9,-3,4,2
9859,Kcnt1,54,36,8,0,41,24,4,1,242,147,182,230,241,13,12,4,-1
21138,Vmn2r29,57,34,19,9,57,46,15,8,242,128,162,208,225,0,-12,4,1
6370,Gal3st1,47,29,12,6,60,33,8,2,242,135,180,222,234,-13,-4,4,4
9843,Kcnmb2,40,27,10,6,31,16,6,4,242,171,199,226,232,9,11,4,2
9798,Kcng3,28,18,4,3,23,11,0,0,242,191,213,238,239,5,7,4,3
12685,Nutf2-ps1,43,31,14,12,37,24,10,7,242,162,187,218,223,6,7,4,5
15621,Ptch2,55,28,8,4,48,27,4,0,242,139,187,230,238,7,1,4,4
3242,Chd2,53,36,7,2,44,25,3,2,242,145,181,232,238,9,11,4,0
12544,Nrip3,62,47,12,6,58,35,8,1,242,122,160,222,235,4,12,4,5
5147,Egfr,73,41,6,2,24,11,2,1,242,145,190,234,239,49,30,4,1
643,Acss1,33,19,7,3,52,24,3,2,242,157,199,232,237,-19,-5,4,1
6149,Folh1,27,15,4,2,34,13,0,0,242,181,214,238,240,-7,2,4,2
10288,Lamc2,77,46,9,2,28,15,5,0,242,137,181,228,240,49,31,4,2
3690,Commd3,37,24,8,3,42,17,4,2,242,163,201,230,237,-5,7,4,1
1501,Armcx1,52,37,7,1,57,28,3,1,242,133,177,232,240,-5,9,4,0
10275,Lag3,83,56,10,3,46,32,6,2,242,113,154,226,237,37,24,4,1
10268,L3mbtl3,55,37,6,0,41,20,2,0,242,146,185,234,242,14,17,4,0
16882,Scarb2,40,27,7,4,43,21,3,1,242,159,194,232,237,-3,6,4,3
10252,Krtdap,33,25,16,9,24,22,12,5,242,185,195,214,228,9,3,4,4
1519,Arpc3,49,34,8,2,31,20,4,3,242,162,188,230,237,18,14,4,-1
1520,Arpc4,45,24,7,4,39,22,3,1,242,158,196,232,237,6,2,4,3
6185,Foxn1,40,25,9,5,47,21,5,0,242,155,196,228,237,-7,4,4,5
12455,Npc1l1,48,27,4,0,24,9,0,0,242,170,206,238,242,24,18,4,0
6227,Frmd7,36,24,5,1,38,20,1,0,242,168,198,236,241,-2,4,4,1
2103,Bok,55,36,10,7,50,23,6,0,242,137,183,226,235,5,13,4,7
20302,Tspan13,29,19,4,3,57,25,0,0,242,156,198,238,239,-28,-6,4,3
10161,Krt33a,18,14,4,1,7,3,0,0,242,217,225,238,241,11,11,4,1
10156,Krt26,26,14,4,0,8,2,0,0,242,208,226,238,242,18,12,4,0
12463,Npffr2,19,13,4,1,14,8,0,0,242,209,221,238,241,5,5,4,1
12467,Nphs1,70,50,11,4,47,21,7,3,242,125,171,224,235,23,29,4,1
10147,Krt17,44,29,6,2,32,20,2,1,242,166,193,234,239,12,9,4,1
10144,Krt14,46,20,7,4,50,29,3,1,242,146,193,232,237,-4,-9,4,3
5067,Ecscr,46,34,8,2,45,25,4,1,242,151,183,230,239,1,9,4,1
16925,Scgb2b26,5,5,4,1,0,0,0,0,242,237,237,238,241,5,5,4,1
16928,Scgb2b7,4,4,4,0,0,0,0,0,242,238,238,238,242,4,4,4,0
12519,Nr4a1,90,63,19,11,56,38,15,6,242,96,141,208,225,34,25,4,5
1316,Apobec3,56,33,10,3,46,26,6,2,242,140,183,226,237,10,7,4,1
1313,Apob,40,25,6,2,35,14,2,0,242,167,203,234,240,5,11,4,2
6393,Galnt2l,42,33,23,23,34,30,19,19,242,166,179,200,200,8,3,4,4
16338,Ripor3,59,36,8,2,47,30,4,1,242,136,176,230,239,12,6,4,1
951,Ak7,57,35,10,1,59,32,6,3,242,126,175,226,238,-2,3,4,-2
21424,Wnk4,75,50,11,4,67,41,7,4,242,100,151,224,234,8,9,4,0
3493,Cln8,65,45,10,2,67,40,6,2,242,110,157,226,238,-2,5,4,0
5644,Fam107b,75,51,12,4,55,39,8,5,242,112,152,222,233,20,12,4,-1
19146,Tex45,58,38,14,6,45,30,10,3,242,139,174,218,233,13,8,4,3
1107,Amy1,67,42,10,2,41,22,6,1,242,134,178,226,239,26,20,4,1
21415,Wipf3,34,22,8,2,41,20,4,1,242,167,200,230,239,-7,2,4,1
19122,Tex13c2,28,19,5,0,15,10,1,0,242,199,213,236,242,13,9,4,0
5679,Fam155a,46,29,7,2,32,23,3,2,242,164,190,232,238,14,6,4,0
21412,Wif1,63,35,7,2,34,18,3,2,242,145,189,232,238,29,17,4,0
5468,Ern1,54,36,8,2,48,23,4,1,242,140,183,230,239,6,13,4,1
3474,Clic1,43,27,7,3,39,23,3,0,242,160,192,232,239,4,4,4,3
11319,Mideas,56,30,7,1,48,23,3,0,242,138,189,232,241,8,7,4,1
19309,Tjp3,62,35,6,1,40,17,2,0,242,140,190,234,241,22,18,4,1
11318,Mid2,49,29,7,3,50,27,3,1,242,143,186,232,238,-1,2,4,2
20181,Trim69,89,65,12,3,49,35,8,5,242,104,142,222,234,40,30,4,-2
21404,Wfdc6b,26,20,8,2,11,11,4,2,242,205,211,230,238,15,9,4,0
11295,Mgmt,57,29,7,3,56,39,3,0,242,129,174,232,239,1,-10,4,3
11291,Mgat5b,22,18,4,1,35,17,0,0,242,185,207,238,241,-13,1,4,1
11728,Mtdh,38,19,5,3,59,29,1,1,242,145,194,236,238,-21,-10,4,2
19097,Terb2,24,12,4,2,24,11,0,0,242,194,219,238,240,0,1,4,2
5425,Eras,32,29,6,4,22,15,2,0,242,188,198,234,238,10,14,4,4
21386,Wdyhv1,57,33,7,0,27,14,3,3,242,158,195,232,239,30,19,4,-3
5415,Eps8,51,29,6,2,57,29,2,0,242,134,184,234,240,-6,0,4,2
5758,Fam229a,43,35,20,8,47,38,16,7,242,152,169,206,227,-4,-3,4,1
19069,Teddm1b,71,46,14,5,57,37,10,5,242,114,159,218,232,14,9,4,0
5487,Esp22,4,4,4,2,0,0,0,0,242,238,238,238,240,4,4,4,2
959,Akap13,65,33,7,3,46,29,3,2,242,131,180,232,237,19,4,4,1
5621,Fabp4,66,47,17,6,48,40,13,5,242,128,155,212,231,18,7,4,1
19156,Tfap2a,70,47,10,4,64,38,6,1,242,108,157,226,237,6,9,4,3
19179,Tfr2,80,61,25,10,52,35,21,11,242,110,146,196,221,28,26,4,-1
19173,Tff3,15,14,10,2,8,8,6,3,242,219,220,226,237,7,6,4,-1
19172,Tff2,26,24,15,7,26,23,11,4,242,190,195,216,231,0,1,4,3
16262,Rhou,83,54,7,1,31,12,3,1,242,128,176,232,240,52,42,4,0
11576,Mrpl27,38,23,8,5,37,21,4,0,242,167,198,230,237,1,2,4,5
16224,Rgs5,49,27,9,2,43,24,5,0,242,150,191,228,240,6,3,4,2
16267,Rhox12,17,17,6,2,6,6,2,1,242,219,219,234,239,11,11,4,1
16218,Rgs2,85,55,14,4,51,30,10,3,242,106,157,218,235,34,25,4,1
987,Akr1c21,50,44,11,4,43,41,7,3,242,149,157,224,235,7,3,4,1
5538,Eva1b,48,25,9,3,61,27,5,2,242,133,190,228,237,-13,-2,4,1
1046,Alkbh2,54,30,8,1,45,24,4,1,242,143,188,230,240,9,6,4,0
11470,Mospd3,45,24,6,3,41,19,2,0,242,156,199,234,239,4,5,4,3
1055,Alox12,54,38,6,1,48,24,2,0,242,140,180,234,241,6,14,4,1
16286,Rhox4b,22,19,10,3,22,20,6,3,242,198,203,226,236,0,-1,4,0
16287,Rhox4c,6,6,4,0,3,3,0,0,242,233,233,238,242,3,3,4,0
977,Akr1b10,51,33,7,2,38,26,3,1,242,153,183,232,239,13,7,4,1
3507,Clrn3,19,11,4,2,11,3,0,0,242,212,228,238,240,8,8,4,2
1061,Alox8,71,44,8,1,32,18,4,2,242,139,180,230,239,39,26,4,-1
5603,F2rl3,76,52,10,4,41,28,6,1,242,125,162,226,237,35,24,4,3
16291,Rhox4g,10,7,4,2,9,8,0,0,242,223,227,238,240,1,-1,4,2
21471,Xkr4,33,21,5,2,18,6,1,0,242,191,215,236,240,15,15,4,2
16295,Rhox7b,21,19,4,0,12,12,0,0,242,209,211,238,242,9,7,4,0
972,Akirin2,34,22,6,3,34,17,2,2,242,174,203,234,237,0,5,4,1
16297,Rhox9,28,21,6,3,18,12,2,2,242,196,209,234,237,10,9,4,1
11419,Mmp8,36,21,7,1,23,9,3,1,242,183,212,232,240,13,12,4,0
11844,Myadml2,47,32,4,1,27,15,0,0,242,168,195,238,241,20,17,4,1
1181,Ankrd34b,51,33,4,1,22,17,0,0,242,169,192,238,241,29,16,4,1
1183,Ankrd35,49,37,5,2,43,18,1,1,242,150,187,236,239,6,19,4,1
11904,Myo15b,53,40,10,4,52,42,6,0,242,137,160,226,238,1,-2,4,4
5369,Epas1,50,26,6,2,40,14,2,0,242,152,202,234,240,10,12,4,2
868,Agap2,63,41,6,2,44,15,2,1,242,135,186,234,239,19,26,4,1
11914,Myo1f,49,38,10,2,58,30,6,2,242,135,174,226,238,-9,8,4,0
5835,Fas,75,60,14,4,50,29,10,5,242,117,153,218,233,25,31,4,-1
3404,Clcnka,46,29,6,3,35,23,2,0,242,161,190,234,239,11,6,4,3
16035,Rbm33,48,30,8,4,44,22,4,3,242,150,190,230,235,4,8,4,1
5856,Fbln2,58,37,11,5,32,26,7,4,242,152,179,224,233,26,11,4,1
10858,Magea8,21,16,7,2,14,11,3,2,242,207,215,232,238,7,5,4,0
18995,Tcf24,50,25,6,4,45,21,2,0,242,147,196,234,238,5,4,4,4
5350,Enpp6,39,25,5,4,36,22,1,1,242,167,195,236,237,3,3,4,3
10841,Maf,65,40,7,3,51,25,3,0,242,126,177,232,239,14,15,4,3
5876,Fbxl22,98,66,8,1,32,15,4,0,242,112,161,230,241,66,51,4,1
21303,Wasf3,52,26,5,2,34,15,1,1,242,156,201,236,239,18,11,4,1
11956,N4bp2l1,54,32,11,2,57,41,7,2,242,131,169,224,238,-3,-9,4,0
21300,Was,57,34,7,1,50,29,3,1,242,135,179,232,240,7,5,4,0
3608,Cntnap2,46,30,11,3,46,28,7,4,242,150,184,224,235,0,2,4,-1
1288,Apbb2,59,41,7,2,66,34,3,0,242,117,167,232,240,-7,7,4,2
16594,Rps18,53,26,7,3,33,16,3,3,242,156,200,232,236,20,10,4,0
10786,Lypd3,48,30,7,2,45,25,3,2,242,149,187,232,238,3,5,4,0
10778,Lyg2,38,22,4,2,23,11,0,0,242,181,209,238,240,15,11,4,2
16002,Rbbp7,45,29,7,2,32,18,3,1,242,165,195,232,239,13,11,4,1
11998,Naip5,86,57,9,1,37,24,5,2,242,119,161,228,239,49,33,4,-1
10755,Ly6d,61,52,19,10,37,31,15,6,242,144,159,208,226,24,21,4,4
5322,En1,48,33,5,2,22,14,1,0,242,172,195,236,240,26,19,4,2
1308,Apmap,41,31,9,2,42,18,5,2,242,159,193,228,238,-1,13,4,0
19020,Tcp11,65,42,7,3,28,13,3,0,242,149,187,232,239,37,29,4,3
3413,Cldn16,17,12,4,2,9,7,0,0,242,216,223,238,240,8,5,4,2
11186,Meis1,52,32,6,0,55,34,2,1,242,135,176,234,241,-3,-2,4,-1
10948,Map3k6,66,39,7,2,35,12,3,1,242,141,191,232,239,31,27,4,1
11162,Med31,46,28,6,3,41,23,2,0,242,155,191,234,239,5,5,4,3
21366,Wdr72,38,18,5,2,19,9,1,0,242,185,215,236,240,19,9,4,2
19055,Tead1,65,38,8,3,42,20,4,2,242,135,184,230,237,23,18,4,1
5404,Epn1,54,35,8,4,34,15,4,1,242,154,192,230,237,20,20,4,3
11118,Mdga1,79,53,8,0,43,27,4,0,242,120,162,230,242,36,26,4,0
1198,Ankrd6,59,39,6,2,59,31,2,0,242,124,172,234,240,0,8,4,2
3435,Cldn8,24,15,6,5,24,10,2,1,242,194,217,234,236,0,5,4,4
11851,Mybpc3,42,25,8,2,31,17,4,0,242,169,200,230,240,11,8,4,2
11096,Mcoln2,59,35,7,1,40,24,3,3,242,143,183,232,238,19,11,4,-2
11861,Myct1,47,31,7,2,44,23,3,1,242,151,188,232,239,3,8,4,1
11061,Mbp,58,38,8,3,45,25,4,2,242,139,179,230,237,13,13,4,1
16472,Rnpepl1,42,25,8,3,60,28,4,1,242,140,189,230,238,-18,-3,4,2
11032,Matn3,33,15,4,0,36,21,0,0,242,173,206,238,242,-3,-6,4,0
882,Agmo,59,32,9,2,66,34,5,3,242,117,176,228,237,-7,-2,4,-1
11019,Masp1,53,31,8,4,49,25,4,2,242,140,186,230,236,4,6,4,2
5381,Epdr1,47,28,11,6,68,35,7,3,242,127,179,224,233,-21,-7,4,3
20204,Trmt10a,46,27,6,3,48,33,2,1,242,148,182,234,238,-2,-6,4,2
3589,Cnpy1,30,18,6,3,27,15,2,1,242,185,209,234,238,3,3,4,2
10986,Mapkapk3,48,30,7,2,50,22,3,2,242,144,190,232,238,-2,8,4,0
19042,Tdpoz6,18,18,9,3,13,13,5,1,242,211,211,228,238,5,5,4,2
19040,Tdpoz4,23,18,6,0,18,17,2,0,242,201,207,234,242,5,1,4,0
16509,Rpgrip1l,69,47,8,5,76,44,4,2,242,97,151,230,235,-7,3,4,3
10961,Map7,32,16,4,2,44,22,0,0,242,166,204,238,240,-12,-6,4,2
5809,Fam90a1b,40,24,9,4,46,28,5,0,242,156,190,228,238,-6,-4,4,4
5380,Epcam,45,33,6,4,18,11,2,2,242,179,198,234,236,27,22,4,2
1679,Atp1a3,47,27,6,1,45,16,2,1,242,150,199,234,240,2,11,4,0
9366,Il13ra1,43,27,7,3,56,23,3,1,242,143,192,232,238,-13,4,4,2
17253,Sgk1,66,43,14,6,72,48,10,1,242,104,151,218,235,-6,-5,4,5
553,Acaa1b,51,27,6,3,46,24,2,1,242,145,191,234,238,5,3,4,2
9365,Il13,26,25,10,4,21,21,6,3,242,195,196,226,235,5,4,4,1
20446,Tusc2,50,30,6,3,37,21,2,1,242,155,191,234,238,13,9,4,2
19664,Tmprss2,53,32,4,2,37,17,0,0,242,152,193,238,240,16,15,4,2
2016,Bex1,56,36,6,1,23,14,2,0,242,163,192,234,241,33,22,4,1
3778,Cpe,50,35,9,4,34,14,5,3,242,158,193,228,235,16,21,4,1
9242,Igkv14-130,9,7,7,7,9,7,3,2,242,224,228,232,233,0,0,4,5
9114,Ighv1-42,13,13,9,7,10,8,5,3,242,219,221,228,232,3,5,4,4
6678,Gm10053,34,25,7,4,25,12,3,3,242,183,205,232,235,9,13,4,1
6769,Gm10974,26,24,22,19,31,27,18,16,242,185,191,202,207,-5,-3,4,3
9234,Igkv12-46,18,18,15,7,19,17,11,5,242,205,207,216,230,-1,1,4,2
6768,Gm10964,11,11,10,10,10,9,6,6,242,221,222,226,226,1,2,4,4
13437,Olfr396-ps1,5,5,4,1,0,0,0,0,242,237,237,238,241,5,5,4,1
9300,Igkv6-29,12,12,11,5,9,8,7,6,242,221,222,224,231,3,4,4,-1
13187,Olfr1441,48,29,6,2,37,24,2,0,242,157,189,234,240,11,5,4,2
9579,Irf4,46,27,5,3,29,10,1,0,242,167,205,236,239,17,17,4,3
9109,Ighv1-34,17,15,11,8,16,16,7,3,242,209,211,224,231,1,-1,4,5
12898,Olfr1124,80,53,8,5,46,23,4,1,242,116,166,230,236,34,30,4,4
17140,Serpina3m,56,35,7,0,28,17,3,0,242,158,190,232,242,28,18,4,0
3769,Cpa1,34,18,4,0,23,16,0,0,242,185,208,238,242,11,2,4,0
4785,Dnase2a,41,33,10,4,63,32,6,4,242,138,177,226,234,-22,1,4,0
9259,Igkv3-5,13,12,8,5,10,10,4,0,242,219,220,230,237,3,2,4,5
6480,Gclm,39,16,5,2,44,23,1,1,242,159,203,236,239,-5,-7,4,1
6488,Gcnt7,40,26,9,1,39,26,5,1,242,163,190,228,240,1,0,4,0
13289,Olfr196,14,10,5,1,7,5,1,0,242,221,227,236,241,7,5,4,1
9256,Igkv3-2,12,12,10,8,14,12,6,2,242,216,218,226,232,-2,0,4,6
19688,Tnf,69,47,8,1,49,34,4,1,242,124,161,230,240,20,13,4,0
9102,Ighv1-19,16,14,11,5,14,12,7,1,242,212,216,224,236,2,2,4,4
18749,Syt8,56,46,18,7,51,42,14,5,242,135,154,210,230,5,4,4,2
15417,Prp2,7,7,5,0,2,2,1,0,242,233,233,236,242,5,5,4,0
4924,Dtx1,42,23,7,0,31,16,3,0,242,169,203,232,242,11,7,4,0
21791,Zfp36l2,49,28,10,2,51,27,6,0,242,142,187,226,240,-2,1,4,2
3155,Ces2e,58,32,8,4,33,15,4,0,242,151,195,230,238,25,17,4,4
12884,Olfr1109,40,22,6,2,48,23,2,0,242,154,197,234,240,-8,-1,4,2
12990,Olfr1224-ps1,63,43,16,3,54,41,12,7,242,125,158,214,232,9,2,4,-4
3837,Crb3,40,27,6,3,33,20,2,1,242,169,195,234,238,7,7,4,2
18632,Sumf1,43,29,7,2,46,21,3,0,242,153,192,232,240,-3,8,4,2
18719,Syngr3,60,40,6,2,51,33,2,1,242,131,169,234,239,9,7,4,1
516,Abhd12b,40,25,5,0,37,27,1,0,242,165,190,236,242,3,-2,4,0
6730,Gm10401,44,33,22,12,34,29,18,9,242,164,180,202,221,10,4,4,3
1967,Bcl11b,41,21,5,3,39,20,1,0,242,162,201,236,239,2,1,4,3
9185,Ighv5-6,7,7,7,3,11,8,3,0,242,224,227,232,239,-4,-1,4,3
9187,Ighv5-9-1,10,9,7,4,10,10,3,2,242,222,223,232,236,0,-1,4,2
9401,Il2,24,19,6,5,6,5,2,0,242,212,218,234,237,18,14,4,5
4861,Dppa2,66,44,7,1,58,39,3,1,242,118,159,232,240,8,5,4,0
19628,Tmem86a,59,44,16,5,67,48,12,4,242,116,150,214,233,-8,-4,4,1
9193,Ighv7-1,8,7,6,3,3,2,2,2,242,231,233,234,237,5,5,4,1
9427,Il4ra,69,40,7,2,62,28,3,1,242,111,174,232,239,7,12,4,1
1948,Bcam,57,38,7,2,36,19,3,0,242,149,185,232,240,21,19,4,2
15500,Prss40,23,15,4,2,19,12,0,0,242,200,215,238,240,4,3,4,2
9224,Igkv1-35,11,11,10,6,6,6,6,4,242,225,225,226,232,5,5,4,2
9217,Igkv1-110,24,22,15,9,19,17,11,4,242,199,203,216,229,5,5,4,5
9505,Insr,33,20,6,2,50,28,2,0,242,159,194,234,240,-17,-8,4,2
19543,Tmem239,58,52,16,9,38,29,12,4,242,146,161,214,229,20,23,4,5
4729,Dnai1,40,28,12,2,50,33,8,3,242,152,181,222,237,-10,-5,4,-1
4743,Dnajb3,34,22,7,1,63,36,3,2,242,145,184,232,239,-29,-14,4,-1
9150,Ighv10-1,13,12,9,7,10,8,5,4,242,219,222,228,231,3,4,4,3
17276,Sh2d2a,59,31,6,0,50,24,2,0,242,133,187,234,242,9,7,4,0
13353,Olfr295,30,13,7,3,26,12,3,2,242,186,217,232,237,4,1,4,1
20405,Ttpa,30,18,7,4,58,33,3,2,242,154,191,232,236,-28,-15,4,2
13168,Olfr1417,25,17,7,1,31,21,3,1,242,186,204,232,240,-6,-4,4,0
1981,Bcl3,72,54,9,2,58,33,5,0,242,112,155,228,240,14,21,4,2
15514,Prss55,24,23,8,3,9,8,4,3,242,209,211,230,236,15,15,4,0
17172,Serpinb9g,24,17,5,2,18,13,1,0,242,200,212,236,240,6,4,4,2
9390,Il1f6,17,16,5,1,9,9,1,0,242,216,217,236,241,8,7,4,1
13158,Olfr1406,27,16,4,2,5,1,0,0,242,210,225,238,240,22,15,4,2
3139,Cers3,49,28,6,1,64,39,2,0,242,129,175,234,241,-15,-11,4,1
4747,Dnajb7,59,48,18,8,44,33,14,5,242,139,161,210,229,15,15,4,3
6542,Gfy,46,36,7,1,20,14,3,0,242,176,192,232,241,26,22,4,1
17168,Serpinb9c,29,20,9,3,23,17,5,1,242,190,205,228,238,6,3,4,2
6478,Gckr,49,35,10,1,42,29,6,2,242,151,178,226,239,7,6,4,-1
9418,Il2rg,58,39,11,2,50,36,7,3,242,134,167,224,237,8,3,4,-1
4931,Duox2,47,24,4,2,12,3,0,0,242,183,215,238,240,35,21,4,2
3912,Crygf,5,5,5,1,7,6,1,1,242,230,231,236,240,-2,-1,4,0
9330,Igsf1,33,20,6,2,25,15,2,0,242,184,207,234,240,8,5,4,2
9015,Ifna6,9,9,7,2,7,7,3,0,242,226,226,232,240,2,2,4,2
18617,Sult2a1,6,5,4,2,1,1,0,0,242,235,236,238,240,5,4,4,2
18616,Sult1e1,33,28,7,3,26,17,3,1,242,183,197,232,238,7,11,4,2
6834,Gm11983,13,13,13,11,9,9,9,7,242,220,220,220,224,4,4,4,4
6837,Gm12166,33,25,19,10,41,32,15,8,242,168,185,208,224,-8,-7,4,2
19997,Trav5d-4,12,10,9,5,5,5,5,1,242,225,227,228,236,7,5,4,4
13210,Olfr1467,41,31,8,2,38,16,4,1,242,163,195,230,239,3,15,4,1
12765,Odf3b,61,40,14,5,61,42,10,5,242,120,160,218,232,0,-2,4,0
17112,Serf2,41,25,5,2,27,13,1,0,242,174,204,236,240,14,12,4,2
4957,Dusp4,77,50,8,2,48,25,4,0,242,117,167,230,240,29,25,4,2
6671,Glyatl3,28,28,10,2,24,22,6,1,242,190,192,226,239,4,6,4,1
6405,Galr3,61,47,11,4,39,32,7,1,242,142,163,224,237,22,15,4,3
4807,Doc2b,49,31,9,2,36,23,5,1,242,157,188,228,239,13,8,4,1
13245,Olfr1512,47,29,5,0,45,30,1,0,242,150,183,236,242,2,-1,4,0
2081,Bmp7,55,24,5,4,36,17,1,0,242,151,201,236,238,19,7,4,4
17108,Septin9,53,36,8,3,52,27,4,3,242,137,179,230,236,1,9,4,0
3911,Cryge,32,23,15,9,27,21,11,7,242,183,198,216,226,5,2,4,2
18759,T,46,35,8,2,27,16,4,0,242,169,191,230,240,19,19,4,2
9696,Jakmip1,47,31,7,1,39,21,3,3,242,156,190,232,238,8,10,4,-2
4964,Duxbl1,49,33,8,2,43,23,4,3,242,150,186,230,237,6,10,4,-1
8985,Ifi27l2b,37,29,5,3,28,22,1,1,242,177,191,236,238,9,7,4,2
17081,Sema6a,57,32,6,1,27,16,2,0,242,158,194,234,241,30,16,4,1
21024,Vmn1r35,20,19,4,1,4,1,0,0,242,218,222,238,241,16,18,4,1
9714,Jmy,50,27,6,2,39,13,2,0,242,153,202,234,240,11,14,4,2
362,9230102O04Rik,26,23,17,6,25,17,13,4,242,191,202,212,232,1,6,4,2
8984,Ifi27l2a,67,50,25,9,51,39,21,5,242,124,153,196,228,16,11,4,4
19501,Tmem196,43,30,8,2,43,28,4,0,242,156,184,230,240,0,2,4,2
3908,Crygb,12,11,8,2,11,10,4,0,242,219,221,230,240,1,1,4,2
12774,Ogdhl,55,31,6,3,43,21,2,0,242,144,190,234,239,12,10,4,3
9022,Ifne,19,17,11,3,22,22,7,1,242,201,203,224,238,-3,-5,4,2
9760,Kbtbd11,24,14,5,3,54,29,1,0,242,164,199,236,239,-30,-15,4,3
6857,Gm12887,6,6,5,3,1,1,1,0,242,235,235,236,239,5,5,4,3
475,Abca8a,46,31,8,4,18,8,4,0,242,178,203,230,238,28,23,4,4
3027,Cdv3,40,25,9,2,46,19,5,0,242,156,198,228,240,-6,6,4,2
19985,Trav23,5,5,5,4,1,1,1,1,242,236,236,236,237,4,4,4,3
6471,Gcdh,51,40,9,2,32,16,5,2,242,159,186,228,238,19,24,4,0
2099,Bnipl,74,50,11,1,46,30,7,2,242,122,162,224,239,28,20,4,-1
17310,Shank3,56,31,9,3,34,22,5,2,242,152,189,228,237,22,9,4,1
1738,Atp6v1g3,35,24,7,4,41,27,3,0,242,166,191,232,238,-6,-3,4,4
9655,Itih4,69,37,4,1,33,16,0,0,242,140,189,238,241,36,21,4,1
9343,Iho1,53,36,8,0,45,26,4,2,242,144,180,230,240,8,10,4,-2
4985,Dynlrb1,41,30,6,2,32,11,2,1,242,169,201,234,239,9,19,4,1
1903,Bbc3,65,42,13,5,58,41,9,3,242,119,159,220,234,7,1,4,2
9341,Igtp,59,40,8,2,72,40,4,0,242,111,162,230,240,-13,0,4,2
9729,Jund,70,38,6,4,28,12,2,0,242,144,192,234,238,42,26,4,4
2059,Blnk,50,24,5,2,27,7,1,0,242,165,211,236,240,23,17,4,2
6467,Gca,50,26,7,2,50,22,3,1,242,142,194,232,239,0,4,4,1
21873,Zfp579,47,25,9,2,59,27,5,0,242,136,190,228,240,-12,-2,4,2
9302,Igkv7-33,9,9,7,4,5,4,3,3,242,228,229,232,235,4,5,4,1
9303,Igkv8-16,7,7,7,4,5,4,3,1,242,230,231,232,237,2,3,4,3
1732,Atp6v1e1,51,34,7,2,41,14,3,2,242,150,194,232,238,10,20,4,0
9661,Itm2c,43,24,8,4,33,14,4,1,242,166,204,230,237,10,10,4,3
6670,Glyat,54,29,7,4,50,30,3,0,242,138,183,232,238,4,-1,4,4
9334,Igsf23,46,35,8,3,59,29,4,2,242,137,178,230,237,-13,6,4,1
583,Ace2,38,29,6,3,38,18,2,1,242,166,195,234,238,0,11,4,2
4626,Dio3,53,36,9,2,43,30,5,1,242,146,176,228,239,10,6,4,1
13727,Olfr727,63,39,9,4,41,30,5,4,242,138,173,228,234,22,9,4,0
6661,Glt1d1,25,12,3,0,49,19,0,0,242,168,211,239,242,-24,-7,3,0
7430,Gm37389,5,5,4,1,7,5,1,1,242,230,232,237,240,-2,0,3,0
20441,Tulp2,46,33,10,3,65,47,7,3,242,131,162,225,236,-19,-14,3,0
7427,Gm37240,75,54,22,12,73,47,19,8,242,94,141,201,222,2,7,3,4
19598,Tmem50a,36,21,6,2,37,21,3,2,242,169,200,233,238,-1,0,3,0
2770,Ccr1,45,34,11,2,39,27,8,5,242,158,181,223,235,6,7,3,-3
4786,Dnase2b,23,14,3,1,8,3,0,0,242,211,225,239,241,15,11,3,1
19014,Tcn2,43,29,6,3,37,23,3,1,242,162,190,233,238,6,6,3,2
6948,Gm15262,14,11,3,1,9,2,0,0,242,219,229,239,241,5,9,3,1
3843,Creb3l1,63,31,4,1,44,21,1,0,242,135,190,237,241,19,10,3,1
2966,Cdhr3,39,23,3,2,22,10,0,0,242,181,209,239,240,17,13,3,2
2779,Ccr8,32,29,3,0,24,15,0,0,242,186,198,239,242,8,14,3,0
20023,Trav7n-6,4,3,3,2,1,1,0,0,242,237,238,239,240,3,2,3,2
19296,Timp3,67,39,6,3,46,24,3,0,242,129,179,233,239,21,15,3,3
3411,Cldn14,58,45,14,6,46,39,11,5,242,138,158,217,231,12,6,3,1
20022,Trav7n-4,6,5,4,2,3,2,1,1,242,233,235,237,239,3,3,3,1
19034,Tdo2,31,20,5,0,50,28,2,1,242,161,194,235,241,-19,-8,3,-1
4195,Cyp2j8,29,20,3,1,31,23,0,0,242,182,199,239,241,-2,-3,3,1
4083,Cwh43,26,16,6,4,38,22,3,1,242,178,204,233,237,-12,-6,3,3
2777,Ccr6,33,27,11,4,35,24,8,4,242,174,191,223,234,-2,3,3,0
18185,Spatc1l,67,60,12,6,38,29,9,1,242,137,153,221,235,29,31,3,5
7411,Gm36079,4,4,3,2,0,0,0,0,242,238,238,239,240,4,4,3,2
5803,Fam83g,51,27,3,1,30,9,0,0,242,161,206,239,241,21,18,3,1
7412,Gm36176,3,3,3,0,3,3,0,0,242,236,236,239,242,0,0,3,0
5802,Fam83f,42,27,5,0,49,28,2,0,242,151,187,235,242,-7,-1,3,0
6668,Glud1,57,37,6,2,28,14,3,2,242,157,191,233,238,29,23,3,0
4771,Dnajc5,44,24,4,2,30,17,1,1,242,168,201,237,239,14,7,3,1
6939,Gm15093,10,9,7,3,4,4,4,2,242,228,229,231,237,6,5,3,1
6397,Galnt6,50,27,7,1,37,16,4,2,242,155,199,231,239,13,11,3,-1
18663,Sv2a,41,20,7,4,50,25,4,0,242,151,197,231,238,-9,-5,3,4
3540,Cmtm5,37,28,6,0,29,16,3,1,242,176,198,233,241,8,12,3,-1
5638,Faim2,54,34,5,3,31,21,2,1,242,157,187,235,238,23,13,3,2
5477,Esam,77,52,14,4,47,30,11,4,242,118,160,217,234,30,22,3,0
18581,Stx3,53,32,6,3,50,23,3,1,242,139,187,233,238,3,9,3,2
19739,Tnn,52,31,8,4,28,14,5,2,242,162,197,229,236,24,17,3,2
4636,Diras2,57,33,3,1,34,19,0,0,242,151,190,239,241,23,14,3,1
4109,Cyb561,40,22,4,2,51,26,1,0,242,151,194,237,240,-11,-4,3,2
19729,Tnik,36,18,3,1,49,27,0,0,242,157,197,239,241,-13,-9,3,1
7495,Gm43951,55,43,19,13,73,55,16,6,242,114,144,207,223,-18,-12,3,7
19908,Traj53,3,3,3,2,0,0,0,0,242,239,239,239,240,3,3,3,2
5502,Esr1,51,31,8,2,51,32,5,0,242,140,179,229,240,0,-1,3,2
19160,Tfap2e,49,31,5,0,29,16,2,0,242,164,195,235,242,20,15,3,0
20165,Trim50,38,27,7,2,48,37,4,1,242,156,178,231,239,-10,-10,3,1
19896,Traj41,3,3,3,3,0,0,0,0,242,239,239,239,239,3,3,3,3
3538,Cmtm3,50,32,11,6,65,37,8,1,242,127,173,223,235,-15,-5,3,5
4650,Dkkl1,52,41,12,5,56,44,9,5,242,134,157,221,232,-4,-3,3,0
2988,Cdk4,42,21,5,3,35,13,2,2,242,165,208,235,237,7,8,3,1
5601,F2rl1,57,39,5,3,43,23,2,1,242,142,180,235,238,14,16,3,2
2726,Ccl6,56,46,17,9,61,47,14,8,242,125,149,211,225,-5,-1,3,1
18614,Sult1c2,17,13,7,3,16,7,4,2,242,209,222,231,237,1,6,3,1
19165,Tfcp2l1,55,30,4,2,43,16,1,0,242,144,196,237,240,12,14,3,2
3513,Cltb,55,37,7,2,27,10,4,2,242,160,195,231,238,28,27,3,0
3007,Cdkn1c,56,31,5,2,32,18,2,1,242,154,193,235,239,24,13,3,1
19194,Tgif1,53,27,8,2,62,39,5,2,242,127,176,229,238,-9,-12,3,0
3916,Crym,29,15,3,2,34,13,0,0,242,179,214,239,240,-5,2,3,2
5549,Evx1,23,19,6,3,13,8,3,1,242,206,215,233,238,10,11,3,2
19186,Tgfb2,56,34,6,0,37,16,3,0,242,149,192,233,242,19,18,3,0
18605,Sugct,64,41,19,14,67,45,16,11,242,111,156,207,217,-3,-4,3,3
19181,Tg,42,31,5,1,64,34,2,0,242,136,177,235,241,-22,-3,3,1
6810,Gm11541,28,22,5,3,36,19,2,1,242,178,201,235,238,-8,3,3,2
4697,Dmrtc1b,16,14,3,0,11,7,0,0,242,215,221,239,242,5,7,3,0
20455,Twist2,66,37,8,5,60,34,5,2,242,116,171,229,235,6,3,3,3
19266,Tie1,41,27,4,2,20,10,1,1,242,181,205,237,239,21,17,3,1
20460,Txlnb,46,19,4,1,40,21,1,1,242,156,202,237,240,6,-2,3,0
6718,Gm10320,49,44,32,17,46,37,29,14,242,147,161,181,211,3,7,3,3
6719,Gm10334,6,6,3,1,4,4,0,0,242,232,232,239,241,2,2,3,1
5778,Fam50a,60,34,7,2,22,11,4,0,242,160,197,231,240,38,23,3,2
3940,Csn1s1,16,15,7,3,11,7,4,0,242,215,220,231,239,5,8,3,3
20131,Trim21,50,30,6,0,78,40,3,0,242,114,172,233,242,-28,-10,3,0
4521,Defb8,8,7,4,3,1,1,1,1,242,233,234,237,238,7,6,3,2
4181,Cyp2d22,50,34,5,3,48,30,2,1,242,144,178,235,238,2,4,3,2
3850,Crebrf,52,36,6,3,54,35,3,0,242,136,171,233,239,-2,1,3,3
19060,Tecpr1,35,22,6,2,45,22,3,0,242,162,198,233,240,-10,0,3,2
20191,Trio,57,33,7,4,43,20,4,0,242,142,189,231,238,14,13,3,4
20608,Ucn2,71,52,11,6,57,40,8,2,242,114,150,223,234,14,12,3,4
4550,Deptor,50,33,6,3,59,28,3,1,242,133,181,233,238,-9,5,3,2
19645,Tmie,42,24,7,2,51,31,4,0,242,149,187,231,240,-9,-7,3,2
6804,Gm11239,18,14,5,3,17,13,2,0,242,207,215,235,239,1,1,3,3
20611,Ucp2,57,39,10,4,46,26,7,2,242,139,177,225,236,11,13,3,2
20014,Trav7-4,11,10,6,1,5,4,3,2,242,226,228,233,239,6,6,3,-1
7480,Gm4301,37,35,12,4,21,18,9,1,242,184,189,221,237,16,17,3,3
2747,Ccnd3,47,25,6,3,39,17,3,2,242,156,200,233,237,8,8,3,1
6909,Gm14393,64,58,32,11,62,57,29,15,242,116,127,181,216,2,1,3,-4
5693,Fam167a,39,22,5,0,52,30,2,0,242,151,190,235,242,-13,-8,3,0
20142,Trim30c,35,25,6,1,29,23,3,0,242,178,194,233,241,6,2,3,1
5692,Fam166c,15,8,4,0,20,16,1,0,242,207,218,237,242,-5,-8,3,0
18628,Sult4a1,44,23,4,4,21,9,1,0,242,177,210,237,238,23,14,3,4
4177,Cyp2c70,27,20,5,0,16,9,2,2,242,199,213,235,240,11,11,3,-2
3557,Cnga3,71,45,10,2,46,25,7,3,242,125,172,225,237,25,20,3,-1
3930,Csf2rb2,60,43,9,1,49,34,6,0,242,133,165,227,241,11,9,3,1
18621,Sult2a5,6,5,3,1,6,6,0,0,242,230,231,239,241,0,-1,3,1
6910,Gm14399,75,55,22,12,62,45,19,7,242,105,142,201,223,13,10,3,5
20588,Ubtf,47,26,6,3,40,19,3,0,242,155,197,233,239,7,7,3,3
19298,Tinag,22,18,3,2,19,17,0,0,242,201,207,239,240,3,1,3,2
2875,Cd68,55,42,11,2,57,31,8,5,242,130,169,223,235,-2,11,3,-3
7215,Gm21915,12,11,7,1,6,6,4,3,242,224,225,231,238,6,5,3,-2
6173,Foxi1,19,9,5,4,29,17,2,0,242,194,216,235,238,-10,-8,3,4
6189,Foxo1,55,30,6,2,46,20,3,1,242,141,192,233,239,9,10,3,1
5120,Efcc1,86,51,8,4,49,33,5,3,242,107,158,229,235,37,18,3,1
2870,Cd59a,38,28,6,2,47,28,3,1,242,157,186,233,239,-9,0,3,1
3698,Comt,52,39,9,4,37,18,6,4,242,153,185,227,234,15,21,3,0
2873,Cd6,46,30,4,3,41,19,1,0,242,155,193,237,239,5,11,3,3
4328,Dbx1,21,11,4,0,10,6,1,0,242,211,225,237,242,11,5,3,0
5066,Ecrg4,70,54,16,4,52,39,13,2,242,120,149,213,236,18,15,3,2
6243,Fscn2,42,23,7,0,61,31,4,0,242,139,188,231,242,-19,-8,3,0
4462,Defa27,6,6,6,4,4,3,3,1,242,232,233,233,237,2,3,3,3
19511,Tmem204,60,44,10,5,51,26,7,3,242,131,172,225,234,9,18,3,2
19428,Tmem125,42,27,8,4,58,31,5,1,242,142,184,229,237,-16,-4,3,3
18841,Tap1,50,28,6,2,66,38,3,1,242,126,176,233,239,-16,-10,3,1
5092,Eef1a2,39,25,4,1,26,11,1,0,242,177,206,237,241,13,14,3,1
19439,Tmem132c,35,21,5,2,30,18,2,0,242,177,203,235,240,5,3,3,2
4033,Ctsa,45,30,9,4,38,16,6,3,242,159,196,227,235,7,14,3,1
20075,Trdc,45,28,6,0,37,18,3,2,242,160,196,233,240,8,10,3,-2
7057,Gm20518,78,47,8,1,62,35,5,1,242,102,160,229,240,16,12,3,0
3976,Csta3,13,11,7,7,6,6,4,2,242,223,225,231,233,7,5,3,5
6126,Fn1,66,39,7,3,48,30,4,1,242,128,173,231,238,18,9,3,2
5150,Egln3,53,29,4,0,46,26,1,0,242,143,187,237,242,7,3,3,0
2851,Cd36,42,25,5,2,40,16,2,1,242,160,201,235,239,2,9,3,1
3149,Ces1f,28,19,10,2,24,19,7,5,242,190,204,225,235,4,0,3,-3
3782,Cpeb4,52,27,6,3,51,32,3,0,242,139,183,233,239,1,-5,3,3
20081,Trdn,32,20,5,1,34,17,2,0,242,176,205,235,241,-2,3,3,1
4907,Dsg3,28,14,4,1,19,8,1,0,242,195,220,237,241,9,6,3,1
3152,Ces2a,28,19,5,0,32,15,2,2,242,182,208,235,240,-4,4,3,-2
19532,Tmem229b,44,29,6,2,60,40,3,0,242,138,173,233,240,-16,-11,3,2
5143,Egfl6,39,26,7,2,52,24,4,1,242,151,192,231,239,-13,2,3,1
5138,Efr3b,52,28,5,1,44,23,2,0,242,146,191,235,241,8,5,3,1
5135,Efnb2,70,43,4,2,33,11,1,0,242,139,188,237,240,37,32,3,2
20078,Trdj1,8,8,7,7,4,4,4,4,242,230,230,231,231,4,4,3,3
20040,Trbj1-1,3,3,3,3,0,0,0,0,242,239,239,239,239,3,3,3,3
5134,Efnb1,66,40,4,3,43,24,1,0,242,133,178,237,239,23,16,3,3
20065,Trbv20,13,10,7,4,4,4,4,3,242,225,228,231,235,9,6,3,1
20309,Tspan31,34,24,8,3,43,23,5,1,242,165,195,229,238,-9,1,3,2
5159,Ehd3,43,18,5,2,56,27,2,0,242,143,197,235,240,-13,-9,3,2
4983,Dynll1,69,39,8,4,37,20,5,0,242,136,183,229,238,32,19,3,4
6358,Gabrr1,37,23,4,0,32,15,1,1,242,173,204,237,241,5,8,3,-1
18417,Sstr1,21,10,3,2,23,9,0,0,242,198,223,239,240,-2,1,3,2
19476,Tmem171,63,45,11,6,67,40,8,4,242,112,157,223,232,-4,5,3,2
18418,Sstr2,52,35,6,0,45,26,3,1,242,145,181,233,241,7,9,3,-1
20355,Ttc23l,48,38,9,1,26,20,6,3,242,168,184,227,238,22,18,3,-2
6411,Gap43,45,27,5,0,38,25,2,1,242,159,190,235,241,7,2,3,-1
18421,Sstr5,44,28,4,0,26,11,1,1,242,172,203,237,241,18,17,3,-1
19807,Tpbgl,52,27,4,0,38,22,1,0,242,152,193,237,242,14,5,3,0
4956,Dusp3,52,30,8,4,56,25,5,0,242,134,187,229,238,-4,5,3,4
19817,Tph1,51,36,7,1,57,31,4,2,242,134,175,231,239,-6,5,3,-1
20053,Trbv1,15,14,12,6,10,10,9,3,242,217,218,221,233,5,4,3,3
5003,Dysf,46,28,6,0,46,19,3,1,242,150,195,233,241,0,9,3,-1
19482,Tmem178,40,25,10,5,52,34,7,3,242,150,183,225,234,-12,-9,3,2
4006,Ctf2,81,45,7,0,39,14,4,0,242,122,183,231,242,42,31,3,0
3203,Cfc1,25,19,3,0,18,14,0,0,242,199,209,239,242,7,5,3,0
19491,Tmem184b,57,36,6,2,48,26,3,2,242,137,180,233,238,9,10,3,0
6356,Gabrp,30,14,4,1,22,13,1,0,242,190,215,237,241,8,1,3,1
18404,Ssh1,58,37,7,2,40,26,4,1,242,144,179,231,239,18,11,3,1
6350,Gabrb3,29,20,4,2,41,23,1,0,242,172,199,237,240,-12,-3,3,2
20319,Tspo,50,34,7,2,31,15,4,2,242,161,193,231,238,19,19,3,0
6279,Fundc2,36,26,8,3,52,31,5,2,242,154,185,229,237,-16,-5,3,1
20063,Trbv19,13,12,5,0,3,3,2,1,242,226,227,235,241,10,9,3,-1
20312,Tspan4,53,35,8,3,43,20,5,2,242,146,187,229,237,10,15,3,1
6285,Fut11,38,20,6,0,52,27,3,1,242,152,195,233,241,-14,-7,3,-1
6465,Gbx2,40,22,5,2,34,19,2,1,242,168,201,235,239,6,3,3,1
6293,Fxn,33,22,8,4,49,27,5,4,242,160,193,229,234,-16,-5,3,0
2884,Cd81,51,33,7,4,41,17,4,2,242,150,192,231,236,10,16,3,2
3759,Cox7a1,54,35,13,5,47,26,10,2,242,141,181,219,235,7,9,3,3
18461,St8sia6,32,16,5,3,39,18,2,2,242,171,208,235,237,-7,-2,3,1
5043,Ebf1,64,39,12,4,46,24,9,5,242,132,179,221,233,18,15,3,-1
4334,Dcaf12l1,29,19,4,0,36,17,1,0,242,177,206,237,242,-7,2,3,0
6461,Gbp7,37,24,5,2,58,24,2,0,242,147,194,235,240,-21,0,3,2
18457,St8sia2,31,20,4,2,30,16,1,0,242,181,206,237,240,1,4,3,2
4454,Defa2,5,5,4,3,1,1,1,1,242,236,236,237,238,4,4,3,2
7102,Gm20831,6,6,5,5,5,4,2,2,242,231,232,235,235,1,2,3,3
18745,Syt4,24,13,5,1,32,16,2,0,242,186,213,235,241,-8,-3,3,1
2847,Cd302,46,29,10,3,49,27,7,3,242,147,186,225,236,-3,2,3,0
19301,Tinf2,63,41,10,5,44,28,7,4,242,135,173,225,233,19,13,3,1
3962,Csrp1,67,42,6,2,26,15,3,0,242,149,185,233,240,41,27,3,2
20416,Tuba3b,50,34,8,4,33,19,5,3,242,159,189,229,235,17,15,3,1
2911,Cdc34b,29,26,8,1,48,33,5,1,242,165,183,229,240,-19,-7,3,0
18703,Syn1,55,35,7,0,49,30,4,0,242,138,177,231,242,6,5,3,0
20030,Trav9-4,7,6,6,3,4,4,3,2,242,231,232,233,237,3,2,3,1
4230,Cyp4f40,41,13,3,0,37,16,0,0,242,164,213,239,242,4,-3,3,0
4485,Defb13,5,5,5,1,2,2,2,2,242,235,235,235,239,3,3,3,-1
3368,Cited2,57,36,8,3,57,30,5,2,242,128,176,229,237,0,6,3,1
20237,Trpa1,14,8,3,0,15,6,0,0,242,213,228,239,242,-1,2,3,0
5966,Fcrls,40,30,6,0,36,21,3,1,242,166,191,233,241,4,9,3,-1
20031,Trav9d-1,9,7,6,6,3,3,3,2,242,230,232,233,234,6,4,3,4
20407,Ttr,40,35,15,9,56,49,12,5,242,146,158,215,228,-16,-14,3,4
7023,Gm18336,44,22,3,0,29,13,0,0,242,169,207,239,242,15,9,3,0
7024,Gm18596,5,5,3,1,0,0,0,0,242,237,237,239,241,5,5,3,1
4276,D630023F18Rik,41,27,9,3,44,26,6,1,242,157,189,227,238,-3,1,3,2
18295,Sprr2b,14,14,5,2,8,8,2,0,242,220,220,235,240,6,6,3,2
18958,Tbx2,43,25,5,3,65,35,2,0,242,134,182,235,239,-22,-10,3,3
7006,Gm17571,31,30,24,23,34,28,21,19,242,177,184,197,200,-3,2,3,4
6611,Gjd4,38,18,5,0,39,17,2,0,242,165,207,235,242,-1,1,3,0
20226,Trp53bp1,56,26,6,2,40,24,3,1,242,146,192,233,239,16,2,3,1
3378,Ckm,58,42,9,2,44,27,6,2,242,140,173,227,238,14,15,3,0
19302,Tiparp,69,41,4,3,38,21,1,0,242,135,180,237,239,31,20,3,3
20027,Trav8n-2,12,12,11,7,9,9,8,0,242,221,221,223,235,3,3,3,7
5326,Enc1,69,35,5,1,35,19,2,1,242,138,188,235,240,34,16,3,0
4496,Defb26,7,7,4,3,5,4,1,0,242,230,231,237,239,2,3,3,3
18246,Spink14,11,11,9,6,7,7,6,0,242,224,224,227,236,4,4,3,6
20505,Uba7,52,27,7,2,57,36,4,2,242,133,179,231,238,-5,-9,3,0
7358,Gm3238,8,8,3,1,0,0,0,0,242,234,234,239,241,8,8,3,1
3956,Cspg4b,31,21,8,3,64,34,5,0,242,147,187,229,239,-33,-13,3,3
18966,Tbxa2r,69,44,13,6,53,39,10,5,242,120,159,219,231,16,5,3,1
3821,Cpxm1,51,27,6,1,53,29,3,1,242,138,186,233,240,-2,-2,3,0
18256,Spint3,21,20,14,5,15,15,11,6,242,206,207,217,231,6,5,3,-1
2799,Cd151,44,28,6,2,33,14,3,2,242,165,200,233,238,11,14,3,0
5301,Emcn,28,23,4,3,21,8,1,1,242,193,211,237,238,7,15,3,2
18270,Spon1,47,27,6,2,40,23,3,1,242,155,192,233,239,7,4,3,1
4823,Dok3,102,65,11,1,21,16,8,0,242,119,161,223,241,81,49,3,1
19323,Tle1,68,32,5,2,35,19,2,1,242,139,191,235,239,33,13,3,1
3814,Cpt1a,43,28,8,3,70,34,5,3,242,129,180,229,236,-27,-6,3,0
6120,Fmo5,55,32,8,3,67,32,5,1,242,120,178,229,238,-12,0,3,2
2841,Cd300ld2,15,14,7,4,10,9,4,3,242,217,219,231,235,5,5,3,1
7268,Gm28051,29,29,27,12,35,34,24,10,242,178,179,191,220,-6,-5,3,2
6533,Gfod2,59,29,6,2,37,20,3,1,242,146,193,233,239,22,9,3,1
3663,Col4a6,52,30,3,1,34,17,0,0,242,156,195,239,241,18,13,3,1
3791,Cpm,52,26,5,4,58,30,2,0,242,132,186,235,238,-6,-4,3,4
20516,Ubb,78,36,7,3,36,13,4,0,242,128,193,231,239,42,23,3,3
6532,Gfod1,77,46,8,4,40,26,5,1,242,125,170,229,237,37,20,3,3
4473,Defa37,3,3,3,2,0,0,0,0,242,239,239,239,240,3,3,3,2
18490,Stat4,38,21,3,0,45,26,0,0,242,159,195,239,242,-7,-5,3,0
18950,Tbr1,56,39,8,2,47,34,5,1,242,139,169,229,239,9,5,3,1
6119,Fmo4,48,28,6,4,37,17,3,1,242,157,197,233,237,11,11,3,3
20575,Ubqln2,46,25,7,2,51,21,4,2,242,145,196,231,238,-5,4,3,0
18739,Syt14,34,20,3,2,36,13,0,0,242,172,209,239,240,-2,7,3,2
4894,Drp2,47,24,5,1,56,22,2,0,242,139,196,235,241,-9,2,3,1
4039,Ctsg,22,14,6,0,21,17,3,1,242,199,211,233,241,1,-3,3,-1
20273,Tsc22d1,60,34,6,3,39,21,3,1,242,143,187,233,238,21,13,3,2
2845,Cd300lf,66,46,13,3,56,43,10,7,242,120,153,219,232,10,3,3,-4
19361,Tm6sf2,89,65,11,2,55,37,8,1,242,98,140,223,239,34,28,3,1
2835,Cd300a,73,43,6,3,38,20,3,0,242,131,179,233,239,35,23,3,3
19348,Tlr9,47,26,4,2,39,17,1,0,242,156,199,237,240,8,9,3,2
19347,Tlr8,29,19,6,2,34,20,3,2,242,179,203,233,238,-5,-1,3,0
4825,Dok5,37,17,6,4,35,20,3,0,242,170,205,233,238,2,-3,3,4
5279,Elovl2,24,9,4,3,30,13,1,0,242,188,220,237,239,-6,-4,3,3
7305,Gm29094,38,31,24,10,28,28,21,16,242,176,183,197,216,10,3,3,-6
5988,Fes,59,32,8,3,59,37,5,1,242,124,173,229,238,0,-5,3,2
18300,Sprr2h,6,6,4,3,14,12,1,1,242,222,224,237,238,-8,-6,3,2
5989,Fetub,58,42,6,1,44,27,3,1,242,140,173,233,240,14,15,3,0
4847,Dph5,61,29,7,5,34,18,4,2,242,147,195,231,235,27,11,3,3
6013,Fgf15,28,15,4,1,18,12,1,0,242,196,215,237,241,10,3,3,1
6566,Ghsr,21,11,3,0,8,3,0,0,242,213,228,239,242,13,8,3,0
4868,Dpy19l3,47,24,5,0,61,31,2,0,242,134,187,235,242,-14,-7,3,0
19339,Tlr12,21,10,5,2,32,19,2,1,242,189,213,235,239,-11,-9,3,1
20096,Trex2,43,37,12,2,38,34,9,3,242,161,171,221,237,5,3,3,-1
5250,Elavl2,44,28,4,1,39,19,1,1,242,159,195,237,240,5,9,3,0
19343,Tlr4,62,34,6,1,54,28,3,0,242,126,180,233,241,8,6,3,1
6548,Ggcx,42,25,5,2,57,31,2,1,242,143,186,235,239,-15,-6,3,1
19422,Tmem119,69,44,12,6,47,28,9,6,242,126,170,221,230,22,16,3,0
9028,Ifnl3,13,13,6,4,8,7,3,2,242,221,222,233,236,5,6,3,2
7507,Gm44965,47,44,34,25,49,42,31,25,242,146,156,177,192,-2,2,3,0
16562,Rpl7l1,47,23,6,4,54,24,3,3,242,141,195,233,235,-7,-1,3,1
10901,Man1a,56,39,5,3,49,22,2,2,242,137,181,235,237,7,17,3,1
21314,Wbp2nl,39,18,5,0,27,22,2,0,242,176,202,235,242,12,-4,3,0
10904,Man1c1,52,23,4,0,47,18,1,0,242,143,201,237,242,5,5,3,0
1247,Aoc3,69,34,6,0,49,33,3,1,242,124,175,233,241,20,1,3,-1
10923,Map1lc3a,41,20,4,2,26,8,1,0,242,175,214,237,240,15,12,3,2
1239,Anxa5,50,36,8,3,42,25,5,1,242,150,181,229,238,8,11,3,2
2718,Ccl24,50,41,14,2,49,41,11,8,242,143,160,217,232,1,0,3,-6
16507,Rpgr,35,18,5,0,50,20,2,1,242,157,204,235,241,-15,-2,3,-1
11002,Marchf8,46,35,8,3,59,33,5,1,242,137,174,229,238,-13,2,3,2
11033,Matn4,59,35,5,0,29,15,2,0,242,154,192,235,242,30,20,3,0
11046,Mbd4,38,25,6,0,47,21,3,1,242,157,196,233,241,-9,4,3,-1
11077,Mcf2,25,15,3,0,15,9,0,0,242,202,218,239,242,10,6,3,0
11097,Mcoln3,46,28,9,3,46,21,6,2,242,150,193,227,237,0,7,3,1
16446,Rnf227,62,37,7,0,50,27,4,0,242,130,178,231,242,12,10,3,0
16438,Rnf215,52,24,4,2,34,19,1,1,242,156,199,237,239,18,5,3,1
11187,Meis2,53,37,6,2,58,32,3,0,242,131,173,233,240,-5,5,3,2
16411,Rnf151,72,51,14,5,57,36,11,7,242,113,155,217,230,15,15,3,-2
11198,Mepe,15,8,4,3,10,7,1,1,242,217,227,237,238,5,1,3,2
11228,Mettl3,44,25,6,5,51,28,3,1,242,147,189,233,236,-7,-3,3,4
11263,Mfsd14b,43,26,5,2,59,31,2,1,242,140,185,235,239,-16,-5,3,1
21399,Wfdc2,49,32,11,5,23,18,8,2,242,170,192,223,235,26,14,3,3
16555,Rpl3l,52,35,12,1,58,46,9,3,242,132,161,221,238,-6,-11,3,-2
10855,Magea4,19,19,5,0,7,7,2,0,242,216,216,235,242,12,12,3,0
16769,S100a7a,82,50,10,4,52,35,7,3,242,108,157,225,235,30,15,3,1
1272,Ap3s1,48,25,7,2,36,24,4,1,242,158,193,231,239,12,1,3,1
16759,S100a10,59,40,11,4,32,20,8,5,242,151,182,223,233,27,20,3,-1
10529,Lmo2,45,32,8,5,37,25,5,1,242,160,185,229,236,8,7,3,4
1403,Arhgap26,54,27,6,2,58,29,3,2,242,130,186,233,238,-4,-2,3,0
10531,Lmo4,49,23,7,2,37,18,4,1,242,156,201,231,239,12,5,3,1
10548,Lonrf2,31,18,4,0,26,13,1,0,242,185,211,237,242,5,5,3,0
10559,Lpar3,43,27,5,2,57,40,2,0,242,142,175,235,240,-14,-13,3,2
10562,Lpar6,36,20,4,1,75,45,1,1,242,131,177,237,240,-39,-25,3,0
16727,Rufy4,54,37,9,2,46,24,6,1,242,142,181,227,239,8,13,3,1
10577,Lratd1,57,39,6,5,49,25,3,0,242,136,178,233,237,8,14,3,5
10595,Lrig3,57,29,7,1,46,26,4,0,242,139,187,231,241,11,3,3,1
16714,Rtn4rl1,51,29,6,1,39,24,3,1,242,152,189,233,240,12,5,3,0
21266,Vsir,50,28,12,0,58,42,9,1,242,134,172,221,241,-8,-14,3,-1
16690,Rtbdn,59,40,8,3,49,33,5,1,242,134,169,229,238,10,7,3,2
10699,Lrrtm4,34,18,6,0,24,16,3,0,242,184,208,233,242,10,2,3,0
21279,Vtn,64,50,7,2,34,18,4,1,242,144,174,231,239,30,32,3,1
1330,Apol11b,36,24,6,0,43,25,3,1,242,163,193,233,241,-7,-1,3,-1
10732,Ltbp3,56,39,7,2,39,18,4,2,242,147,185,231,238,17,21,3,0
10777,Lyg1,10,10,3,0,8,8,0,0,242,224,224,239,242,2,2,3,0
10801,Lyrm9,49,28,11,3,68,42,8,4,242,125,172,223,235,-19,-14,3,-1
10808,Lyz1,59,48,10,2,40,35,7,1,242,143,159,225,239,19,13,3,1
16584,Rprml,38,30,9,7,47,30,6,2,242,157,182,227,233,-9,0,3,5
16363,Rnase13,25,23,3,0,7,5,0,0,242,210,214,239,242,18,18,3,0
11305,Mib2,46,22,5,4,40,15,2,0,242,156,205,235,238,6,7,3,4
21409,Wfs1,46,29,7,2,56,32,4,2,242,140,181,231,238,-10,-3,3,0
11336,Minar2,35,26,7,1,35,21,4,1,242,172,195,231,240,0,5,3,0
21480,Xlr3b,50,38,15,7,44,34,12,6,242,148,170,215,229,6,4,3,1
16158,Retnlb,6,6,3,3,4,2,0,0,242,232,234,239,239,2,4,3,3
16152,Resf1,72,50,7,3,43,24,4,2,242,127,168,231,237,29,26,3,1
21487,Xlr5c,27,21,9,6,27,25,6,1,242,188,196,227,235,0,-4,3,5
11684,Msmo1,50,33,7,3,56,22,4,1,242,136,187,231,238,-6,11,3,2
16147,Reps2,30,13,6,2,50,29,3,0,242,162,200,233,240,-20,-16,3,2
16141,Rem2,60,37,7,3,36,16,4,0,242,146,189,231,239,24,21,3,3
16130,Reg3g,35,31,10,8,17,11,7,5,242,190,200,225,229,18,20,3,3
11722,Mtarc2,46,28,6,3,31,17,3,1,242,165,197,233,238,15,11,3,2
16101,Rdh13,58,33,9,3,48,27,6,2,242,136,182,227,237,10,6,3,1
11782,Mtus1,55,42,10,3,59,30,7,3,242,128,170,225,236,-4,12,3,0
11799,Mucl2,29,26,10,1,23,23,7,3,242,190,193,225,238,6,3,3,-2
909,Ahdc1,39,26,6,4,61,36,3,0,242,142,180,233,238,-22,-10,3,4
21512,Xylb,47,27,6,2,43,14,3,0,242,152,201,233,240,4,13,3,2
11848,Mybl2,55,28,8,2,61,33,5,0,242,126,181,229,240,-6,-5,3,2
21513,Xylt1,39,24,6,4,57,31,3,1,242,146,187,233,237,-18,-7,3,3
11860,Mycs,21,14,3,0,10,3,0,0,242,211,225,239,242,11,11,3,0
11872,Myh14,41,23,4,2,43,24,1,0,242,158,195,237,240,-2,-1,3,2
11910,Myo1b,49,24,5,2,44,19,2,0,242,149,199,235,240,5,5,3,2
11920,Myo5b,40,25,6,2,47,28,3,0,242,155,189,233,240,-7,-3,3,2
855,Aff1,65,37,8,3,38,23,5,1,242,139,182,229,238,27,14,3,2
11658,Ms4a6b,50,31,8,1,25,18,5,3,242,167,193,229,238,25,13,3,-2
11630,Mrps34,37,26,6,3,41,13,3,1,242,164,203,233,238,-4,13,3,2
11624,Mrps26,57,26,4,2,24,10,1,1,242,161,206,237,239,33,16,3,1
11438,Mob3b,37,20,4,3,71,35,1,0,242,134,187,237,239,-34,-15,3,3
16325,Rinl,50,33,4,0,55,25,1,0,242,137,184,237,242,-5,8,3,0
16321,Rin1,66,38,7,1,55,33,4,0,242,121,171,231,241,11,5,3,1
16320,Rims4,35,20,5,1,30,16,2,0,242,177,206,235,241,5,4,3,1
16311,Rilpl1,62,34,6,3,44,19,3,0,242,136,189,233,239,18,15,3,3
11394,Mme,52,30,11,2,54,34,8,3,242,136,178,223,237,-2,-4,3,-1
21426,Wnt10a,61,39,8,3,44,25,5,0,242,137,178,229,239,17,14,3,3
11418,Mmp7,34,30,11,9,24,19,8,3,242,184,193,223,230,10,11,3,6
1078,Ambp,44,35,12,3,24,20,9,6,242,174,187,221,233,20,15,3,-3
11422,Mmrn2,67,38,10,4,40,27,7,2,242,135,177,225,236,27,11,3,2
1060,Alox5ap,74,57,20,6,55,40,17,5,242,113,145,205,231,19,17,3,1
16199,Rgcc,72,45,5,2,39,16,2,0,242,131,181,235,240,33,29,3,2
11448,Mogat2,51,31,6,4,46,26,3,0,242,145,185,233,238,5,5,3,4
1058,Alox15,40,24,7,5,30,14,4,1,242,172,204,231,236,10,10,3,4
11461,Morn1,45,33,10,2,82,49,7,0,242,115,160,225,240,-37,-16,3,2
1045,Alkbh1,60,28,5,2,30,15,2,1,242,152,199,235,239,30,13,3,1
11495,Mpp5,43,24,8,6,48,24,5,0,242,151,194,229,236,-5,0,3,6
11504,Mptx2,7,5,3,2,6,5,0,0,242,229,232,239,240,1,0,3,2
21466,Xdh,57,35,9,2,55,31,6,1,242,130,176,227,239,2,4,3,1
982,Akr1c13,49,33,12,4,70,45,9,3,242,123,164,221,235,-21,-12,3,1
981,Akr1c12,40,36,9,4,43,33,6,4,242,159,173,227,234,-3,3,3,0
10519,Lmcd1,67,49,7,2,58,29,4,0,242,117,164,231,240,9,20,3,2
1422,Arhgap8,69,42,7,2,37,21,4,0,242,136,179,231,240,32,21,3,2
11949,Myzap,64,37,13,9,56,38,10,2,242,122,167,219,231,8,-1,3,7
9637,Itgav,57,31,7,3,49,23,4,2,242,136,188,231,237,8,8,3,1
9659,Itm2a,47,35,6,1,35,18,3,0,242,160,189,233,241,12,17,3,1
1719,Atp6v0a4,44,26,3,2,41,23,0,0,242,157,193,239,240,3,3,3,2
17116,Serinc2,45,27,5,2,54,21,2,1,242,143,194,235,239,-9,6,3,1
9694,Jak2,55,33,8,2,46,28,5,0,242,141,181,229,240,9,5,3,2
17087,Senp2,42,30,7,6,44,22,4,3,242,156,190,231,233,-2,8,3,3
17085,Sema7a,66,45,11,3,64,38,8,3,242,112,159,223,236,2,7,3,0
17082,Sema6b,62,38,4,0,50,23,1,0,242,130,181,237,242,12,15,3,0
1691,Atp2b3,41,20,6,1,21,11,3,1,242,180,211,233,240,20,9,3,0
9773,Kcna3,42,28,8,3,37,23,5,4,242,163,191,229,235,5,5,3,-1
9775,Kcna5,31,26,6,1,25,14,3,0,242,186,202,233,241,6,12,3,1
9785,Kcnc3,47,21,5,2,38,19,2,0,242,157,202,235,240,9,2,3,2
9801,Kcnh2,47,26,3,0,35,15,0,0,242,160,201,239,242,12,11,3,0
9825,Kcnj8,40,23,6,1,35,17,3,2,242,167,202,233,239,5,6,3,-1
9832,Kcnk16,27,14,3,0,12,6,0,0,242,203,222,239,242,15,8,3,0
9837,Kcnk5,64,33,9,6,48,32,6,0,242,130,177,227,236,16,1,3,6
17017,Sec14l4,44,23,4,0,27,11,1,0,242,171,208,237,242,17,12,3,0
9893,Kdm2a,54,29,6,3,35,17,3,1,242,153,196,233,238,19,12,3,2
9903,Kdm5c,54,24,5,2,44,19,2,1,242,144,199,235,239,10,5,3,1
1635,Atg10,54,32,6,2,50,29,3,1,242,138,181,233,239,4,3,3,1
9928,Kif12,23,17,4,2,12,8,1,0,242,207,217,237,240,11,9,3,2
9939,Kif1a,30,16,3,0,28,12,0,0,242,184,214,239,242,2,4,3,0
17130,Serpina1e,37,27,7,1,23,17,4,0,242,182,198,231,241,14,10,3,1
9636,Itgam,63,42,9,0,47,32,6,1,242,132,168,227,241,16,10,3,-1
10487,Lipa,38,32,10,5,63,32,7,3,242,141,178,225,234,-25,0,3,2
9635,Itgal,40,23,3,0,50,25,0,0,242,152,194,239,242,-10,-2,3,0
9376,Il17ra,45,26,6,3,41,15,3,0,242,156,201,233,239,4,11,3,3
9378,Il17rc,62,38,15,5,61,37,12,6,242,119,167,215,231,1,1,3,-1
21054,Vmn1r62,11,8,3,0,6,5,0,0,242,225,229,239,242,5,3,3,0
1833,B3gnt3,53,36,6,2,52,29,3,0,242,137,177,233,240,1,7,3,2
9425,Il4,37,35,22,11,33,30,19,3,242,172,177,201,228,4,5,3,8
9488,Inpp5b,45,23,6,2,49,21,3,1,242,148,198,233,239,-4,2,3,1
9497,Insc,46,33,14,3,54,37,11,2,242,142,172,217,237,-8,-4,3,1
9529,Ip6k3,52,29,5,0,63,37,2,2,242,127,176,235,240,-11,-8,3,-2
9530,Ipcef1,41,23,7,2,37,23,4,2,242,164,196,231,238,4,0,3,0
17161,Serpinb6c,54,41,13,5,47,33,10,2,242,141,168,219,235,7,8,3,3
9555,Iqck,42,20,5,1,73,47,2,0,242,127,175,235,241,-31,-27,3,1
1794,Avpr2,49,31,6,3,36,18,3,1,242,157,193,233,238,13,13,3,2
17151,Serpinb1b,55,42,7,2,38,26,4,0,242,149,174,231,240,17,16,3,2
21078,Vmn1r84,75,57,15,8,54,36,12,6,242,113,149,215,228,21,21,3,2
9587,Irgm2,50,37,8,3,74,45,5,1,242,118,160,229,238,-24,-8,3,2
9593,Irx1,56,36,12,3,54,36,9,1,242,132,170,221,238,2,0,3,2
9609,Ism1,58,39,5,1,40,23,2,0,242,144,180,235,241,18,16,3,1
17139,Serpina3k,40,20,6,2,24,11,3,2,242,178,211,233,238,16,9,3,0
9617,Isyna1,51,30,8,5,45,25,5,1,242,146,187,229,236,6,5,3,4
9629,Itga6,55,35,8,5,64,35,5,3,242,123,172,229,234,-9,0,3,2
9633,Itgad,45,38,26,8,38,36,23,15,242,159,168,193,219,7,2,3,-7
16974,Scube2,42,26,5,3,33,14,2,1,242,167,202,235,238,9,12,3,2
16957,Scnn1g,22,10,4,3,39,22,1,0,242,181,210,237,239,-17,-12,3,3
9995,Klf15,57,37,9,3,54,34,6,2,242,131,171,227,237,3,3,3,1
16951,Scn7a,25,15,4,1,31,18,1,1,242,186,209,237,240,-6,-3,3,0
16885,Scart1,25,18,4,1,16,8,1,0,242,201,216,237,241,9,10,3,1
10266,L3mbtl1,61,41,11,3,49,33,8,2,242,132,168,223,237,12,8,3,1
10287,Lamc1,49,34,9,1,36,16,6,1,242,157,192,227,240,13,18,3,0
16865,Sc5d,38,23,5,3,57,31,2,0,242,147,188,235,239,-19,-8,3,3
16862,Sbpl,5,5,3,1,0,0,0,0,242,237,237,239,241,5,5,3,1
1493,Armc12,44,36,6,2,35,28,3,0,242,163,178,233,240,9,8,3,2
10303,Lao1,25,22,7,3,11,7,4,0,242,206,213,231,239,14,15,3,3
1488,Arl8a,49,33,8,4,55,25,5,2,242,138,184,229,236,-6,8,3,2
1480,Arl5a,39,25,8,3,58,28,5,2,242,145,189,229,237,-19,-3,3,1
10317,Lars2,71,50,16,11,57,42,13,6,242,114,150,213,225,14,8,3,5
10326,Lbh,56,40,12,6,68,50,9,0,242,118,152,221,236,-12,-10,3,6
21220,Vpreb3,44,36,11,6,39,24,8,1,242,159,182,223,235,5,12,3,5
10341,Lce1e,11,11,3,1,6,6,0,0,242,225,225,239,241,5,5,3,1
1461,Arid5b,61,42,7,2,36,19,4,3,242,145,181,231,237,25,23,3,-1
16833,Saraf,62,37,6,2,15,10,3,0,242,165,195,233,240,47,27,3,2
10381,Ldc1,29,17,4,2,21,10,1,0,242,192,215,237,240,8,7,3,2
10421,Lgals3,71,52,15,8,52,37,12,6,242,119,153,215,228,19,15,3,2
10464,Lim2,17,16,3,0,14,12,0,0,242,211,214,239,242,3,4,3,0
16784,Saa3,69,45,17,10,62,40,14,8,242,111,157,211,224,7,5,3,2
10477,Lin52,61,31,8,3,45,24,5,0,242,136,187,229,239,16,7,3,3
1426,Arhgdig,50,35,8,2,49,23,5,2,242,143,184,229,238,1,12,3,0
10239,Krtap5-4,14,14,3,1,5,5,0,0,242,223,223,239,241,9,9,3,1
10238,Krtap5-3,7,6,3,0,9,7,0,0,242,226,229,239,242,-2,-1,3,0
10231,Krtap4-2,10,9,3,0,4,3,0,0,242,228,230,239,242,6,6,3,0
10101,Klrg2,82,52,6,0,48,28,3,1,242,112,162,233,241,34,24,3,-1
16938,Scml2,47,28,6,0,70,45,3,1,242,125,169,233,241,-23,-17,3,-1
10054,Klk11,45,34,8,3,30,26,5,3,242,167,182,229,236,15,8,3,0
10065,Klk1b26,28,24,8,5,18,13,5,1,242,196,205,229,236,10,11,3,4
1589,Asic2,41,22,7,0,32,17,4,1,242,169,203,231,241,9,5,3,-1
10067,Klk1b3,26,21,4,0,21,19,1,0,242,195,202,237,242,5,2,3,0
10069,Klk1b5,24,20,6,2,26,15,3,1,242,192,207,233,239,-2,5,3,1
10071,Klk1b9,18,16,3,0,16,14,0,0,242,208,212,239,242,2,2,3,0
10091,Klrb1a,35,34,17,6,57,44,14,8,242,150,164,211,228,-22,-10,3,-2
10100,Klrg1,27,19,5,2,50,36,2,1,242,165,187,235,239,-23,-17,3,1
21173,Vmn2r62,10,7,4,2,6,5,1,0,242,226,230,237,240,4,2,3,2
10225,Krtap3-3,9,9,3,1,2,2,0,0,242,231,231,239,241,7,7,3,1
10154,Krt24,18,10,3,1,20,4,0,0,242,204,228,239,241,-2,6,3,1
1551,Asah1,37,28,11,3,51,29,8,4,242,154,185,223,235,-14,-1,3,-1
21183,Vmn2r72,38,18,4,0,32,14,1,0,242,172,210,237,242,6,4,3,0
10173,Krt7,68,39,6,3,37,23,3,1,242,137,180,233,238,31,16,3,2
16894,Scfd2,38,26,4,3,47,22,1,0,242,157,194,237,239,-9,4,3,3
10187,Krt84,24,13,3,0,9,2,0,0,242,209,227,239,242,15,11,3,0
10188,Krt86,30,13,4,0,18,4,1,0,242,194,225,237,242,12,9,3,0
1530,Arrdc2,56,28,7,2,49,23,4,1,242,137,191,231,239,7,5,3,1
10196,Krtap10-10,12,10,3,2,2,1,0,0,242,228,231,239,240,10,9,3,2
11935,Myom3,36,21,4,1,39,16,1,0,242,167,205,237,241,-3,5,3,1
845,Aebp1,66,41,7,2,41,21,4,0,242,135,180,231,240,25,20,3,2
9362,Il12b,38,24,3,0,30,15,0,0,242,174,203,239,242,8,9,3,0
13888,Olfr921,31,21,3,0,34,19,0,0,242,177,202,239,242,-3,2,3,0
13913,Olfr959,35,25,4,0,31,11,1,0,242,176,206,237,242,4,14,3,0
13930,Olfr979,55,31,8,5,58,33,5,0,242,129,178,229,237,-3,-2,3,5
13948,Olig1,24,17,4,0,27,14,1,0,242,191,211,237,242,-3,3,3,0
15319,Prkaa2,40,19,3,2,53,26,0,0,242,149,197,239,240,-13,-7,3,2
13997,Orm3,46,38,10,4,41,32,7,3,242,155,172,225,235,5,6,3,1
14003,Osbp2,49,32,8,3,55,30,5,0,242,138,180,229,239,-6,2,3,3
14030,Otc,12,4,3,1,14,4,0,0,242,216,234,239,241,-2,0,3,1
14040,Otos,36,35,15,2,53,43,12,5,242,153,164,215,235,-17,-8,3,-3
14049,Otud6a,32,26,6,0,25,19,3,0,242,185,197,233,242,7,7,3,0
15272,Prcd,58,43,11,3,47,29,8,4,242,137,170,223,235,11,14,3,-1
21981,Zfp800,58,38,7,4,49,21,4,1,242,135,183,231,237,9,17,3,3
14088,P2ry2,51,31,9,4,71,47,6,0,242,120,164,227,238,-20,-16,3,4
14099,P4htm,49,25,7,2,54,27,4,1,242,139,190,231,239,-5,-2,3,1
15256,Pramel43,13,9,7,4,15,9,4,3,242,214,224,231,235,-2,0,3,1
15250,Pramel38,10,7,3,0,6,1,0,0,242,226,234,239,242,4,6,3,0
14108,Pabpn1,35,13,6,2,36,19,3,0,242,171,210,233,240,-1,-6,3,2
14120,Padi4,38,25,9,5,41,17,6,3,242,163,200,227,234,-3,8,3,2
15246,Pramel34,30,25,7,1,19,12,4,1,242,193,205,231,240,11,13,3,0
14130,Pah,26,17,7,2,21,15,4,0,242,195,210,231,240,5,2,3,2
15244,Pramel32,10,10,4,0,6,6,1,0,242,226,226,237,242,4,4,3,0
244,4930451I11Rik,20,20,17,5,20,16,14,7,242,202,206,211,230,0,4,3,-2
13902,Olfr943,39,20,6,3,33,16,3,0,242,170,206,233,239,6,4,3,3
13885,Olfr919,12,8,3,3,5,3,0,0,242,225,231,239,239,7,5,3,3
13507,Olfr488,24,14,3,1,17,9,0,0,242,201,219,239,241,7,5,3,1
15337,Prkci,57,34,7,1,37,20,4,1,242,148,188,231,240,20,14,3,0
21859,Zfp534,34,22,9,3,38,25,6,2,242,170,195,227,237,-4,-3,3,1
394,A2ml1,31,19,3,1,23,8,0,0,242,188,215,239,241,8,11,3,1
13523,Olfr507,5,5,3,0,0,0,0,0,242,237,237,239,242,5,5,3,0
13558,Olfr548-ps1,8,6,3,0,1,0,0,0,242,233,236,239,242,7,6,3,0
13572,Olfr560,13,11,3,0,10,3,0,0,242,219,228,239,242,3,8,3,0
13599,Olfr592,13,8,3,0,9,3,0,0,242,220,231,239,242,4,5,3,0
13607,Olfr60,27,18,3,0,26,12,0,0,242,189,212,239,242,1,6,3,0
13634,Olfr63,62,33,8,1,37,19,5,3,242,143,190,229,238,25,14,3,-2
15405,Prom1,34,17,5,4,36,24,2,1,242,172,201,235,237,-2,-7,3,3
15395,Proc,29,18,8,4,34,23,5,2,242,179,201,229,236,-5,-5,3,2
364,9330159F19Rik,37,19,5,1,51,32,2,0,242,154,191,235,241,-14,-13,3,1
363,9230112D13Rik,30,28,8,1,16,16,5,4,242,196,198,229,237,14,12,3,-3
13692,Olfr690,35,18,5,0,45,26,2,1,242,162,198,235,241,-10,-8,3,-1
13744,Olfr743,5,3,3,0,6,3,0,0,242,231,236,239,242,-1,0,3,0
13750,Olfr749,8,8,3,0,1,1,0,0,242,233,233,239,242,7,7,3,0
13752,Olfr753-ps1,10,9,4,1,3,3,1,0,242,229,230,237,241,7,6,3,1
13786,Olfr796,53,35,4,1,37,26,1,0,242,152,181,237,241,16,9,3,1
339,6030468B19Rik,43,33,5,2,39,30,2,0,242,160,179,235,240,4,3,3,2
15346,Prkg2,62,37,9,2,50,32,6,1,242,130,173,227,239,12,5,3,1
328,5430401F13Rik,13,13,7,2,8,8,4,0,242,221,221,231,240,5,5,3,2
21908,Zfp641,34,20,7,1,38,19,4,2,242,170,203,231,239,-4,1,3,-1
240,4930447A16Rik,14,13,12,1,16,16,9,4,242,212,213,221,237,-2,-3,3,-3
14156,Pank3,44,22,7,2,54,25,4,0,242,144,195,231,240,-10,-3,3,2
15231,Pramel20,11,6,3,2,13,6,0,0,242,218,230,239,240,-2,0,3,2
14162,Papln,49,29,5,2,42,23,2,0,242,151,190,235,240,7,6,3,2
22124,Zkscan16,49,30,7,2,37,19,4,1,242,156,193,231,239,12,11,3,1
14533,Pga5,37,26,5,2,33,19,2,0,242,172,197,235,240,4,7,3,2
14547,Pgghg,45,28,9,3,48,28,6,1,242,149,186,227,238,-3,0,3,2
14560,Pgm5,43,23,4,1,26,15,1,0,242,173,204,237,241,17,8,3,1
22141,Zmym1,64,43,7,1,40,25,4,0,242,138,174,231,241,24,18,3,1
22146,Zmym6,49,28,6,2,34,18,3,1,242,159,196,233,239,15,10,3,1
14965,Pnpo,55,33,8,4,42,18,5,0,242,145,191,229,238,13,15,3,4
14947,Pnma2,32,13,3,1,26,10,0,0,242,184,219,239,241,6,3,3,1
14697,Pilrb1,57,52,21,9,43,36,18,13,242,142,154,203,220,14,16,3,-4
14938,Pnck,42,27,4,2,36,23,1,0,242,164,192,237,240,6,4,3,2
14714,Pip4p2,51,40,7,2,36,18,4,1,242,155,184,231,239,15,22,3,1
22165,Zp3,41,27,5,2,28,16,2,2,242,173,199,235,238,13,11,3,0
14728,Pitpnc1,51,32,6,3,50,27,3,0,242,141,183,233,239,1,5,3,3
14932,Pmp22,68,38,8,2,45,22,5,0,242,129,182,229,240,23,16,3,2
14926,Pmfbp1,34,17,3,0,27,13,0,0,242,181,212,239,242,7,4,3,0
14912,Plxna3,49,25,6,3,46,24,3,0,242,147,193,233,239,3,1,3,3
14799,Plagl1,55,38,8,0,53,33,5,0,242,134,171,229,242,2,5,3,0
14804,Plaur,64,47,11,5,49,27,8,0,242,129,168,223,237,15,20,3,5
25,1520401A03Rik,52,36,8,2,43,21,5,2,242,147,185,229,238,9,15,3,0
14836,Plekha2,50,36,5,2,38,19,2,0,242,154,187,235,240,12,17,3,2
14840,Plekha6,47,35,12,6,52,27,9,3,242,143,180,221,233,-5,8,3,3
22115,Zic1,55,24,4,2,40,16,1,0,242,147,202,237,240,15,8,3,2
139,2010003K11Rik,43,34,9,7,48,32,6,1,242,151,176,227,234,-5,2,3,6
14401,Pde6a,63,42,11,2,66,40,8,3,242,113,160,223,237,-3,2,3,-1
14284,Pcdhb11,41,21,5,0,42,19,2,1,242,159,202,235,241,-1,2,3,-1
15229,Pramel18,16,14,3,0,9,7,0,0,242,217,221,239,242,7,7,3,0
15214,Ppy,14,14,11,1,11,10,8,1,242,217,218,223,240,3,4,3,0
14194,Parp3,75,39,7,2,39,18,4,1,242,128,185,231,239,36,21,3,1
14217,Pate8,8,8,7,7,6,6,4,4,242,228,228,231,231,2,2,3,3
14228,Pax5,26,17,9,5,33,21,6,1,242,183,204,227,236,-7,-4,3,4
209,3110082J24Rik,37,32,15,7,41,32,12,4,242,164,178,215,231,-4,0,3,3
22060,Zfp968,64,49,20,13,69,55,17,12,242,109,138,205,217,-5,-6,3,1
14254,Pcbp4,59,33,8,4,54,30,5,2,242,129,179,229,236,5,3,3,2
14274,Pcdha4,21,16,8,6,21,16,5,2,242,200,210,229,234,0,0,3,4
14289,Pcdhb16,40,28,4,0,50,28,1,1,242,152,186,237,241,-10,0,3,-1
14394,Pde3b,41,24,7,1,56,31,4,0,242,145,187,231,241,-15,-7,3,1
14300,Pcdhb6,46,26,5,3,43,22,2,0,242,153,194,235,239,3,4,3,3
14305,Pcdhga10,52,28,8,5,42,18,5,1,242,148,196,229,236,10,10,3,4
14309,Pcdhga3,45,27,4,0,51,28,1,0,242,146,187,237,242,-6,-1,3,0
175,2410004P03Rik,49,29,4,0,45,19,1,0,242,148,194,237,242,4,10,3,0
14318,Pcdhgb4,58,26,7,4,42,23,4,2,242,142,193,231,236,16,3,3,2
14331,Pcgf5,47,27,5,2,47,19,2,0,242,148,196,235,240,0,8,3,2
14354,Pcp4l1,66,43,6,1,34,16,3,0,242,142,183,233,241,32,27,3,1
151,2300002M23Rik,16,9,5,1,23,18,2,0,242,203,215,235,241,-7,-9,3,1
14393,Pde3a,46,27,3,0,48,19,0,0,242,148,196,239,242,-2,8,3,0
21857,Zfp53,57,36,6,0,43,31,3,2,242,142,175,233,240,14,5,3,-2
13487,Olfr467,7,7,3,0,0,0,0,0,242,235,235,239,242,7,7,3,0
11957,N4bp2l2,39,25,9,4,70,30,6,5,242,133,187,227,233,-31,-5,3,-1
12256,Nfs1,36,18,5,3,44,20,2,0,242,162,204,235,239,-8,-2,3,3
12266,Ngf,74,52,15,5,54,31,12,7,242,114,159,215,230,20,21,3,-2
12272,Nhlh1,52,35,6,5,28,18,3,0,242,162,189,233,237,24,17,3,5
730,Adamts14,57,34,3,0,52,21,0,0,242,133,187,239,242,5,13,3,0
12283,Niban2,60,34,7,2,28,14,4,2,242,154,194,231,238,32,20,3,0
724,Adam9,46,29,6,3,50,25,3,1,242,146,188,233,238,-4,4,3,2
12299,Nipal2,37,27,6,0,50,31,3,0,242,155,184,233,242,-13,-4,3,0
15831,Rab3a,50,31,6,3,48,24,3,0,242,144,187,233,239,2,7,3,3
15821,Rab32,74,40,8,2,43,29,5,2,242,125,173,229,238,31,11,3,0
12333,Nkx2-9,32,22,4,0,30,15,1,1,242,180,205,237,241,2,7,3,-1
12349,Nlrp12,21,14,3,1,23,5,0,0,242,198,223,239,241,-2,9,3,1
15802,Rab18,42,31,8,3,46,22,5,2,242,154,189,229,237,-4,9,3,1
12383,Nmrk1,70,42,8,3,43,26,5,3,242,129,174,229,236,27,16,3,0
15781,Qtrt1,47,31,8,0,50,27,5,2,242,145,184,229,240,-3,4,3,-2
12405,Nol10,49,26,6,3,37,15,3,1,242,156,201,233,238,12,11,3,2
12433,Notch1,64,35,8,1,38,17,5,1,242,140,190,229,240,26,18,3,0
12437,Noto,28,20,3,0,12,7,0,0,242,202,215,239,242,16,13,3,0
12439,Nova1,43,24,5,2,60,35,2,0,242,139,183,235,240,-17,-11,3,2
15757,Pygm,57,38,7,2,34,24,4,0,242,151,180,231,240,23,14,3,2
12468,Nphs2,31,16,5,2,33,16,2,1,242,178,210,235,239,-2,0,3,1
12476,Nppb,55,50,17,11,44,35,14,5,242,143,157,211,226,11,15,3,6
12477,Nppc,44,32,9,3,41,28,6,1,242,157,182,227,238,3,4,3,2
21592,Zbtb38,53,29,6,2,49,25,3,0,242,140,188,233,240,4,4,3,2
12240,Nfe2l2,53,25,5,2,51,37,2,1,242,138,180,235,239,2,-12,3,1
13416,Olfr370,63,40,9,4,44,23,6,1,242,135,179,227,237,19,17,3,3
12232,Nfat5,54,30,7,3,41,25,4,1,242,147,187,231,238,13,5,3,2
11989,Naf1,34,21,4,2,40,16,1,0,242,168,205,237,240,-6,5,3,2
15996,Rb1,45,24,5,4,45,25,2,0,242,152,193,235,238,0,-1,3,4
831,Adra1a,51,28,4,2,43,23,1,0,242,148,191,237,240,8,5,3,2
15991,Rassf8,61,33,7,2,53,27,4,0,242,128,182,231,240,8,6,3,2
21557,Ywhah,47,24,7,3,33,18,4,2,242,162,200,231,237,14,6,3,1
821,Ado,49,27,5,3,54,29,2,0,242,139,186,235,239,-5,-2,3,3
813,Adipoq,51,48,19,9,54,46,16,6,242,137,148,207,227,-3,2,3,3
810,Adhfe1,50,31,11,5,62,37,8,2,242,130,174,223,235,-12,-6,3,3
795,Adgrg4,37,27,12,9,32,24,9,4,242,173,191,221,229,5,3,3,5
15943,Rapgef3,64,39,11,5,55,34,8,4,242,123,169,223,233,9,5,3,1
12099,Ndn,45,23,3,0,14,7,0,0,242,183,212,239,242,31,16,3,0
783,Adgrd1,43,22,6,1,47,23,3,0,242,152,197,233,241,-4,-1,3,1
21571,Zbp1,69,46,13,2,53,38,10,4,242,120,158,219,236,16,8,3,-2
781,Adgrb2,49,27,3,0,25,10,0,0,242,168,205,239,242,24,17,3,0
12103,Ndrg1,61,39,8,3,51,25,5,2,242,130,178,229,237,10,14,3,1
15930,Ranbp9,42,20,6,2,47,25,3,1,242,153,197,233,239,-5,-5,3,1
12137,Ndufb11b,35,33,10,5,34,26,7,0,242,173,183,225,237,1,7,3,5
12179,Neil1,41,22,9,0,60,28,6,0,242,141,192,227,242,-19,-6,3,0
15888,Rad51c,65,35,6,1,48,29,3,1,242,129,178,233,240,17,6,3,0
12212,Neu3,59,33,8,3,45,24,5,0,242,138,185,229,239,14,9,3,3
12217,Neurl3,52,35,10,2,66,33,7,1,242,124,174,225,239,-14,2,3,1
21666,Zdhhc22,72,37,7,2,43,28,4,2,242,127,177,231,238,29,9,3,0
15738,Pwwp3b,67,38,9,1,46,29,6,4,242,129,175,227,237,21,9,3,-3
12490,Npw,39,26,10,6,39,27,7,1,242,164,189,225,235,0,-1,3,5
12499,Nr0b1,25,12,3,0,16,7,0,0,242,201,223,239,242,9,5,3,0
13112,Olfr1352,23,14,6,4,48,23,3,0,242,171,205,233,238,-25,-9,3,4
13132,Olfr1373,18,17,5,4,12,11,2,0,242,212,214,235,238,6,6,3,4
496,Abcc8,37,22,5,2,36,17,2,1,242,169,203,235,239,1,5,3,1
13142,Olfr1385,54,24,6,4,62,35,3,2,242,126,183,233,236,-8,-11,3,2
13179,Olfr143,34,20,6,4,39,21,3,0,242,169,201,233,238,-5,-1,3,4
476,Abca8b,52,32,5,0,38,17,2,0,242,152,193,235,242,14,15,3,0
21798,Zfp385b,44,24,4,0,43,16,1,0,242,155,202,237,242,1,8,3,0
13240,Olfr1507,37,24,7,0,32,18,4,0,242,173,200,231,242,5,6,3,0
13261,Olfr160,44,28,7,0,40,25,4,0,242,158,189,231,242,4,3,3,0
15486,Prss23,64,42,6,2,46,25,3,2,242,132,175,233,238,18,17,3,0
13276,Olfr178,23,17,3,1,26,18,0,0,242,193,207,239,241,-3,-1,3,1
15479,Prrxl1,52,31,5,1,29,13,2,2,242,161,198,235,239,23,18,3,-1
13309,Olfr222,15,11,3,0,9,7,0,0,242,218,224,239,242,6,4,3,0
13319,Olfr239,24,14,3,0,16,11,0,0,242,202,217,239,242,8,3,3,0
13349,Olfr291,20,12,3,0,26,17,0,0,242,196,213,239,242,-6,-5,3,0
432,Aadac,21,18,5,3,16,12,2,0,242,205,212,235,239,5,6,3,3
13379,Olfr322,53,34,7,1,32,18,4,1,242,157,190,231,240,21,16,3,0
428,AA792892,49,26,6,1,46,27,3,0,242,147,189,233,241,3,-1,3,1
13383,Olfr328,52,25,7,6,56,31,4,1,242,134,186,231,235,-4,-6,3,5
13389,Olfr335-ps,13,11,4,2,14,12,1,0,242,215,219,237,240,-1,-1,3,2
13403,Olfr353,25,12,4,0,32,18,1,1,242,185,212,237,241,-7,-6,3,-1
13078,Olfr1316,25,14,4,1,30,16,1,0,242,187,212,237,241,-5,-2,3,1
13075,Olfr1313,26,8,4,2,25,14,1,0,242,191,220,237,240,1,-6,3,2
15529,Psat1,58,39,8,2,38,22,5,1,242,146,181,229,239,20,17,3,1
15635,Ptger2,51,35,6,1,25,10,3,0,242,166,197,233,241,26,25,3,1
657,Actl6b,37,19,4,2,23,17,1,0,242,182,206,237,240,14,2,3,2
12514,Nr2f1,48,32,6,2,66,45,3,1,242,128,165,233,239,-18,-13,3,1
15722,Purb,43,20,6,2,34,16,3,0,242,165,206,233,240,9,4,3,2
635,Acsl4,46,34,6,3,48,23,3,0,242,148,185,233,239,-2,11,3,3
12555,Nrtn,41,25,6,3,59,31,3,2,242,142,186,233,237,-18,-6,3,1
12557,Nrxn2,48,21,4,0,44,24,1,0,242,150,197,237,242,4,-3,3,0
623,Acp7,30,19,5,1,32,19,2,2,242,180,204,235,239,-2,0,3,-1
12603,Ntn4,53,34,10,4,67,49,7,3,242,122,159,225,235,-14,-15,3,1
12655,Numb,58,35,11,3,41,20,8,4,242,143,187,223,235,17,15,3,-1
12678,Nupl1,44,25,7,0,54,34,4,1,242,144,183,231,241,-10,-9,3,-1
12976,Olfr1211,20,14,5,2,19,4,2,1,242,203,224,235,239,1,10,3,1
12704,Nxph3,58,39,6,0,46,27,3,2,242,138,176,233,240,12,12,3,-2
12719,Oas1e,36,23,4,1,24,19,1,1,242,182,200,237,240,12,4,3,0
12749,Ociad2,68,48,11,5,42,26,8,3,242,132,168,223,234,26,22,3,2
567,Acan,42,20,3,1,31,14,0,0,242,169,208,239,241,11,6,3,1
12767,Odf3l2,32,24,5,3,26,16,2,0,242,184,202,235,239,6,8,3,3
12794,Olfml2a,43,30,4,2,44,16,1,1,242,155,196,237,239,-1,14,3,1
12807,Olfr1014,14,7,3,1,11,10,0,0,242,217,225,239,241,3,-3,3,1
551,Abtb2,68,38,6,1,39,21,3,1,242,135,183,233,240,29,17,3,0
12862,Olfr1085,16,10,3,0,13,2,0,0,242,213,230,239,242,3,8,3,0
9373,Il17c,52,43,21,10,56,48,18,7,242,134,151,203,225,-4,-5,3,3
16511,Rph3al,50,36,9,3,39,24,6,1,242,153,182,227,238,11,12,3,2
8923,Hyi,39,28,8,4,44,27,5,1,242,159,187,229,237,-5,1,3,3
2594,Ccdc149,40,21,4,0,38,13,1,0,242,164,208,237,242,2,8,3,0
7754,Gm6619,6,6,6,2,5,4,3,1,242,231,232,233,239,1,2,3,1
9113,Ighv1-4,9,6,5,3,9,7,2,2,242,224,229,235,237,0,-1,3,1
2017,Bex2,68,49,15,2,46,37,12,5,242,128,156,215,235,22,12,3,-3
8606,Hes1,69,44,9,2,59,42,6,2,242,114,156,227,238,10,2,3,0
2601,Ccdc158,46,21,6,1,37,24,3,1,242,159,197,233,240,9,-3,3,0
8158,Grhpr,45,27,9,2,52,28,6,1,242,145,187,227,239,-7,-1,3,1
8620,Heyl,34,19,4,0,36,13,1,0,242,172,210,237,242,-2,6,3,0
7760,Gm6871,61,45,13,1,70,50,10,4,242,111,147,219,237,-9,-5,3,-3
2028,Bhlha15,67,40,7,2,36,20,4,0,242,139,182,231,240,31,20,3,2
9095,Ighm,39,26,9,3,38,27,6,1,242,165,189,227,238,1,-1,3,2
8155,Grhl1,52,27,8,1,67,37,5,0,242,123,178,229,241,-15,-10,3,1
17941,Smndc1,34,16,6,3,45,24,3,1,242,163,202,233,238,-11,-8,3,2
2604,Ccdc162,57,35,4,0,51,32,1,1,242,134,175,237,241,6,3,3,-1
8621,Hfe,58,26,7,3,55,30,4,1,242,129,186,231,238,3,-4,3,2
7784,Gm7579,7,7,3,2,2,2,0,0,242,233,233,239,240,5,5,3,2
2242,Btnl2,41,25,3,1,27,12,0,0,242,174,205,239,241,14,13,3,1
9048,Igbp1,42,30,8,3,28,12,5,4,242,172,200,229,235,14,18,3,-1
20963,Vmn1r206,55,27,5,0,44,20,2,0,242,143,195,235,242,11,7,3,0
7801,Gm7982,5,5,5,3,6,6,2,0,242,231,231,235,239,-1,-1,3,3
2241,Btnl10,55,35,5,0,53,28,2,0,242,134,179,235,242,2,7,3,0
8151,Greb1,45,29,4,1,37,19,1,1,242,160,194,237,240,8,10,3,0
17312,Shb,79,50,7,4,32,16,4,1,242,131,176,231,237,47,34,3,3
4127,Cycs,51,37,7,2,28,14,4,3,242,163,191,231,237,23,23,3,-1
2237,Btla,44,37,8,4,38,20,5,3,242,160,185,229,235,6,17,3,1
2010,Bend7,36,18,4,2,45,16,1,0,242,161,208,237,240,-9,2,3,2
8597,Heph,34,21,5,2,26,11,2,0,242,182,210,235,240,8,10,3,2
17679,Slc38a11,50,34,8,1,36,27,5,3,242,156,181,229,238,14,7,3,-2
17704,Slc40a1,41,33,13,8,68,54,10,6,242,133,155,219,228,-27,-21,3,2
7670,Gm52993,41,26,4,2,17,16,1,0,242,184,200,237,240,24,10,3,2
20676,Unc79,30,17,5,0,19,12,2,0,242,193,213,235,242,11,5,3,0
2627,Ccdc188,41,35,9,2,32,23,6,2,242,169,184,227,238,9,12,3,0
8523,Hbb-y,17,15,7,3,11,9,4,3,242,214,218,231,236,6,6,3,0
9173,Ighv3-4,7,7,5,4,5,4,2,1,242,230,231,235,237,2,3,3,3
9171,Ighv3-1,9,8,6,5,8,6,3,2,242,225,228,233,235,1,2,3,3
8532,Hccs,44,27,7,3,42,22,4,1,242,156,193,231,238,2,5,3,2
8534,Hcfc1r1,36,23,5,2,27,16,2,1,242,179,203,235,239,9,7,3,1
17531,Slc22a8,33,23,4,2,38,23,1,0,242,171,196,237,240,-5,0,3,2
8192,Grm4,32,21,4,1,29,12,1,1,242,181,209,237,240,3,9,3,0
9162,Ighv2-2,13,11,8,8,12,8,5,4,242,217,223,229,230,1,3,3,4
9156,Ighv14-1,9,8,6,1,8,7,3,3,242,225,227,233,238,1,1,3,-2
8166,Grifin,28,24,9,1,31,24,6,2,242,183,194,227,239,-3,0,3,-1
9148,Ighv1-85,9,9,8,7,10,9,5,3,242,223,224,229,232,-1,0,3,4
8551,Hdac4,69,41,6,0,55,25,3,2,242,118,176,233,240,14,16,3,-2
8174,Grin2b,23,9,3,0,18,13,0,0,242,201,220,239,242,5,-4,3,0
9146,Ighv1-82,16,15,11,8,15,13,8,7,242,211,214,223,227,1,2,3,1
7697,Gm5771,13,12,4,0,3,3,1,0,242,226,227,237,242,10,9,3,0
17280,Sh2d5,58,34,8,3,55,24,5,0,242,129,184,229,239,3,10,3,3
17283,Sh3bgr,71,50,20,8,60,37,17,6,242,111,155,205,228,11,13,3,2
9134,Ighv1-67,6,6,5,4,7,5,2,2,242,229,231,235,236,-1,1,3,2
9131,Ighv1-63,8,8,7,4,11,11,4,2,242,223,223,231,236,-3,-3,3,2
17977,Snai3,66,43,11,4,48,25,8,6,242,128,174,223,232,18,18,3,-2
17517,Slc22a20,33,14,4,1,27,16,1,0,242,182,212,237,241,6,-2,3,1
2453,Car2,34,19,4,3,32,15,1,0,242,176,208,237,239,2,4,3,3
9014,Ifna5,7,7,5,1,6,6,2,1,242,229,229,235,240,1,1,3,0
17841,Slit3,66,38,4,0,26,11,1,0,242,150,193,237,242,40,27,3,0
17733,Slc4a4,59,40,7,3,57,30,4,0,242,126,172,231,239,2,10,3,3
8017,Gpc4,46,31,8,5,46,20,5,2,242,150,191,229,235,0,11,3,3
17352,Shtn1,40,24,8,3,65,27,5,2,242,137,191,229,237,-25,-3,3,1
8749,Hoxa4,52,32,8,3,46,29,5,3,242,144,181,229,236,6,3,3,0
8114,Gprasp2,64,41,5,0,22,6,2,2,242,156,195,235,240,42,35,3,-2
8113,Gprasp1,72,48,7,2,44,20,4,1,242,126,174,231,239,28,28,3,1
8026,Gphb5,27,18,5,1,26,23,2,0,242,189,201,235,241,1,-5,3,1
8899,Htr3a,44,26,7,5,26,12,4,1,242,172,204,231,236,18,14,3,4
8759,Hoxb5,42,19,7,1,46,26,4,2,242,154,197,231,239,-4,-7,3,-1
20789,Utf1,32,22,4,0,31,14,1,0,242,179,206,237,242,1,8,3,0
8764,Hoxc10,42,27,8,2,33,18,5,0,242,167,197,229,240,9,9,3,2
20936,Vmn1r179,42,25,4,0,34,25,1,0,242,166,192,237,242,8,0,3,0
2129,Bpifb9b,20,15,3,0,12,9,0,0,242,210,218,239,242,8,6,3,0
2067,Blvrb,47,31,8,3,43,22,5,2,242,152,189,229,237,4,9,3,1
8877,Hspb2,56,39,15,3,43,31,12,6,242,143,172,215,233,13,8,3,-3
20778,Usp50,60,37,7,4,57,31,4,3,242,125,174,231,235,3,6,3,1
2487,Casp12,59,40,9,2,63,44,6,0,242,120,158,227,240,-4,-4,3,2
8048,Gpr137c,60,35,9,0,59,35,6,1,242,123,172,227,241,1,0,3,-1
8054,Gpr146,56,41,8,3,69,55,5,1,242,117,146,229,238,-13,-14,3,2
17411,Skint1,5,5,3,1,1,1,0,0,242,236,236,239,241,4,4,3,1
17395,Sit1,43,36,7,2,50,40,4,0,242,149,166,231,240,-7,-4,3,2
8098,Gpr55,41,24,5,0,25,14,2,1,242,176,204,235,241,16,10,3,-1
8070,Gpr171,35,23,6,2,29,16,3,2,242,178,203,233,238,6,7,3,0
8842,Hsd3b1,25,19,4,1,17,11,1,0,242,200,212,237,241,8,8,3,1
17745,Slc5a11,57,33,11,5,50,35,8,5,242,135,174,223,232,7,-2,3,0
8014,Gpc1,62,37,6,1,44,22,3,0,242,136,183,233,241,18,15,3,1
17774,Slc6a5,20,12,3,0,30,9,0,0,242,192,221,239,242,-10,3,3,0
17349,Shroom2,33,15,5,2,37,16,2,0,242,172,211,235,240,-4,-1,3,2
2107,Boll,47,37,19,8,56,46,16,5,242,139,159,207,229,-9,-9,3,3
9013,Ifna4,9,9,7,1,6,5,4,0,242,227,228,231,241,3,4,3,1
20742,Usp17ld,31,20,3,0,12,6,0,0,242,199,216,239,242,19,14,3,0
8643,Hif3a,41,22,6,1,36,16,3,1,242,165,204,233,240,5,6,3,0
8647,Higd2a,35,24,7,3,32,14,4,4,242,175,204,231,235,3,10,3,-1
9006,Ifna11,6,6,3,1,0,0,0,0,242,236,236,239,241,6,6,3,1
2456,Car5a,68,44,15,6,66,41,12,1,242,108,157,215,235,2,3,3,5
8648,Hikeshi,66,32,9,3,30,21,6,2,242,146,189,227,237,36,11,3,1
17470,Slc16a11,58,37,11,3,65,38,8,2,242,119,167,223,237,-7,-1,3,1
17320,Shd,64,40,11,2,53,43,8,2,242,125,159,223,238,11,-3,3,0
17467,Slc15a5,37,23,10,4,29,22,7,1,242,176,197,225,237,8,1,3,3
7953,Gnl3l,57,32,5,2,44,19,2,1,242,141,191,235,239,13,13,3,1
8987,Ifi35,47,33,5,2,44,18,2,0,242,151,191,235,240,3,15,3,2
2090,Bmx,35,23,4,1,44,14,1,1,242,163,205,237,240,-9,9,3,0
2541,Cbr3,48,34,11,1,62,34,8,2,242,132,174,223,239,-14,0,3,-1
2458,Car6,53,38,6,1,28,20,3,0,242,161,184,233,241,25,18,3,1
8133,Gpx4,40,21,5,4,34,18,2,1,242,168,203,235,237,6,3,3,3
8132,Gpx3,54,38,9,4,47,27,6,3,242,141,177,227,235,7,11,3,1
8705,Hmx3,38,26,7,1,36,24,4,0,242,168,192,231,241,2,2,3,1
8960,Idnk,46,27,6,3,41,18,3,1,242,155,197,233,238,5,9,3,2
8709,Hnf4g,18,11,4,4,18,9,1,1,242,206,222,237,237,0,2,3,3
8130,Gpx1,48,30,8,4,36,23,5,1,242,158,189,229,237,12,7,3,3
17726,Slc49a4,44,29,7,3,41,19,4,1,242,157,194,231,238,3,10,3,2
8120,Gprin1,32,18,5,3,28,15,2,0,242,182,209,235,239,4,3,3,3
20875,Vma21,45,30,7,4,45,17,4,0,242,152,195,231,238,0,13,3,4
17504,Slc1a7,77,50,13,5,51,30,10,6,242,114,162,219,231,26,20,3,-1
9186,Ighv5-9,7,7,6,2,10,8,3,2,242,225,227,233,238,-3,-1,3,0
8491,Hao2,26,18,5,3,14,9,2,0,242,202,215,235,239,12,9,3,3
9352,Ikzf3,32,18,3,0,29,15,0,0,242,181,209,239,242,3,3,3,0
1891,Barx1,31,23,4,1,13,10,1,0,242,198,209,237,241,18,13,3,1
20857,Vgll1,24,18,6,0,11,7,3,0,242,207,217,233,242,13,11,3,0
7622,Gm49601,32,30,16,12,34,28,13,8,242,176,184,213,222,-2,2,3,4
8355,H2-K1,52,31,7,3,34,15,4,3,242,156,196,231,236,18,16,3,0
9317,Iglc1,24,22,17,11,24,20,14,6,242,194,200,211,225,0,2,3,5
18054,Snx31,38,22,5,3,56,31,2,1,242,148,189,235,238,-18,-9,3,2
9228,Igkv10-95,6,6,5,5,6,5,2,2,242,230,231,235,235,0,1,3,3
8371,H2-Q1,62,44,4,2,39,18,1,0,242,141,180,237,240,23,26,3,2
18099,Sox10,37,21,5,1,70,42,2,0,242,135,179,235,241,-33,-21,3,1
1957,Bcat1,64,45,11,6,62,33,8,1,242,116,164,223,235,2,12,3,5
18102,Sox13,47,26,5,2,59,32,2,0,242,136,184,235,240,-12,-6,3,2
7636,Gm50139,60,54,36,21,56,46,33,24,242,126,142,173,197,4,8,3,-3
2421,Cap2,62,35,10,2,51,35,7,3,242,129,172,225,237,11,0,3,-1
8366,H2-M3,43,29,11,2,73,45,8,2,242,126,168,223,238,-30,-16,3,0
2381,Calhm6,50,30,9,3,69,50,6,4,242,123,162,227,235,-19,-20,3,-1
2360,Cadm1,42,21,7,3,50,25,4,1,242,150,196,231,238,-8,-4,3,2
1934,BC048562,16,13,7,1,18,18,4,0,242,208,211,231,241,-2,-5,3,1
7606,Gm49393,24,24,18,12,20,20,15,8,242,198,198,209,222,4,4,3,4
17666,Slc35g1,50,34,8,3,58,31,5,2,242,134,177,229,237,-8,3,3,1
17255,Sgk3,38,25,7,2,74,38,4,2,242,130,179,231,238,-36,-13,3,0
8309,Gulo,39,21,4,1,22,8,1,1,242,181,213,237,240,17,13,3,0
1911,Bbs4,38,23,6,2,42,19,3,0,242,162,200,233,240,-4,4,3,2
2358,Cacybp,98,63,10,4,21,15,7,2,242,123,164,225,236,77,48,3,2
7567,Gm48552,64,47,26,14,53,39,23,15,242,125,156,193,213,11,8,3,-1
7571,Gm49027,73,60,26,7,76,60,23,8,242,93,122,193,227,-3,0,3,-1
9280,Igkv4-78,12,12,10,8,10,9,7,4,242,220,221,225,230,2,3,3,4
8400,H2ac7,76,58,31,19,61,45,28,11,242,105,139,183,212,15,13,3,8
18094,Sowaha,30,17,4,0,47,23,1,0,242,165,202,237,242,-17,-6,3,0
1918,BC005537,38,20,6,3,51,27,3,2,242,153,195,233,237,-13,-7,3,1
17648,Slc35b2,49,30,7,2,51,25,4,4,242,142,187,231,236,-2,5,3,-2
17656,Slc35e1,39,27,6,2,53,22,3,1,242,150,193,233,239,-14,5,3,1
9255,Igkv3-12,13,10,7,5,14,12,4,2,242,215,220,231,235,-1,-2,3,3
9311,Igkv8-30,14,14,11,8,16,14,8,6,242,212,214,223,228,-2,0,3,2
7540,Gm45871,35,17,8,2,56,31,5,3,242,151,194,229,237,-21,-14,3,-1
9202,Ighv8-5,8,7,5,1,5,4,2,0,242,229,231,235,241,3,3,3,1
20820,Vamp9,34,30,17,9,46,38,14,8,242,162,174,211,225,-12,-8,3,1
2684,Ccdc85c,45,20,10,7,61,28,7,5,242,136,194,225,230,-16,-8,3,2
7641,Gm50387,62,29,7,2,41,16,4,2,242,139,197,231,238,21,13,3,0
9346,Ikbip,36,29,6,2,48,17,3,2,242,158,196,233,238,-12,12,3,0
9188,Ighv6-3,16,15,12,7,12,11,9,5,242,214,216,221,230,4,4,3,2
8238,Gstk1,35,25,10,4,45,35,7,3,242,162,182,225,235,-10,-10,3,1
8506,Haus2,38,22,6,1,59,33,3,1,242,145,187,233,240,-21,-11,3,0
9200,Ighv8-2,4,4,4,2,4,3,1,0,242,234,235,237,240,0,1,3,2
9201,Ighv8-4,3,3,3,3,2,2,0,0,242,237,237,239,239,1,1,3,3
9344,Iigp1,39,26,8,4,66,32,5,1,242,137,184,229,237,-27,-6,3,3
18045,Snx20,59,32,5,1,54,25,2,1,242,129,185,235,240,5,7,3,0
7522,Gm4559,5,5,3,0,1,1,0,0,242,236,236,239,242,4,4,3,0
18108,Sox21,20,10,3,0,29,18,0,0,242,193,214,239,242,-9,-8,3,0
18020,Snrpf,42,23,8,5,43,17,5,1,242,157,202,229,236,-1,6,3,4
2376,Calhm1,22,18,6,2,23,19,3,1,242,197,205,233,239,-1,-1,3,1
1878,Baiap2l1,73,45,7,3,46,23,4,1,242,123,174,231,238,27,22,3,2
4843,Dpf3,43,28,7,3,53,29,5,1,242,146,185,230,238,-10,-1,2,2
13342,Olfr283,17,11,2,0,18,11,0,0,242,207,220,240,242,-1,0,2,0
8348,H2-D1,55,34,6,3,32,14,4,2,242,155,194,232,237,23,20,2,1
18377,Srrm3,37,22,5,1,23,17,3,0,242,182,203,234,241,14,5,2,1
13139,Olfr1382,25,16,2,1,24,16,0,0,242,193,210,240,241,1,0,2,1
4835,Doxl2,11,10,3,0,9,6,1,0,242,222,226,238,242,2,4,2,0
12376,Nme8,16,13,2,1,13,9,0,0,242,213,220,240,241,3,4,2,1
4850,Dpm1,49,28,8,5,47,18,6,6,242,146,196,228,231,2,10,2,-1
5136,Efnb3,78,47,6,1,31,20,4,3,242,133,175,232,238,47,27,2,-2
18400,Ssbp3,47,24,5,2,46,17,3,1,242,149,201,234,239,1,7,2,1
13341,Olfr282,18,16,2,0,18,16,0,0,242,206,210,240,242,0,0,2,0
13130,Olfr1370,6,5,2,0,0,0,0,0,242,236,237,240,242,6,5,2,0
13347,Olfr288,6,2,2,2,1,0,0,0,242,235,240,240,240,5,2,2,2
13346,Olfr287,35,19,3,0,49,30,1,0,242,158,193,238,242,-14,-11,2,0
13120,Olfr136,6,4,2,0,11,9,0,0,242,225,229,240,242,-5,-5,2,0
4873,Dpysl2,62,34,7,5,48,22,5,2,242,132,186,230,235,14,12,2,3
12392,Nnmt,48,36,6,1,47,24,4,2,242,147,182,232,239,1,12,2,-1
12389,Nmur1,39,26,8,2,49,42,6,4,242,154,174,228,236,-10,-16,2,-2
13077,Olfr1315-ps1,14,9,2,1,8,7,0,0,242,220,226,240,241,6,2,2,1
4741,Dnajb14,74,46,5,2,36,20,3,2,242,132,176,234,238,38,26,2,0
8097,Gpr52,55,40,4,1,55,26,2,0,242,132,176,236,241,0,14,2,1
12271,Nhej1,36,17,3,0,53,24,1,0,242,153,201,238,242,-17,-7,2,0
15509,Prss50,41,31,5,1,41,22,3,3,242,160,189,234,238,0,9,2,-2
17606,Slc28a2,36,14,3,0,31,15,1,0,242,175,213,238,242,5,-1,2,0
15457,Prr30,24,13,3,1,15,8,1,1,242,203,221,238,240,9,5,2,0
12275,Nhlrc2,57,32,3,2,34,14,1,1,242,151,196,238,239,23,18,2,1
4863,Dppa4,26,17,2,1,21,14,0,0,242,195,211,240,241,5,3,2,1
13101,Olfr1340,26,10,2,0,7,1,0,0,242,209,231,240,242,19,9,2,0
13108,Olfr1349,39,19,2,1,38,17,0,0,242,165,206,240,241,1,2,2,1
4826,Dok6,23,14,2,0,23,10,0,0,242,196,218,240,242,0,4,2,0
19389,Tmco4,43,29,7,4,50,19,5,1,242,149,194,230,237,-7,10,2,3
15475,Prrt3,54,35,6,0,45,32,4,2,242,143,175,232,240,9,3,2,-2
13146,Olfr1389,19,9,2,1,21,11,0,0,242,202,222,240,241,-2,-2,2,1
19627,Tmem82,51,25,5,3,47,18,3,1,242,144,199,234,238,4,7,2,2
13233,Olfr150,4,4,2,0,0,0,0,0,242,238,238,240,242,4,4,2,0
4806,Doc2a,49,26,9,1,43,29,7,1,242,150,187,226,240,6,-3,2,0
12335,Nkx3-2,35,21,4,1,33,25,2,0,242,174,196,236,241,2,-4,2,1
18314,Spsb2,39,18,6,3,63,29,4,0,242,140,195,232,239,-24,-11,2,3
8362,H2-M10.5,11,8,2,1,11,10,0,0,242,220,224,240,241,0,-2,2,1
13251,Olfr1537,17,13,3,1,35,15,1,0,242,190,214,238,241,-18,-2,2,1
4773,Dnajc5g,27,23,8,2,20,16,6,3,242,195,203,228,237,7,7,2,-1
7281,Gm28363,7,6,4,1,4,4,2,2,242,231,232,236,239,3,2,2,-1
19605,Tmem59,42,24,5,3,35,15,3,1,242,165,203,234,238,7,9,2,2
15811,Rab25,60,35,10,7,53,40,8,4,242,129,167,224,231,7,-5,2,3
8111,Gpr88,43,30,4,0,26,13,2,1,242,173,199,236,241,17,17,2,-1
12326,Nkx1-2,21,10,2,0,29,12,0,0,242,192,220,240,242,-8,-2,2,0
13308,Olfr221,44,32,3,2,45,30,1,0,242,153,180,238,240,-1,2,2,2
13299,Olfr206,6,4,2,0,2,1,0,0,242,234,237,240,242,4,3,2,0
13294,Olfr201,9,5,2,0,9,4,0,0,242,224,233,240,242,0,1,2,0
12396,Nobox,46,33,7,0,43,32,5,0,242,153,177,230,242,3,1,2,0
5148,Egln1,51,29,6,2,32,15,4,0,242,159,198,232,240,19,14,2,2
13220,Olfr1484,47,28,6,1,40,22,4,0,242,155,192,232,241,7,6,2,1
13195,Olfr1449,5,4,2,1,8,8,0,0,242,229,230,240,241,-3,-4,2,1
13147,Olfr139,8,8,2,0,1,1,0,0,242,233,233,240,242,7,7,2,0
18384,Srsf2,38,18,5,3,41,19,3,0,242,163,205,234,239,-3,-1,2,3
8118,Gprc5d,39,30,3,0,41,29,1,0,242,162,183,238,242,-2,1,2,0
19600,Tmem51,28,11,3,3,53,22,1,0,242,161,209,238,239,-25,-11,2,3
15461,Prr5,48,29,5,2,56,34,3,0,242,138,179,234,240,-8,-5,2,2
13332,Olfr267,64,41,4,0,37,18,2,1,242,141,183,236,241,27,23,2,-1
8352,H2-Ea,26,20,11,7,27,24,9,5,242,189,198,222,230,-1,-4,2,2
13205,Olfr1461,5,2,2,0,2,1,0,0,242,235,239,240,242,3,1,2,0
19619,Tmem71,38,27,11,4,49,27,9,2,242,155,188,222,236,-11,0,2,2
8116,Gprc5b,48,24,6,1,50,27,4,0,242,144,191,232,241,-2,-3,2,1
4818,Dock8,42,18,2,2,47,18,0,0,242,153,206,240,240,-5,0,2,2
4810,Dock10,41,26,5,1,51,30,3,1,242,150,186,234,240,-10,-4,2,0
17608,Slc28a3,42,20,2,0,41,24,0,0,242,159,198,240,242,1,-4,2,0
13198,Olfr1451,15,12,2,0,5,5,0,0,242,222,225,240,242,10,7,2,0
13188,Olfr1442,41,26,2,0,13,6,0,0,242,188,210,240,242,28,20,2,0
12427,Nos1,41,11,2,0,36,14,0,0,242,165,217,240,242,5,-3,2,0
13070,Olfr1309,25,19,2,1,17,8,0,0,242,200,215,240,241,8,11,2,1
12758,Odam,7,5,2,2,5,2,0,0,242,230,235,240,240,2,3,2,2
15602,Psmg3,51,28,6,5,35,21,4,2,242,156,193,232,235,16,7,2,3
12538,Nrg2,58,36,9,3,72,50,7,0,242,112,156,226,239,-14,-14,2,3
4971,Dydc2,17,8,2,1,24,15,0,0,242,201,219,240,241,-7,-7,2,1
15599,Psmf1,32,18,5,3,40,17,3,3,242,170,207,234,236,-8,1,2,0
18334,Sqstm1,71,45,5,3,17,11,3,0,242,154,186,234,239,54,34,2,3
4962,Dusp9,36,22,7,1,64,36,5,0,242,142,184,230,241,-28,-14,2,1
12753,Ocstamp,39,24,5,3,54,25,3,0,242,149,193,234,239,-15,-1,2,3
7223,Gm21969,51,37,6,2,22,10,4,0,242,169,195,232,240,29,27,2,2
8240,Gstm2,53,36,13,4,52,33,11,4,242,137,173,218,234,1,3,2,0
12545,Nrk,32,15,2,0,18,5,0,0,242,192,222,240,242,14,10,2,0
8172,Grin1,48,31,4,0,29,17,2,1,242,165,194,236,241,19,14,2,-1
12761,Odf1,44,36,7,0,24,21,5,0,242,174,185,230,242,20,15,2,0
12513,Nr2e3,54,27,6,2,42,20,4,0,242,146,195,232,240,12,7,2,2
5063,Ecm1,87,61,7,2,36,24,5,2,242,119,157,230,238,51,37,2,0
8242,Gstm4,39,19,4,3,38,26,2,2,242,165,197,236,237,1,-7,2,1
8085,Gpr27,33,14,3,1,32,13,1,0,242,177,215,238,241,1,1,2,1
15584,Psmd14,42,26,6,3,34,21,4,4,242,166,195,232,235,8,5,2,-1
12791,Olfm4,22,12,3,2,33,15,1,0,242,187,215,238,240,-11,-3,2,2
15704,Ptpru,44,18,2,1,36,12,0,0,242,162,212,240,241,8,6,2,1
12716,Oas1b,66,28,8,3,45,20,6,2,242,131,194,228,237,21,8,2,1
8160,Gria2,29,17,4,0,31,12,2,0,242,182,213,236,242,-2,5,2,0
15650,Pth,6,6,2,0,1,1,0,0,242,235,235,240,242,5,5,2,0
8235,Gsta4,42,23,9,4,62,51,7,4,242,138,168,226,234,-20,-28,2,0
12604,Ntn5,47,29,5,0,35,23,3,3,242,160,190,234,239,12,6,2,-3
12606,Ntng2,52,26,6,1,57,32,4,0,242,133,184,232,241,-5,-6,2,1
12629,Nudt11,33,16,5,1,37,17,3,2,242,172,209,234,239,-4,-1,2,-1
15689,Ptprcap,76,66,26,16,65,56,24,13,242,101,120,192,213,11,10,2,3
15653,Pth2r,49,36,16,4,49,38,14,6,242,144,168,212,232,0,-2,2,-2
12572,Nsmce2,28,22,7,2,46,21,5,3,242,168,199,230,237,-18,1,2,-1
15652,Pth2,18,14,10,5,15,13,8,5,242,209,215,224,232,3,1,2,0
12639,Nudt19,43,27,7,2,57,34,5,3,242,142,181,230,237,-14,-7,2,-1
7226,Gm21973,10,9,7,2,13,9,5,4,242,219,224,230,236,-3,0,2,-2
15642,Ptgfr,43,22,4,2,43,22,2,0,242,156,198,236,240,0,0,2,2
8221,Gsg1,44,36,8,2,52,45,6,0,242,146,161,228,240,-8,-9,2,2
12664,Nup210,37,14,3,2,35,14,1,0,242,170,214,238,240,2,0,2,2
15692,Ptprf,39,18,4,3,43,21,2,0,242,160,203,236,239,-4,-3,2,3
5025,E2f6,45,29,3,2,50,26,1,0,242,147,187,238,240,-5,3,2,2
8236,Gsta5,43,41,13,4,55,39,11,4,242,144,162,218,234,-12,2,2,0
15630,Ptf1a,15,13,2,0,8,7,0,0,242,219,222,240,242,7,6,2,0
17703,Slc3a2,74,44,5,2,26,14,3,2,242,142,184,234,238,48,30,2,0
4949,Dusp2,64,49,12,6,66,42,10,2,242,112,151,220,234,-2,7,2,4
12799,Olfr1000,21,11,2,0,19,8,0,0,242,202,223,240,242,2,3,2,0
13062,Olfr130,17,7,2,0,6,2,0,0,242,219,233,240,242,11,5,2,0
17659,Slc35e4,58,38,7,1,49,29,5,0,242,135,175,230,241,9,9,2,1
7194,Gm21818,11,11,5,0,17,13,3,0,242,214,218,234,242,-6,-2,2,0
12918,Olfr115,28,18,3,0,33,18,1,1,242,181,206,238,241,-5,0,2,-1
12969,Olfr1202,49,30,7,4,56,27,5,2,242,137,185,230,236,-7,3,2,2
15758,Pygo1,40,18,2,0,44,13,0,0,242,158,211,240,242,-4,5,2,0
15544,Psg22,24,16,4,0,6,6,2,1,242,212,220,236,241,18,10,2,-1
4897,Dsc3,32,17,2,0,17,10,0,0,242,193,215,240,242,15,7,2,0
12457,Npcd,47,37,15,11,34,26,13,7,242,161,179,214,224,13,11,2,4
12996,Olfr1230,2,2,2,1,0,0,0,0,242,240,240,240,241,2,2,2,1
13009,Olfr1246,40,17,3,0,48,21,1,0,242,154,204,238,242,-8,-4,2,0
12911,Olfr1138,20,14,3,0,22,16,1,1,242,200,212,238,241,-2,-2,2,-1
19541,Tmem238,56,39,19,8,62,39,17,16,242,124,164,206,218,-6,0,2,-8
12576,Nsrp1,42,20,8,5,51,31,6,6,242,149,191,228,231,-9,-11,2,-1
12415,Nolc1,44,27,5,2,42,21,3,0,242,156,194,234,240,2,6,2,2
19542,Tmem238l,16,16,5,4,23,21,3,0,242,203,205,234,238,-7,-5,2,4
13036,Olfr1274,47,24,5,2,30,15,3,0,242,165,203,234,240,17,9,2,2
15527,Psap,52,26,8,4,36,14,6,2,242,154,202,228,236,16,12,2,2
4886,Drd1,31,14,2,0,21,11,0,0,242,190,217,240,242,10,3,2,0
15519,Prtg,38,20,4,2,33,15,2,1,242,171,207,236,239,5,5,2,1
15755,Pygb,47,26,6,2,42,17,4,2,242,153,199,232,238,5,9,2,0
12904,Olfr1131,7,5,2,0,7,7,0,0,242,228,230,240,242,0,-2,2,0
18350,Srgap1,53,27,2,1,40,22,0,0,242,149,193,240,241,13,5,2,1
19435,Tmem131,41,27,5,2,34,24,3,1,242,167,191,234,239,7,3,2,1
19440,Tmem132d,18,8,2,0,16,10,0,0,242,208,224,240,242,2,-2,2,0
12806,Olfr1013,6,6,2,0,7,6,0,0,242,229,230,240,242,-1,0,2,0
17670,Slc36a2,39,22,7,2,59,35,5,1,242,144,185,230,239,-20,-13,2,1
5077,Eddm3b,34,29,4,2,19,14,2,1,242,189,199,236,239,15,15,2,1
4932,Duoxa1,49,38,11,0,54,37,9,3,242,139,167,222,239,-5,1,2,-3
12809,Olfr1016,21,9,3,3,17,10,1,0,242,204,223,238,239,4,-1,2,3
12811,Olfr1019,23,7,3,2,15,7,1,0,242,204,228,238,240,8,0,2,2
12479,Npr2,53,32,9,3,60,35,7,2,242,129,175,226,237,-7,-3,2,1
7202,Gm21863,53,43,27,25,52,43,25,20,242,137,156,190,197,1,0,2,5
12892,Olfr1118,43,22,3,1,39,21,1,0,242,160,199,238,241,4,1,2,1
8256,Gsx1,20,13,2,2,19,12,0,0,242,203,217,240,240,1,1,2,2
12834,Olfr1043,12,10,2,1,17,12,0,0,242,213,220,240,241,-5,-2,2,1
5085,Edn3,38,15,4,2,21,13,2,0,242,183,214,236,240,17,2,2,2
12857,Olfr1079,3,3,2,2,1,1,0,0,242,238,238,240,240,2,2,2,2
15752,Pycr1,54,28,5,2,47,27,3,1,242,141,187,234,239,7,1,2,1
5090,Eed,36,18,6,3,45,24,4,3,242,161,200,232,236,-9,-6,2,0
12469,Npl,41,32,9,5,64,40,7,4,242,137,170,226,233,-23,-8,2,1
12880,Olfr1104,20,12,2,0,19,7,0,0,242,203,223,240,242,1,5,2,0
4738,Dnajb11,42,26,5,2,32,18,3,1,242,168,198,234,239,10,8,2,1
9357,Il10rb,48,26,10,7,65,28,8,1,242,129,188,224,234,-17,-2,2,6
7299,Gm28897,5,5,5,4,3,3,3,1,242,234,234,234,237,2,2,2,3
8072,Gpr174,32,15,2,0,32,12,0,0,242,178,215,240,242,0,3,2,0
7681,Gm5485,14,13,9,3,17,15,7,2,242,211,214,226,237,-3,-2,2,1
15163,Ppp1r36,40,27,3,1,38,29,1,0,242,164,186,238,241,2,-2,2,1
7671,Gm53012,64,40,12,2,36,19,10,5,242,142,183,220,235,28,21,2,-3
14311,Pcdhga5,51,32,3,1,40,23,1,1,242,151,187,238,240,11,9,2,0
14313,Pcdhga7,42,23,4,1,66,27,2,0,242,134,192,236,241,-24,-4,2,1
14321,Pcdhgb7,52,28,2,0,48,24,0,0,242,142,190,240,242,4,4,2,0
14324,Pcdhgc5,47,31,14,7,62,37,12,4,242,133,174,216,231,-15,-6,2,3
14327,Pcf11,42,20,4,3,47,28,2,1,242,153,194,236,238,-5,-8,2,2
4323,Dbndd2,61,38,9,7,34,20,7,0,242,147,184,226,235,27,18,2,7
18027,Sntg2,43,22,6,0,48,25,4,3,242,151,195,232,239,-5,-3,2,-3
14356,Pcsk1n,36,20,2,0,18,10,0,0,242,188,212,240,242,18,10,2,0
14359,Pcsk5,42,22,2,2,33,11,0,0,242,167,209,240,240,9,11,2,2
7475,Gm428,11,9,7,6,9,8,5,5,242,222,225,230,231,2,1,2,1
7647,Gm5096,16,13,6,2,10,8,4,0,242,216,221,232,240,6,5,2,2
14417,Pdgfra,53,38,6,3,59,41,4,3,242,130,163,232,236,-6,-3,2,0
14425,Pdia3,40,25,6,3,38,18,4,1,242,164,199,232,238,2,7,2,2
14436,Pdlim2,55,36,11,3,68,42,9,1,242,119,164,222,238,-13,-6,2,2
7482,Gm4303,22,20,7,1,15,15,5,0,242,205,207,230,241,7,5,2,1
14444,Pdpn,57,35,3,2,44,24,1,1,242,141,183,238,239,13,11,2,1
15095,Ppef2,63,41,4,0,45,22,2,0,242,134,179,236,242,18,19,2,0
18130,Spaar,43,26,5,0,40,24,3,0,242,159,192,234,242,3,2,2,0
14478,Peg3,34,21,3,1,35,18,1,1,242,173,203,238,240,-1,3,2,0
4291,Dach1,20,9,2,2,42,18,0,0,242,180,215,240,240,-22,-9,2,2
14481,Peli3,50,38,8,2,74,40,6,2,242,118,164,228,238,-24,-2,2,0
4278,D630045J12Rik,37,19,2,2,50,23,0,0,242,155,200,240,240,-13,-4,2,2
14297,Pcdhb3,29,17,3,1,34,9,1,0,242,179,216,238,241,-5,8,2,1
4348,Dcc,14,5,2,1,33,14,0,0,242,195,223,240,241,-19,-9,2,1
4349,Dcdc2a,39,24,3,1,44,22,1,0,242,159,196,238,241,-5,2,2,1
14262,Pcdh17,31,21,2,1,48,31,0,0,242,163,190,240,241,-17,-10,2,1
7441,Gm38303,27,24,20,13,29,25,18,11,242,186,193,204,218,-2,-1,2,2
14205,Pate1,7,6,5,1,5,4,3,1,242,230,232,234,240,2,2,2,0
14213,Pate4,15,15,3,2,12,11,1,0,242,215,216,238,240,3,4,2,2
14218,Pate9,53,35,6,1,38,24,4,0,242,151,183,232,241,15,11,2,1
4419,Ddx24,32,18,4,2,47,17,2,1,242,163,207,236,239,-15,1,2,1
14227,Pax4,27,24,7,3,18,16,5,0,242,197,202,230,239,9,8,2,3
7447,Gm3854,51,24,6,1,62,33,4,2,242,129,185,232,239,-11,-9,2,-1
7723,Gm6040,3,3,2,1,6,6,0,0,242,233,233,240,241,-3,-3,2,1
14243,Pbx1,48,23,3,2,47,28,1,0,242,147,191,238,240,1,-5,2,2
15185,Ppp2r3a,40,25,7,2,53,27,5,2,242,149,190,230,238,-13,-2,2,0
17980,Snap29,36,23,5,2,33,15,3,0,242,173,204,234,240,3,8,2,2
4389,Ddah1,42,27,6,2,45,23,4,2,242,155,192,232,238,-3,4,2,0
4352,Dchs1,49,29,5,1,47,23,3,0,242,146,190,234,241,2,6,2,1
4386,Dcx,35,22,4,1,37,21,2,0,242,170,199,236,241,-2,1,2,1
14269,Pcdha1,14,7,2,0,26,14,0,0,242,202,221,240,242,-12,-7,2,0
7452,Gm39115,8,4,3,0,8,6,1,1,242,226,232,238,241,0,-2,2,-1
14282,Pcdhb1,26,15,3,0,16,6,1,1,242,200,221,238,241,10,9,2,-1
14283,Pcdhb10,27,13,4,0,45,17,2,0,242,170,212,236,242,-18,-4,2,0
7686,Gm5617,34,19,9,3,56,29,7,3,242,152,194,226,236,-22,-10,2,0
19825,Tpm4,57,33,6,2,29,12,4,1,242,156,197,232,239,28,21,2,1
14287,Pcdhb14,38,15,3,0,43,13,1,1,242,161,214,238,241,-5,2,2,-1
18009,Snrnp48,54,33,7,1,24,18,5,2,242,164,191,230,239,30,15,2,-1
14292,Pcdhb19,35,21,2,1,42,13,0,0,242,165,208,240,241,-7,8,2,1
14294,Pcdhb20,38,20,3,0,60,26,1,0,242,144,196,238,242,-22,-6,2,0
14492,Perp,51,33,6,2,44,22,4,0,242,147,187,232,240,7,11,2,2
4267,D17H6S53E,41,25,10,6,68,36,8,4,242,133,181,224,232,-27,-11,2,2
19871,Traj18,2,2,2,2,1,1,0,0,242,239,239,240,240,1,1,2,2
14821,Plcl2,35,22,5,0,32,16,3,1,242,175,204,234,241,3,6,2,-1
14737,Piwil2,53,30,7,1,43,25,5,0,242,146,187,230,241,10,5,2,1
14755,Pkig,43,22,6,5,47,27,4,0,242,152,193,232,237,-4,-5,2,5
14762,Pknox1,59,31,7,2,57,35,5,2,242,126,176,230,238,2,-4,2,0
14765,Pkp2,55,31,2,2,26,13,0,0,242,161,198,240,240,29,18,2,2
14914,Plxnb1,44,25,5,3,55,31,3,0,242,143,186,234,239,-11,-6,2,3
14778,Pla2g2f,31,16,3,0,23,9,1,1,242,188,217,238,241,8,7,2,-1
4178,Cyp2d10,34,34,7,3,24,21,5,2,242,184,187,230,237,10,13,2,1
7535,Gm45808,27,26,12,4,19,17,10,7,242,196,199,220,231,8,9,2,-3
4172,Cyp2c65,41,23,6,1,25,17,4,0,242,176,202,232,241,16,6,2,1
14803,Plau,77,52,13,10,58,30,11,2,242,107,160,218,230,19,22,2,8
14813,Plcd3,60,38,6,0,37,19,4,1,242,145,185,232,241,23,19,2,-1
4167,Cyp2c39,13,5,2,0,10,6,0,0,242,219,231,240,242,3,-1,2,0
7559,Gm47985,42,28,10,4,42,32,8,7,242,158,182,224,231,0,-4,2,-3
14892,Plpp7,44,25,6,1,55,39,4,0,242,143,178,232,241,-11,-14,2,1
14823,Plcxd2,55,35,6,0,55,29,4,0,242,132,178,232,242,0,6,2,0
14825,Plcz1,13,7,2,0,13,6,0,0,242,216,229,240,242,0,1,2,0
14888,Plpp3,47,31,6,2,64,26,4,1,242,131,185,232,239,-17,5,2,1
4155,Cyp2a4,19,9,2,2,13,8,0,0,242,210,225,240,240,6,1,2,2
14885,Plpbp,43,27,5,3,39,18,3,0,242,160,197,234,239,4,9,2,3
14880,Plod1,74,41,3,2,20,10,1,1,242,148,191,238,239,54,31,2,1
4144,Cyp1b1,52,30,6,2,61,38,4,2,242,129,174,232,238,-9,-8,2,0
4139,Cyp11b2,10,6,2,1,5,3,0,0,242,227,233,240,241,5,3,2,1
14856,Plekhh3,61,39,7,0,43,28,5,0,242,138,175,230,242,18,11,2,0
14872,Plin5,74,46,4,1,46,25,2,0,242,122,171,236,241,28,21,2,1
18122,Sp3,34,17,5,4,40,27,3,1,242,168,198,234,237,-6,-10,2,3
14722,Pirb,89,60,11,0,48,29,9,4,242,105,153,222,238,41,31,2,-4
4257,Cytl1,27,18,9,2,26,22,7,1,242,189,202,226,239,1,-4,2,1
14570,Phactr2,52,25,5,2,46,18,3,1,242,144,199,234,239,6,7,2,1
15057,Por,53,27,3,3,29,12,1,0,242,160,203,238,239,24,15,2,3
15055,Popdc2,63,35,8,3,50,24,6,1,242,129,183,228,238,13,11,2,2
15053,Pop5,48,25,4,4,35,20,2,1,242,159,197,236,237,13,5,2,3
19882,Traj28,4,3,3,3,2,2,1,1,242,236,237,238,238,2,1,2,2
4232,Cyp4x1,65,42,7,1,42,24,5,2,242,135,176,230,239,23,18,2,-1
7614,Gm49425,13,4,2,1,7,4,0,0,242,222,234,240,241,6,0,2,1
4224,Cyp4f15,43,27,3,0,25,8,1,0,242,174,207,238,242,18,19,2,0
4223,Cyp4f14,58,42,6,2,53,41,4,3,242,131,159,232,237,5,1,2,-1
4221,Cyp4b1,46,33,5,2,35,19,3,1,242,161,190,234,239,11,14,2,1
4219,Cyp4a31,52,34,7,3,49,26,5,2,242,141,182,230,237,3,8,2,1
4218,Cyp4a30b,11,6,2,1,8,7,0,0,242,223,229,240,241,3,-1,2,1
4213,Cyp4a10,30,22,4,2,30,20,2,0,242,182,200,236,240,0,2,2,2
7564,Gm4846,16,13,4,1,4,2,2,2,242,222,227,236,239,12,11,2,-1
14585,Phf11b,62,42,15,5,64,48,13,1,242,116,152,214,236,-2,-6,2,4
14607,Phka1,41,23,4,0,58,28,2,0,242,143,191,236,242,-17,-5,2,0
19890,Traj35,4,3,3,3,1,1,1,1,242,237,238,238,238,3,2,2,2
18126,Sp7,32,16,3,1,33,18,1,1,242,177,208,238,240,-1,-2,2,0
14623,Phox2b,18,9,2,0,16,8,0,0,242,208,225,240,242,2,1,2,0
14629,Phyh,34,23,6,2,38,21,4,1,242,170,198,232,239,-4,2,2,1
14637,Pi4k2b,47,21,4,2,41,15,2,0,242,154,206,236,240,6,6,2,2
7592,Gm49361,40,35,16,9,44,30,14,12,242,158,177,212,221,-4,5,2,-3
14963,Pnpla7,44,20,7,2,61,29,5,1,242,137,193,230,239,-17,-9,2,1
18078,Sohlh1,18,15,2,0,22,21,0,0,242,202,206,240,242,-4,-6,2,0
4194,Cyp2j7,11,7,2,0,17,13,0,0,242,214,222,240,242,-6,-6,2,0
17970,Smyd1,49,27,5,3,43,30,3,0,242,150,185,234,239,6,-3,2,3
15219,Prag1,55,34,5,0,50,34,3,2,242,137,174,234,240,5,0,2,-2
14169,Papss2,55,32,5,2,42,17,3,0,242,145,193,234,240,13,15,2,2
15397,Procr,71,49,9,4,53,31,7,2,242,118,162,226,236,18,18,2,2
13588,Olfr58,9,5,2,0,7,5,0,0,242,226,232,240,242,2,0,2,0
8022,Gpd1l,53,31,6,3,58,19,4,0,242,131,192,232,239,-5,12,2,3
4634,Dipk2b,33,22,3,1,20,10,1,0,242,189,210,238,241,13,12,2,1
19706,Tnfrsf19,58,36,3,2,34,19,1,1,242,150,187,238,239,24,17,2,1
19707,Tnfrsf1a,58,34,7,3,51,27,5,2,242,133,181,230,237,7,7,2,1
13627,Olfr620,68,37,4,2,36,21,2,1,242,138,184,236,239,32,16,2,1
8378,H2-T22,57,39,10,3,49,29,8,1,242,136,174,224,238,8,10,2,2
13633,Olfr629,11,11,2,0,20,5,0,0,242,211,226,240,242,-9,6,2,0
8018,Gpc5,45,21,3,2,37,21,1,1,242,160,200,238,239,8,0,2,1
15404,Prol1,16,15,6,2,13,13,4,2,242,213,214,232,238,3,2,2,0
13646,Olfr642,19,9,2,0,31,16,0,0,242,192,217,240,242,-12,-7,2,0
13680,Olfr679,15,4,2,1,24,9,0,0,242,203,229,240,241,-9,-5,2,1
19696,Tnfaip8l3,23,10,2,0,25,12,0,0,242,194,220,240,242,-2,-2,2,0
4611,Dhx38,36,18,4,3,32,15,2,1,242,174,209,236,238,4,3,2,2
17784,Slc7a14,67,42,4,0,31,17,2,0,242,144,183,236,242,36,25,2,0
19722,Tnfsf14,52,33,3,1,22,13,1,0,242,168,196,238,241,30,20,2,1
7337,Gm3043,2,2,2,1,1,1,0,0,242,239,239,240,241,1,1,2,1
15382,Prm3,19,16,15,8,19,15,13,5,242,204,211,214,229,0,1,2,3
15379,Prlr,54,37,8,3,56,27,6,2,242,132,178,228,237,-2,10,2,1
13739,Olfr739,39,22,2,0,21,14,0,0,242,182,206,240,242,18,8,2,0
7989,Got2,40,29,5,3,38,14,3,3,242,164,199,234,236,2,15,2,0
7974,Golm2,58,33,5,2,42,20,3,3,242,142,189,234,237,16,13,2,-1
17794,Slc7a9,38,25,7,3,37,22,5,2,242,167,195,230,237,1,3,2,1
13772,Olfr78,38,20,3,0,32,15,1,0,242,172,207,238,242,6,5,2,0
17767,Slc6a19,33,24,7,4,53,31,5,2,242,156,187,230,236,-20,-7,2,2
13569,Olfr558,22,16,4,0,24,12,2,0,242,196,214,236,242,-2,4,2,0
13777,Olfr785,5,5,2,0,1,1,0,0,242,236,236,240,242,4,4,2,0
4700,Dmrtc2,15,9,2,0,24,18,0,0,242,203,215,240,242,-9,-9,2,0
13392,Olfr340,10,10,2,0,2,2,0,0,242,230,230,240,242,8,8,2,0
17753,Slc5a7,18,7,2,2,20,10,0,0,242,204,225,240,240,-2,-3,2,2
13422,Olfr378,12,12,2,0,4,3,0,0,242,226,227,240,242,8,9,2,0
13435,Olfr394,36,21,4,1,37,19,2,0,242,169,202,236,241,-1,2,2,1
13448,Olfr414,42,24,5,1,45,25,3,1,242,155,193,234,240,-3,-1,2,0
13466,Olfr446,52,22,5,1,61,25,3,0,242,129,195,234,241,-9,-3,2,1
13476,Olfr457,35,22,6,1,39,24,4,1,242,168,196,232,240,-4,-2,2,0
15424,Prpf39,65,32,7,4,41,20,5,1,242,136,190,230,237,24,12,2,3
15422,Prpf38a,45,28,8,4,45,19,6,1,242,152,195,228,237,0,9,2,3
19666,Tmprss4,40,25,5,0,30,18,3,1,242,172,199,234,241,10,7,2,-1
13496,Olfr478,47,22,4,2,47,19,2,1,242,148,201,236,239,0,3,2,1
4699,Dmrtc1c2,26,23,13,10,16,14,11,11,242,200,205,218,221,10,9,2,-1
13565,Olfr554,35,16,4,4,35,16,2,1,242,172,210,236,237,0,0,2,3
13520,Olfr503,7,7,2,0,3,3,0,0,242,232,232,240,242,4,4,2,0
8043,Gpr12,24,15,3,1,34,17,1,1,242,184,210,238,240,-10,-2,2,0
4683,Dmbx1,38,17,3,2,23,10,1,1,242,181,215,238,239,15,7,2,1
19677,Tmtc1,27,14,3,3,50,26,1,1,242,165,202,238,238,-23,-12,2,2
7310,Gm29289,13,13,12,10,12,12,10,6,242,217,217,220,226,1,1,2,4
4670,Dll4,56,33,5,1,48,28,3,2,242,138,181,234,239,8,5,2,-1
8033,Gpm6b,43,23,6,3,56,35,4,3,242,143,184,232,236,-13,-12,2,0
13555,Olfr544,26,13,3,0,23,13,1,0,242,193,216,238,242,3,0,2,0
8032,Gpm6a,26,16,5,4,41,23,3,0,242,175,203,234,238,-15,-7,2,4
13561,Olfr550,17,10,2,0,10,4,0,0,242,215,228,240,242,7,6,2,0
4659,Dlg4,76,46,8,2,35,15,6,1,242,131,181,228,239,41,31,2,1
13775,Olfr782,22,12,2,0,18,13,0,0,242,202,217,240,242,4,-1,2,0
19732,Tnip3,46,35,6,1,61,42,4,1,242,135,165,232,240,-15,-7,2,0
7740,Gm6377,58,38,10,4,47,27,8,3,242,137,177,224,235,11,11,2,1
18189,Spc24,45,23,8,3,54,30,6,1,242,143,189,228,238,-9,-7,2,2
14042,Ott,22,19,11,8,16,13,9,6,242,204,210,222,228,6,6,2,2
7875,Gm9507,5,5,3,3,3,2,1,0,242,234,235,238,239,2,3,2,3
15278,Prdm13,23,13,2,0,10,5,0,0,242,209,224,240,242,13,8,2,0
7860,Gm8947,44,29,8,1,50,28,6,1,242,148,185,228,240,-6,1,2,0
15265,Pramel6,11,8,2,1,17,15,0,0,242,214,219,240,241,-6,-7,2,1
14082,P2ry1,52,24,3,1,52,25,1,0,242,138,193,238,241,0,-1,2,1
7845,Gm867,52,42,17,5,56,44,15,3,242,134,156,210,234,-4,-2,2,2
15260,Pramel47,10,8,2,0,12,9,0,0,242,220,225,240,242,-2,-1,2,0
18217,Spem2,28,15,2,0,7,3,0,0,242,207,224,240,242,21,12,2,0
17897,Smco3,70,48,14,4,58,43,12,2,242,114,151,216,236,12,5,2,2
15252,Pramel4,73,47,9,2,51,38,7,4,242,118,157,226,236,22,9,2,-2
14115,Pacsin2,39,18,5,4,43,20,3,1,242,160,204,234,237,-4,-2,2,3
14034,Otogl,31,11,2,1,18,12,0,0,242,193,219,240,241,13,-1,2,1
14118,Padi2,44,30,9,4,41,22,7,5,242,157,190,226,233,3,8,2,-1
7767,Gm7075,32,30,25,5,25,23,23,9,242,185,189,194,228,7,7,2,-4
15243,Pramel31,20,13,3,1,17,7,1,1,242,205,222,238,240,3,6,2,0
15242,Pramel30,12,6,3,0,8,4,1,0,242,222,232,238,242,4,2,2,0
15240,Pramel29,13,9,4,1,13,10,2,0,242,216,223,236,241,0,-1,2,1
7757,Gm6760,5,4,2,0,2,2,0,0,242,235,236,240,242,3,2,2,0
15239,Pramel28,19,14,2,0,6,4,0,0,242,217,224,240,242,13,10,2,0
14149,Pam,38,30,6,3,64,38,4,2,242,140,174,232,237,-26,-8,2,1
15235,Pramel24,25,14,4,1,27,13,2,0,242,190,215,236,241,-2,1,2,1
17959,Smr2,6,6,3,1,3,3,1,0,242,233,233,238,241,3,3,2,1
15230,Pramel19,27,18,2,1,20,16,0,0,242,195,208,240,241,7,2,2,1
17845,Slitrk4,52,25,2,2,30,14,0,0,242,160,203,240,240,22,11,2,2
7883,Gm9732,33,21,6,1,40,26,4,0,242,169,195,232,241,-7,-5,2,1
17797,Slc8a3,36,21,4,1,42,31,2,0,242,164,190,236,241,-6,-10,2,1
7947,Gng8,73,50,15,3,55,38,13,7,242,114,154,214,232,18,12,2,-4
18266,Spocd1,36,31,5,0,29,17,3,0,242,177,194,234,242,7,14,2,0
19738,Tnmd,28,22,9,3,30,19,7,3,242,184,201,226,236,-2,3,2,0
15349,Prkrip1,45,23,7,3,41,24,5,2,242,156,195,230,237,4,-1,2,1
4576,Dgki,35,19,3,1,41,17,1,0,242,166,206,238,241,-6,2,2,1
13821,Olfr834,10,10,4,3,7,7,2,0,242,225,225,236,239,3,3,2,3
7961,Gnrh1,65,50,26,13,69,54,24,9,242,108,138,192,220,-4,-4,2,4
19741,Tnnc2,51,42,17,6,54,48,15,6,242,137,152,210,230,-3,-6,2,0
13840,Olfr862,13,9,2,1,25,6,0,0,242,204,227,240,241,-12,3,2,1
13860,Olfr889,85,58,12,3,34,20,10,5,242,123,164,220,234,51,38,2,-2
7954,Gnmt,58,38,8,2,51,33,6,2,242,133,171,228,238,7,5,2,0
18255,Spint2,35,21,8,3,47,25,6,2,242,160,196,228,237,-12,-4,2,1
4531,Dennd1b,41,20,4,2,60,27,2,1,242,141,195,236,239,-19,-7,2,1
14000,Ormdl3,50,31,6,2,32,15,4,2,242,160,196,232,238,18,16,2,0
4522,Defb9,3,3,3,3,1,1,1,1,242,238,238,238,238,2,2,2,2
17813,Slco1a1,22,13,3,2,37,14,1,0,242,183,215,238,240,-15,-1,2,2
4519,Defb6,2,2,2,1,0,0,0,0,242,240,240,240,241,2,2,2,1
17814,Slco1a4,39,28,4,1,30,14,2,0,242,173,200,236,241,9,14,2,1
13923,Olfr970,28,18,3,0,23,15,1,1,242,191,209,238,241,5,3,2,-1
4513,Defb45,19,16,10,7,10,9,8,5,242,213,217,224,230,9,7,2,2
18249,Spink5,21,14,4,2,23,19,2,0,242,198,209,236,240,-2,-5,2,2
13943,Olfr993,2,2,2,2,1,1,0,0,242,239,239,240,240,1,1,2,2
13945,Olfr995,4,3,2,0,8,7,0,0,242,230,232,240,242,-4,-4,2,0
17819,Slco2a1,47,26,7,3,47,20,5,2,242,148,196,230,237,0,6,2,1
17823,Slco4c1,23,14,8,4,32,24,6,3,242,187,204,228,235,-9,-10,2,1
5183,Eif1ad2,28,23,12,8,23,18,10,9,242,191,201,220,225,5,5,2,-1
19311,Tk2,48,23,6,3,47,24,4,2,242,147,195,232,237,1,-1,2,1
12263,Ngb,71,48,6,3,47,29,4,2,242,124,165,232,237,24,19,2,1
10253,Ksr1,60,38,6,1,55,35,4,3,242,127,169,232,238,5,3,2,-2
9107,Ighv1-26,15,15,12,10,19,16,10,7,242,208,211,220,225,-4,-1,2,3
10280,Lama2,36,22,2,1,33,17,0,0,242,173,203,240,241,3,5,2,1
6779,Gm11037,4,4,4,4,2,2,2,2,242,236,236,236,236,2,2,2,2
17295,Sh3gl2,47,29,8,2,46,21,6,0,242,149,192,228,240,1,8,2,2
9090,Ighg3,18,16,5,4,22,15,3,0,242,202,211,234,238,-4,1,2,4
10305,Laptm4a,25,11,4,2,39,21,2,0,242,178,210,236,240,-14,-10,2,2
9058,Igf2r,54,37,4,2,33,13,2,0,242,155,192,236,240,21,24,2,2
6807,Gm11437,32,28,4,2,30,24,2,0,242,180,190,236,240,2,4,2,2
6808,Gm11444,64,51,20,8,54,43,18,16,242,124,148,204,218,10,8,2,-8
6132,Fnd3c2,20,8,2,0,12,3,0,0,242,210,231,240,242,8,5,2,0
10323,Lats2,67,34,7,4,53,37,5,4,242,122,171,230,234,14,-3,2,0
9053,Igf1r,41,27,6,2,62,23,4,0,242,139,192,232,240,-21,4,2,2
16842,Sash3,48,25,4,1,46,26,2,2,242,148,191,236,239,2,-1,2,-1
17302,Sh3rf1,50,29,6,3,51,28,4,1,242,141,185,232,238,-1,1,2,2
10365,Lcn3,9,9,5,1,6,6,3,1,242,227,227,234,240,3,3,2,0
10370,Lcn9,9,9,3,1,8,5,1,0,242,225,228,238,241,1,4,2,1
10374,Lcp2,63,43,7,0,59,36,5,1,242,120,163,230,241,4,7,2,-1
10375,Lct,45,28,4,2,46,32,2,0,242,151,182,236,240,-1,-4,2,2
6113,Fmnl1,51,34,13,3,51,34,11,6,242,140,174,218,233,0,0,2,-3
6819,Gm11568,13,12,2,0,5,5,0,0,242,224,225,240,242,8,7,2,0
6095,Flnb,55,31,3,2,28,16,1,1,242,159,195,238,239,27,15,2,1
10448,Lhx3,51,28,5,1,40,27,3,0,242,151,187,234,241,11,1,2,1
16794,Sall1,32,17,3,2,38,18,1,0,242,172,207,238,240,-6,-1,2,2
9023,Ifng,32,26,6,3,17,12,4,2,242,193,204,232,237,15,14,2,1
9021,Ifnb1,6,6,5,0,8,5,3,1,242,228,231,234,241,-2,1,2,-1
10259,Kyat1,34,17,4,2,61,25,2,0,242,147,200,236,240,-27,-8,2,2
6161,Foxc1,62,32,5,1,47,31,3,0,242,133,179,234,241,15,1,2,1
5875,Fbxl21,58,40,9,5,60,40,7,2,242,124,162,226,235,-2,0,2,3
9110,Ighv1-36,7,7,6,3,8,6,4,3,242,227,229,232,236,-1,1,2,0
10102,Klrh1,7,4,2,0,3,0,0,0,242,232,238,240,242,4,4,2,0
10111,Kmt2e,37,19,4,2,56,25,2,1,242,149,198,236,239,-19,-6,2,1
18834,Tanc2,64,26,5,2,46,21,3,2,242,132,195,234,238,18,5,2,0
10118,Kng2,45,34,14,9,48,37,12,5,242,149,171,216,228,-3,-3,2,4
16909,Scgb1b29,2,2,2,2,0,0,0,0,242,240,240,240,240,2,2,2,2
10141,Krt10,55,36,7,4,44,28,5,1,242,143,178,230,237,11,8,2,3
9145,Ighv1-81,15,12,10,6,17,13,8,6,242,210,217,224,230,-2,-1,2,0
10159,Krt31,14,9,2,1,11,10,0,0,242,217,223,240,241,3,-1,2,1
18633,Sumf2,50,26,6,3,42,19,4,0,242,150,197,232,239,8,7,2,3
10172,Krt6b,20,10,2,0,18,12,0,0,242,204,220,240,242,2,-2,2,0
10183,Krt80,62,42,9,4,56,36,7,2,242,124,164,226,236,6,6,2,2
10184,Krt81,22,14,3,2,33,13,1,0,242,187,215,238,240,-11,1,2,2
9129,Ighv1-62-2,6,6,5,4,8,6,3,3,242,228,230,234,235,-2,0,2,1
10189,Krt87,44,27,2,1,42,16,0,0,242,156,199,240,241,2,11,2,1
10190,Krt88,44,38,14,10,36,33,12,6,242,162,171,216,226,8,5,2,4
9128,Ighv1-62-1,9,8,8,6,8,7,6,5,242,225,227,228,231,1,1,2,1
18859,Tas2r105,2,2,2,0,0,0,0,0,242,240,240,240,242,2,2,2,0
9117,Ighv1-49,5,4,4,3,5,3,2,2,242,232,235,236,237,0,1,2,1
6187,Foxn3,50,31,8,2,62,35,6,2,242,130,176,228,238,-12,-4,2,0
10220,Krtap28-10,2,2,2,1,5,5,0,0,242,235,235,240,241,-3,-3,2,1
6176,Foxj1,94,51,12,4,35,22,10,8,242,113,169,220,230,59,29,2,-4
17292,Sh3d19,48,30,7,2,50,22,5,1,242,144,190,230,239,-2,8,2,1
6171,Foxg1,45,28,4,2,44,24,2,0,242,153,190,236,240,1,4,2,2
10232,Krtap4-6,12,9,2,0,0,0,0,0,242,230,233,240,242,12,9,2,0
10240,Krtap5-5,18,14,2,0,10,10,0,0,242,214,218,240,242,8,4,2,0
10470,Limk1,44,20,7,0,60,28,5,2,242,138,194,230,240,-16,-8,2,-2
6072,Fkbp14,47,28,7,2,55,30,5,3,242,140,184,230,237,-8,-2,2,-1
9012,Ifna2,11,10,2,2,7,7,0,0,242,224,225,240,240,4,3,2,2
10489,Lipe,48,29,8,5,69,36,6,3,242,125,177,228,234,-21,-7,2,2
16683,Rspo3,49,30,7,3,43,24,5,0,242,150,188,230,239,6,6,2,3
10670,Lrrc72,22,21,13,7,28,24,11,8,242,192,197,218,227,-6,-3,2,-1
10679,Lrrc8d,47,35,9,3,70,42,7,3,242,125,165,226,236,-23,-7,2,0
10683,Lrrd1,57,34,10,0,44,29,8,5,242,141,179,224,237,13,5,2,-5
10689,Lrrk1,56,30,6,2,45,19,4,1,242,141,193,232,239,11,11,2,1
10697,Lrrtm2,54,35,6,3,45,19,4,0,242,143,188,232,239,9,16,2,3
10698,Lrrtm3,32,16,3,2,16,5,1,0,242,194,221,238,240,16,11,2,2
17335,Shisal2b,50,38,8,1,41,28,6,1,242,151,176,228,240,9,10,2,0
5941,Fbxw9,37,18,6,4,59,27,4,0,242,146,197,232,238,-22,-9,2,4
16649,Rrm2b,54,31,7,3,47,27,5,1,242,141,184,230,238,7,4,2,2
10720,Lsmem2,66,39,9,0,64,48,7,1,242,112,155,226,241,2,-9,2,-1
17345,Shpk,53,30,4,2,49,23,2,0,242,140,189,236,240,4,7,2,2
16640,Rragc,49,27,5,2,33,18,3,0,242,160,197,234,240,16,9,2,2
10733,Ltbp4,55,29,4,3,57,27,2,1,242,130,186,236,238,-2,2,2,2
10736,Ltf,44,37,20,17,45,37,18,14,242,153,168,204,211,-1,0,2,3
16627,Rps7,40,25,7,5,38,15,5,1,242,164,202,230,236,2,10,2,4
10753,Ly6c1,63,47,15,8,53,35,13,3,242,126,160,214,231,10,12,2,5
10775,Ly96,60,44,17,7,70,46,15,4,242,112,152,210,231,-10,-2,2,3
8929,I830077J02Rik,60,44,19,4,79,47,17,7,242,103,151,206,231,-19,-3,2,-3
18984,Tceal9,59,35,7,3,24,11,5,1,242,159,196,230,238,35,24,2,2
18992,Tcf20,27,14,5,2,56,30,3,1,242,159,198,234,239,-29,-16,2,1
5884,Fbxo11,50,24,5,2,44,30,3,1,242,148,188,234,239,6,-6,2,1
8906,Htra1,70,44,7,3,36,18,5,0,242,136,180,230,239,34,26,2,3
16580,Rprd1a,53,24,5,2,36,19,3,3,242,153,199,234,237,17,5,2,-1
10817,Lzts2,55,29,7,4,43,24,5,3,242,144,189,230,235,12,5,2,1
5958,Fcna,73,51,11,5,49,36,9,5,242,120,155,222,232,24,15,2,0
10637,Lrrc32,61,37,13,5,59,42,11,5,242,122,163,218,232,2,-5,2,0
16700,Rtl3,30,15,2,0,37,19,0,0,242,175,208,240,242,-7,-4,2,0
10545,Lonp1,51,30,5,3,24,14,3,0,242,167,198,234,239,27,16,2,3
6831,Gm11937,3,3,3,1,1,1,1,0,242,238,238,238,241,2,2,2,1
18916,Tbc1d21,25,22,3,0,29,21,1,0,242,188,199,238,242,-4,1,2,0
9009,Ifna14,2,2,2,0,0,0,0,0,242,240,240,240,242,2,2,2,0
16762,S100a14,69,58,19,5,51,43,17,7,242,122,141,206,230,18,15,2,-2
6034,Fgfr3,47,29,10,4,56,33,8,0,242,139,180,224,238,-9,-4,2,4
6030,Fgfbp3,60,31,6,0,57,37,4,1,242,125,174,232,241,3,-6,2,-1
9005,Ifna1,3,3,2,0,2,2,0,0,242,237,237,240,242,1,1,2,0
18924,Tbc1d31,56,29,7,3,51,28,5,2,242,135,185,230,237,5,1,2,1
16756,Ryr2,41,24,5,1,26,15,3,1,242,175,203,234,240,15,9,2,0
9000,Ifitm2,62,37,8,4,35,18,6,1,242,145,187,228,237,27,19,2,3
10543,Lnx1,63,44,6,2,53,37,4,0,242,126,161,232,240,10,7,2,2
17323,Shfl,45,29,10,4,59,32,8,4,242,138,181,224,234,-14,-3,2,0
8961,Ido1,40,29,4,0,41,25,2,0,242,161,188,236,242,-1,4,2,0
8994,Ifit1bl2,51,35,6,1,61,37,4,2,242,130,170,232,239,-10,-2,2,-1
17324,Shh,44,26,4,1,20,13,2,1,242,178,203,236,240,24,13,2,0
10585,Lrfn1,44,27,7,0,64,29,5,1,242,134,186,230,241,-20,-2,2,-1
8968,Ier5,66,38,4,2,40,20,2,0,242,136,184,236,240,26,18,2,2
8966,Ier3,63,43,12,7,65,43,10,0,242,114,156,220,235,-2,0,2,7
5985,Fermt1,40,25,3,2,28,14,1,0,242,174,203,238,240,12,11,2,2
10608,Lrp3,34,20,3,2,15,6,1,1,242,193,216,238,239,19,14,2,1
16705,Rtl8b,49,30,5,2,58,34,3,2,242,135,178,234,238,-9,-4,2,0
5967,Fcsk,31,14,3,2,50,23,1,1,242,161,205,238,239,-19,-9,2,1
10621,Lrrc15,37,24,3,0,27,14,1,0,242,178,204,238,242,10,10,2,0
10622,Lrrc17,58,34,7,3,57,32,5,2,242,127,176,230,237,1,2,2,1
10094,Klrb1f,42,29,8,2,35,27,6,3,242,165,186,228,237,7,2,2,-1
9157,Ighv14-2,8,8,8,6,14,11,6,3,242,220,223,228,233,-6,-3,2,3
9165,Ighv2-5,9,8,6,2,11,5,4,2,242,222,229,232,238,-2,3,2,0
9725,Jsrp1,67,53,18,4,49,36,16,6,242,126,153,208,232,18,17,2,-2
9603,Isg20,65,38,10,3,47,28,8,5,242,130,176,224,234,18,10,2,-2
9607,Islr,56,37,7,1,58,22,5,1,242,128,183,230,240,-2,15,2,0
6652,Glra4,48,23,3,0,23,14,1,1,242,171,205,238,241,25,9,2,-1
6494,Gdap2,50,27,9,2,45,20,7,2,242,147,195,226,238,5,7,2,0
9288,Igkv5-37,5,5,5,4,7,7,3,2,242,230,230,234,236,-2,-2,2,2
6667,Gltpd2,50,42,10,3,33,21,8,3,242,159,179,224,236,17,21,2,0
17134,Serpina3c,44,33,4,0,38,18,2,1,242,160,191,236,241,6,15,2,-1
17133,Serpina3b,25,16,2,1,9,2,0,0,242,208,224,240,241,16,14,2,1
6479,Gclc,41,22,3,2,46,25,1,0,242,155,195,238,240,-5,-3,2,2
9276,Igkv4-70,17,14,13,6,14,14,11,7,242,211,214,218,229,3,0,2,-1
17256,Sgms1,42,20,4,2,61,29,2,0,242,139,193,236,240,-19,-9,2,2
9638,Itgax,50,37,11,6,35,24,9,4,242,157,181,222,232,15,13,2,2
9652,Itih1,27,16,3,0,15,4,1,0,242,200,222,238,242,12,12,2,0
9657,Itk,34,22,5,4,33,26,3,2,242,175,194,234,236,1,-4,2,2
9660,Itm2b,45,24,4,2,32,12,2,1,242,165,206,236,239,13,12,2,1
9665,Itpkb,41,25,4,2,57,24,2,0,242,144,193,236,240,-16,1,2,2
9670,Itprid1,13,8,4,1,23,9,2,1,242,206,225,236,240,-10,-1,2,0
6464,Gbx1,45,29,9,1,48,27,7,3,242,149,186,226,238,-3,2,2,-2
9671,Itprid2,57,34,6,2,30,14,4,1,242,155,194,232,239,27,20,2,1
9250,Igkv2-112,8,8,6,4,6,6,4,1,242,228,228,232,237,2,2,2,3
9678,Ivl,34,25,5,1,31,20,3,0,242,177,197,234,241,3,5,2,1
18671,Svep1,48,26,5,1,30,18,3,0,242,164,198,234,241,18,8,2,1
9687,Jade1,51,33,5,2,41,19,3,0,242,150,190,234,240,10,14,2,2
9690,Jag1,53,28,4,2,44,18,2,0,242,145,196,236,240,9,10,2,2
17262,Sgpp1,48,29,7,2,52,19,5,0,242,142,194,230,240,-4,10,2,2
9595,Irx3,53,27,6,2,50,28,4,0,242,139,187,232,240,3,-1,2,2
9296,Igkv6-17,12,12,9,5,12,10,7,1,242,218,220,226,236,0,2,2,4
9589,Irs1,58,39,7,2,52,30,5,1,242,132,173,230,239,6,9,2,1
9332,Igsf11,30,13,4,2,65,46,2,0,242,147,183,236,240,-35,-33,2,2
17233,Sft2d2,41,24,5,3,64,36,3,0,242,137,182,234,239,-23,-12,2,3
18700,Syf2,31,20,5,2,21,11,3,2,242,190,211,234,238,10,9,2,0
9351,Ikzf2,60,38,8,3,59,35,6,1,242,123,169,228,238,1,3,2,2
9377,Il17rb,43,21,7,1,67,34,5,4,242,132,187,230,237,-24,-13,2,-3
18704,Syn2,37,24,4,2,38,23,2,1,242,167,195,236,239,-1,1,2,1
18699,Syde2,46,23,3,2,43,24,1,0,242,153,195,238,240,3,-1,2,2
17227,Sfrp1,55,30,4,3,40,22,2,2,242,147,190,236,237,15,8,2,1
9417,Il2rb,53,36,6,0,59,31,4,2,242,130,175,232,240,-6,5,2,-2
18708,Sync,73,48,5,1,42,18,3,1,242,127,176,234,240,31,30,2,0
6579,Gimd1,19,15,6,1,19,17,4,0,242,204,210,232,241,0,-2,2,1
9431,Il6ra,61,37,4,0,45,23,2,0,242,136,182,236,242,16,14,2,0
9491,Inpp5f,44,20,6,3,54,23,4,1,242,144,199,232,238,-10,-3,2,2
9584,Irf9,69,45,6,2,37,17,4,1,242,136,180,232,239,32,28,2,1
6560,Ghdc,66,34,8,3,30,21,6,1,242,146,187,228,238,36,13,2,2
17245,Sgca,63,50,15,7,52,40,13,6,242,127,152,214,229,11,10,2,1
9503,Insm1,40,25,3,0,24,16,1,0,242,178,201,238,242,16,9,2,0
18689,Syce1,43,28,7,4,27,20,5,0,242,172,194,230,238,16,8,2,4
18687,Syap1,40,31,6,3,38,18,4,2,242,164,193,232,237,2,13,2,1
17163,Serpinb6e,26,22,6,2,23,15,4,0,242,193,205,232,240,3,7,2,2
17156,Serpinb3c,9,7,2,0,8,7,0,0,242,225,228,240,242,1,0,2,0
18684,Swi5,28,16,7,5,35,18,5,5,242,179,208,230,232,-7,-2,2,0
17249,Sgcg,34,21,4,3,47,26,2,0,242,161,195,236,239,-13,-5,2,3
9569,Irak2,63,37,5,2,50,28,3,0,242,129,177,234,240,13,9,2,2
9312,Igkv8-34,5,5,5,3,4,4,3,2,242,233,233,234,237,1,1,2,1
18666,Sva,4,4,3,2,5,5,1,0,242,233,233,238,240,-1,-1,2,2
6687,Gm10139,23,20,17,16,28,22,15,15,242,191,200,210,211,-5,-2,2,1
6280,Fuom,47,26,10,4,51,25,8,2,242,144,191,224,236,-4,1,2,2
6434,Gata1,45,30,9,0,36,19,7,2,242,161,193,226,240,9,11,2,-2
6349,Gabrb2,35,18,4,3,19,11,2,0,242,188,213,236,239,16,7,2,3
16994,Sdhaf2,38,17,3,3,45,22,1,1,242,159,203,238,238,-7,-5,2,2
9914,Kera,14,8,2,0,17,6,0,0,242,211,228,240,242,-3,2,2,0
6345,Gabra4,29,21,4,1,28,11,2,0,242,185,210,236,241,1,10,2,1
9921,Khdrbs2,48,30,6,2,60,27,4,2,242,134,185,232,238,-12,3,2,0
9934,Kif17,63,40,4,3,39,13,2,0,242,140,189,236,239,24,27,2,3
16984,Sdc4,48,31,8,6,31,22,6,3,242,163,189,228,233,17,9,2,3
9184,Ighv5-4,13,13,9,5,15,12,7,5,242,214,217,226,232,-2,1,2,0
9951,Kif27,45,19,3,1,37,12,1,0,242,160,211,238,241,8,7,2,1
9181,Ighv5-16,10,10,7,7,11,9,5,2,242,221,223,230,233,-1,1,2,5
9970,Kifc3,40,22,6,5,60,34,4,1,242,142,186,232,236,-20,-12,2,4
9180,Ighv5-15,10,9,6,3,11,10,4,3,242,221,223,232,236,-1,-1,2,0
9988,Klc4,40,19,2,2,35,13,0,0,242,167,210,240,240,5,6,2,2
6729,Gm10378,6,6,3,1,5,5,1,0,242,231,231,238,241,1,1,2,1
6306,Fyn,73,42,7,3,42,23,5,1,242,127,177,230,238,31,19,2,2
6301,Fxyd6,37,19,4,0,23,14,2,1,242,182,209,236,241,14,5,2,-1
16943,Scn1b,70,48,9,2,51,23,7,1,242,121,171,226,239,19,25,2,1
10020,Klhl13,28,22,3,0,46,17,1,0,242,168,203,238,242,-18,5,2,0
10021,Klhl14,30,19,5,1,37,21,3,1,242,175,202,234,240,-7,-2,2,0
6731,Gm10406,36,29,16,11,45,34,14,9,242,161,179,212,222,-9,-5,2,2
10036,Klhl31,38,15,5,4,46,20,3,1,242,158,207,234,237,-8,-5,2,3
10062,Klk1b21,18,12,4,2,19,16,2,2,242,205,214,236,238,-1,-4,2,0
6740,Gm10491,34,30,23,22,38,33,21,15,242,170,179,198,205,-4,-3,2,7
9170,Ighv2-9-1,12,10,6,6,8,4,4,2,242,222,228,232,234,4,6,2,4
9168,Ighv2-7,6,5,5,3,5,3,3,3,242,231,234,234,236,1,2,2,0
9909,Kdr,45,25,4,2,40,18,2,1,242,157,199,236,239,5,7,2,1
9906,Kdm6b,59,35,6,5,52,30,4,1,242,131,177,232,236,7,5,2,4
9904,Kdm5d,42,23,9,4,50,22,7,0,242,150,197,226,238,-8,1,2,4
17048,Selenbp1,57,39,10,4,43,27,8,1,242,142,176,224,237,14,12,2,3
17080,Sema5b,36,13,2,1,37,10,0,0,242,169,219,240,241,-1,3,2,1
18760,T2,72,40,15,7,64,42,13,8,242,106,160,214,227,8,-2,2,-1
17079,Sema5a,54,31,6,3,39,19,4,0,242,149,192,232,239,15,12,2,3
6428,Gas6,54,32,4,2,40,20,2,0,242,148,190,236,240,14,12,2,2
18764,Taar4,7,7,2,0,5,5,0,0,242,230,230,240,242,2,2,2,0
6415,Gapvd1,32,16,3,2,47,23,1,0,242,163,203,238,240,-15,-7,2,2
9743,Kash5,53,28,8,1,51,40,6,0,242,138,174,228,241,2,-12,2,1
9230,Igkv11-125,7,6,6,3,4,4,4,2,242,231,232,232,237,3,2,2,1
17072,Sema3g,42,20,6,2,45,21,4,1,242,155,201,232,239,-3,-1,2,1
17063,Selp,49,28,5,2,43,24,3,0,242,150,190,234,240,6,4,2,2
6701,Gm10226,50,36,25,25,61,49,23,22,242,131,157,194,195,-11,-13,2,3
9789,Kcnd3,37,26,5,0,38,19,3,0,242,167,197,234,242,-1,7,2,0
6362,Gad2,52,22,3,0,45,25,1,1,242,145,195,238,241,7,-3,2,-1
17046,Sel1l3,26,14,2,2,39,17,0,0,242,177,211,240,240,-13,-3,2,2
9799,Kcng4,18,8,3,0,32,14,1,0,242,192,220,238,242,-14,-6,2,0
9803,Kcnh4,30,21,2,0,20,5,0,0,242,192,216,240,242,10,16,2,0
6707,Gm10256,23,21,12,8,14,13,10,4,242,205,208,220,230,9,8,2,4
6379,Galk2,35,24,5,2,59,27,3,1,242,148,191,234,239,-24,-3,2,1
18789,Tacstd2,45,31,6,4,57,32,4,2,242,140,179,232,236,-12,-1,2,2
6711,Gm10277,57,32,6,2,61,34,4,2,242,124,176,232,238,-4,-2,2,0
9885,Kctd8,31,14,3,1,27,14,1,0,242,184,214,238,241,4,0,2,1
6717,Gm10318,8,8,3,0,3,3,1,0,242,231,231,238,242,5,5,2,0
16995,Sdhaf3,41,25,5,0,49,25,3,0,242,152,192,234,242,-8,0,2,0
9195,Ighv7-3,13,13,11,3,13,11,9,4,242,216,218,222,235,0,2,2,-1
6878,Gm13305,21,14,9,7,23,17,7,6,242,198,211,226,229,-2,-3,2,1
8900,Htr3b,35,24,2,0,41,13,0,0,242,166,205,240,242,-6,11,2,0
17605,Slc28a1,30,23,6,3,39,14,4,2,242,173,205,232,237,-9,9,2,1
11744,Mthfd1l,60,38,6,0,40,14,4,0,242,142,190,232,242,20,24,2,0
5445,Erg,45,25,4,2,60,36,2,1,242,137,181,236,239,-15,-11,2,1
5443,Erfe,57,41,12,3,53,38,10,4,242,132,163,220,235,4,3,2,-1
19247,Thrb,53,33,11,3,56,33,9,2,242,133,176,222,237,-3,0,2,1
11771,Mtpn,50,25,7,2,44,24,5,1,242,148,193,230,239,6,1,2,1
19265,Ticrr,55,30,9,1,44,20,7,2,242,143,192,226,239,11,10,2,-1
11811,Mup16,9,7,6,1,9,8,4,0,242,224,227,232,241,0,-1,2,1
11828,Mustn1,66,51,12,0,50,27,10,2,242,126,164,220,240,16,24,2,-2
11837,Mxd1,75,42,7,1,33,24,5,2,242,134,176,230,239,42,18,2,-1
8529,Hc,43,22,7,0,40,23,5,0,242,159,197,230,242,3,-1,2,0
7059,Gm20532,23,23,17,11,19,19,15,8,242,200,200,210,223,4,4,2,3
11858,Mycl,56,29,10,5,54,28,8,5,242,132,185,224,232,2,1,2,0
7063,Gm20594,94,65,23,10,49,38,21,12,242,99,139,198,220,45,27,2,-2
11871,Myh13,36,20,5,2,25,18,3,1,242,181,204,234,239,11,2,2,1
5387,Epha3,35,18,5,0,48,34,3,0,242,159,190,234,242,-13,-16,2,0
19282,Timm17b,49,29,7,2,38,19,5,3,242,155,194,230,237,11,10,2,-1
16044,Rbm45,52,35,13,10,39,20,11,5,242,151,187,218,227,13,15,2,5
11882,Myl1,38,34,11,2,33,26,9,2,242,171,182,222,238,5,8,2,0
11884,Myl12a,50,35,4,2,26,17,2,1,242,166,190,236,239,24,18,2,1
11894,Mylk,40,20,4,2,51,24,2,0,242,151,198,236,240,-11,-4,2,2
5378,Epc1,43,23,5,3,39,20,3,1,242,160,199,234,238,4,3,2,2
5377,Epb42,51,26,4,1,44,21,2,0,242,147,195,236,241,7,5,2,1
11898,Mylpf,52,39,17,9,58,38,15,12,242,132,165,210,221,-6,1,2,-3
5371,Epb41l1,50,32,5,2,55,30,3,0,242,137,180,234,240,-5,2,2,2
7068,Gm20671,40,32,15,10,24,20,13,7,242,178,190,214,225,16,12,2,3
11913,Myo1e,43,22,3,2,49,25,1,0,242,150,195,238,240,-6,-3,2,2
19232,Themis3,46,25,6,4,50,27,4,1,242,146,190,232,237,-4,-2,2,3
16110,Rdh9,58,45,15,7,63,38,13,9,242,121,159,214,226,-5,7,2,-2
10862,Mageb16,41,25,5,0,21,15,3,0,242,180,202,234,242,20,10,2,0
8555,Hdac8,39,31,6,2,50,34,4,3,242,153,177,232,237,-11,-3,2,-1
11600,Mrpl51,29,14,6,2,39,20,4,2,242,174,208,232,238,-10,-6,2,0
16210,Rgs11,53,27,9,2,59,31,7,0,242,130,184,226,240,-6,-4,2,2
16205,Rgn,34,27,9,3,29,18,7,4,242,179,197,226,235,5,9,2,-1
8632,Hhip,25,15,3,0,20,10,1,0,242,197,217,238,242,5,5,2,0
11620,Mrps22,44,26,4,3,30,14,2,2,242,168,202,236,237,14,12,2,1
18501,Steap3,55,32,4,0,49,26,2,1,242,138,184,236,241,6,6,2,-1
5527,Etnppl,31,19,6,2,45,24,4,2,242,166,199,232,238,-14,-5,2,0
11634,Mrps6,58,25,6,2,21,9,4,2,242,163,208,232,238,37,16,2,0
11657,Ms4a5,11,8,2,0,8,4,0,0,242,223,230,240,242,3,4,2,0
19202,Tgm5,37,19,3,0,30,13,1,0,242,175,210,238,242,7,6,2,0
11660,Ms4a6d,69,50,13,3,59,38,11,5,242,114,154,218,234,10,12,2,-2
5504,Esrp1,28,14,2,2,31,7,0,0,242,183,221,240,240,-3,7,2,2
5501,Espnl,46,23,2,0,36,17,0,0,242,160,202,240,242,10,6,2,0
11668,Msc,43,34,8,3,36,24,6,2,242,163,184,228,237,7,10,2,1
18497,Stc1,37,22,8,3,63,39,6,3,242,142,181,228,236,-26,-17,2,0
11682,Mslnl,72,41,3,2,30,15,1,0,242,140,186,238,240,42,26,2,2
5480,Esd,39,26,7,2,40,21,5,1,242,163,195,230,239,-1,5,2,1
17515,Slc22a19,11,9,4,2,18,10,2,0,242,213,223,236,240,-7,-1,2,2
5466,Ermn,28,16,2,0,17,10,0,0,242,197,216,240,242,11,6,2,0
11694,Mst1r,53,28,2,0,30,13,0,0,242,159,201,240,242,23,15,2,0
17521,Slc22a26,16,6,2,2,13,5,0,0,242,213,231,240,240,3,1,2,2
16136,Rell1,66,44,7,2,44,23,5,0,242,132,175,230,240,22,21,2,2
5464,Ermap,58,34,6,2,57,34,4,1,242,127,174,232,239,1,0,2,1
16134,Relb,70,39,5,1,35,16,3,0,242,137,187,234,241,35,23,2,1
17527,Slc22a4,47,28,8,2,56,29,6,2,242,139,185,228,238,-9,-1,2,0
16033,Rbm3,44,28,7,2,69,36,5,2,242,129,178,230,238,-25,-8,2,0
11924,Myo7b,30,12,2,2,34,16,0,0,242,178,214,240,240,-4,-4,2,2
17556,Slc25a23,45,28,8,4,52,26,6,1,242,145,188,228,237,-7,2,2,3
11934,Myom2,38,21,5,2,33,12,3,0,242,171,209,234,240,5,9,2,2
15938,Rap2a,41,19,5,2,39,22,3,0,242,162,201,234,240,2,-3,2,2
12121,Ndufa6,37,20,6,5,27,16,4,3,242,178,206,232,234,10,4,2,2
17593,Slc26a4,27,19,3,2,29,12,1,0,242,186,211,238,240,-2,7,2,2
15899,Raet1d,44,35,7,2,38,25,5,0,242,160,182,230,240,6,10,2,2
19336,Tlnrd1,48,24,7,3,47,29,5,0,242,147,189,230,239,1,-5,2,3
12164,Necap1,46,27,7,2,49,28,5,3,242,147,187,230,237,-3,-1,2,-1
12174,Nedd9,58,34,4,2,54,32,2,1,242,130,176,236,239,4,2,2,1
12178,Negr1,41,22,4,0,39,24,2,0,242,162,196,236,242,2,-2,2,0
18413,Ssr3,40,27,8,3,53,21,6,2,242,149,194,228,237,-13,6,2,1
12188,Nek5,47,25,4,2,52,29,2,1,242,143,188,236,239,-5,-4,2,1
12190,Nek7,41,25,7,2,51,23,5,1,242,150,194,230,239,-10,2,2,1
15872,Rac2,48,30,14,4,82,58,12,6,242,112,154,216,232,-34,-28,2,-2
7130,Gm20931,2,2,2,0,0,0,0,0,242,240,240,240,242,2,2,2,0
17598,Slc26a9,54,39,7,2,45,30,5,0,242,143,173,230,240,9,9,2,2
12219,Neurod1,22,10,2,1,19,7,0,0,242,201,225,240,241,3,3,2,1
18410,Sspo,35,14,4,1,40,27,2,1,242,167,201,236,240,-5,-13,2,0
5224,Eif4a3l2,38,30,5,1,42,32,3,3,242,162,180,234,238,-4,-2,2,-2
19349,Tlx1,31,24,2,1,17,9,0,0,242,194,209,240,241,14,15,2,1
19350,Tlx2,44,30,9,3,31,23,7,1,242,167,189,226,238,13,7,2,2
17600,Slc27a2,28,18,9,5,43,29,7,3,242,171,195,226,234,-15,-11,2,2
19358,Tm4sf4,44,32,9,4,46,33,7,4,242,152,177,226,234,-2,-1,2,0
12243,Nfib,37,26,5,1,51,22,3,1,242,154,194,234,240,-14,4,2,0
12250,Nfkbib,50,23,5,3,31,15,3,0,242,161,204,234,239,19,8,2,3
5194,Eif2ak3,52,34,5,2,41,23,3,0,242,149,185,234,240,11,11,2,2
19368,Tm9sf5,29,23,4,1,28,17,2,1,242,185,202,236,240,1,6,2,0
5272,Eln,51,31,5,0,41,20,3,0,242,150,191,234,242,10,11,2,0
17590,Slc26a11,50,26,6,1,41,18,4,0,242,151,198,232,241,9,8,2,1
7114,Gm20877,7,5,3,2,4,4,1,1,242,231,233,238,239,3,1,2,1
8470,H6pd,54,33,8,3,57,36,6,1,242,131,173,228,238,-3,-3,2,2
5349,Enpp5,32,22,7,2,59,37,5,3,242,151,183,230,237,-27,-15,2,-1
18470,Stam,50,25,6,2,37,15,4,1,242,155,202,232,239,13,10,2,1
18467,Stag1,40,18,3,2,46,19,1,1,242,156,205,238,239,-6,-1,2,1
17558,Slc25a25,68,42,8,4,52,31,6,1,242,122,169,228,237,16,11,2,3
16019,Rbm12b2,65,37,6,3,35,22,4,0,242,142,183,232,239,30,15,2,3
11970,Naa50,51,32,6,2,25,19,4,1,242,166,191,232,239,26,13,2,1
11971,Naa60,39,19,6,3,42,15,4,3,242,161,208,232,236,-3,4,2,0
16010,Rbfox3,48,26,3,0,33,16,1,0,242,161,200,238,242,15,10,2,0
7089,Gm20812,4,4,4,3,3,2,2,2,242,235,236,236,237,1,2,2,1
8485,Hal,61,39,6,1,42,24,4,0,242,139,179,232,241,19,15,2,1
17571,Slc25a37,48,23,5,3,41,13,3,2,242,153,206,234,237,7,10,2,1
15982,Rasl2-9,71,48,15,4,70,50,13,6,242,101,144,214,232,1,-2,2,-2
8416,H2ap,15,11,6,1,8,7,4,4,242,219,224,232,237,7,4,2,-3
5319,Emsy,49,31,9,3,56,26,7,3,242,137,185,226,236,-7,5,2,0
8443,H3c11,68,53,25,17,58,44,23,16,242,116,145,194,209,10,9,2,1
12039,Nav1,52,31,6,0,65,39,4,0,242,125,172,232,242,-13,-8,2,0
18444,St3gal5,69,42,8,1,47,24,6,1,242,126,176,228,240,22,18,2,0
8441,H3c1,60,40,23,16,61,38,21,9,242,121,164,198,217,-1,2,2,7
12070,Ncf4,48,29,3,0,34,21,1,1,242,160,192,238,241,14,8,2,-1
18441,St3gal2,53,26,6,2,51,28,4,1,242,138,188,232,239,2,-2,2,1
15955,Rars,48,27,5,3,34,13,3,1,242,160,202,234,238,14,14,2,2
15951,Rarb,45,27,5,3,54,28,3,0,242,143,187,234,239,-9,-1,2,3
18439,St18,33,22,4,0,21,12,2,1,242,188,208,236,241,12,10,2,-1
8421,H2bc1,34,31,19,12,27,22,17,16,242,181,189,206,214,7,9,2,-4
16225,Rgs6,32,23,6,2,49,26,4,1,242,161,193,232,239,-17,-3,2,1
16227,Rgs7bp,34,17,3,0,35,13,1,0,242,173,212,238,242,-1,4,2,0
5559,Exoc3l,66,34,8,0,58,25,6,2,242,118,183,228,240,8,9,2,-2
11260,Mfsd13a,43,30,6,1,47,26,4,2,242,152,186,232,239,-4,4,2,-1
17381,Sipa1l2,59,27,4,0,42,18,2,0,242,141,197,236,242,17,9,2,0
11066,Mc2r,29,21,6,3,22,14,4,1,242,191,207,232,238,7,7,2,2
16454,Rnf39,65,47,10,5,54,37,8,3,242,123,158,224,234,11,10,2,2
8838,Hsd17b3,29,25,5,0,15,11,3,1,242,198,206,234,241,14,14,2,-1
6919,Gm14419,51,42,26,17,71,57,24,13,242,120,143,192,212,-20,-15,2,4
16445,Rnf225,80,53,9,3,48,31,7,0,242,114,158,226,239,32,22,2,3
11128,Mdp1,40,22,7,2,46,20,5,2,242,156,200,230,238,-6,2,2,0
18556,Stra8,41,34,7,2,30,18,5,1,242,171,190,230,239,11,16,2,1
5775,Fam43b,37,24,5,2,19,9,3,1,242,186,209,234,239,18,15,2,1
16433,Rnf208,42,27,10,1,58,28,8,0,242,142,187,224,241,-16,-1,2,1
19059,Tec,68,48,10,5,62,40,8,2,242,112,154,224,235,6,8,2,3
16426,Rnf186,39,36,5,4,23,17,3,2,242,180,189,234,236,16,19,2,2
5769,Fam25c,38,33,23,13,42,33,21,11,242,162,176,198,218,-4,0,2,2
11174,Megf10,43,24,5,0,27,10,3,0,242,172,208,234,242,16,14,2,0
11175,Megf11,41,19,7,1,49,22,5,0,242,152,201,230,241,-8,-3,2,1
8818,Hs3st3a1,32,22,3,0,40,16,1,0,242,170,204,238,242,-8,6,2,0
11199,Mertk,55,31,6,2,50,23,4,3,242,137,188,232,237,5,8,2,-1
19068,Teddm1a,24,20,4,1,11,11,2,0,242,207,211,236,241,13,9,2,1
11224,Mettl24,36,30,5,0,67,42,3,2,242,139,170,234,240,-31,-12,2,-2
8772,Hoxc9,62,37,5,0,61,38,3,1,242,119,167,234,241,1,-1,2,-1
11233,Mettl7a2,26,16,3,3,23,11,1,0,242,193,215,238,239,3,5,2,3
11243,Mfap1b,41,22,5,2,35,15,3,0,242,166,205,234,240,6,7,2,2
16376,Rnaset2b,53,35,8,2,52,18,6,3,242,137,189,228,237,1,17,2,-1
11249,Mff,37,22,4,2,51,23,2,1,242,154,197,236,239,-14,-1,2,1
11250,Mfge8,52,31,8,6,44,24,6,1,242,146,187,228,235,8,7,2,5
6907,Gm14327,59,36,18,11,67,45,16,8,242,116,161,208,223,-8,-9,2,3
16486,Ror1,57,32,6,0,56,31,4,0,242,129,179,232,242,1,1,2,0
16489,Rorb,44,22,6,2,37,19,4,0,242,161,201,232,240,7,3,2,2
10926,Map2,64,44,10,3,48,28,8,5,242,130,170,224,234,16,16,2,-2
10863,Mageb18,21,14,6,3,21,10,4,1,242,200,218,232,238,0,4,2,2
10864,Mageb2,16,16,3,0,19,16,1,0,242,207,210,238,242,-3,0,2,0
6885,Gm13695,14,11,8,5,12,10,6,6,242,216,221,228,231,2,1,2,-1
6887,Gm13871,3,3,2,0,2,2,0,0,242,237,237,240,242,1,1,2,0
5847,Fate1,16,16,3,0,12,9,1,0,242,214,217,238,242,4,7,2,0
8891,Htatsf1,43,25,7,3,49,27,5,0,242,150,190,230,239,-6,-2,2,3
10907,Man2b1,55,31,9,2,48,29,7,2,242,139,182,226,238,7,2,2,0
16540,Rpl31,30,15,6,6,34,17,4,0,242,178,210,232,236,-4,-2,2,6
5826,Fank1,31,21,5,2,59,36,3,0,242,152,185,234,240,-28,-15,2,2
17370,Sik3,45,24,4,2,40,15,2,0,242,157,203,236,240,5,9,2,2
10924,Map1lc3b,49,28,5,3,20,9,3,0,242,173,205,234,239,29,19,2,3
10930,Map2k4,44,27,6,2,57,33,4,2,242,141,182,232,238,-13,-6,2,0
8858,Hsh2d,64,47,8,1,58,37,6,3,242,120,158,228,238,6,10,2,-2
10942,Map3k2,54,23,3,2,48,23,1,0,242,140,196,238,240,6,0,2,2
16519,Rpl13,35,20,5,5,36,22,3,2,242,171,200,234,235,-1,-2,2,3
10957,Map4k4,49,27,6,3,39,19,4,1,242,154,196,232,238,10,8,2,2
16516,Rpl10l,20,18,3,1,23,16,1,0,242,199,208,238,241,-3,2,2,1
19038,Tdpoz2,9,9,2,0,5,5,0,0,242,228,228,240,242,4,4,2,0
10963,Map7d2,31,18,3,0,30,18,1,0,242,181,206,238,242,1,0,2,0
8872,Hspa5,70,41,5,3,36,15,3,0,242,136,186,234,239,34,26,2,3
17374,Sim2,30,13,2,1,32,16,0,0,242,180,213,240,241,-2,-3,2,1
10980,Mapk8ip1,47,20,3,2,34,17,1,0,242,161,205,238,240,13,3,2,2
10985,Mapkapk2,54,29,6,2,45,23,4,0,242,143,190,232,240,9,6,2,2
19044,Tdpoz9,6,4,2,0,13,7,0,0,242,223,231,240,242,-7,-3,2,0
11255,Mfrp,79,51,12,2,49,37,10,2,242,114,154,220,238,30,14,2,0
5724,Fam189b,72,44,8,4,41,26,6,4,242,129,172,228,234,31,18,2,0
5562,Exoc4,43,19,5,2,43,20,3,0,242,156,203,234,240,0,-1,2,2
5723,Fam189a2,33,19,3,0,36,17,1,1,242,173,206,238,241,-3,2,2,-1
16310,Rilp,69,48,9,4,47,29,7,1,242,126,165,226,237,22,19,2,3
11402,Mmp14,45,28,5,1,51,25,3,0,242,146,189,234,241,-6,3,2,1
5622,Fabp5,44,32,9,6,51,32,7,3,242,147,178,226,233,-7,0,2,3
11405,Mmp17,46,27,3,0,43,22,1,0,242,153,193,238,242,3,5,2,0
5620,Fabp3,54,34,9,3,46,31,7,1,242,142,177,226,238,8,3,2,2
11407,Mmp1a,15,8,2,1,12,7,0,0,242,215,227,240,241,3,1,2,1
6965,Gm16430,5,5,3,3,2,2,1,1,242,235,235,238,238,3,3,2,2
18525,Stk32b,30,22,5,2,29,17,3,0,242,183,203,234,240,1,5,2,2
11421,Mmrn1,31,24,5,1,20,11,3,3,242,191,207,234,238,11,13,2,-2
6985,Gm17190,50,44,14,3,58,48,12,1,242,134,150,216,238,-8,-4,2,2
11426,Mn1,54,35,5,0,45,22,3,1,242,143,185,234,241,9,13,2,-1
8672,Hlf,55,28,8,2,53,25,6,0,242,134,189,228,240,2,3,2,2
6986,Gm17266,21,12,2,0,6,2,0,0,242,215,228,240,242,15,10,2,0
6989,Gm17332,3,3,2,2,0,0,0,0,242,239,239,240,240,3,3,2,2
16285,Rhox4a2,26,22,11,1,31,23,9,6,242,185,197,222,235,-5,-1,2,-5
16284,Rhox4a,7,7,6,3,7,6,4,3,242,228,229,232,236,0,1,2,0
11460,Morf4l2,55,32,7,2,42,19,5,0,242,145,191,230,240,13,13,2,2
16276,Rhox2h,23,21,17,13,30,26,15,7,242,189,195,210,222,-7,-5,2,6
16268,Rhox13,21,18,3,2,8,5,1,0,242,213,219,238,240,13,13,2,2
11491,Mpp1,51,30,9,3,45,25,7,1,242,146,187,226,238,6,5,2,2
11519,Mreg,43,25,9,3,78,48,7,3,242,121,169,226,236,-35,-23,2,0
11526,Mrgpra4,17,12,2,0,9,9,0,0,242,216,221,240,242,8,3,2,0
11535,Mrgprd,16,6,2,1,20,8,0,0,242,206,228,240,241,-4,-2,2,1
11544,Mrm1,60,37,6,2,39,20,4,0,242,143,185,232,240,21,17,2,2
16236,Rhbdf1,63,37,5,2,38,22,3,3,242,141,183,234,237,25,15,2,-1
18537,Stmn2,46,25,5,0,43,21,3,2,242,153,196,234,240,3,4,2,-2
5640,Fam102a,48,28,10,5,66,37,8,3,242,128,177,224,234,-18,-9,2,2
11381,Mllt6,45,22,6,3,68,31,4,0,242,129,189,232,239,-23,-9,2,3
11343,Minpp1,44,25,7,2,58,32,5,0,242,140,185,230,240,-14,-7,2,2
16366,Rnase4,47,30,8,2,61,37,6,1,242,134,175,228,239,-14,-7,2,1
19106,Tesk1,36,16,4,2,56,24,2,0,242,150,202,236,240,-20,-8,2,2
16364,Rnase2a,28,22,13,5,31,25,11,5,242,183,195,218,232,-3,-3,2,0
8760,Hoxb6,66,36,9,5,51,30,7,0,242,125,176,226,237,15,6,2,5
5706,Fam174b,52,30,4,2,28,18,2,0,242,162,194,236,240,24,12,2,2
11285,Mgat4b,56,38,8,3,39,17,6,3,242,147,187,228,236,17,21,2,0
8755,Hoxb13,33,15,2,1,28,7,0,0,242,181,220,240,241,5,8,2,1
11313,Micu1,44,28,6,3,41,16,4,2,242,157,198,232,237,3,12,2,1
8750,Hoxa5,68,40,7,2,49,29,5,2,242,125,173,230,238,19,11,2,0
11317,Mid1ip1,53,29,5,2,58,37,3,0,242,131,176,234,240,-5,-8,2,2
11341,Mindy4b-ps,13,13,3,1,22,14,1,0,242,207,215,238,241,-9,-1,2,1
11345,Miox,30,26,8,3,23,19,6,0,242,189,197,228,239,7,7,2,3
11368,Mlana,48,40,11,4,48,42,9,2,242,146,160,222,236,0,-2,2,2
19123,Tex13c3,20,16,5,0,21,20,3,0,242,201,206,234,242,-1,-4,2,0
8744,Hoxa10,47,31,5,2,47,29,3,2,242,148,182,234,238,0,2,2,0
5673,Fam13b,51,28,5,2,43,18,3,0,242,148,196,234,240,8,10,2,2
11350,Mis18a,56,27,6,1,48,30,4,2,242,138,185,232,239,8,-3,2,-1
19125,Tex15,48,28,7,0,51,40,5,0,242,143,174,230,242,-3,-12,2,0
11353,Misp3,66,47,15,6,58,38,13,4,242,118,157,214,232,8,9,2,2
5657,Fam120c,48,20,4,1,53,26,2,0,242,141,196,236,241,-5,-6,2,1
8715,Hnrnpab,40,21,4,4,29,15,2,0,242,173,206,236,238,11,6,2,4
11361,Mknk2,68,36,5,2,39,18,3,1,242,135,188,234,239,29,18,2,1
5647,Fam110c,56,33,2,0,41,18,0,0,242,145,191,240,242,15,15,2,0
8710,Hnmt,29,24,6,4,29,18,4,1,242,184,200,232,237,0,6,2,3
4131,Cygb,58,37,4,2,45,18,2,0,242,139,187,236,240,13,19,2,2
11108,Mctp2,37,27,7,1,38,26,5,1,242,167,189,230,240,-1,1,2,0
20495,Uaca,34,17,4,2,53,21,2,1,242,155,204,236,239,-19,-4,2,1
20019,Trav7d-4,7,6,4,0,3,3,2,0,242,232,233,236,242,4,3,2,0
20586,Ubtd1,57,27,4,2,35,17,2,0,242,150,198,236,240,22,10,2,2
2273,C1qtnf1,64,48,21,7,66,42,19,10,242,112,152,202,225,-2,6,2,-3
21304,Washc1,33,15,3,2,40,19,1,0,242,169,208,238,240,-7,-4,2,2
1942,BC051665,9,9,2,0,5,5,0,0,242,228,228,240,242,4,4,2,0
3261,Chil1,45,25,7,2,44,29,5,1,242,153,188,230,239,1,-4,2,1
2280,C1qtnf7,44,33,7,4,34,24,5,3,242,164,185,230,235,10,9,2,1
341,6330403K07Rik,62,41,5,3,44,25,3,0,242,136,176,234,239,18,16,2,3
1062,Aloxe3,69,48,3,0,34,18,1,0,242,139,176,238,242,35,30,2,0
3673,Col7a1,70,41,4,1,37,15,2,0,242,135,186,236,241,33,26,2,1
2950,Cdh19,35,24,7,3,37,20,5,4,242,170,198,230,235,-2,4,2,-1
1281,Ap5z1,63,32,4,2,42,16,2,1,242,137,194,236,239,21,16,2,1
20305,Tspan17,43,31,11,2,90,47,9,1,242,109,164,222,239,-47,-16,2,1
3255,Chga,47,22,4,1,27,11,2,0,242,168,209,236,241,20,11,2,1
826,Adpgk,43,25,7,3,46,22,5,3,242,153,195,230,236,-3,3,2,0
1295,Apela,29,21,8,3,26,19,6,3,242,187,202,228,236,3,2,2,0
21559,Ywhaz,43,24,7,3,48,24,5,4,242,151,194,230,235,-5,0,2,-1
2789,Cct5,47,22,5,4,31,21,3,1,242,164,199,234,237,16,1,2,3
2806,Cd19,35,13,4,2,30,15,2,0,242,177,214,236,240,5,-2,2,2
165,2310046K23Rik,5,5,2,1,1,1,0,0,242,236,236,240,241,4,4,2,1
21441,Wnt8b,29,13,2,0,27,13,0,0,242,186,216,240,242,2,0,2,0
2256,Bzw2,43,31,5,2,59,32,3,1,242,140,179,234,239,-16,-1,2,1
2245,Btnl9,38,23,6,2,52,28,4,1,242,152,191,232,239,-14,-5,2,1
2822,Cd209g,31,25,4,0,17,16,2,0,242,194,201,236,242,14,9,2,0
2938,Cdcp1,43,26,4,4,37,14,2,0,242,162,202,236,238,6,12,2,4
22093,Zfpm1,54,28,3,0,51,18,1,1,242,137,196,238,241,3,10,2,-1
2816,Cd209a,25,21,6,2,37,29,4,1,242,180,192,232,239,-12,-8,2,1
4009,Ctif,46,25,4,1,60,35,2,0,242,136,182,236,241,-14,-10,2,1
1260,Ap1s2,63,36,5,3,48,20,3,1,242,131,186,234,238,15,16,2,2
2259,C130050O18Rik,53,33,8,3,63,41,6,2,242,126,168,228,237,-10,-8,2,1
848,AF067061,23,16,3,0,14,11,1,0,242,205,215,238,242,9,5,2,0
3451,Clec2g,42,25,10,2,61,41,8,3,242,139,176,224,237,-19,-16,2,-1
853,Afap1l2,44,33,9,5,60,36,7,4,242,138,173,226,233,-16,-3,2,1
1049,Alkbh5,49,25,4,4,30,14,2,0,242,163,203,236,238,19,11,2,4
22098,Zfy1,16,10,2,0,6,3,0,0,242,220,229,240,242,10,7,2,0
1052,Alkbh8,42,28,5,2,57,26,3,1,242,143,188,234,239,-15,2,2,1
4013,Ctnna1,52,31,6,2,34,20,4,2,242,156,191,232,238,18,11,2,0
1057,Alox12e,46,32,5,3,17,12,3,1,242,179,198,234,238,29,20,2,2
1296,Apex1,48,28,6,4,38,13,4,1,242,156,201,232,237,10,15,2,3
2302,C4bp,38,29,4,3,27,25,2,0,242,177,188,236,239,11,4,2,3
3369,Cited4,54,36,10,0,46,38,8,1,242,142,168,224,241,8,-2,2,-1
20267,Try10,9,9,2,1,4,4,0,0,242,229,229,240,241,5,5,2,1
2364,Cadps,28,20,4,1,22,13,2,0,242,192,209,236,241,6,7,2,1
2365,Cadps2,26,13,3,2,27,8,1,0,242,189,221,238,240,-1,5,2,2
2367,Calb1,39,20,5,2,25,10,3,0,242,178,212,234,240,14,10,2,2
2368,Calb2,36,21,4,0,15,8,2,1,242,191,213,236,241,21,13,2,-1
22117,Zic3,36,23,5,2,21,13,3,0,242,185,206,234,240,15,10,2,2
126,1810009J06Rik,6,6,2,2,5,4,0,0,242,231,232,240,240,1,2,2,2
2375,Cald1,53,29,7,2,54,23,5,3,242,135,190,230,237,-1,6,2,-1
3677,Col9a2,50,32,3,1,29,14,1,0,242,163,196,238,241,21,18,2,1
3350,Cidea,53,46,11,4,27,22,9,5,242,162,174,222,233,26,24,2,-1
3830,Cracr2a,41,18,4,0,53,24,2,0,242,148,200,236,242,-12,-6,2,0
21281,Vwa2,28,18,7,3,40,21,5,0,242,174,203,230,239,-12,-3,2,3
1083,Amdhd2,44,21,11,4,64,37,9,3,242,134,184,222,235,-20,-16,2,1
3011,Cdkn2b,58,27,4,1,41,21,2,1,242,143,194,236,240,17,6,2,0
2387,Calml3,31,23,4,1,26,18,2,1,242,185,201,236,240,5,5,2,0
21090,Vmn2r-ps158,10,9,4,3,9,5,2,1,242,223,228,236,238,1,4,2,2
2393,Calu,51,33,5,2,32,18,3,1,242,159,191,234,239,19,15,2,1
22129,Zkscan5,37,22,3,2,62,28,1,1,242,143,192,238,239,-25,-6,2,1
2363,Cadm4,38,22,9,4,45,24,7,3,242,159,196,226,235,-7,-2,2,1
20024,Trav8-1,4,4,3,1,1,1,1,1,242,237,237,238,240,3,3,2,0
340,6030498E09Rik,20,16,5,1,17,11,3,2,242,205,215,234,239,3,5,2,-1
4034,Ctsb,45,29,6,3,40,19,4,1,242,157,194,232,238,5,10,2,2
1920,BC016579,61,33,6,3,38,19,4,2,242,143,190,232,237,23,14,2,1
21439,Wnt7b,46,30,3,0,43,16,1,0,242,153,196,238,242,3,14,2,0
506,Abcg1,66,43,13,11,57,34,11,5,242,119,165,218,226,9,9,2,6
1592,Asic5,17,14,2,0,16,8,0,0,242,209,220,240,242,1,6,2,0
2322,Cabp2,32,25,7,1,37,26,5,1,242,173,191,230,240,-5,-1,2,0
4032,Cts8,52,34,11,3,44,28,9,4,242,146,180,222,235,8,6,2,-1
2329,Cachd1,44,23,4,2,37,16,2,1,242,161,203,236,239,7,7,2,1
808,Adh6b,37,27,4,0,41,22,2,0,242,164,193,236,242,-4,5,2,0
1076,Amacr,39,22,5,2,48,25,3,0,242,155,195,234,240,-9,-3,2,2
794,Adgrg3,66,33,7,2,37,19,5,3,242,139,190,230,237,29,14,2,-1
20311,Tspan33,43,21,3,2,49,31,1,1,242,150,190,238,239,-6,-10,2,1
20848,Vdr,57,36,9,2,65,32,7,2,242,120,174,226,238,-8,4,2,0
3246,Chd6,40,23,3,2,44,20,1,0,242,158,199,238,240,-4,3,2,2
20117,Trib1,71,34,5,1,38,21,3,0,242,133,187,234,241,33,13,2,1
22109,Zglp1,34,32,22,19,25,23,20,15,242,183,187,200,208,9,9,2,4
140,2010106E10Rik,9,9,3,0,17,13,1,0,242,216,220,238,242,-8,-4,2,0
21937,Zfp703,70,46,8,3,48,30,6,1,242,124,166,228,238,22,16,2,2
20105,Trgj4,2,2,2,2,0,0,0,0,242,240,240,240,240,2,2,2,2
3683,Colgalt1,43,30,6,2,35,19,4,2,242,164,193,232,238,8,11,2,0
2130,Bpifc,64,38,4,0,55,28,2,0,242,123,176,236,242,9,10,2,0
2027,Bgn,55,36,7,3,53,33,5,2,242,134,173,230,237,2,3,2,1
3989,Ct55,32,26,4,1,41,29,2,2,242,169,187,236,239,-9,-3,2,-1
21498,Xpo6,37,19,7,3,72,35,5,1,242,133,188,230,238,-35,-16,2,2
925,AI854703,43,25,9,4,65,34,7,1,242,134,183,226,237,-22,-9,2,3
2098,Bnip5,42,21,6,3,66,36,4,0,242,134,185,232,239,-24,-15,2,3
1721,Atp6v0c,62,36,5,3,26,12,3,1,242,154,194,234,238,36,24,2,2
21463,Xbp1,56,36,7,2,34,17,5,0,242,152,189,230,240,22,19,2,2
2018,Bex3,46,27,8,3,36,20,6,4,242,160,195,228,235,10,7,2,-1
3279,Chmp5,42,29,4,2,31,18,2,1,242,169,195,236,239,11,11,2,1
296,4931429L15Rik,38,22,6,1,49,28,4,0,242,155,192,232,241,-11,-6,2,1
2878,Cd70,23,22,4,1,18,17,2,0,242,201,203,236,241,5,5,2,1
3278,Chmp4c,55,28,4,0,38,17,2,0,242,149,197,236,242,17,11,2,0
923,AI661453,34,22,4,2,40,24,2,0,242,168,196,236,240,-6,-2,2,2
3403,Clcn7,55,34,4,2,33,18,2,0,242,154,190,236,240,22,16,2,2
361,9130409I23Rik,51,27,3,0,25,13,1,1,242,166,202,238,241,26,14,2,-1
235,4930432M17Rik,16,13,5,2,18,17,3,0,242,208,212,234,240,-2,-4,2,2
20467,Txndc16,38,22,6,4,37,17,4,1,242,167,203,232,237,1,5,2,3
21467,Xiap,42,26,6,2,65,44,4,1,242,135,172,232,239,-23,-18,2,1
20218,Trmt9b,48,34,7,0,56,38,5,1,242,138,170,230,241,-8,-4,2,-1
1720,Atp6v0b,55,30,6,3,28,17,4,1,242,159,195,232,238,27,13,2,2
3979,Cstdc1,22,19,6,3,9,8,4,3,242,211,215,232,236,13,11,2,0
20062,Trbv17,7,7,6,3,5,5,4,0,242,230,230,232,239,2,2,2,3
21113,Vmn2r12,12,7,2,0,12,3,0,0,242,218,232,240,242,0,4,2,0
1714,Atp6ap1,41,34,9,4,30,17,7,3,242,171,191,226,235,11,17,2,1
2046,Bin1,49,28,7,2,44,18,5,3,242,149,196,230,237,5,10,2,-1
21123,Vmn2r15,29,18,3,1,26,15,1,0,242,187,209,238,241,3,3,2,1
989,Akr1cl,48,33,7,1,37,24,5,1,242,157,185,230,240,11,9,2,0
464,Abca13,20,8,2,2,27,18,0,0,242,195,216,240,240,-7,-10,2,2
20554,Ube2w,37,23,6,2,48,27,4,1,242,157,192,232,239,-11,-4,2,1
2091,Bmyc,46,26,6,0,52,28,4,0,242,144,188,232,242,-6,-2,2,0
954,Akain1,29,12,2,1,18,4,0,0,242,195,226,240,241,11,8,2,1
3051,Cebpe,57,35,5,1,30,21,3,1,242,155,186,234,240,27,14,2,0
3052,Cebpg,62,36,7,2,37,24,5,1,242,143,182,230,239,25,12,2,1
2908,Cdc26,46,27,5,2,53,26,3,1,242,143,189,234,239,-7,1,2,1
20539,Ube2k,37,21,5,5,33,17,3,1,242,172,204,234,236,4,4,2,4
1696,Atp4b,33,28,5,0,25,16,3,2,242,184,198,234,240,8,12,2,-2
20011,Trav7-1,7,6,5,5,5,3,3,3,242,230,233,234,234,2,3,2,2
1684,Atp1b4,14,9,2,0,20,11,0,0,242,208,222,240,242,-6,-2,2,0
22037,Zfp945,40,24,7,0,68,32,5,1,242,134,186,230,241,-28,-8,2,-1
2227,Btd,31,23,5,2,55,32,3,1,242,156,187,234,239,-24,-9,2,1
20092,Treml2,53,27,3,3,24,9,1,1,242,165,206,238,238,29,18,2,2
893,Agr2,26,20,7,4,19,17,5,4,242,197,205,230,234,7,3,2,0
3637,Col11a2,75,45,4,1,33,12,2,0,242,134,185,236,241,42,33,2,1
3636,Col11a1,39,22,3,0,53,27,1,0,242,150,193,238,242,-14,-5,2,0
890,Agpat4,49,30,6,0,37,20,4,0,242,156,192,232,242,12,10,2,0
1978,Bcl2l14,62,35,5,1,47,24,3,0,242,133,183,234,241,15,11,2,1
21141,Vmn2r31,35,23,4,0,42,21,2,0,242,165,198,236,242,-7,2,2,0
21518,Yars,48,30,6,2,29,13,4,1,242,165,199,232,239,19,17,2,1
20005,Trav6d-4,4,4,3,3,3,1,1,1,242,235,237,238,238,1,3,2,2
20995,Vmn1r235,6,4,2,2,2,2,0,0,242,234,236,240,240,4,2,2,2
21447,Wrnip1,45,20,5,2,37,20,3,2,242,160,202,234,238,8,0,2,0
3858,Crhbp,36,23,8,5,34,25,6,2,242,172,194,228,235,2,-2,2,3
1639,Atg14,65,41,5,3,45,24,3,2,242,132,177,234,237,20,17,2,1
200,2810459M11Rik,52,25,6,2,39,21,4,2,242,151,196,232,238,13,4,2,0
20997,Vmn1r237,2,2,2,0,6,6,0,0,242,234,234,240,242,-4,-4,2,0
2225,Btbd9,51,29,4,3,49,31,2,0,242,142,182,236,239,2,-2,2,3
20016,Trav7-6,3,3,3,1,3,2,1,1,242,236,237,238,240,0,1,2,0
3942,Csn1s2b,19,12,8,3,30,21,6,3,242,193,209,228,236,-11,-9,2,0
20526,Ube2d3,37,21,5,3,30,15,3,0,242,175,206,234,239,7,6,2,3
897,Agt,53,29,3,2,39,17,1,0,242,150,196,238,240,14,12,2,2
3421,Cldn3,33,20,4,1,45,32,2,0,242,164,190,236,241,-12,-12,2,1
1675,Atp13a4,48,26,4,2,32,21,2,1,242,162,195,236,239,16,5,2,1
1682,Atp1b2,63,50,10,4,32,21,8,2,242,147,171,224,236,31,29,2,2
3297,Chrm3,34,18,2,0,39,21,0,0,242,169,203,240,242,-5,-3,2,0
3406,Cldn1,44,26,5,3,60,33,3,1,242,138,183,234,238,-16,-7,2,2
914,Ahsa1,80,46,7,3,20,9,5,3,242,142,187,230,236,60,37,2,0
1681,Atp1b1,51,35,7,3,54,27,5,1,242,137,180,230,238,-3,8,2,2
1235,Anxa13,42,31,7,3,44,36,5,1,242,156,175,230,238,-2,-5,2,2
21109,Vmn2r115,12,7,2,0,13,5,0,0,242,217,230,240,242,-1,2,2,0
1673,Atp13a2,49,23,4,2,33,13,2,0,242,160,206,236,240,16,10,2,2
21105,Vmn2r111,29,13,4,3,23,10,2,0,242,190,219,236,239,6,3,2,3
3995,Ctbs,43,27,7,2,64,33,5,2,242,135,182,230,238,-21,-6,2,0
912,Ahr,62,32,4,0,47,25,2,0,242,133,185,236,242,15,7,2,0
20463,Txn2,40,21,6,4,33,14,4,2,242,169,207,232,236,7,7,2,2
21460,Wwtr1,50,23,3,2,36,11,1,0,242,156,208,238,240,14,12,2,2
21758,Zfp287,57,36,8,3,47,29,6,1,242,138,177,228,238,10,7,2,2
3376,Ckb,50,36,9,5,34,22,7,5,242,158,184,226,232,16,14,2,0
21942,Zfp709,51,31,9,0,48,29,7,1,242,143,182,226,241,3,2,2,-1
3760,Cox7a2,35,20,5,3,43,23,3,3,242,164,199,234,236,-8,-3,2,0
125,1810009A15Rik,34,24,8,4,51,21,6,2,242,157,197,228,236,-17,3,2,2
2899,Cdc14a,49,24,4,1,60,32,2,0,242,133,186,236,241,-11,-8,2,1
1141,Ank,58,36,5,0,53,32,3,1,242,131,174,234,241,5,4,2,-1
2682,Ccdc85a,51,31,2,0,31,17,0,0,242,160,194,240,242,20,14,2,0
20712,Urah,55,39,16,7,44,32,14,5,242,143,171,212,230,11,7,2,2
2500,Casr,27,14,5,2,32,19,3,2,242,183,209,234,238,-5,-5,2,0
714,Adam33,61,41,6,2,44,25,4,2,242,137,176,232,238,17,16,2,0
20645,Ugt3a2,23,11,2,2,20,6,0,0,242,199,225,240,240,3,5,2,2
3806,Cps1,11,4,3,2,36,19,1,0,242,195,219,238,240,-25,-15,2,2
21610,Zbtb8b,39,25,4,2,47,29,2,1,242,156,188,236,239,-8,-4,2,1
1408,Arhgap31,57,29,7,5,45,22,5,0,242,140,191,230,237,12,7,2,5
21618,Zc3h12a,65,33,3,1,32,16,1,0,242,145,193,238,241,33,17,2,1
2674,Ccdc7a,47,36,9,5,48,35,7,3,242,147,171,226,234,-1,1,2,2
20679,Unc93a2,56,34,3,1,60,25,1,1,242,126,183,238,240,-4,9,2,0
68,1700019D03Rik,31,17,7,1,54,30,5,2,242,157,195,230,239,-23,-13,2,-1
22169,Zpld1,17,10,3,1,33,15,1,1,242,192,217,238,240,-16,-5,2,0
21405,Wfdc8,29,17,3,0,21,13,1,1,242,192,212,238,241,8,4,2,-1
1448,Arhgef5,40,24,5,2,31,18,3,0,242,171,200,234,240,9,6,2,2
3477,Clic5,43,27,4,2,44,19,2,0,242,155,196,236,240,-1,8,2,2
2499,Casq2,49,36,5,2,43,27,3,2,242,150,179,234,238,6,9,2,0
2626,Ccdc187,23,12,3,0,36,16,1,0,242,183,214,238,242,-13,-4,2,0
3147,Ces1d,35,22,4,2,27,18,2,0,242,180,202,236,240,8,4,2,2
21223,Vps13b,30,20,6,3,54,29,4,2,242,158,193,232,237,-24,-9,2,1
3786,Cplane2,59,37,9,2,71,44,7,1,242,112,161,226,239,-12,-7,2,1
21864,Zfp553,47,24,7,2,57,27,5,0,242,138,191,230,240,-10,-3,2,2
401,A530016L24Rik,41,25,9,6,50,40,7,3,242,151,177,226,233,-9,-15,2,3
21792,Zfp36l3,42,21,7,2,39,21,5,0,242,161,200,230,240,3,0,2,2
20641,Ugt2b37,8,3,2,2,13,11,0,0,242,221,228,240,240,-5,-8,2,2
3213,Cflar,72,37,4,2,22,10,2,1,242,148,195,236,239,50,27,2,1
1835,B3gnt5,45,24,5,0,41,29,3,1,242,156,189,234,241,4,-5,2,-1
2625,Ccdc186,35,21,6,2,51,28,4,2,242,156,193,232,238,-16,-7,2,0
1517,Arpc1b,55,30,7,2,38,22,5,2,242,149,190,230,238,17,8,2,0
20642,Ugt2b38,7,3,2,2,11,8,0,0,242,224,231,240,240,-4,-5,2,2
18,1110065P20Rik,41,19,5,2,38,17,3,0,242,163,206,234,240,3,2,2,2
20262,Trpv5,21,10,2,2,14,5,0,0,242,207,227,240,240,7,5,2,2
2589,Ccdc141,57,32,7,2,55,34,5,2,242,130,176,230,238,2,-2,2,0
3784,Cphx1,34,24,3,0,25,16,1,0,242,183,202,238,242,9,8,2,0
2513,Catsperd,57,33,8,3,56,33,6,4,242,129,176,228,235,1,0,2,-1
20671,Unc5a,52,29,7,1,40,29,5,2,242,150,184,230,239,12,0,2,-1
2977,Cdk13,45,20,6,3,44,16,4,0,242,153,206,232,239,1,4,2,3
21638,Zcchc13,29,25,4,1,29,24,2,0,242,184,193,236,241,0,1,2,1
52,1700013F07Rik,44,34,16,9,44,38,14,0,242,154,170,212,233,0,-4,2,9
601,Acot1,44,29,9,4,54,27,7,2,242,144,186,226,236,-10,2,2,2
20138,Trim29,40,20,3,1,28,17,1,1,242,174,205,238,240,12,3,2,0
1444,Arhgef38,37,21,3,0,46,28,1,0,242,159,193,238,242,-9,-7,2,0
2550,Cbx6,49,31,5,2,50,26,3,0,242,143,185,234,240,-1,5,2,2
1486,Arl6ip5,46,34,6,3,30,16,4,1,242,166,192,232,238,16,18,2,2
3537,Cmtm2b,20,19,12,1,25,22,10,6,242,197,201,220,235,-5,-3,2,-5
3802,Cpne9,69,35,6,4,39,21,4,1,242,134,186,232,237,30,14,2,3
20149,Trim35,45,26,7,3,62,30,5,3,242,135,186,230,236,-17,-4,2,0
597,Acnat2,21,16,6,2,17,14,4,3,242,204,212,232,237,4,2,2,-1
3800,Cpne7,52,35,6,2,40,14,4,2,242,150,193,232,238,12,21,2,0
2981,Cdk17,57,32,9,4,47,26,7,4,242,138,184,226,234,10,6,2,0
21064,Vmn1r71,24,13,2,0,5,1,0,0,242,213,228,240,242,19,12,2,0
20668,Unc45a,54,26,5,4,41,22,3,0,242,147,194,234,238,13,4,2,4
3164,Cetn2,49,28,9,3,41,23,7,4,242,152,191,226,235,8,5,2,-1
2640,Ccdc28b,49,26,8,3,57,36,6,2,242,136,180,228,237,-8,-10,2,1
3919,Cryzl2,66,46,9,2,44,25,7,1,242,132,171,226,239,22,21,2,1
2638,Ccdc27,23,12,4,1,36,14,2,0,242,183,216,236,241,-13,-2,2,1
1414,Arhgap39,72,42,11,6,49,35,9,5,242,121,165,222,231,23,7,2,1
1415,Arhgap4,62,43,14,4,59,44,12,4,242,121,155,216,234,3,-1,2,0
653,Actg2,68,54,10,5,62,43,8,1,242,112,145,224,236,6,11,2,4
21219,Vpreb2,20,20,7,0,22,20,5,1,242,200,202,230,241,-2,0,2,-1
4090,Cxcl12,67,40,6,3,42,19,4,1,242,133,183,232,238,25,21,2,2
20656,Ulk3,50,26,7,3,61,39,5,1,242,131,177,230,238,-11,-13,2,2
2524,Cavin3,64,32,4,2,31,12,2,0,242,147,198,236,240,33,20,2,2
20385,Ttf1,55,32,7,4,28,15,5,2,242,159,195,230,236,27,17,2,2
19913,Traj6,2,2,2,2,1,1,0,0,242,239,239,240,240,1,1,2,2
1802,Awat2,44,26,5,4,70,41,3,3,242,128,175,234,235,-26,-15,2,1
4095,Cxcl17,58,52,14,3,46,41,12,6,242,138,149,216,233,12,11,2,-3
56,1700014D04Rik,40,29,18,5,56,39,16,9,242,146,174,208,228,-16,-10,2,-4
487,Abcb9,36,19,5,0,64,40,3,0,242,142,183,234,242,-28,-21,2,0
21899,Zfp622,59,34,5,2,27,14,3,0,242,156,194,234,240,32,20,2,2
3337,Ciao1,36,16,4,3,46,14,2,1,242,160,212,236,238,-10,2,2,2
609,Acot5,39,30,7,4,36,23,5,3,242,167,189,230,235,3,7,2,1
3219,Cgn,64,34,11,5,49,25,9,4,242,129,183,222,233,15,9,2,1
2483,Cask,58,32,8,4,49,25,6,6,242,135,185,228,232,9,7,2,-2
21419,Wls,45,28,8,3,45,23,6,0,242,152,191,228,239,0,5,2,3
3488,Clmn,48,20,5,2,53,25,3,0,242,141,197,234,240,-5,-5,2,2
2752,Ccng1,47,36,9,2,39,23,7,4,242,156,183,226,236,8,13,2,-2
3893,Crxos,51,39,12,3,45,34,10,3,242,146,169,220,236,6,5,2,0
3894,Cry1,52,38,17,9,59,35,15,7,242,131,169,210,226,-7,3,2,2
21733,Zfp229,46,30,9,4,63,32,7,1,242,133,180,226,237,-17,-2,2,3
3491,Cln5,44,30,9,5,59,29,7,4,242,139,183,226,233,-15,1,2,1
494,Abcc5,55,31,5,2,38,19,3,0,242,149,192,234,240,17,12,2,2
20250,Trpm3,44,23,3,0,58,21,1,0,242,140,198,238,242,-14,2,2,0
482,Abcb4,55,30,2,0,42,25,0,0,242,145,187,240,242,13,5,2,0
3595,Cnrip1,44,29,5,2,53,34,3,2,242,145,179,234,238,-9,-5,2,0
751,Adap2,46,33,7,2,47,24,5,2,242,149,185,230,238,-1,9,2,0
1547,Arx,45,26,2,0,15,6,0,0,242,182,210,240,242,30,20,2,0
21589,Zbtb33,45,24,7,2,49,33,5,1,242,148,185,230,239,-4,-9,2,1
3137,Cers1,61,42,7,5,39,16,5,1,242,142,184,230,236,22,26,2,4
20694,Upk3a,39,28,7,5,32,21,5,1,242,171,193,230,236,7,7,2,4
2959,Cdh5,40,25,10,5,31,17,8,5,242,171,200,224,232,9,8,2,0
20320,Tspo2,21,15,7,1,37,31,5,2,242,184,196,230,239,-16,-16,2,-1
21089,Vmn1r95,2,2,2,1,0,0,0,0,242,240,240,240,241,2,2,2,1
21921,Zfp663,32,19,3,2,34,15,1,0,242,176,208,238,240,-2,4,2,2
1347,Appl2,42,30,7,2,60,35,5,2,242,140,177,230,238,-18,-5,2,0
21274,Vsx2,47,18,3,0,27,12,1,0,242,168,212,238,242,20,6,2,0
20318,Tspear,45,24,4,2,38,19,2,0,242,159,199,236,240,7,5,2,2
1092,Amigo2,48,31,4,0,46,28,2,0,242,148,183,236,242,2,3,2,0
19936,Trappc6b,35,17,5,2,53,25,3,1,242,154,200,234,239,-18,-8,2,1
21423,Wnk3,37,16,5,2,46,30,3,2,242,159,196,234,238,-9,-14,2,0
2612,Ccdc172,18,14,3,2,21,19,1,0,242,203,209,238,240,-3,-5,2,2
21685,Zfand5,53,31,5,3,42,26,3,1,242,147,185,234,238,11,5,2,2
2402,Camk2n1,31,19,4,2,55,26,2,0,242,156,197,236,240,-24,-7,2,2
20141,Trim30b,57,34,4,0,49,31,2,2,242,136,177,236,240,8,3,2,-2
20245,Trpc6,47,22,2,0,49,27,0,0,242,146,193,240,242,-2,-5,2,0
21579,Zbtb18,62,32,12,3,73,46,10,5,242,107,164,220,234,-11,-14,2,-2
21580,Zbtb2,66,40,5,1,30,15,3,0,242,146,187,234,241,36,25,2,1
21038,Vmn1r48,3,3,2,1,3,3,0,0,242,236,236,240,241,0,0,2,1
103,1700064H15Rik,56,50,33,23,44,39,31,21,242,142,153,178,198,12,11,2,2
559,Acad12,58,39,11,3,54,33,9,5,242,130,170,222,234,4,6,2,-2
564,Acads,40,28,6,2,55,28,4,0,242,147,186,232,240,-15,0,2,2
2707,Ccl1,18,17,12,4,20,19,10,6,242,204,206,220,232,-2,-2,2,-2
3192,Cfap69,47,31,8,3,70,55,6,0,242,125,156,228,239,-23,-24,2,3
20129,Trim17,55,27,10,5,49,26,8,2,242,138,189,224,235,6,1,2,3
20069,Trbv29,16,13,10,8,9,8,8,4,242,217,221,224,230,7,5,2,4
20322,Tspyl1,49,23,3,3,38,13,1,1,242,155,206,238,238,11,10,2,2
20071,Trbv30,4,4,3,3,3,1,1,1,242,235,237,238,238,1,3,2,2
19978,Trav16d-dv11,11,9,5,3,7,4,3,0,242,224,229,234,239,4,5,2,3
20033,Trav9d-3,15,14,7,2,6,6,5,2,242,221,222,230,238,9,8,2,0
1180,Ankrd34a,70,47,4,0,34,18,2,0,242,138,177,236,242,36,29,2,0
21726,Zfp2,47,32,6,0,65,33,4,1,242,130,177,232,241,-18,-1,2,-1
3566,Cnksr2,22,9,2,0,26,11,0,0,242,194,222,240,242,-4,-2,2,0
3567,Cnksr3,72,44,6,2,30,15,4,0,242,140,183,232,240,42,29,2,2
1852,B4galt6,49,29,7,2,52,27,5,0,242,141,186,230,240,-3,2,2,2
3510,Clstn2,31,12,2,0,32,13,0,0,242,179,217,240,242,-1,-1,2,0
3772,Cpa4,43,22,5,1,30,20,3,0,242,169,200,234,241,13,2,2,1
19989,Trav3d-3,6,5,5,3,3,3,3,2,242,233,234,234,237,3,2,2,1
2709,Ccl12,42,37,23,11,46,41,21,12,242,154,164,198,219,-4,-4,2,-1
336,5730507C01Rik,57,27,6,2,43,27,4,1,242,142,188,232,239,14,0,2,1
744,Adamts9,46,25,4,0,34,22,2,0,242,162,195,236,242,12,3,2,0
3138,Cers2,36,26,7,2,37,21,5,1,242,169,195,230,239,-1,5,2,1
2727,Ccl7,68,57,20,12,59,48,18,10,242,115,137,204,220,9,9,2,2
2723,Ccl3,49,37,16,10,44,33,14,7,242,149,172,212,225,5,4,2,3
20628,Ugt1a5,22,21,4,3,29,21,2,1,242,191,200,236,238,-7,0,2,2
21191,Vmn2r8,33,18,2,1,14,4,0,0,242,195,220,240,241,19,14,2,1
387,A130010J15Rik,40,24,7,1,55,32,5,2,242,147,186,230,239,-15,-8,2,-1
20067,Trbv23,4,4,2,1,0,0,0,0,242,238,238,240,241,4,4,2,1
743,Adamts8,41,18,2,0,30,10,0,0,242,171,214,240,242,11,8,2,0
2713,Ccl20,37,33,12,6,31,31,10,6,242,174,178,220,230,6,2,2,0
21040,Vmn1r5,30,18,4,2,52,28,2,0,242,160,196,236,240,-22,-10,2,2
629,Acsbg2,37,12,2,0,24,12,0,0,242,181,218,240,242,13,0,2,0
2447,Car10,35,16,3,0,39,19,1,0,242,168,207,238,242,-4,-3,2,0
1144,Ank3,42,28,4,2,53,17,2,1,242,147,197,236,239,-11,11,2,1
11234,Mettl7a3,81,59,16,3,58,39,15,9,242,103,144,211,230,23,20,1,-6
3296,Chrm2,7,3,1,0,18,7,0,0,242,217,232,241,242,-11,-4,1,0
3294,Chrdl2,38,28,3,1,35,21,2,2,242,169,193,237,239,3,7,1,-1
1207,Anks1b,50,26,4,0,59,39,3,0,242,133,177,235,242,-9,-13,1,0
16419,Rnf17,37,26,7,2,43,26,6,1,242,162,190,229,239,-6,0,1,1
11221,Mettl21e,62,39,12,3,51,34,11,6,242,129,169,219,233,11,5,1,-3
6118,Fmo3,22,13,1,0,22,6,0,0,242,198,223,241,242,0,7,1,0
3322,Chst15,44,26,4,1,57,30,3,0,242,141,186,235,241,-13,-4,1,1
16432,Rnf207,67,46,5,1,52,27,4,1,242,123,169,233,240,15,19,1,0
11144,Med13l,47,18,3,2,46,28,2,0,242,149,196,237,240,1,-10,1,2
1178,Ankrd33,11,10,1,0,8,8,0,0,242,223,224,241,242,3,2,1,0
11148,Med17,43,25,4,3,45,21,3,0,242,154,196,235,239,-2,4,1,3
18886,Tas2r138,7,7,1,0,3,3,0,0,242,232,232,241,242,4,4,1,0
3313,Chrnd,35,21,6,5,36,23,5,1,242,171,198,231,236,-1,-2,1,4
20268,Try4,9,8,2,0,3,2,1,0,242,230,232,239,242,6,6,1,0
11121,Mdh1b,32,17,6,0,34,28,5,4,242,176,197,231,238,-2,-11,1,-4
11183,Meiob,43,30,3,0,47,28,2,1,242,152,184,237,241,-4,2,1,-1
6106,Flvcr1,50,28,4,2,45,15,3,0,242,147,199,235,240,5,13,1,2
16417,Rnf168,40,20,3,2,31,10,2,0,242,171,212,237,240,9,10,1,2
11165,Med7,47,28,6,2,47,19,5,2,242,148,195,231,238,0,9,1,0
11170,Mef2b,46,25,7,4,51,29,6,2,242,145,188,229,236,-5,-4,1,2
11058,Mboat2,46,26,9,2,45,25,8,4,242,151,191,225,236,1,1,1,-2
11168,Medag,85,53,5,0,37,17,4,2,242,120,172,233,240,48,36,1,-2
16410,Rnf150,53,35,3,0,41,22,2,0,242,148,185,237,242,12,13,1,0
11120,Mdh1,45,30,7,2,42,25,6,4,242,155,187,229,236,3,5,1,-2
6154,Fosl1,68,46,13,7,53,32,12,4,242,121,164,217,231,15,14,1,3
18870,Tas2r118,2,2,1,0,0,0,0,0,242,240,240,241,242,2,2,1,0
11220,Mettl21c,45,40,8,1,28,24,7,4,242,169,178,227,237,17,16,1,-3
16398,Rnf135,43,23,8,4,49,28,7,3,242,150,191,227,235,-6,-5,1,1
1206,Anks1,53,24,4,2,60,37,3,1,242,129,181,235,239,-7,-13,1,1
11067,Mc3r,24,9,1,1,19,1,0,0,242,199,232,241,241,5,8,1,1
16459,Rnf44,51,28,5,4,46,19,4,1,242,145,195,233,237,5,9,1,3
11210,Metrnl,58,37,8,3,67,35,7,1,242,117,170,227,238,-9,2,1,2
11087,Mcm4,61,29,5,1,50,23,4,1,242,131,190,233,240,11,6,1,0
11203,Mest,51,30,7,1,65,39,6,0,242,126,173,229,241,-14,-9,1,1
21358,Wdr5b,32,17,4,0,80,49,3,2,242,130,176,235,240,-48,-32,1,-2
3323,Chst2,47,22,1,0,35,14,0,0,242,160,206,241,242,12,8,1,0
11093,Mcmbp,45,30,4,2,43,19,3,1,242,154,193,235,239,2,11,1,1
11099,Mcpt1,13,10,2,1,9,8,1,0,242,220,224,239,241,4,2,1,1
11103,Mcpt9,5,4,1,1,6,3,0,0,242,231,235,241,241,-1,1,1,1
1196,Ankrd54,46,17,5,4,46,25,4,1,242,150,200,233,237,0,-8,1,3
6091,Flg2,8,3,1,1,2,0,0,0,242,232,239,241,241,6,3,1,1
16409,Rnf149,42,24,3,2,41,21,2,0,242,159,197,237,240,1,3,1,2
11100,Mcpt2,6,6,1,0,6,6,0,0,242,230,230,241,242,0,0,1,0
1005,Aldh18a1,67,40,4,0,42,17,3,2,242,133,185,235,240,25,23,1,-2
20289,Tshz1,46,28,4,2,57,31,3,1,242,139,183,235,239,-11,-3,1,1
1354,Aqp3,51,31,9,4,64,49,8,3,242,127,162,225,235,-13,-18,1,1
10589,Lrfn5,20,11,1,1,18,10,0,0,242,204,221,241,241,2,1,1,1
6347,Gabra6,9,6,2,1,5,3,1,1,242,228,233,239,240,4,3,1,0
16719,Rtp4,55,41,10,5,80,57,9,1,242,107,144,223,236,-25,-16,1,4
10606,Lrp2,51,33,4,3,47,32,3,0,242,144,177,235,239,4,1,1,3
10616,Lrrc1,36,16,4,4,51,24,3,0,242,155,202,235,238,-15,-8,1,4
16707,Rtl9,30,15,2,0,22,13,1,0,242,190,214,239,242,8,2,1,0
16702,Rtl5,41,22,2,0,48,29,1,0,242,153,191,239,242,-7,-7,1,0
6330,Gaa,51,33,4,2,33,19,3,0,242,158,190,235,240,18,14,1,2
6329,G6pdx,49,30,8,3,56,31,7,3,242,137,181,227,236,-7,-1,1,0
1365,Arap2,40,22,6,2,45,23,5,1,242,157,197,231,239,-5,-1,1,1
3227,Chadl,56,34,10,4,56,29,9,1,242,130,179,223,237,0,5,1,3
10641,Lrrc38,27,17,1,0,22,11,0,0,242,193,214,241,242,5,6,1,0
18813,Taf7l,38,26,5,2,35,26,4,1,242,169,190,233,239,3,0,1,1
10646,Lrrc40,43,23,5,3,41,25,4,0,242,158,194,233,239,2,-2,1,3
1352,Aqp12,12,6,1,0,14,11,0,0,242,216,225,241,242,-2,-5,1,0
16467,Rnh1,46,29,5,2,31,14,4,1,242,165,199,233,239,15,15,1,1
1351,Aqp11,58,31,6,2,60,36,5,1,242,124,175,231,239,-2,-5,1,1
10672,Lrrc74a,15,7,1,0,11,10,0,0,242,216,225,241,242,4,-3,1,0
21273,Vsx1,23,12,1,0,13,3,0,0,242,206,227,241,242,10,9,1,0
21276,Vtcn1,35,23,5,1,36,17,4,3,242,171,202,233,238,-1,6,1,-2
10695,Lrrn4cl,60,30,8,4,46,20,7,4,242,136,192,227,234,14,10,1,0
21278,Vti1b,30,17,5,3,36,18,4,1,242,176,207,233,238,-6,-1,1,2
20317,Tspan9,63,37,5,2,43,15,4,0,242,136,190,233,240,20,22,1,2
16651,Rrnad1,48,24,3,1,49,22,2,2,242,145,196,237,239,-1,2,1,-1
1334,Apol7c,26,18,10,3,36,23,9,5,242,180,201,223,234,-10,-5,1,-2
10722,Lsr,42,25,8,4,41,26,7,2,242,159,191,227,236,1,-1,1,2
10727,Ltb,68,50,10,3,56,37,9,2,242,118,155,223,237,12,13,1,1
20313,Tspan5,57,36,4,3,45,20,3,1,242,140,186,235,238,12,16,1,2
18830,Taldo1,45,29,5,2,37,17,4,1,242,160,196,233,239,8,12,1,1
21287,Vwa7,68,46,6,1,38,19,5,0,242,136,177,231,241,30,27,1,1
10580,Lrch1,55,31,6,2,51,25,5,0,242,136,186,231,240,4,6,1,2
6354,Gabrg2,19,11,2,1,12,5,1,0,242,211,226,239,241,7,6,1,1
10573,Lpo,35,23,2,0,21,6,1,0,242,186,213,239,242,14,17,1,0
1393,Arhgap15,32,15,3,0,44,24,2,0,242,166,203,237,242,-12,-9,1,0
6426,Gas2l2,33,16,1,0,36,16,0,0,242,173,210,241,242,-3,0,1,0
10401,Lemd1,39,28,5,1,51,28,4,2,242,152,186,233,239,-12,0,1,-1
10404,Lenep,21,14,9,8,27,23,8,5,242,194,205,225,229,-6,-9,1,3
16812,Samhd1,60,31,5,2,37,20,4,1,242,145,191,233,239,23,11,1,1
16801,Samd12,58,38,5,1,51,28,4,1,242,133,176,233,240,7,10,1,0
10426,Lgals9,63,39,8,3,55,32,7,0,242,124,171,227,239,8,7,1,3
21230,Vps26b,48,19,6,2,35,17,5,1,242,159,206,231,239,13,2,1,1
10456,Lifr,50,29,7,4,53,27,6,1,242,139,186,229,237,-3,2,1,3
21240,Vps37b,51,25,6,6,44,22,5,1,242,147,195,231,235,7,3,1,5
20338,Tstd1,67,48,19,6,71,49,18,8,242,104,145,205,228,-4,-1,1,-2
1434,Arhgef17,53,28,4,2,43,23,3,0,242,146,191,235,240,10,5,1,2
20333,Tssk3,51,35,7,2,44,33,6,2,242,147,174,229,238,7,2,1,0
16777,S1pr1,71,44,6,2,36,24,5,1,242,135,174,231,239,35,20,1,1
10488,Lipc,56,44,10,2,48,33,9,1,242,138,165,223,239,8,11,1,1
3202,Cfb,55,42,14,7,60,40,13,4,242,127,160,215,231,-5,2,1,3
18782,Tacc1,51,33,7,2,55,34,6,3,242,136,175,229,237,-4,-1,1,-1
1419,Arhgap45,71,37,4,1,45,21,3,1,242,126,184,235,240,26,16,1,0
18788,Tacr3,28,20,2,0,22,12,1,0,242,192,210,239,242,6,8,1,0
10507,Llcfc1,18,12,2,0,12,9,1,0,242,212,221,239,242,6,3,1,0
6381,Galns,49,27,6,2,50,26,5,2,242,143,189,231,238,-1,1,1,0
10510,Llph,55,30,5,2,25,14,4,1,242,162,198,233,239,30,16,1,1
20328,Tsr2,44,26,6,2,36,21,5,3,242,162,195,231,237,8,5,1,-1
10528,Lmo1,46,33,4,0,35,24,3,1,242,161,185,235,241,11,9,1,-1
6372,Gal3st2b,66,38,6,3,49,28,5,1,242,127,176,231,238,17,10,1,2
10533,Lmod1,52,26,4,0,51,27,3,0,242,139,189,235,242,1,-1,1,0
3214,Cfp,64,46,8,2,50,34,7,0,242,128,162,227,240,14,12,1,2
1397,Arhgap20,39,22,3,1,37,19,2,1,242,166,201,237,240,2,3,1,0
1395,Arhgap18,43,30,8,3,60,28,7,0,242,139,184,227,239,-17,2,1,3
10560,Lpar4,39,23,6,1,56,31,5,0,242,147,188,231,241,-17,-8,1,1
10743,Luc7l3,52,29,5,3,34,18,4,1,242,156,195,233,238,18,11,1,2
21290,Vwc2l,12,3,1,0,14,6,0,0,242,216,233,241,242,-2,-3,1,0
10756,Ly6e,52,36,7,5,48,24,6,3,242,142,182,229,234,4,12,1,2
6218,Frem3,30,20,5,1,24,16,4,3,242,188,206,233,238,6,4,1,-2
1251,Aox3,52,26,4,0,43,22,3,1,242,147,194,235,241,9,4,1,-1
10906,Man2a2,57,36,5,4,52,28,4,0,242,133,178,233,238,5,8,1,4
10916,Mansc4,50,34,14,8,62,43,13,2,242,130,165,215,232,-12,-9,1,6
6211,Fpr3,7,6,1,0,5,4,0,0,242,230,232,241,242,2,2,1,0
1245,Aoc1,37,21,6,1,39,21,5,1,242,166,200,231,240,-2,0,1,0
6209,Fpr1,52,43,11,3,36,27,10,5,242,154,172,221,234,16,16,1,-2
10919,Map10,22,10,2,0,49,25,1,0,242,171,207,239,242,-27,-15,1,0
10922,Map1b,55,31,5,1,47,22,4,0,242,140,189,233,241,8,9,1,1
1243,Anxa9,64,39,8,0,74,44,7,1,242,104,159,227,241,-10,-5,1,-1
21316,Wdcp,66,38,7,2,27,22,6,1,242,149,182,229,239,39,16,1,1
6202,Foxs1,64,49,11,3,58,41,10,7,242,120,152,221,232,6,8,1,-4
10940,Map3k15,43,30,6,2,51,27,5,0,242,148,185,231,240,-8,3,1,2
10944,Map3k21,30,22,6,3,35,14,5,2,242,177,206,231,237,-5,8,1,1
6192,Foxo6,62,40,6,2,30,13,5,1,242,150,189,231,239,32,27,1,1
6190,Foxo3,65,35,6,2,40,23,5,2,242,137,184,231,238,25,12,1,0
10966,Mapk1,46,25,7,3,39,22,6,2,242,157,195,229,237,7,3,1,1
10988,Mapkbp1,28,11,2,0,62,37,1,0,242,152,194,239,242,-34,-26,1,0
10992,Mapt,49,27,5,2,59,31,4,1,242,134,184,233,239,-10,-4,1,1
11003,Marchf9,53,33,3,2,53,26,2,1,242,136,183,237,239,0,7,1,1
11006,Marco,33,21,7,6,34,18,6,2,242,175,203,229,234,-1,3,1,4
11031,Matn2,64,34,6,2,39,15,5,0,242,139,193,231,240,25,19,1,2
18862,Tas2r108,41,30,9,1,32,26,8,2,242,169,186,225,239,9,4,1,-1
11034,Matr3,40,20,2,2,35,19,1,1,242,167,203,239,239,5,1,1,1
11036,Mavs,49,26,6,3,46,17,5,0,242,147,199,231,239,3,9,1,3
11037,Max,59,38,12,3,56,37,11,6,242,127,167,219,233,3,1,1,-3
11039,Mb,52,35,14,4,50,44,13,7,242,140,163,215,231,2,-9,1,-3
16474,Ro60,36,17,4,2,55,27,3,0,242,151,198,235,240,-19,-10,1,2
11047,Mbd5,34,16,5,3,53,27,4,0,242,155,199,233,239,-19,-11,1,3
16469,Rnmt,46,21,5,3,50,30,4,2,242,146,191,233,237,-4,-9,1,1
16543,Rpl35,38,26,10,4,42,24,9,4,242,162,192,223,234,-4,2,1,0
6220,Frg2f1,52,34,7,0,40,24,6,3,242,150,184,229,239,12,10,1,-3
10760,Ly6g5b,68,44,9,4,59,45,8,5,242,115,153,225,233,9,-1,1,-1
16546,Rpl36-ps4,18,17,16,11,19,18,15,8,242,205,207,211,223,-1,-1,1,3
10770,Ly6l,4,4,4,1,3,3,3,0,242,235,235,235,241,1,1,1,1
6272,Ftsj1,42,26,5,2,37,22,4,2,242,163,194,233,238,5,4,1,0
10780,Lyn,39,23,5,2,50,19,4,0,242,153,200,233,240,-11,4,1,2
10792,Lypd8l,17,16,7,5,15,14,6,3,242,210,212,229,234,2,2,1,2
6259,Ftdc1,3,3,2,0,1,1,1,1,242,238,238,239,241,2,2,1,-1
10826,Macf1,45,31,5,2,46,29,4,0,242,151,182,233,240,-1,2,1,2
1275,Ap4e1,52,25,5,2,50,24,4,3,242,140,193,233,237,2,1,1,-1
18840,Taok3,62,31,5,2,35,17,4,1,242,145,194,233,239,27,14,1,1
6252,Fsip2l,21,8,3,0,28,17,2,1,242,193,217,237,241,-7,-9,1,-1
3263,Chil4,16,7,2,0,12,9,1,0,242,214,226,239,242,4,-2,1,0
10846,Mafg,55,34,6,2,49,24,5,2,242,138,184,231,238,6,10,1,0
10849,Magea1,5,4,1,0,9,9,0,0,242,228,229,241,242,-4,-5,1,0
10851,Magea13,30,21,5,0,26,16,4,2,242,186,205,233,240,4,5,1,-2
3265,Chil6,25,18,3,1,16,8,2,1,242,201,216,237,240,9,10,1,0
1262,Ap2a1,35,22,6,2,44,24,5,1,242,163,196,231,239,-9,-2,1,1
18844,Tapbpl,62,38,7,3,34,18,6,2,242,146,186,229,237,28,20,1,1
11246,Mfap3l,38,20,5,2,61,28,4,1,242,143,194,233,239,-23,-8,1,1
21309,Wasl,44,29,5,2,39,20,4,0,242,159,193,233,240,5,9,1,2
10866,Mageb4,11,9,1,0,11,4,0,0,242,220,229,241,242,0,5,1,0
10870,Magec2,21,15,3,0,24,11,2,2,242,197,216,237,240,-3,4,1,-2
10871,Maged1,61,30,5,2,31,17,4,0,242,150,195,233,240,30,13,1,2
6232,Frmpd4,17,8,1,1,34,11,0,0,242,191,223,241,241,-17,-3,1,1
6231,Frmpd3,20,5,1,0,10,1,0,0,242,212,236,241,242,10,4,1,0
10873,Magee1,48,26,5,0,53,21,4,0,242,141,195,233,242,-5,5,1,0
10876,Magel2,21,7,1,0,10,0,0,0,242,211,235,241,242,11,7,1,0
6228,Frmd8,41,25,4,2,48,17,3,0,242,153,200,235,240,-7,8,1,2
10889,Mal2,38,22,5,3,29,12,4,2,242,175,208,233,237,9,10,1,1
10891,Malrd1,14,3,3,1,25,18,2,0,242,203,221,237,241,-11,-15,1,1
10892,Malsu1,38,17,2,2,47,23,1,0,242,157,202,239,240,-9,-6,1,2
3267,Chka,84,54,6,2,25,8,5,1,242,133,180,231,239,59,46,1,1
11505,Mpv17,47,27,6,2,34,17,5,2,242,161,198,231,238,13,10,1,0
1164,Ankrd13b,57,27,4,1,38,18,3,0,242,147,197,235,241,19,9,1,1
21573,Zbtb10,44,17,3,0,46,27,2,0,242,152,198,237,242,-2,-10,1,0
12136,Ndufb11,38,22,6,2,31,19,5,2,242,173,201,231,238,7,3,1,0
12132,Ndufaf7,39,24,3,2,56,21,2,1,242,147,197,237,239,-17,3,1,1
12127,Ndufaf2,39,26,6,3,51,29,5,2,242,152,187,231,237,-12,-3,1,1
5678,Fam151b,37,28,9,4,62,39,8,1,242,143,175,225,237,-25,-11,1,3
5680,Fam160a1,47,19,2,0,44,21,1,0,242,151,202,239,242,3,-2,1,0
12122,Ndufa7,37,20,9,6,38,23,8,7,242,167,199,225,229,-1,-3,1,-1
15934,Rap1b,46,30,6,3,47,20,5,1,242,149,192,231,238,-1,10,1,2
12236,Nfatc3,46,25,4,3,48,20,3,1,242,148,197,235,238,-2,5,1,2
5684,Fam161a,51,35,7,2,60,35,6,1,242,131,172,229,239,-9,0,1,1
15939,Rap2b,60,30,4,0,55,35,3,1,242,127,177,235,241,5,-5,1,-1
778,Adgra2,56,35,6,3,49,24,5,1,242,137,183,231,238,7,11,1,2
20179,Trim67,30,14,1,0,40,19,0,0,242,172,209,241,242,-10,-5,1,0
12107,Ndst1,41,27,6,2,73,48,5,2,242,128,167,231,238,-32,-21,1,0
19117,Tex11,39,18,2,0,32,15,1,1,242,171,209,239,241,7,3,1,-1
770,Adcy9,43,20,5,2,61,34,4,0,242,138,188,233,240,-18,-14,1,2
15916,Raly,47,26,3,2,23,17,2,1,242,172,199,237,239,24,9,1,1
12146,Ndufc1,35,17,3,3,47,26,2,1,242,160,199,237,238,-12,-9,1,2
20173,Trim60,24,13,1,0,20,7,0,0,242,198,222,241,242,4,6,1,0
15902,Rag1,22,14,7,5,22,17,6,3,242,198,211,229,234,0,-3,1,2
12155,Ndufs8,32,16,5,4,39,22,4,0,242,171,204,233,238,-7,-6,1,4
5663,Fam126a,66,33,6,2,46,29,5,1,242,130,180,231,239,20,4,1,1
5660,Fam122c,8,6,1,0,14,9,0,0,242,220,227,241,242,-6,-3,1,0
5655,Fam120a,45,30,5,2,42,19,4,1,242,155,193,233,239,3,11,1,1
12180,Neil2,52,37,6,1,54,28,5,1,242,136,177,231,240,-2,9,1,0
5652,Fam117b,43,28,4,3,47,18,3,1,242,152,196,235,238,-4,10,1,2
21581,Zbtb20,53,35,5,2,61,33,4,2,242,128,174,233,238,-8,2,1,0
3490,Cln3,53,32,8,2,61,34,7,3,242,128,176,227,237,-8,-2,1,-1
5641,Fam102b,51,26,3,2,52,27,2,0,242,139,189,237,240,-1,-1,1,2
15871,Rac1,38,25,5,2,36,19,4,0,242,168,198,233,240,2,6,1,2
12209,Neto2,55,29,3,0,40,26,2,0,242,147,187,237,242,15,3,1,0
12213,Neu4,13,5,1,0,12,2,0,0,242,217,235,241,242,1,3,1,0
12106,Ndrg4,55,25,4,1,58,34,3,1,242,129,183,235,240,-3,-9,1,0
15945,Rapgef5,37,21,2,2,42,19,1,0,242,163,202,239,240,-5,2,1,2
15953,Rarres1,59,45,12,3,54,36,11,1,242,129,161,219,238,5,9,1,2
20190,Triml2,15,11,1,0,9,5,0,0,242,218,226,241,242,6,6,1,0
19064,Tecta,35,16,1,0,19,7,0,0,242,188,219,241,242,16,9,1,0
857,Aff3,35,18,3,1,52,26,2,0,242,155,198,237,241,-17,-8,1,1
852,Afap1l1,43,18,4,2,57,31,3,1,242,142,193,235,239,-14,-13,1,1
16028,Rbm24,25,18,1,1,40,19,0,0,242,177,205,241,241,-15,-1,1,1
16026,Rbm20,48,28,5,1,47,30,4,3,242,147,184,233,238,1,-2,1,-2
19082,Tenm1,14,5,1,0,11,2,0,0,242,217,235,241,242,3,3,1,0
19088,Tent4b,37,18,5,2,46,28,4,2,242,159,196,233,238,-9,-10,1,0
11963,Naa16,65,29,4,2,38,21,3,1,242,139,192,235,239,27,8,1,1
16014,Rbl2,25,14,4,2,55,21,3,0,242,162,207,235,240,-30,-7,1,2
16011,Rbis,46,28,6,5,55,24,5,2,242,141,190,231,235,-9,4,1,3
16008,Rbfox1,34,22,4,3,35,18,3,0,242,173,202,235,239,-1,4,1,3
3457,Clec3b,68,51,9,2,60,39,8,2,242,114,152,225,238,8,12,1,0
837,Adrb1,40,24,4,0,60,33,3,0,242,142,185,235,242,-20,-9,1,0
21555,Ywhae,35,23,3,2,40,17,2,1,242,167,202,237,239,-5,6,1,1
12001,Nampt,54,27,5,2,38,15,4,2,242,150,200,233,238,16,12,1,0
12082,Ncoa2,39,18,5,2,59,39,4,1,242,144,185,233,239,-20,-21,1,1
12010,Nap1l3,37,19,4,1,56,28,3,1,242,149,195,235,240,-19,-9,1,0
830,Adprs,42,23,4,2,49,24,3,3,242,151,195,235,237,-7,-1,1,-1
12013,Napa,39,23,4,2,35,16,3,0,242,168,203,235,240,4,7,1,2
12017,Naprt,60,39,8,3,43,23,7,3,242,139,180,227,236,17,16,1,0
20188,Trim9,46,23,1,0,18,6,0,0,242,178,213,241,242,28,17,1,0
5721,Fam187b,39,26,10,4,60,43,9,0,242,143,173,223,238,-21,-17,1,4
20187,Trim80,37,20,6,3,39,17,5,3,242,166,205,231,236,-2,3,1,0
822,Adora1,43,24,6,1,43,21,5,0,242,156,197,231,241,0,3,1,1
21562,Zadh2,40,21,5,2,58,37,4,0,242,144,184,233,240,-18,-16,1,2
5714,Fam183b,27,19,12,4,33,25,11,5,242,182,198,219,233,-6,-6,1,-1
21564,Zap70,51,31,8,2,47,26,7,1,242,144,185,227,239,4,5,1,1
12050,Nbn,36,22,4,2,32,16,3,0,242,174,204,235,240,4,6,1,2
12051,Nbr1,40,25,8,5,36,17,7,4,242,166,200,227,233,4,8,1,1
12055,Ncan,39,19,3,2,40,20,2,0,242,163,203,237,240,-1,-1,1,2
5630,Fads3,44,22,3,2,53,26,2,0,242,145,194,237,240,-9,-4,1,2
3496,Clock,31,16,6,2,59,33,5,0,242,152,193,231,240,-28,-17,1,2
11251,Mfhas1,57,33,6,2,48,29,5,2,242,137,180,231,238,9,4,1,0
689,Adad2,17,9,1,0,27,12,0,0,242,198,221,241,242,-10,-3,1,0
15751,Pycard,58,41,10,5,60,43,9,4,242,124,158,223,233,-2,-2,1,1
675,Actrt2,12,10,1,1,12,8,0,0,242,218,224,241,241,0,2,1,1
677,Acvr1,62,36,5,2,44,23,4,0,242,136,183,233,240,18,13,1,2
3539,Cmtm4,45,26,5,2,62,44,4,0,242,135,172,233,240,-17,-18,1,2
12448,Npas2,59,36,5,1,47,27,4,1,242,136,179,233,240,12,9,1,0
12444,Noxa1,24,11,1,0,18,12,0,0,242,200,219,241,242,6,-1,1,0
15768,Qk,42,20,5,3,43,24,4,2,242,157,198,233,237,-1,-4,1,1
5623,Fabp6,24,21,16,8,22,19,15,3,242,196,202,211,231,2,2,1,5
5542,Evi2,54,36,6,2,42,29,5,1,242,146,177,231,239,12,7,1,1
3531,Cmklr1,63,42,8,3,60,36,7,3,242,119,164,227,236,3,6,1,0
12411,Nol6,43,28,5,2,48,25,4,1,242,151,189,233,239,-5,3,1,1
12407,Nol12,32,19,7,3,45,26,6,2,242,165,197,229,237,-13,-7,1,1
12397,Noc2l,40,20,2,2,34,10,1,1,242,168,212,239,239,6,10,1,1
21632,Zc3hav1,51,30,6,3,39,18,5,1,242,152,194,231,238,12,12,1,2
12491,Npy,45,43,16,6,41,37,15,4,242,156,162,211,232,4,6,1,2
12493,Npy2r,22,11,1,1,8,2,0,0,242,212,229,241,241,14,9,1,1
15736,Pwwp2b,65,43,5,0,48,19,4,0,242,129,180,233,242,17,24,1,0
19210,Tha1,45,30,8,3,67,34,7,0,242,130,178,227,239,-22,-4,1,3
20147,Trim34a,48,35,7,2,77,51,6,1,242,117,156,229,239,-29,-16,1,1
12516,Nr2f6,55,30,3,2,41,20,2,0,242,146,192,237,240,14,10,1,2
5496,Esp5,5,4,4,1,3,3,3,1,242,234,235,235,240,2,1,1,0
12520,Nr4a2,84,50,6,0,37,22,5,1,242,121,170,231,241,47,28,1,-1
15715,Ptx4,26,23,2,0,26,18,1,1,242,190,201,239,241,0,5,1,-1
15714,Ptx3,61,33,5,2,52,32,4,0,242,129,177,233,240,9,1,1,2
12537,Nrg1,70,38,7,2,35,24,6,0,242,137,180,229,240,35,14,1,2
12541,Nrgn,71,47,6,2,51,37,5,2,242,120,158,231,238,20,10,1,0
3550,Cnbp,38,19,5,4,34,14,4,2,242,170,209,233,236,4,5,1,2
638,Acsm1,15,7,2,2,15,10,1,0,242,212,225,239,240,0,-3,1,2
12548,Nrn1,65,46,8,1,49,36,7,6,242,128,160,227,235,16,10,1,-5
621,Acp5,42,29,6,4,51,33,5,2,242,149,180,231,236,-9,-4,1,2
19221,Thbs2,59,27,1,0,44,19,0,0,242,139,196,241,242,15,8,1,0
19188,Tgfbi,65,37,6,3,35,20,5,2,242,142,185,231,237,30,17,1,1
12369,Nme1,40,23,6,3,44,21,5,3,242,158,198,231,236,-4,2,1,0
19184,Tgfb1,57,36,7,2,45,28,6,3,242,140,178,229,237,12,8,1,-1
5595,F11r,50,31,6,3,39,23,5,2,242,153,188,231,237,11,8,1,1
3498,Clpb,41,19,3,2,28,18,2,0,242,173,205,237,240,13,1,1,2
12241,Nfe2l3,53,25,6,3,58,35,5,1,242,131,182,231,238,-5,-10,1,2
3501,Clpsl2,12,11,10,5,9,9,9,3,242,221,222,223,234,3,2,1,2
12249,Nfkbia,77,43,7,2,42,31,6,0,242,123,168,229,240,35,12,1,2
15850,Rab6a,35,18,4,2,20,11,3,0,242,187,213,235,240,15,7,1,2
12261,Nfyb,53,30,5,2,49,23,4,3,242,140,189,233,237,4,7,1,-1
5608,F830016B08Rik,56,36,6,1,68,36,5,0,242,118,170,231,241,-12,0,1,1
15846,Rab5a,51,34,8,2,33,16,7,1,242,158,192,227,239,18,18,1,1
734,Adamts18,15,6,1,0,21,8,0,0,242,206,228,241,242,-6,-2,1,0
12273,Nhlh2,45,28,5,1,41,26,4,1,242,156,188,233,240,4,2,1,0
732,Adamts16,33,17,2,0,44,25,1,0,242,165,200,239,242,-11,-8,1,0
12281,Nhsl2,48,18,3,0,58,35,2,0,242,136,189,237,242,-10,-17,1,0
12289,Nifk,52,23,3,2,34,13,2,0,242,156,206,237,240,18,10,1,2
12298,Nipal1,43,24,3,1,73,43,2,0,242,126,175,237,241,-30,-19,1,1
723,Adam8,77,39,5,0,39,20,4,2,242,126,183,233,240,38,19,1,-2
19183,Tgfa,44,25,4,0,54,33,3,1,242,144,184,235,241,-10,-8,1,-1
722,Adam7,12,6,2,2,17,9,1,0,242,213,227,239,240,-5,-3,1,2
3511,Clstn3,45,28,5,0,56,36,4,1,242,141,178,233,241,-11,-8,1,-1
15824,Rab34,50,35,7,3,44,25,6,1,242,148,182,229,238,6,10,1,2
5587,Eya3,39,21,5,2,40,22,4,1,242,163,199,233,239,-1,-1,1,1
12312,Nkain3,43,24,2,0,45,26,1,0,242,154,192,239,242,-2,-2,1,0
15820,Rab31,60,32,5,2,52,25,4,1,242,130,185,233,239,8,7,1,1
19167,Tfdp2,49,29,5,3,45,21,4,3,242,148,192,233,236,4,8,1,0
15814,Rab27b,61,35,6,1,48,26,5,0,242,133,181,231,241,13,9,1,1
12325,Nkx1-1,21,16,4,3,26,19,3,1,242,195,207,235,238,-5,-3,1,2
21606,Zbtb7a,47,26,6,4,48,29,5,1,242,147,187,231,237,-1,-3,1,3
12338,Nkx6-3,32,12,2,0,27,12,1,0,242,183,218,239,242,5,0,1,0
21614,Zc2hc1b,34,31,7,1,17,14,6,2,242,191,197,229,239,17,17,1,-1
15800,Rab15,45,24,5,3,48,26,4,0,242,149,192,233,239,-3,-2,1,3
12357,Nlrp4c,31,14,1,0,14,8,0,0,242,197,220,241,242,17,6,1,0
21537,Yjefn3,54,39,9,1,46,34,8,1,242,142,169,225,240,8,5,1,0
11889,Myl6,35,19,3,3,33,18,2,2,242,174,205,237,237,2,1,1,1
877,Agfg2,52,31,8,2,53,20,7,4,242,137,191,227,236,-1,11,1,-2
16283,Rhox3h,3,1,1,0,7,4,0,0,242,232,237,241,242,-4,-3,1,0
1044,Alkal2,47,37,4,1,40,30,3,1,242,155,175,235,240,7,7,1,0
16277,Rhox3a,5,5,4,2,5,4,3,2,242,232,233,235,238,0,1,1,0
3363,Cisd2,35,20,4,2,50,24,3,2,242,157,198,235,238,-15,-4,1,0
16278,Rhox3a2,5,3,1,0,4,3,0,0,242,233,236,241,242,1,0,1,0
20241,Trpc4,17,7,1,0,18,7,0,0,242,207,228,241,242,-1,0,1,0
5962,Fcrl5,50,21,2,0,43,31,1,0,242,149,190,239,242,7,-10,1,0
5971,Fdx2,30,18,5,5,36,17,4,2,242,176,207,233,235,-6,1,1,3
5770,Fam32a,46,32,4,2,48,20,3,1,242,148,190,235,239,-2,12,1,1
16289,Rhox4e,13,9,6,4,12,11,5,3,242,217,222,231,235,1,-2,1,1
11442,Mocos,40,24,5,2,63,32,4,1,242,139,186,233,239,-23,-8,1,1
11440,Mob4,48,25,5,3,43,22,4,1,242,151,195,233,238,5,3,1,2
3355,Cilp,46,29,3,2,34,15,2,0,242,162,198,237,240,12,14,1,2
5981,Fer1l4,26,11,6,1,30,25,5,3,242,186,206,231,238,-4,-14,1,-2
21440,Wnt8a,54,34,4,0,37,17,3,0,242,151,191,235,242,17,17,1,0
18961,Tbx22,25,15,2,0,15,8,1,0,242,202,219,239,242,10,7,1,0
11478,Mpdz,51,30,5,2,45,24,4,1,242,146,188,233,239,6,6,1,1
21448,Wsb1,56,30,3,3,39,17,2,0,242,147,195,237,239,17,13,1,3
20231,Trp53inp2,39,20,6,2,61,29,5,2,242,142,193,231,238,-22,-9,1,0
11487,Mpl,31,15,1,0,17,6,0,0,242,194,221,241,242,14,9,1,0
1028,Aldob,28,11,5,3,52,27,4,0,242,162,204,233,239,-24,-16,1,3
20345,Ttc12,33,13,2,0,49,22,1,1,242,160,207,239,241,-16,-9,1,-1
11511,Mpzl3,46,32,8,0,43,22,7,3,242,153,188,227,239,3,10,1,-3
1019,Aldh4a1,42,23,5,3,55,28,4,0,242,145,191,233,239,-13,-5,1,3
18968,Tc2n,53,28,6,2,53,30,5,0,242,136,184,231,240,0,-2,1,2
1011,Aldh1l1,40,26,5,2,39,20,4,1,242,163,196,233,239,1,6,1,1
11549,Mroh1,42,25,5,3,46,27,4,1,242,154,190,233,238,-4,-2,1,2
16229,Rgs9,43,26,5,3,55,25,4,0,242,144,191,233,239,-12,1,1,3
21465,Xcr1,56,30,7,3,45,25,6,2,242,141,187,229,237,11,5,1,1
994,Akt1s1,55,34,8,6,43,20,7,5,242,144,188,227,231,12,14,1,1
16220,Rgs21,5,4,1,0,0,0,0,0,242,237,238,241,242,5,4,1,0
16216,Rgs18,39,24,6,2,30,15,5,1,242,173,203,231,239,9,9,1,1
5986,Fermt2,57,34,5,3,27,17,4,0,242,158,191,233,239,30,17,1,3
11420,Mmp9,62,37,10,4,45,27,9,2,242,135,178,223,236,17,10,1,2
11416,Mmp28,65,41,6,0,51,29,5,0,242,126,172,231,242,14,12,1,0
6040,Fgl2,46,31,7,0,55,32,6,3,242,141,179,229,239,-9,-1,1,-3
11252,Mfn1,28,14,4,2,43,23,3,1,242,171,205,235,239,-15,-9,1,1
16365,Rnase2b,5,5,3,1,9,8,2,0,242,228,229,237,241,-4,-3,1,1
1146,Ankdd1a,32,22,1,0,27,16,0,0,242,183,204,241,242,5,6,1,0
6063,Filip1l,76,47,8,2,42,30,7,2,242,124,165,227,238,34,17,1,0
11268,Mfsd4b1,42,19,5,3,66,39,4,2,242,134,184,233,237,-24,-20,1,1
11272,Mfsd6,21,13,2,2,62,32,1,0,242,159,197,239,240,-41,-19,1,2
18907,Tbc1d12,40,17,5,2,54,24,4,0,242,148,201,233,240,-14,-7,1,2
11277,Mga,38,24,6,2,47,25,5,1,242,157,193,231,239,-9,-1,1,1
6054,Fibin,52,24,4,0,44,24,3,0,242,146,194,235,242,8,0,1,0
21403,Wfdc6a,37,33,8,2,18,17,7,3,242,187,192,227,237,19,16,1,-1
16349,Rln3,45,39,18,6,42,34,17,5,242,155,169,207,231,3,5,1,1
21408,Wfikkn2,49,25,3,0,46,27,2,0,242,147,190,237,242,3,-2,1,0
6045,Fhit,46,25,9,4,49,29,8,2,242,147,188,225,236,-3,-4,1,2
6043,Fhad1,46,31,4,2,37,23,3,2,242,159,188,235,238,9,8,1,0
11327,Mif,49,30,7,5,40,23,6,2,242,153,189,229,235,9,7,1,3
11409,Mmp2,52,30,8,2,57,34,7,3,242,133,178,227,237,-5,-4,1,-1
18920,Tbc1d24,52,32,4,1,46,27,3,3,242,144,183,235,238,6,5,1,-2
11333,Mill2,59,35,6,1,52,34,5,0,242,131,173,231,241,7,1,1,1
6029,Fgfbp1,55,43,9,3,32,22,8,3,242,155,177,225,236,23,21,1,0
20254,Trpm7,40,25,5,2,44,21,4,0,242,158,196,233,240,-4,4,1,2
1120,Anapc2,30,15,4,3,44,18,3,0,242,168,209,235,239,-14,-3,1,3
6023,Fgf4,13,5,1,0,24,10,0,0,242,205,227,241,242,-11,-5,1,0
16333,Ripk2,49,27,7,0,45,31,6,1,242,148,184,229,241,4,-4,1,-1
11355,Mitf,52,27,6,2,56,35,5,0,242,134,180,231,240,-4,-8,1,2
20246,Trpc7,41,18,3,1,27,13,2,0,242,174,211,237,241,14,5,1,1
11375,Mlip,27,20,4,1,27,14,3,3,242,188,208,235,238,0,6,1,-2
21422,Wnk2,31,20,2,1,39,20,1,0,242,172,202,239,241,-8,0,1,1
11393,Mmd2,41,21,3,0,40,19,2,0,242,161,202,237,242,1,2,1,0
5997,Ffar3,24,18,2,0,15,12,1,0,242,203,212,239,242,9,6,1,0
11408,Mmp1b,21,17,3,1,22,19,2,0,242,199,206,237,241,-1,-2,1,1
18982,Tceal7,33,26,11,5,40,26,10,7,242,169,190,221,230,-7,0,1,-2
18983,Tceal8,48,28,6,2,51,21,5,2,242,143,193,231,238,-3,7,1,0
5899,Fbxo33,42,24,4,2,54,28,3,1,242,146,190,235,239,-12,-4,1,1
19043,Tdpoz8,29,18,3,1,33,22,2,0,242,180,202,237,241,-4,-4,1,1
19022,Tcp11l2,51,31,4,2,55,27,3,0,242,136,184,235,240,-4,4,1,2
11787,Muc1,55,40,8,3,62,40,7,1,242,125,162,227,238,-7,0,1,2
11795,Muc3a,53,21,5,3,41,19,4,1,242,148,202,233,238,12,2,1,2
11801,Mug1,17,11,2,1,11,4,1,0,242,214,227,239,241,6,7,1,1
11806,Mup11,6,6,4,1,6,6,3,1,242,230,230,235,240,0,0,1,0
16069,Rbpms,57,35,7,2,44,20,6,3,242,141,187,229,237,13,15,1,-1
11824,Mup8,2,2,2,1,2,2,1,1,242,238,238,239,240,0,0,1,0
16066,Rbp7,68,51,21,10,55,38,20,11,242,119,153,201,221,13,13,1,-1
11827,Musk,46,26,4,1,38,16,3,2,242,158,200,235,239,8,10,1,-1
3419,Cldn23,45,28,9,3,41,26,8,5,242,156,188,225,234,4,2,1,-2
896,Agrp,58,44,13,7,49,36,12,5,242,135,162,217,230,9,8,1,2
5799,Fam83c,37,21,3,2,43,21,2,0,242,162,200,237,240,-6,0,1,2
3423,Cldn34b1,3,2,1,1,7,6,0,0,242,232,234,241,241,-4,-4,1,1
5794,Fam78b,57,32,6,4,35,24,5,5,242,150,186,231,233,22,8,1,-1
21517,Yap1,49,22,4,2,33,16,3,0,242,160,204,235,240,16,6,1,2
11784,Mtx1,35,19,4,3,50,26,3,1,242,157,197,235,238,-15,-7,1,2
11862,Myd88,43,19,3,2,34,16,2,2,242,165,207,237,238,9,3,1,0
20203,Trmt1,30,17,5,3,38,17,4,0,242,174,208,233,239,-8,0,1,3
11865,Myf5,27,15,3,2,24,16,2,2,242,191,211,237,238,3,-1,1,0
16047,Rbm48,36,15,5,2,60,35,4,1,242,146,192,233,239,-24,-20,1,1
11867,Myg1,37,17,5,3,39,18,4,3,242,166,207,233,236,-2,-1,1,0
886,Ago4,33,16,1,0,47,17,0,0,242,162,209,241,242,-14,-1,1,0
881,Agmat,54,38,12,5,53,39,11,1,242,135,165,219,236,1,-1,1,4
19052,Tdrd9,34,18,2,0,34,24,1,1,242,174,200,239,241,0,-6,1,-1
11877,Myh6,33,24,8,3,33,23,7,1,242,176,195,227,238,0,1,1,2
11878,Myh7,37,18,4,2,22,14,3,3,242,183,210,235,237,15,4,1,-1
16043,Rbm44,33,19,6,1,30,17,5,0,242,179,206,231,241,3,2,1,1
878,Aggf1,40,18,3,2,37,19,2,0,242,165,205,237,240,3,-1,1,2
3441,Clec12a,64,53,15,5,67,60,14,4,242,111,129,213,233,-3,-7,1,1
3442,Clec12b,40,25,5,1,25,17,4,2,242,177,200,233,239,15,8,1,-1
3410,Cldn13,27,26,5,0,24,20,4,0,242,191,196,233,242,3,6,1,0
11783,Mtus2,47,28,5,1,47,27,4,1,242,148,187,233,240,0,1,1,0
986,Akr1c20,18,15,1,0,16,12,0,0,242,208,215,241,242,2,3,1,0
16144,Rep15,87,52,8,1,29,21,7,3,242,126,169,227,238,58,31,1,-2
16207,Rgr,23,13,5,4,14,8,4,1,242,205,221,233,237,9,5,1,3
11610,Mrps12,43,26,4,3,26,14,3,1,242,173,202,235,238,17,12,1,2
16182,Rfng,42,23,5,2,39,19,4,2,242,161,200,233,238,3,4,1,0
18989,Tcf12,46,26,4,2,43,20,3,2,242,153,196,235,238,3,6,1,0
11648,Ms4a18,6,5,2,0,13,12,1,0,242,223,225,239,242,-7,-7,1,0
11650,Ms4a2,33,20,4,0,41,29,3,1,242,168,193,235,241,-8,-9,1,-1
963,Akap4,10,6,1,0,5,1,0,0,242,227,235,241,242,5,5,1,0
961,Akap17b,33,25,4,0,76,35,3,1,242,133,182,235,241,-43,-10,1,-1
21483,Xlr4b,67,55,14,6,37,31,13,3,242,138,156,215,233,30,24,1,3
11673,Msh5,48,30,5,1,62,30,4,0,242,132,182,233,241,-14,0,1,1
948,Ak4,57,35,6,2,52,32,5,4,242,133,175,231,236,5,3,1,-2
3396,Clcf1,63,44,7,0,52,32,6,0,242,127,166,229,242,11,12,1,0
16150,Rerg,53,36,7,4,44,27,6,1,242,145,179,229,237,9,9,1,3
11697,Msx1,72,48,12,4,41,29,11,7,242,129,165,219,231,31,19,1,-3
934,Aig1,47,24,4,2,44,23,3,1,242,151,195,235,239,3,1,1,1
16082,Rcc2,49,25,3,3,29,14,2,0,242,164,203,237,239,20,11,1,3
19002,Tcfl5,42,26,5,0,34,23,4,2,242,166,193,233,240,8,3,1,-2
11718,Mta2,46,24,3,3,27,11,2,0,242,169,207,237,239,19,13,1,3
3401,Clcn5,42,28,5,3,66,34,4,1,242,134,180,233,238,-24,-6,1,2
5854,Fbll1,50,36,9,5,32,22,8,3,242,160,184,225,234,18,14,1,2
16121,Reep3,43,28,6,2,58,21,5,2,242,141,193,231,238,-15,7,1,0
16116,Recql,46,28,6,3,54,36,5,2,242,142,178,231,237,-8,-8,1,1
11736,Mtfmt,32,20,5,4,41,18,4,1,242,169,204,233,237,-9,2,1,3
19007,Tcirg1,43,25,5,2,51,27,4,2,242,148,190,233,238,-8,-2,1,0
19008,Tcl1,15,11,2,1,5,2,1,0,242,222,229,239,241,10,9,1,1
16109,Rdh8,22,19,4,1,28,25,3,0,242,192,198,235,241,-6,-6,1,1
5844,Fat2,33,16,3,0,29,11,2,0,242,180,215,237,242,4,5,1,0
19013,Tcl1b5,8,7,3,0,16,13,2,0,242,218,222,237,242,-8,-6,1,0
3405,Clcnkb,54,37,13,4,69,44,12,2,242,119,161,217,236,-15,-7,1,2
19015,Tcof1,47,17,5,3,43,21,4,3,242,152,204,233,236,4,-4,1,0
16823,Sap18,47,31,14,7,69,43,13,3,242,126,168,215,232,-22,-12,1,4
16907,Scgb1b24,1,1,1,1,0,0,0,0,242,241,241,241,241,1,1,1,1
18762,Taar2,9,9,1,0,2,2,0,0,242,231,231,241,242,7,7,1,0
2869,Cd55b,28,24,8,2,40,36,7,3,242,174,182,227,237,-12,-12,1,-1
18331,Spz1,32,23,3,0,18,11,2,0,242,192,208,237,242,14,12,1,0
17427,Sla,54,40,7,0,49,29,6,2,242,139,173,229,240,5,11,1,-2
7258,Gm27235,15,14,5,1,8,7,4,2,242,219,221,233,239,7,7,1,-1
20902,Vmn1r127,1,1,1,1,0,0,0,0,242,241,241,241,241,1,1,1,1
2838,Cd300e,40,21,5,0,27,8,4,3,242,175,213,233,239,13,13,1,-3
8694,Hmgn1,48,29,5,3,33,18,4,2,242,161,195,233,237,15,11,1,1
17449,Slc12a3,41,21,3,2,31,21,2,0,242,170,200,237,240,10,0,1,2
20899,Vmn1r124,4,4,1,0,1,1,0,0,242,237,237,241,242,3,3,1,0
8671,Hlcs,39,17,3,0,78,36,2,0,242,125,189,237,242,-39,-19,1,0
7278,Gm28308,39,33,8,2,50,42,7,1,242,153,167,227,239,-11,-9,1,1
20896,Vmn1r121,3,3,1,0,0,0,0,0,242,239,239,241,242,3,3,1,0
17469,Slc16a10,55,27,2,2,55,36,1,1,242,132,179,239,239,0,-9,1,1
18315,Spsb3,42,19,4,2,41,17,3,0,242,159,206,235,240,1,2,1,2
2230,Btg1,54,28,4,2,52,31,3,1,242,136,183,235,239,2,-3,1,1
17483,Slc17a2,25,8,2,0,21,16,1,0,242,196,218,239,242,4,-8,1,0
17423,Skor1,13,11,1,0,52,31,0,0,242,177,200,241,242,-39,-20,1,0
8732,Hoga1,58,36,8,5,66,35,7,2,242,118,171,227,235,-8,1,1,3
8737,Hook1,20,9,4,3,48,23,3,1,242,174,210,235,238,-28,-14,1,2
20919,Vmn1r158,1,1,1,1,0,0,0,0,242,241,241,241,241,1,1,1,1
8819,Hs3st3b1,47,21,2,0,47,20,1,0,242,148,201,239,242,0,1,1,0
8816,Hs3st1,44,33,8,0,67,45,7,2,242,131,164,227,240,-23,-12,1,-2
17402,Six6,21,10,1,0,21,4,0,0,242,200,228,241,242,0,6,1,0
8802,Hr,62,38,2,0,37,15,1,0,242,143,189,239,242,25,23,1,0
2864,Cd48,41,28,6,2,45,31,5,2,242,156,183,231,238,-4,-3,1,0
17410,Skil,62,38,4,3,41,17,3,1,242,139,187,235,238,21,21,1,2
20918,Vmn1r157,3,3,1,0,3,3,0,0,242,236,236,241,242,0,0,1,0
8740,Hopx,53,30,5,3,45,32,4,2,242,144,180,233,237,8,-2,1,1
17412,Skint10,7,2,2,2,9,7,1,0,242,226,233,239,240,-2,-5,1,2
18342,Srd5a2,37,29,4,3,41,29,3,0,242,164,184,235,239,-4,0,1,3
7237,Gm21996,3,2,2,1,7,5,1,1,242,232,235,239,240,-4,-3,1,0
20565,Ubl4b,22,16,1,0,10,8,0,0,242,210,218,241,242,12,8,1,0
20909,Vmn1r135,2,2,1,0,0,0,0,0,242,240,240,241,242,2,2,1,0
20570,Ubn1,46,26,4,2,38,15,3,0,242,158,201,235,240,8,11,1,2
8631,Hhex,62,35,10,2,64,44,9,2,242,116,163,223,238,-2,-9,1,0
2240,Btnl1,22,13,3,0,17,9,2,0,242,203,220,237,242,5,4,1,0
8625,Hgfac,71,39,12,5,52,42,11,2,242,119,161,219,235,19,-3,1,3
2794,Cct8l1,55,33,6,1,36,19,5,3,242,151,190,231,238,19,14,1,-2
20589,Ubtfl1,56,40,12,5,37,29,11,4,242,149,173,219,233,19,11,1,1
18259,Spire1,41,21,3,2,43,17,2,0,242,158,204,237,240,-2,4,1,2
18258,Spint5,9,6,3,0,17,10,2,0,242,216,226,237,242,-8,-4,1,0
2284,C1rl,48,33,5,2,72,42,4,0,242,122,167,233,240,-24,-9,1,2
2798,Cd14,51,33,12,4,71,44,11,4,242,120,165,219,234,-20,-11,1,0
20595,Ubxn4,41,20,4,2,31,9,3,1,242,170,213,235,239,10,11,1,1
7357,Gm3233,5,5,1,1,1,1,0,0,242,236,236,241,241,4,4,1,1
18268,Spock2,54,28,1,0,34,11,0,0,242,154,203,241,242,20,17,1,0
2285,C1s1,62,46,9,4,68,44,8,3,242,112,152,225,235,-6,2,1,1
2286,C1s2,42,27,5,0,61,22,4,0,242,139,193,233,242,-19,5,1,0
8520,Hbb-bh2,1,1,1,0,0,0,0,0,242,241,241,241,242,1,1,1,0
8515,Hax1,34,16,2,2,33,14,1,1,242,175,212,239,239,1,2,1,1
17546,Slc25a14,47,33,6,2,47,27,5,1,242,148,182,231,239,0,6,1,1
8510,Haus6,46,25,5,1,47,27,4,3,242,149,190,233,238,-1,-2,1,-2
18267,Spock1,27,10,1,0,22,8,0,0,242,193,224,241,242,5,2,1,0
17529,Slc22a6,17,11,3,3,16,11,2,0,242,209,220,237,239,1,0,1,3
2824,Cd226,42,28,7,1,55,33,6,0,242,145,181,229,241,-13,-5,1,1
8585,Heg1,49,33,4,1,56,32,3,0,242,137,177,235,241,-7,1,1,1
8614,Hexb,42,24,8,4,48,26,7,3,242,152,192,227,235,-6,-2,1,1
8611,Hes7,54,35,9,4,63,40,8,0,242,125,167,225,238,-9,-5,1,4
8607,Hes2,46,24,2,0,32,11,1,0,242,164,207,239,242,14,13,1,0
20886,Vmn1r112,1,1,1,0,0,0,0,0,242,241,241,241,242,1,1,1,0
2255,Bzw1,41,18,3,3,40,20,2,1,242,161,204,237,238,1,-2,1,2
18292,Sprr2a1,24,18,2,1,22,14,1,0,242,196,210,239,241,2,4,1,1
2263,C1galt1,32,20,5,2,61,38,4,0,242,149,184,233,240,-29,-18,1,2
2271,C1ql3,50,33,5,1,58,33,4,2,242,134,176,233,239,-8,0,1,-1
20883,Vmn1r107,4,4,1,1,1,1,0,0,242,237,237,241,241,3,3,1,1
2809,Cd2,37,24,7,2,44,30,6,2,242,161,188,229,238,-7,-6,1,0
8573,Heatr5b,33,14,2,2,33,16,1,0,242,176,212,239,240,0,-2,1,2
2267,C1qbp,46,28,3,2,31,14,2,0,242,165,200,237,240,15,14,1,2
17523,Slc22a28,14,7,2,2,12,5,1,0,242,216,230,239,240,2,2,1,2
17524,Slc22a29,22,13,2,0,30,22,1,0,242,190,207,239,242,-8,-9,1,0
20924,Vmn1r168,37,18,4,3,42,24,3,0,242,163,200,235,239,-5,-6,1,3
20928,Vmn1r171,21,11,1,0,40,24,0,0,242,181,207,241,242,-19,-13,1,0
8504,Hat1,51,25,9,4,37,19,8,2,242,154,198,225,236,14,6,1,2
7204,Gm21866,2,2,2,1,1,1,1,0,242,239,239,239,241,1,1,1,1
17294,Sh3gl1,35,16,3,3,46,30,2,1,242,161,196,237,238,-11,-14,1,2
2031,Bhlhe22,46,25,3,0,29,20,2,1,242,167,197,237,241,17,5,1,-1
18445,St3gal6,55,42,9,4,55,36,8,1,242,132,164,225,237,0,6,1,3
9063,Igfbp4,64,40,7,4,44,21,6,2,242,134,181,229,236,20,19,1,2
2044,Bid,44,27,5,3,60,24,4,1,242,138,191,233,238,-16,3,1,2
9060,Igfbp1,29,22,5,3,28,23,4,2,242,185,197,233,237,1,-1,1,1
7119,Gm20894,3,3,3,3,2,2,2,1,242,237,237,237,238,1,1,1,2
17304,Sh3rf3,49,28,3,0,50,24,2,0,242,143,190,237,242,-1,4,1,0
20961,Vmn1r204,5,5,1,1,2,1,0,0,242,235,236,241,241,3,4,1,1
18420,Sstr4,40,25,2,0,43,32,1,0,242,159,185,239,242,-3,-7,1,0
9025,Ifngr2,50,25,9,3,62,43,8,1,242,130,174,225,238,-12,-18,1,2
9017,Ifna9,1,1,1,0,1,1,0,0,242,240,240,241,242,0,0,1,0
9016,Ifna7,2,2,1,0,0,0,0,0,242,240,240,241,242,2,2,1,0
2069,Bmerb1,38,21,7,3,51,35,6,1,242,153,186,229,238,-13,-14,1,2
9010,Ifna15,6,6,5,1,9,9,4,0,242,227,227,233,241,-3,-3,1,1
2023,Bfsp2,53,31,3,0,54,27,2,0,242,135,184,237,242,-1,4,1,0
2019,Bex4,34,26,8,2,33,25,7,0,242,175,191,227,240,1,1,1,2
2917,Cdc42bpb,50,24,4,2,44,24,3,0,242,148,194,235,240,6,0,1,2
1983,Bcl6b,62,37,8,2,51,32,7,2,242,129,173,227,238,11,5,1,0
9183,Ighv5-2,6,5,5,2,8,6,4,0,242,228,231,233,240,-2,-1,1,2
1970,Bcl2a1b,41,33,13,5,43,34,12,5,242,158,175,217,232,-2,-1,1,0
9176,Ighv3-8,10,9,8,4,14,10,7,6,242,218,223,227,232,-4,-1,1,-2
1975,Bcl2l11,75,46,8,2,52,34,7,3,242,115,162,227,237,23,12,1,-1
9167,Ighv2-6-8,4,4,3,2,7,6,2,1,242,231,232,237,239,-3,-2,1,1
9164,Ighv2-4,5,5,5,5,7,5,4,2,242,230,232,233,235,-2,0,1,3
7065,Gm20605,64,42,9,4,53,33,8,3,242,125,167,225,235,11,9,1,1
20977,Vmn1r219,5,3,1,0,7,4,0,0,242,230,235,241,242,-2,-1,1,0
9152,Ighv11-1,6,5,4,3,4,3,3,2,242,232,234,235,237,2,2,1,1
2922,Cdc42ep4,53,23,3,2,52,28,2,1,242,137,191,237,239,1,-5,1,1
20984,Vmn1r225,1,1,1,0,0,0,0,0,242,241,241,241,242,1,1,1,0
7072,Gm20708,70,58,21,10,63,48,20,10,242,109,136,201,222,7,10,1,0
9126,Ighv1-59,9,8,7,4,12,10,6,3,242,221,224,229,235,-3,-2,1,1
9121,Ighv1-53,12,12,8,6,12,9,7,3,242,218,221,227,233,0,3,1,3
2073,Bmp10,9,7,1,0,0,0,0,0,242,233,235,241,242,9,7,1,0
9001,Ifitm3,63,36,11,2,47,23,10,4,242,132,183,221,236,16,13,1,-2
17321,She,38,24,3,1,42,18,2,2,242,162,200,237,239,-4,6,1,-1
7186,Gm21767,2,2,2,0,3,3,1,0,242,237,237,239,242,-1,-1,1,0
20940,Vmn1r183,45,21,4,0,34,18,3,1,242,163,203,235,241,11,3,1,-1
17356,Siah2,71,40,3,2,33,14,2,0,242,138,188,237,240,38,26,1,2
2121,Bpifa6,16,12,5,3,16,14,4,0,242,210,216,233,239,0,-2,1,3
8904,Htr6,45,25,5,0,35,20,4,3,242,162,197,233,239,10,5,1,-3
8901,Htr4,27,10,1,0,20,13,0,0,242,195,219,241,242,7,-3,1,0
2126,Bpifb5,37,22,2,1,26,16,1,1,242,179,204,239,240,11,6,1,0
18362,Srp54c,37,24,12,7,44,25,11,8,242,161,193,219,227,-7,-1,1,-1
2883,Cd80,79,44,7,0,41,26,6,3,242,122,172,229,239,38,18,1,-3
2137,Brca1,55,32,7,1,60,33,6,4,242,127,177,229,237,-5,-1,1,-3
2140,Brd1,43,20,3,2,41,22,2,1,242,158,200,237,239,2,-2,1,1
18360,Srp54a,44,24,9,7,62,33,8,2,242,136,185,225,233,-18,-9,1,5
2141,Brd2,48,26,3,2,42,22,2,0,242,152,194,237,240,6,4,1,2
20931,Vmn1r174,28,10,1,0,20,10,0,0,242,194,222,241,242,8,0,1,0
8855,Hsf4,67,42,12,3,56,37,11,4,242,119,163,219,235,11,5,1,-1
18378,Srrm4,56,30,6,0,43,25,5,1,242,143,187,231,241,13,5,1,-1
8927,Hypk,32,15,8,3,51,31,7,3,242,159,196,227,236,-19,-16,1,0
20950,Vmn1r195,2,1,1,0,1,1,0,0,242,239,240,241,242,1,0,1,0
20949,Vmn1r194,1,1,1,0,0,0,0,0,242,241,241,241,242,1,1,1,0
7146,Gm21244,37,22,5,1,54,31,4,1,242,151,189,233,240,-17,-9,1,0
8988,Ifi44,66,36,8,2,56,39,7,3,242,120,167,227,237,10,-3,1,-1
7148,Gm21258,3,3,3,2,5,5,2,1,242,234,234,237,239,-2,-2,1,1
2085,Bmpr1a,41,22,5,2,44,24,4,2,242,157,196,233,238,-3,-2,1,0
2087,Bmpr2,46,23,6,2,50,27,5,0,242,146,192,231,240,-4,-4,1,2
8979,Ifi209,55,38,8,1,43,31,7,3,242,144,173,227,238,12,7,1,-2
17330,Shisa7,37,23,2,0,35,16,1,0,242,170,203,239,242,2,7,1,0
2115,Bphl,50,24,4,3,50,25,3,2,242,142,193,235,237,0,-1,1,1
20947,Vmn1r192,9,5,1,0,7,3,0,0,242,226,234,241,242,2,2,1,0
17332,Shisa9,14,9,2,1,26,15,1,0,242,202,218,239,241,-12,-6,1,1
8964,Idua,47,28,5,0,50,26,4,0,242,145,188,233,242,-3,2,1,0
8963,Ids,44,29,6,3,63,36,5,3,242,135,177,231,236,-19,-7,1,0
8962,Ido2,38,19,4,0,54,28,3,1,242,150,195,235,241,-16,-9,1,-1
8933,Iars2,36,18,3,2,55,21,2,0,242,151,203,237,240,-19,-3,1,2
17548,Slc25a16,40,25,6,2,82,37,5,1,242,120,180,231,239,-42,-12,1,1
20866,Vip,26,18,1,0,22,18,0,0,242,194,206,241,242,4,0,1,0
9189,Ighv6-4,2,2,2,2,2,2,1,1,242,238,238,239,239,0,0,1,1
2473,Carmil2,43,24,5,0,49,26,4,0,242,150,192,233,242,-6,-2,1,0
17757,Slc66a2,51,27,6,4,35,14,5,3,242,156,201,231,235,16,13,1,1
18076,Soga1,52,28,6,1,58,30,5,1,242,132,184,231,240,-6,-2,1,0
7582,Gm49340,18,12,5,2,19,16,4,2,242,205,214,233,238,-1,-4,1,0
7583,Gm49342,45,33,14,11,48,37,13,13,242,149,172,215,218,-3,-4,1,-2
7584,Gm49345,44,37,22,13,46,36,21,12,242,152,169,199,217,-2,1,1,1
18072,Socs7,43,14,2,2,43,21,1,0,242,156,207,239,240,0,-7,1,2
8029,Gpihbp1,40,27,9,3,43,31,8,4,242,159,184,225,235,-3,-4,1,-1
2670,Ccdc73,57,41,13,2,70,43,12,1,242,115,158,217,239,-13,-2,1,1
2522,Cavin1,56,31,5,2,40,14,4,0,242,146,197,233,240,16,17,1,2
18067,Socs2,51,34,6,3,71,41,5,0,242,120,167,231,239,-20,-7,1,3
7601,Gm49385,3,3,2,0,1,1,1,0,242,238,238,239,242,2,2,1,0
18065,Sobp,41,22,1,1,39,17,0,0,242,162,203,241,241,2,5,1,1
17782,Slc7a12,18,16,4,1,13,11,3,1,242,211,215,235,240,5,5,1,0
20758,Usp31,47,25,4,1,41,24,3,0,242,154,193,235,241,6,1,1,1
7963,Gns,46,30,5,3,44,15,4,0,242,152,197,233,239,2,15,1,3
8050,Gpr141,41,29,6,2,39,25,5,0,242,162,188,231,240,2,4,1,2
8058,Gpr151,37,24,8,6,40,27,7,2,242,165,191,227,234,-3,-3,1,4
20646,Ugt8a,28,10,4,2,51,26,3,1,242,163,206,235,239,-23,-16,1,1
8094,Gpr4,47,23,6,1,50,27,5,2,242,145,192,231,239,-3,-4,1,-1
17731,Slc4a2,54,27,3,2,31,19,2,0,242,157,196,237,240,23,8,1,2
20635,Ugt2a2,17,13,3,0,15,14,2,1,242,210,215,237,241,2,-1,1,-1
18096,Sowahc,64,38,5,2,38,16,4,0,242,140,188,233,240,26,22,1,2
20786,Usp9y,19,9,1,0,6,2,0,0,242,217,231,241,242,13,7,1,0
20638,Ugt2b34,20,11,3,2,13,5,2,0,242,209,226,237,240,7,6,1,2
2689,Ccdc88c,38,20,6,1,47,25,5,1,242,157,197,231,240,-9,-5,1,0
20783,Usp7,29,15,4,2,58,27,3,0,242,155,200,235,240,-29,-12,1,2
8069,Gpr17,21,11,2,0,27,9,1,0,242,194,222,239,242,-6,2,1,0
18088,Sorl1,34,16,2,2,29,12,1,0,242,179,214,239,240,5,4,1,2
18087,Sord,49,25,5,3,35,16,4,2,242,158,201,233,237,14,9,1,1
7555,Gm4792,6,5,2,1,1,1,1,1,242,235,236,239,240,5,4,1,0
17743,Slc5a1,31,15,4,3,25,12,3,0,242,186,215,235,239,6,3,1,3
8074,Gpr179,44,18,2,0,40,20,1,0,242,158,204,239,242,4,-2,1,0
2683,Ccdc85b,51,27,2,0,32,14,1,0,242,159,201,239,242,19,13,1,0
7618,Gm4951,55,35,12,4,66,42,11,4,242,121,165,219,234,-11,-7,1,0
7936,Gnb5,48,33,6,3,46,24,5,2,242,148,185,231,237,2,9,1,1
7926,Gnas,42,27,5,2,30,20,4,1,242,170,195,233,239,12,7,1,1
7693,Gm5737,33,26,5,1,39,29,4,0,242,170,187,233,241,-6,-3,1,1
17943,Smoc1,49,22,1,1,54,23,0,0,242,139,197,241,241,-5,-1,1,1
7772,Gm7168,36,29,7,0,25,18,6,4,242,181,195,229,238,11,11,1,-4
20706,Uqcrc1,34,18,3,3,43,21,2,1,242,165,203,237,238,-9,-3,1,2
18004,Snrnp200,27,16,3,2,41,14,2,2,242,174,212,237,238,-14,2,1,0
7764,Gm7030,33,25,6,1,30,25,5,0,242,179,192,231,241,3,0,1,1
17948,Smok3b,10,5,1,0,23,12,0,0,242,209,225,241,242,-13,-7,1,0
7758,Gm6763,14,13,8,3,16,13,7,2,242,212,216,227,237,-2,0,1,1
7791,Gm7735,1,1,1,1,0,0,0,0,242,241,241,241,241,1,1,1,1
17960,Smr2l,2,2,1,1,1,0,0,0,242,239,240,241,241,1,2,1,1
20696,Upk3bl,49,40,13,2,50,42,12,8,242,143,160,217,232,-1,-2,1,-6
17992,Sncb,44,28,5,2,25,17,4,0,242,173,197,233,240,19,11,1,2
2610,Ccdc170,46,30,4,0,54,41,3,0,242,142,171,235,242,-8,-11,1,0
20693,Upk2,41,32,5,3,35,27,4,1,242,166,183,233,238,6,5,1,2
17981,Snap47,41,28,6,2,53,29,5,2,242,148,185,231,238,-12,-1,1,0
18016,Snrpd1,38,22,4,3,47,20,3,1,242,157,200,235,238,-9,2,1,2
7804,Gm8011,19,16,9,4,25,23,8,6,242,198,203,225,232,-6,-7,1,-2
20741,Usp17lc,50,31,5,1,56,30,4,0,242,136,181,233,241,-6,1,1,1
17848,Slk,46,24,5,2,46,21,4,1,242,150,197,233,239,0,3,1,1
17832,Slfn3,46,25,6,0,63,46,5,0,242,133,171,231,242,-17,-21,1,0
7897,Gm9955,25,24,23,22,30,25,22,20,242,187,193,197,200,-5,-1,1,2
17839,Slit1,48,24,2,0,30,16,1,0,242,164,202,239,242,18,8,1,0
7881,Gm9639,6,6,3,1,2,2,2,0,242,234,234,237,241,4,4,1,1
18046,Snx21,57,37,6,3,51,33,5,1,242,134,172,231,238,6,4,1,2
17846,Slitrk5,24,17,4,0,31,20,3,0,242,187,205,235,242,-7,-3,1,0
7865,Gm9040,12,12,7,1,18,10,6,3,242,212,220,229,238,-6,2,1,-2
17922,Smim23,7,5,3,3,7,5,2,2,242,228,232,237,237,0,0,1,1
20724,Usf2,54,27,5,3,35,24,4,3,242,153,191,233,236,19,3,1,0
17864,Smad3,58,40,7,5,60,38,6,1,242,124,164,229,236,-2,2,1,4
17870,Smagp,55,31,6,3,42,31,5,2,242,145,180,231,237,13,0,1,1
18029,Snu13,46,20,5,2,34,13,4,2,242,162,209,233,238,12,7,1,0
17904,Smg6,31,11,2,2,41,21,1,0,242,170,210,239,240,-10,-10,1,2
17909,Smim1,54,33,13,3,65,33,12,8,242,123,176,217,231,-11,0,1,-5
20788,Ust,45,23,4,0,40,14,3,0,242,157,205,235,242,5,9,1,0
7536,Gm45826,9,7,1,1,1,1,0,0,242,232,234,241,241,8,6,1,1
20859,Vgll3,63,38,6,1,54,31,5,1,242,125,173,231,240,9,7,1,0
8128,Gpt,53,24,5,3,41,20,4,0,242,148,198,233,239,12,4,1,3
18167,Spata3,27,22,5,1,24,21,4,2,242,191,199,233,239,3,1,1,-1
17614,Slc2a10,34,19,3,0,68,44,2,0,242,140,179,237,242,-34,-25,1,0
18161,Spata20,47,20,4,0,25,10,3,0,242,170,212,235,242,22,10,1,0
2394,Caly,37,32,9,3,45,33,8,3,242,160,177,225,236,-8,-1,1,0
17622,Slc2a7,33,17,2,1,31,17,1,0,242,178,208,239,241,2,0,1,1
17623,Slc2a8,28,16,5,1,68,31,4,1,242,146,195,233,240,-40,-15,1,0
7436,Gm37797,1,1,1,0,0,0,0,0,242,241,241,241,242,1,1,1,0
8330,Gzmk,28,24,2,0,26,20,1,0,242,188,198,239,242,2,4,1,0
18158,Spata18,38,20,2,0,21,12,1,0,242,183,210,239,242,17,8,1,0
8326,Gzmd,9,8,4,0,19,17,3,0,242,214,217,235,242,-10,-9,1,0
7443,Gm38392,65,46,16,8,67,52,15,10,242,110,144,211,224,-2,-6,1,-2
8320,Gys1,49,26,5,2,44,18,4,1,242,149,198,233,239,5,8,1,1
2763,Ccnt1,40,24,5,2,38,19,4,1,242,164,199,233,239,2,5,1,1
17631,Slc30a6,36,23,6,2,56,23,5,1,242,150,196,231,239,-20,0,1,1
17633,Slc30a8,35,19,1,0,35,16,0,0,242,172,207,241,242,0,3,1,0
18169,Spata31d1a,66,41,10,2,40,23,9,4,242,136,178,223,236,26,18,1,-2
8363,H2-M10.6,10,9,1,0,8,7,0,0,242,224,226,241,242,2,2,1,0
8367,H2-M5,51,32,17,5,56,43,16,6,242,135,167,209,231,-5,-11,1,-1
7392,Gm34653,58,40,10,3,60,41,9,2,242,124,161,223,237,-2,-1,1,1
2318,Cabin1,37,15,4,2,53,26,3,0,242,152,201,235,240,-16,-11,1,2
8469,H60c,32,20,4,2,49,29,3,1,242,161,193,235,239,-17,-9,1,1
18240,Spindoc,41,20,6,2,41,20,5,2,242,160,202,231,238,0,0,1,0
8459,H4c17,47,41,29,21,38,29,28,23,242,157,172,185,198,9,12,1,-2
8456,H4c11,66,48,10,6,58,43,9,5,242,118,151,223,231,8,5,1,1
8438,H2bl1,7,4,3,1,4,2,2,1,242,231,236,237,240,3,2,1,0
8425,H2bc14,60,44,25,12,61,50,24,9,242,121,148,193,221,-1,-6,1,3
8368,H2-M9,23,22,5,0,17,13,4,2,242,202,207,233,240,6,9,1,-2
2348,Cacng1,53,37,5,1,29,21,4,2,242,160,184,233,239,24,16,1,-1
20845,Vdac1,44,29,7,4,44,29,6,3,242,154,184,229,235,0,0,1,1
8403,H2al1a,8,7,5,4,7,6,4,3,242,227,229,233,235,1,1,1,1
18184,Spatc1,30,12,2,0,59,32,1,0,242,153,198,239,242,-29,-20,1,0
2379,Calhm4,27,16,1,0,27,13,0,0,242,188,213,241,242,0,3,1,0
7415,Gm36255,4,4,1,0,6,6,0,0,242,232,232,241,242,-2,-2,1,0
17634,Slc30a9,37,19,4,2,46,24,3,1,242,159,199,235,239,-9,-5,1,1
8302,Gucy2c,27,10,2,0,24,11,1,0,242,191,221,239,242,3,-1,1,0
2757,Ccnjl,37,21,1,0,40,27,0,0,242,165,194,241,242,-3,-6,1,0
7513,Gm45140,61,45,17,13,53,38,16,12,242,128,159,209,217,8,7,1,1
17682,Slc38a4,52,24,5,2,49,27,4,1,242,141,191,233,239,3,-3,1,1
8203,Grsf1,40,22,4,2,35,18,3,1,242,167,202,235,239,5,4,1,1
8195,Grm7,26,11,2,0,22,14,1,0,242,194,217,239,242,4,-3,1,0
17697,Slc39a5,67,46,9,2,43,28,8,0,242,132,168,225,240,24,18,1,2
8190,Grm2,35,19,4,0,32,19,3,2,242,175,204,235,240,3,0,1,-2
8175,Grin2c,44,23,4,1,34,15,3,1,242,164,204,235,240,10,8,1,0
2449,Car12,34,20,4,2,64,32,3,1,242,144,190,235,239,-30,-12,1,1
2731,Ccm2l,34,20,5,4,50,26,4,2,242,158,196,233,236,-16,-6,1,2
17714,Slc44a4,49,25,8,4,53,33,7,2,242,140,184,227,236,-4,-8,1,2
2460,Car8,34,18,3,0,44,21,2,1,242,164,203,237,241,-10,-3,1,-1
8145,Grap2,37,18,4,1,40,20,3,1,242,165,204,235,240,-3,-2,1,0
7525,Gm4567,13,9,1,0,6,3,0,0,242,223,230,241,242,7,6,1,0
17723,Slc47a1,45,27,8,2,33,19,7,3,242,164,196,227,237,12,8,1,-1
8134,Gpx5,13,5,1,1,8,2,0,0,242,221,235,241,241,5,3,1,1
20812,V1rg10,3,3,1,1,2,2,0,0,242,237,237,241,241,1,1,1,1
20624,Ugp2,37,15,4,2,36,20,3,1,242,169,207,235,239,1,-5,1,1
7456,Gm40193,24,20,17,15,17,17,16,16,242,201,205,209,211,7,3,1,-1
8244,Gstm6,66,52,13,4,45,32,12,3,242,131,158,217,235,21,20,1,1
2410,Camp,54,47,20,5,46,41,19,8,242,142,154,203,229,8,6,1,-3
2754,Ccnh,36,19,4,3,39,20,3,1,242,167,203,235,238,-3,-1,1,2
2412,Camsap2,36,15,4,2,47,28,3,0,242,159,199,235,240,-11,-13,1,2
8257,Gsx2,24,19,3,1,17,13,2,0,242,201,210,237,241,7,6,1,1
17675,Slc37a3,50,33,7,2,51,25,6,3,242,141,184,229,237,-1,8,1,-1
7478,Gm42957,72,45,6,3,44,25,5,0,242,126,172,231,239,28,20,1,3
2426,Capn12,53,35,5,1,43,17,4,1,242,146,190,233,240,10,18,1,0
7491,Gm4356,58,48,19,3,64,52,18,6,242,120,142,205,233,-6,-4,1,-3
7483,Gm43064,69,55,20,12,64,46,19,5,242,109,141,203,225,5,9,1,7
17678,Slc38a10,29,12,3,2,44,25,2,1,242,169,205,237,239,-15,-13,1,1
20620,Ugcg,40,21,5,2,59,37,4,1,242,143,184,233,239,-19,-16,1,1
7487,Gm4340,5,4,3,3,3,2,2,1,242,234,236,237,238,2,2,1,2
2430,Capn3,40,28,7,2,44,28,6,1,242,158,186,229,239,-4,0,1,1
17680,Slc38a2,72,50,7,2,42,27,6,1,242,128,165,229,239,30,23,1,1
1968,Bcl2,56,39,6,5,57,30,5,0,242,129,173,231,237,-1,9,1,5
1961,Bche,31,20,5,1,46,30,4,0,242,165,192,233,241,-15,-10,1,1
10394,Leap2,51,46,30,11,59,49,29,8,242,132,147,183,223,-8,-3,1,3
10104,Klri2,36,19,1,0,33,11,0,0,242,173,212,241,242,3,8,1,0
10031,Klhl26,40,27,5,1,51,32,4,1,242,151,183,233,240,-11,-5,1,0
6634,Glipr1,64,41,14,4,54,35,13,8,242,124,166,215,230,10,6,1,-4
16946,Scn3a,51,31,9,2,58,42,8,4,242,133,169,225,236,-7,-11,1,-2
6641,Glis3,46,31,5,2,58,29,4,1,242,138,182,233,239,-12,2,1,1
3102,Cep162,41,18,4,0,54,29,3,0,242,147,195,235,242,-13,-11,1,0
16948,Scn4a,25,10,1,1,16,8,0,0,242,201,224,241,241,9,2,1,1
18680,Svs4,7,7,3,1,12,9,2,0,242,223,226,237,241,-5,-2,1,1
6649,Glra1,30,16,2,1,33,20,1,0,242,179,206,239,241,-3,-4,1,1
21154,Vmn2r43,8,2,1,0,7,5,0,0,242,227,235,241,242,1,-3,1,0
1609,Aste1,39,24,6,3,63,36,5,1,242,140,182,231,238,-24,-12,1,2
16952,Scn8a,44,28,6,2,46,26,5,0,242,152,188,231,240,-2,2,1,2
9990,Klf10,72,44,10,6,44,33,9,4,242,126,165,223,232,28,11,1,2
21153,Vmn2r42,9,6,1,0,4,0,0,0,242,229,236,241,242,5,6,1,0
18678,Svs3a,13,9,1,1,6,3,0,0,242,223,230,241,241,7,6,1,1
18677,Svs2,12,11,1,1,6,5,0,0,242,224,226,241,241,6,6,1,1
10032,Klhl28,52,25,5,0,36,17,4,1,242,154,200,233,241,16,8,1,-1
6628,Gldn,26,9,1,0,18,4,0,0,242,198,229,241,242,8,5,1,0
10038,Klhl33,45,27,3,0,50,22,2,1,242,147,193,237,241,-5,5,1,-1
1585,Asgr2,45,37,5,2,36,28,4,0,242,161,177,233,240,9,9,1,2
6600,Gjb1,29,16,3,3,43,21,2,1,242,170,205,237,238,-14,-5,1,2
10086,Klra6,24,20,3,2,19,15,2,0,242,199,207,237,240,5,5,1,2
20406,Ttpal,56,32,4,1,56,32,3,2,242,130,178,235,239,0,0,1,-1
10075,Klk7,50,35,6,3,39,28,5,2,242,153,179,231,237,11,7,1,1
20415,Tuba3a,44,31,8,3,40,27,7,4,242,158,184,227,235,4,4,1,-1
10074,Klk6,27,22,9,6,27,22,8,3,242,188,198,225,233,0,0,1,3
18701,Syk,46,26,8,3,60,37,7,4,242,136,179,227,235,-14,-11,1,-1
16935,Sclt1,36,22,4,2,50,31,3,1,242,156,189,235,239,-14,-9,1,1
20417,Tuba4a,35,18,5,2,64,34,4,1,242,143,190,233,239,-29,-16,1,1
21162,Vmn2r52,29,15,3,0,37,18,2,0,242,176,209,237,242,-8,-3,1,0
10055,Klk12,31,26,5,1,27,26,4,0,242,184,190,233,241,4,0,1,1
6620,Gla,47,34,8,2,45,25,7,2,242,150,183,227,238,2,9,1,0
10045,Klhl41,56,30,6,2,46,27,5,3,242,140,185,231,237,10,3,1,-1
10041,Klhl36,42,25,7,2,62,30,6,1,242,138,187,229,239,-20,-5,1,1
16956,Scnn1b,47,29,6,3,46,28,5,1,242,149,185,231,238,1,1,1,2
18676,Svs1,10,6,1,1,9,4,0,0,242,223,232,241,241,1,2,1,1
9976,Kirrel2,34,28,6,0,24,23,5,0,242,184,191,231,242,10,5,1,0
9808,Kcnip1,20,16,4,0,27,17,3,1,242,195,209,235,241,-7,-1,1,-1
9848,Kcnn3,30,14,3,1,38,21,2,0,242,174,207,237,241,-8,-7,1,1
9842,Kcnmb1,36,22,2,0,40,20,1,0,242,166,200,239,242,-4,2,1,0
9840,Kcnk9,8,3,1,1,10,3,0,0,242,224,236,241,241,-2,0,1,1
6714,Gm10302,5,4,1,0,3,1,0,0,242,234,237,241,242,2,3,1,0
1662,Atoh7,44,29,6,3,43,25,5,2,242,155,188,231,237,1,4,1,1
17032,Sec31b,39,18,3,1,64,37,2,0,242,139,187,237,241,-25,-19,1,1
20462,Txn1,39,26,7,2,37,19,6,2,242,166,197,229,238,2,7,1,0
1653,Atg9b,39,24,3,0,51,26,2,0,242,152,192,237,242,-12,-2,1,0
3069,Celsr3,42,21,3,0,46,21,2,0,242,154,200,237,242,-4,0,1,0
9804,Kcnh5,21,8,2,0,20,11,1,0,242,201,223,239,242,1,-3,1,0
1677,Atp1a1,44,27,8,3,42,18,7,3,242,156,197,227,236,2,9,1,0
1678,Atp1a2,59,39,3,0,38,25,2,2,242,145,178,237,240,21,14,1,-2
9786,Kcnc4,29,9,1,1,25,11,0,0,242,188,222,241,241,4,-2,1,1
17051,Selenoh,45,22,4,3,43,17,3,2,242,154,203,235,237,2,5,1,1
9864,Kcp,68,38,5,2,49,27,4,0,242,125,177,233,240,19,11,1,2
1644,Atg3,32,19,4,2,28,11,3,2,242,182,212,235,238,4,8,1,0
9973,Kir3dl1,4,4,2,1,8,6,1,0,242,230,232,239,241,-4,-2,1,1
1628,Atf4,66,38,7,4,34,17,6,1,242,142,187,229,237,32,21,1,3
9961,Kif5b,46,28,5,2,38,18,4,1,242,158,196,233,239,8,10,1,1
9960,Kif5a,40,24,6,2,61,33,5,1,242,141,185,231,239,-21,-9,1,1
16970,Scrt2,26,16,1,0,21,9,0,0,242,195,217,241,242,5,7,1,0
21147,Vmn2r37,3,1,1,0,3,1,0,0,242,236,240,241,242,0,0,1,0
16982,Sdc2,49,35,4,2,45,17,3,2,242,148,190,235,238,4,18,1,0
6680,Gm10061,4,4,4,1,3,3,3,2,242,235,235,235,239,1,1,1,-1
6682,Gm10100,2,2,2,1,1,1,1,1,242,239,239,239,240,1,1,1,0
9898,Kdm4b,49,20,3,3,46,20,2,0,242,147,202,237,239,3,0,1,3
18667,Sval1,6,6,3,2,2,2,2,1,242,234,234,237,239,4,4,1,1
16986,Sdcbp2,62,42,7,2,57,31,6,0,242,123,169,229,240,5,11,1,2
21145,Vmn2r35,4,3,1,0,13,2,0,0,242,225,237,241,242,-9,1,1,0
9917,Khdc1c,30,18,2,1,15,7,1,0,242,197,217,239,241,15,11,1,1
9905,Kdm6a,41,26,6,2,56,38,5,2,242,145,178,231,238,-15,-12,1,0
9899,Kdm4c,44,25,4,2,45,24,3,1,242,153,193,235,239,-1,1,1,1
16918,Scgb2b17,1,1,1,0,0,0,0,0,242,241,241,241,242,1,1,1,0
6595,Gja3,47,35,15,10,47,30,14,10,242,148,177,213,222,0,5,1,0
6742,Gm10542,1,1,1,1,0,0,0,0,242,241,241,241,241,1,1,1,1
10117,Kng1,46,32,7,1,42,24,6,3,242,154,186,229,238,4,8,1,-2
21209,Vmn2r96,27,12,1,0,21,3,0,0,242,194,227,241,242,6,9,1,0
10278,Lalba,28,24,12,2,31,26,11,4,242,183,192,219,236,-3,-2,1,-2
16873,Scamp3,45,26,4,2,32,13,3,2,242,165,203,235,238,13,13,1,0
1507,Armh1,37,19,4,2,56,30,3,2,242,149,193,235,238,-19,-11,1,0
3160,Ces3b,5,5,1,0,10,6,0,0,242,227,231,241,242,-5,-1,1,0
16881,Scarb1,52,26,5,4,54,29,4,1,242,136,187,233,237,-2,-3,1,3
3158,Ces2h,16,8,3,0,27,15,2,0,242,199,219,237,242,-11,-7,1,0
1510,Armh4,29,12,3,2,41,17,2,0,242,172,213,237,240,-12,-5,1,2
16883,Scarf1,75,42,7,0,37,25,6,2,242,130,175,229,240,38,17,1,-2
10250,Krtcap2,39,17,5,4,36,15,4,1,242,167,210,233,237,3,2,1,3
10246,Krtap8-1,2,2,1,0,0,0,0,0,242,240,240,241,242,2,2,1,0
10242,Krtap6-2,1,1,1,1,1,1,0,0,242,240,240,241,241,0,0,1,1
1514,Arntl,58,35,6,1,47,26,5,2,242,137,181,231,239,11,9,1,-1
10237,Krtap5-2,7,7,2,2,9,9,1,0,242,226,226,239,240,-2,-2,1,2
10235,Krtap4-9,13,11,2,0,6,6,1,0,242,223,225,239,242,7,5,1,0
1500,Armc9,50,26,8,4,51,34,7,1,242,141,182,227,237,-1,-8,1,3
10283,Lama5,44,20,3,2,38,20,2,0,242,160,202,237,240,6,0,1,2
21210,Vmn2r97,32,16,2,1,42,17,1,0,242,168,209,239,241,-10,-1,1,1
16845,Sat2,35,26,10,6,73,38,9,4,242,134,178,223,232,-38,-12,1,2
10379,Ldb2,38,18,3,2,43,20,2,1,242,161,204,237,239,-5,-2,1,1
10369,Lcn8,13,12,5,0,15,12,4,4,242,214,218,233,238,-2,0,1,-4
6441,Gatad2a,42,21,4,3,44,17,3,1,242,156,204,235,238,-2,4,1,2
10362,Lcn11,9,7,3,1,5,4,2,1,242,228,231,237,240,4,3,1,0
10346,Lce1j,2,1,1,0,2,2,0,0,242,238,239,241,242,0,-1,1,0
10345,Lce1i,6,6,1,0,8,8,0,0,242,228,228,241,242,-2,-2,1,0
16846,Satb1,28,23,2,0,39,20,1,0,242,175,199,239,242,-11,3,1,0
10291,Lamp2,42,27,5,2,33,16,4,1,242,167,199,233,239,9,11,1,1
20361,Ttc3,49,33,5,3,39,21,4,2,242,154,188,233,237,10,12,1,1
10324,Lax1,59,32,6,4,41,23,5,1,242,142,187,231,237,18,9,1,3
1479,Arl4d,81,56,11,2,53,37,10,2,242,108,149,221,238,28,19,1,0
16861,Sbp,9,9,1,1,5,5,0,0,242,228,228,241,241,4,4,1,1
3170,Cfap161,45,34,9,2,39,22,8,4,242,158,186,225,236,6,12,1,-2
16864,Sbspon,54,34,4,2,38,20,3,1,242,150,188,235,239,16,14,1,1
10226,Krtap31-1,6,6,1,0,3,3,0,0,242,233,233,241,242,3,3,1,0
6511,Gdpd3,69,45,16,11,66,44,15,6,242,107,153,211,225,3,1,1,5
21199,Vmn2r87,14,7,1,0,26,14,0,0,242,202,221,241,242,-12,-7,1,0
6578,Gimap9,41,30,8,4,58,34,7,3,242,143,178,227,235,-17,-4,1,1
10155,Krt25,21,7,1,1,17,6,0,0,242,204,229,241,241,4,1,1,1
1557,Asb10,52,36,4,0,33,19,3,3,242,157,187,235,239,19,17,1,-3
10146,Krt16,40,30,5,1,31,16,4,3,242,171,196,233,238,9,14,1,-2
10145,Krt15,61,35,6,2,40,20,5,2,242,141,187,231,238,21,15,1,0
6574,Gimap5,44,20,4,0,46,26,3,2,242,152,196,235,240,-2,-6,1,-2
16902,Scgb1b15,3,3,3,1,2,2,2,1,242,237,237,237,240,1,1,1,0
18717,Syngr1,41,30,12,7,58,34,11,3,242,143,178,219,232,-17,-4,1,4
20398,Ttll4,34,21,6,3,72,49,5,1,242,136,172,231,238,-38,-28,1,2
10134,Krcc1,37,22,6,3,58,28,5,0,242,147,192,231,239,-21,-6,1,3
18715,Syne4,58,41,10,5,53,32,9,1,242,131,169,223,236,5,9,1,4
18713,Syne2,58,31,5,2,55,26,4,2,242,129,185,233,238,3,5,1,0
10130,Kprp,8,5,2,1,21,12,1,0,242,213,225,239,241,-13,-7,1,1
16906,Scgb1b20,1,1,1,0,0,0,0,0,242,241,241,241,242,1,1,1,0
3555,Cnga1,24,18,3,1,21,13,2,0,242,197,211,237,241,3,5,1,1
6564,Ghrhr,23,17,1,0,25,17,0,0,242,194,208,241,242,-2,0,1,0
21181,Vmn2r70,7,4,1,0,11,2,0,0,242,224,236,241,242,-4,2,1,0
18743,Syt2,37,20,5,2,44,28,4,2,242,161,194,233,238,-7,-8,1,0
10193,Krtap1-3,14,12,5,2,9,9,4,0,242,219,221,233,240,5,3,1,2
18740,Syt15,50,25,3,0,59,23,2,0,242,133,194,237,242,-9,2,1,0
10213,Krtap2-4,18,13,7,3,12,10,6,2,242,212,219,229,237,6,3,1,1
10209,Krtap19-3,1,1,1,0,0,0,0,0,242,241,241,241,242,1,1,1,0
6524,Get3,37,18,3,2,32,18,2,1,242,173,206,237,239,5,0,1,1
6526,Gfap,53,32,7,3,58,29,6,1,242,131,181,229,238,-5,3,1,2
16892,Scel,46,23,7,2,47,27,6,0,242,149,192,229,240,-1,-4,1,2
10192,Krt90,21,9,1,0,29,14,0,0,242,192,219,241,242,-8,-5,1,0
10163,Krt34,6,4,1,0,7,3,0,0,242,229,235,241,242,-1,1,1,0
3141,Cers5,36,24,7,2,44,23,6,3,242,162,195,229,237,-8,1,1,-1
6535,Gfpt2,58,38,2,0,43,18,1,0,242,141,186,239,242,15,20,1,0
18730,Syp,46,26,3,0,61,33,2,1,242,135,183,237,241,-15,-7,1,-1
21188,Vmn2r77,12,6,1,0,14,2,0,0,242,216,234,241,242,-2,4,1,0
6547,Ggct,51,34,8,2,55,33,7,1,242,136,175,227,239,-4,1,1,1
10168,Krt40,13,8,3,1,15,13,2,0,242,214,221,237,241,-2,-5,1,1
21127,Vmn2r19,8,2,1,0,3,2,0,0,242,231,238,241,242,5,0,1,0
1689,Atp2b1,46,29,5,3,54,31,4,1,242,142,182,233,238,-8,-2,1,2
18491,Stat5a,46,21,4,1,59,33,3,1,242,137,188,235,240,-13,-12,1,0
1813,Azin1,60,34,7,3,45,21,6,2,242,137,187,229,237,15,13,1,1
9397,Il1rapl2,26,15,2,1,10,6,1,1,242,206,221,239,240,16,9,1,0
9396,Il1rapl1,29,14,1,1,22,9,0,0,242,191,219,241,241,7,5,1,1
9391,Il1f8,7,7,1,0,8,7,0,0,242,227,228,241,242,-1,0,1,0
9389,Il1f5,11,7,2,0,16,9,1,1,242,215,226,239,241,-5,-2,1,-1
18542,Stom,44,22,3,2,45,23,2,0,242,153,197,237,240,-1,-1,1,2
17225,Sfpq,35,19,3,2,31,14,2,0,242,176,209,237,240,4,5,1,2
9380,Il17re,44,26,5,1,57,26,4,1,242,141,190,233,240,-13,0,1,0
6950,Gm15294,55,48,28,23,51,44,27,21,242,136,150,187,198,4,4,1,2
1865,Bace2,46,35,9,5,39,26,8,4,242,157,181,225,233,7,9,1,1
6956,Gm1553,8,8,4,2,4,3,3,0,242,230,231,235,240,4,5,1,2
9353,Ikzf4,40,30,5,2,66,32,4,0,242,136,180,233,240,-26,-2,1,2
21035,Vmn1r45,23,14,1,1,30,6,0,0,242,189,222,241,241,-7,8,1,1
17237,Sftpb,39,29,4,1,51,33,3,0,242,152,180,235,241,-12,-4,1,1
2961,Cdh7,34,23,4,1,31,13,3,0,242,177,206,235,241,3,10,1,1
17238,Sftpc,36,34,14,4,37,35,13,5,242,169,173,215,233,-1,-1,1,-1
1847,B4galt1,54,31,5,2,52,37,4,1,242,136,174,233,239,2,-6,1,1
17220,Sf3b6,43,31,8,3,39,17,7,3,242,160,194,227,236,4,14,1,0
6933,Gm14862,16,16,6,1,26,24,5,3,242,200,202,231,238,-10,-8,1,-2
9464,Inf2,61,44,6,1,47,22,5,1,242,134,176,231,240,14,22,1,0
6899,Gm14288,51,41,23,18,53,45,22,16,242,138,156,197,208,-2,-4,1,2
21068,Vmn1r75,21,12,2,0,29,14,1,0,242,192,216,239,242,-8,-2,1,0
6902,Gm14305,53,43,20,11,68,55,19,8,242,121,144,203,223,-15,-12,1,3
9485,Inpp4a,44,24,9,3,51,29,8,1,242,147,189,225,238,-7,-5,1,2
1820,B2m,62,39,8,5,39,22,7,6,242,141,181,227,231,23,17,1,-1
21063,Vmn1r70,21,11,1,0,11,4,0,0,242,210,227,241,242,10,7,1,0
17202,Setd6,43,25,5,2,54,25,4,2,242,145,192,233,238,-11,0,1,0
18555,Stra6l,29,17,2,2,38,18,1,0,242,175,207,239,240,-9,-1,1,2
18561,Strc,26,12,1,0,14,8,0,0,242,202,222,241,242,12,4,1,0
17211,Sf1,41,20,4,4,40,22,3,2,242,161,200,235,236,1,-2,1,2
17214,Sf3a3,47,27,3,2,42,13,2,1,242,153,202,237,239,5,14,1,1
1824,B3galt2,35,12,3,1,37,20,2,0,242,170,210,237,241,-2,-8,1,1
6921,Gm14440,43,31,21,17,37,30,20,18,242,162,181,201,207,6,1,1,-1
21061,Vmn1r69,5,1,1,1,4,1,0,0,242,233,240,241,241,1,0,1,1
1879,Baiap2l2,32,22,3,2,62,31,2,0,242,148,189,237,240,-30,-9,1,2
9335,Igsf3,46,20,5,3,68,44,4,0,242,128,178,233,239,-22,-24,1,3
9326,Igll1,51,43,5,1,30,26,4,0,242,161,173,233,241,21,17,1,1
7026,Gm19402,2,2,1,0,3,3,0,0,242,237,237,241,242,-1,-1,1,0
17260,Sgo2b,20,12,2,0,26,12,1,1,242,196,218,239,241,-6,0,1,-1
21012,Vmn1r257,3,3,1,0,1,1,0,0,242,238,238,241,242,2,2,1,0
7012,Gm17631,3,2,2,2,1,1,1,1,242,238,239,239,239,2,1,1,1
1933,BC048507,38,29,12,2,32,29,11,5,242,172,184,219,235,6,0,1,-3
1935,BC048671,12,8,1,0,20,16,0,0,242,210,218,241,242,-8,-8,1,0
21005,Vmn1r244,1,1,1,1,0,0,0,0,242,241,241,241,241,1,1,1,1
18504,Stfa2,9,9,9,1,10,10,8,8,242,223,223,225,233,-1,-1,1,-7
7003,Gm17542,1,1,1,1,0,0,0,0,242,241,241,241,241,1,1,1,1
7029,Gm19668,7,7,3,2,5,5,2,1,242,230,230,237,239,2,2,1,1
9222,Igkv1-133,11,11,9,6,15,13,8,5,242,216,218,225,231,-4,-2,1,1
17264,Sgsh,34,22,4,1,68,35,3,1,242,140,185,235,240,-34,-13,1,0
9212,Igkj1,2,2,2,2,4,3,1,1,242,236,237,239,239,-2,-1,1,1
9208,Ighv9-3,12,12,12,9,19,17,11,10,242,211,213,219,223,-7,-5,1,-1
18496,Stbd1,87,45,5,2,32,23,4,1,242,123,174,233,239,55,22,1,1
7004,Gm17545,6,6,5,5,4,4,4,4,242,232,232,233,233,2,2,1,1
1922,BC024139,28,15,4,1,44,26,3,0,242,170,201,235,241,-16,-11,1,1
9321,Iglj1,2,2,2,2,1,1,1,1,242,239,239,239,239,1,1,1,1
21022,Vmn1r33,41,29,3,0,34,19,2,1,242,167,194,237,241,7,10,1,-1
1885,Bank1,46,18,3,1,29,17,2,0,242,167,207,237,241,17,1,1,1
1892,Barx2,43,23,4,0,31,15,3,1,242,168,204,235,241,12,8,1,-1
6980,Gm17087,48,44,32,10,45,42,31,10,242,149,156,179,222,3,2,1,0
21023,Vmn1r34,49,30,3,0,35,19,2,0,242,158,193,237,242,14,11,1,0
9307,Igkv8-24,10,10,8,4,13,11,7,4,242,219,221,227,234,-3,-1,1,0
1901,Baz2b,42,22,3,2,75,37,2,1,242,125,183,237,239,-33,-15,1,1
21021,Vmn1r32,34,23,3,0,30,19,2,0,242,178,200,237,242,4,4,1,0
9267,Igkv4-57,9,8,4,4,8,8,3,1,242,225,226,235,237,1,0,1,3
9290,Igkv5-43,16,13,7,3,15,14,6,4,242,211,215,229,235,1,-1,1,-1
21018,Vmn1r3,8,8,3,0,7,7,2,0,242,227,227,237,242,1,1,1,0
6992,Gm17364,1,1,1,1,0,0,0,0,242,241,241,241,241,1,1,1,1
9282,Igkv4-80,8,7,5,4,9,8,4,2,242,225,227,233,236,-1,-1,1,2
9270,Igkv4-59,11,7,5,4,12,10,4,3,242,219,225,233,235,-1,-3,1,1
9268,Igkv4-57-1,12,10,6,5,11,10,5,3,242,219,222,231,234,1,0,1,2
6898,Gm14226,59,41,9,3,59,33,8,4,242,124,168,225,235,0,8,1,-1
17170,Serpinb9e,24,13,3,2,16,12,2,0,242,202,217,237,240,8,1,1,2
6747,Gm10670,2,2,1,0,0,0,0,0,242,240,240,241,242,2,2,1,0
17169,Serpinb9d,21,18,6,1,28,22,5,3,242,193,202,231,238,-7,-4,1,-2
1716,Atp6ap2,44,32,7,3,37,20,6,1,242,161,190,229,238,7,12,1,2
9681,Iyd,16,13,4,3,31,23,3,1,242,195,206,235,238,-15,-10,1,2
17123,Serpina11,16,14,1,0,24,18,0,0,242,202,210,241,242,-8,-4,1,0
1725,Atp6v0e2,40,24,3,2,43,22,2,0,242,159,196,237,240,-3,2,1,2
17126,Serpina1a,29,22,7,3,32,23,6,1,242,181,197,229,238,-3,-1,1,2
6802,Gm11237,9,9,8,7,8,8,7,6,242,225,225,227,229,1,1,1,1
1739,Atp6v1h,52,32,4,2,28,13,3,1,242,162,197,235,239,24,19,1,1
3033,Ceacam1,57,37,8,5,64,33,7,4,242,121,172,227,233,-7,4,1,1
9651,Itgbl1,39,19,1,0,36,16,0,0,242,167,207,241,242,3,3,1,0
21104,Vmn2r110,22,6,1,0,17,4,0,0,242,203,232,241,242,5,2,1,0
1742,Atp8a1,40,24,6,1,38,21,5,3,242,164,197,231,238,2,3,1,-2
9647,Itgb5,50,31,6,2,44,23,5,2,242,148,188,231,238,6,8,1,0
9644,Itgb3,52,29,4,2,51,21,3,2,242,139,192,235,238,1,8,1,0
6812,Gm11555,2,2,1,0,0,0,0,0,242,240,240,241,242,2,2,1,0
6813,Gm11559,12,9,1,0,14,9,0,0,242,216,224,241,242,-2,0,1,0
6785,Gm11099,1,1,1,1,0,0,0,0,242,241,241,241,241,1,1,1,1
9691,Jag2,43,21,2,0,54,29,1,0,242,145,192,239,242,-11,-8,1,0
21117,Vmn2r127,3,1,1,0,4,2,0,0,242,235,239,241,242,-1,-1,1,0
9733,Kank2,58,37,7,4,45,26,6,2,242,139,179,229,236,13,11,1,2
3059,Cela3a,10,10,2,1,5,5,1,0,242,227,227,239,241,5,5,1,1
3058,Cela2a,29,28,7,2,33,24,6,2,242,180,190,229,238,-4,4,1,0
3055,Cecr2,47,23,4,0,55,27,3,1,242,140,192,235,241,-8,-4,1,-1
17077,Sema4f,29,15,1,0,55,32,0,0,242,158,195,241,242,-26,-17,1,0
3053,Cebpz,41,20,3,3,33,17,2,0,242,168,205,237,239,8,3,1,3
9740,Kantr,44,26,4,0,45,24,3,1,242,153,192,235,241,-1,2,1,-1
18635,Sumo2,42,25,6,3,34,20,5,3,242,166,197,231,236,8,5,1,0
18622,Sult2a6,2,2,1,0,4,4,0,0,242,236,236,241,242,-2,-2,1,0
1698,Atp5b,36,20,4,4,30,19,3,1,242,176,203,235,237,6,1,1,3
1701,Atp5e,33,11,2,2,37,16,1,1,242,172,215,239,239,-4,-5,1,1
6767,Gm10961,17,14,12,10,11,11,11,11,242,214,217,219,221,6,3,1,-1
9717,Jph1,34,13,4,1,34,17,3,1,242,174,212,235,240,0,-4,1,0
9711,Jmjd6,73,42,4,2,25,11,3,0,242,144,189,235,240,48,31,1,2
17090,Senp6,34,16,4,2,43,19,3,0,242,165,207,235,240,-9,-3,1,2
9643,Itgb2l,18,9,1,1,18,7,0,0,242,206,226,241,241,0,2,1,1
3029,Cdx2,22,11,1,0,10,8,0,0,242,210,223,241,242,12,3,1,0
3026,Cdt1,62,37,7,3,53,32,6,2,242,127,173,229,237,9,5,1,1
9551,Iqcf6,14,12,5,0,13,12,4,3,242,215,218,233,239,1,0,1,-3
9564,Iqsec3,37,11,1,0,17,10,0,0,242,188,221,241,242,20,1,1,0
9563,Iqsec2,40,17,2,2,55,23,1,0,242,147,202,239,240,-15,-6,1,2
21073,Vmn1r8,6,5,1,0,22,14,0,0,242,214,223,241,242,-16,-9,1,0
9559,Iqgap2,37,12,3,2,35,17,2,0,242,170,213,237,240,2,-5,1,2
21072,Vmn1r79,27,11,1,0,19,15,0,0,242,196,216,241,242,8,-4,1,0
9556,Iqcm,15,8,1,0,26,14,0,0,242,201,220,241,242,-11,-6,1,0
1798,AW551984,27,17,3,0,31,20,2,0,242,184,205,237,242,-4,-3,1,0
6856,Gm12886,14,14,1,0,4,4,0,0,242,224,224,241,242,10,10,1,0
9549,Iqcf4,14,13,1,0,5,4,0,0,242,223,225,241,242,9,9,1,0
1800,AW822073,41,28,10,3,24,15,9,3,242,177,199,223,236,17,13,1,0
17158,Serpinb5,33,17,5,1,45,34,4,1,242,164,191,233,240,-12,-17,1,0
9534,Ipo4,41,14,6,3,47,26,5,0,242,154,202,231,239,-6,-12,1,3
21070,Vmn1r77,28,14,2,0,29,10,1,0,242,185,218,239,242,-1,4,1,0
18584,Stx6,48,33,5,2,39,21,4,1,242,155,188,233,239,9,12,1,1
17147,Serpinb11,24,14,3,1,9,8,2,1,242,209,220,237,240,15,6,1,0
9582,Irf7,58,38,7,3,66,39,6,1,242,118,165,229,238,-8,-1,1,2
1744,Atp8b1,30,13,2,1,46,34,1,1,242,166,195,239,240,-16,-21,1,0
9615,Isx,17,13,1,1,8,5,0,0,242,217,224,241,241,9,8,1,1
1746,Atp8b3,51,27,3,0,34,17,2,0,242,157,198,237,242,17,10,1,0
6821,Gm11595,7,6,1,0,7,7,0,0,242,228,229,241,242,0,-1,1,0
21099,Vmn2r106,16,7,1,1,10,3,0,0,242,216,232,241,241,6,4,1,1
9630,Itga7,53,26,5,1,51,24,4,1,242,138,192,233,240,2,2,1,0
9628,Itga5,55,32,8,4,50,28,7,0,242,137,182,227,238,5,4,1,4
6829,Gm11758,1,1,1,0,0,0,0,0,242,241,241,241,242,1,1,1,0
6838,Gm12169,8,8,2,0,6,4,1,1,242,228,230,239,241,2,4,1,-1
1782,Aurkaip1,39,26,4,4,35,12,3,1,242,168,204,235,237,4,14,1,3
1768,Atxn7l1,51,26,7,3,44,24,6,3,242,147,192,229,236,7,2,1,0
20483,Tyr,58,40,11,2,43,26,10,6,242,141,176,221,234,15,14,1,-4
9596,Irx4,27,13,2,0,29,11,1,0,242,186,218,239,242,-2,2,1,0
9594,Irx2,54,34,10,4,66,45,9,1,242,122,163,223,237,-12,-11,1,3
17146,Serpinb10,27,24,4,0,32,24,3,1,242,183,194,235,241,-5,0,1,-1
21079,Vmn1r85,28,15,4,1,51,28,3,0,242,163,199,235,241,-23,-13,1,1
20143,Trim30d,50,33,11,4,60,37,10,3,242,132,172,221,235,-10,-4,1,1
17982,Snap91,26,13,1,0,34,18,0,0,242,182,211,241,242,-8,-5,1,0
12601,Ntn1,48,30,3,2,44,26,2,0,242,150,186,237,240,4,4,1,2
15156,Ppp1r1c,42,26,10,3,39,25,9,7,242,161,191,223,232,3,1,1,-4
13091,Olfr133,54,24,4,2,42,22,3,1,242,146,196,235,239,12,2,1,1
13502,Olfr483,2,1,1,0,0,0,0,0,242,240,241,241,242,2,1,1,0
5171,Eif1a,44,20,5,2,38,20,4,2,242,160,202,233,238,6,0,1,0
4361,Dcn,50,41,7,3,42,25,6,2,242,150,176,229,237,8,16,1,1
19949,Trav12-3,9,7,5,2,6,4,4,1,242,227,231,233,239,3,3,1,1
4364,Dcp2,49,30,9,6,63,32,8,4,242,130,180,225,232,-14,-2,1,2
169,2310057N15Rik,4,3,1,0,8,8,0,0,242,230,231,241,242,-4,-5,1,0
3671,Col6a5,44,21,1,0,30,14,0,0,242,168,207,241,242,14,7,1,0
13099,Olfr1339,3,2,1,1,1,0,0,0,242,238,240,241,241,2,2,1,1
14320,Pcdhgb6,60,34,4,2,40,16,3,1,242,142,192,235,239,20,18,1,1
19386,Tmco1,41,24,4,4,38,21,3,0,242,163,197,235,238,3,3,1,4
19387,Tmco2,17,16,6,1,20,18,5,3,242,205,208,231,238,-3,-2,1,-2
13100,Olfr134,2,1,1,1,0,0,0,0,242,240,241,241,241,2,1,1,1
324,4933434E20Rik,35,23,4,4,32,17,3,0,242,175,202,235,238,3,6,1,4
3931,Csf3,56,45,14,5,57,48,13,2,242,129,149,215,235,-1,-3,1,3
14316,Pcdhgb1,46,24,4,2,52,24,3,2,242,144,194,235,238,-6,0,1,0
13103,Olfr1342,33,16,1,0,30,17,0,0,242,179,209,241,242,3,-1,1,0
13090,Olfr1329,8,6,1,0,5,4,0,0,242,229,232,241,242,3,2,1,0
14329,Pcgf2,41,20,3,2,55,24,2,0,242,146,198,237,240,-14,-4,1,2
3932,Csf3r,60,41,7,3,52,36,6,0,242,130,165,229,239,8,5,1,3
13878,Olfr911-ps1,8,4,1,0,15,1,0,0,242,219,237,241,242,-7,3,1,0
13513,Olfr494,1,1,1,0,0,0,0,0,242,241,241,241,242,1,1,1,0
22104,Zfyve26,37,18,4,2,56,28,3,0,242,149,196,235,240,-19,-10,1,2
14355,Pcsk1,24,13,3,0,40,23,2,0,242,178,206,237,242,-16,-10,1,0
13859,Olfr888,6,3,1,0,0,0,0,0,242,236,239,241,242,6,3,1,0
160,2310030G06Rik,37,28,8,2,67,41,7,3,242,138,173,227,237,-30,-13,1,-1
14348,Pcnx3,27,12,3,2,62,23,2,0,242,153,207,237,240,-35,-11,1,2
13063,Olfr1301,4,3,1,0,4,0,0,0,242,234,239,241,242,0,3,1,0
19371,Tmbim1,50,31,4,2,40,20,3,1,242,152,191,235,239,10,11,1,1
13511,Olfr492,1,1,1,1,1,1,0,0,242,240,240,241,241,0,0,1,1
13064,Olfr1302,3,2,1,0,2,2,0,0,242,237,238,241,242,1,0,1,0
13079,Olfr1317,9,6,2,0,6,5,1,1,242,227,231,239,241,3,1,1,-1
13876,Olfr91,28,19,4,0,18,11,3,0,242,196,212,235,242,10,8,1,0
5179,Eif1ad16,12,12,10,6,17,16,9,3,242,213,214,223,233,-5,-4,1,3
14338,Pclo,24,11,4,1,40,18,3,0,242,178,213,235,241,-16,-7,1,1
164,2310039H08Rik,35,16,4,2,40,18,3,0,242,167,208,235,240,-5,-2,1,2
3928,Csf2ra,42,23,3,0,34,16,2,0,242,166,203,237,242,8,7,1,0
13085,Olfr1323,12,7,1,1,23,8,0,0,242,207,227,241,241,-11,-1,1,1
14314,Pcdhga8,51,27,7,2,50,28,6,1,242,141,187,229,239,1,-1,1,1
13883,Olfr917,1,1,1,0,1,1,0,0,242,240,240,241,242,0,0,1,0
14362,Pcsk9,40,24,3,0,49,22,2,2,242,153,196,237,240,-9,2,1,-2
19951,Trav12d-2,17,17,14,5,15,15,13,13,242,210,210,215,224,2,2,1,-8
3688,Commd1b,49,39,17,11,53,36,16,6,242,140,167,209,225,-4,3,1,5
21785,Zfp362,45,28,4,1,69,41,3,0,242,128,173,235,241,-24,-13,1,1
4881,Drap1,34,17,5,3,40,21,4,0,242,168,204,233,239,-6,-4,1,3
14251,Pcbp1,42,24,4,4,24,13,3,3,242,176,205,235,235,18,11,1,1
13473,Olfr453,16,6,1,0,11,3,0,0,242,215,233,241,242,5,3,1,0
3793,Cpn2,23,10,2,0,17,9,1,1,242,202,223,239,241,6,1,1,-1
13156,Olfr1402,19,10,2,0,30,12,1,0,242,193,220,239,242,-11,-2,1,0
15183,Ppp2r2c,26,12,2,1,22,10,1,0,242,194,220,239,241,4,2,1,1
13465,Olfr444,2,1,1,1,0,0,0,0,242,240,241,241,241,2,1,1,1
4397,Ddi2,41,23,3,2,47,22,2,1,242,154,197,237,239,-6,1,1,1
4548,Depdc7,69,40,7,2,51,22,6,1,242,122,180,229,239,18,18,1,1
14242,Pbsn,2,2,1,1,1,1,0,0,242,239,239,241,241,1,1,1,1
3696,Commd9,32,18,2,2,36,21,1,0,242,174,203,239,240,-4,-3,1,2
13165,Olfr1414,8,5,1,0,4,1,0,0,242,230,236,241,242,4,4,1,0
19402,Tmed7,35,19,5,4,51,22,4,2,242,156,201,233,236,-16,-3,1,2
4893,Drosha,29,19,3,3,34,17,2,0,242,179,206,237,239,-5,2,1,3
19403,Tmed8,54,29,4,2,37,20,3,0,242,151,193,235,240,17,9,1,2
15166,Ppp1r3b,53,32,3,1,33,20,2,1,242,156,190,237,240,20,12,1,0
13482,Olfr462,20,8,1,0,10,2,0,0,242,212,232,241,242,10,6,1,0
19748,Tnnt3,46,30,10,3,50,38,9,0,242,146,174,223,239,-4,-8,1,3
13143,Olfr1386,3,1,1,0,0,0,0,0,242,239,241,241,242,3,1,1,0
4372,Dct,29,15,2,0,28,15,1,0,242,185,212,239,242,1,0,1,0
21917,Zfp654,36,17,4,2,54,22,3,0,242,152,203,235,240,-18,-5,1,2
14312,Pcdhga6,47,30,3,1,46,22,2,1,242,149,190,237,240,1,8,1,0
13117,Olfr1357,20,11,1,0,9,4,0,0,242,213,227,241,242,11,7,1,0
15161,Ppp1r32,55,41,11,5,69,46,10,7,242,118,155,221,230,-14,-5,1,-2
4871,Dpyd,49,35,9,4,30,15,8,3,242,163,192,225,235,19,20,1,1
13886,Olfr92,24,17,4,1,18,10,3,1,242,200,215,235,240,6,7,1,0
5146,Egflam,37,21,4,0,46,24,3,0,242,159,197,235,242,-9,-3,1,0
13122,Olfr1361,5,4,1,0,0,0,0,0,242,237,238,241,242,5,4,1,0
4875,Dpysl4,26,15,5,0,37,26,4,1,242,179,201,233,241,-11,-11,1,-1
4007,Cth,50,34,11,3,52,31,10,3,242,140,177,221,236,-2,3,1,0
22082,Zfp988,39,19,6,3,47,25,5,2,242,156,198,231,237,-8,-6,1,1
187,2610301B20Rik,35,23,5,3,59,29,4,1,242,148,190,233,238,-24,-6,1,2
14290,Pcdhb17,40,23,1,0,48,15,0,0,242,154,204,241,242,-8,8,1,0
22077,Zfp983,60,38,6,0,57,32,5,0,242,125,172,231,242,3,6,1,0
4877,Dqx1,72,38,7,1,48,28,6,1,242,122,176,229,240,24,10,1,0
13483,Olfr463,28,10,1,0,17,10,0,0,242,197,222,241,242,11,0,1,0
4856,Dpp6,35,22,3,0,36,22,2,1,242,171,198,237,241,-1,0,1,-1
4855,Dpp4,33,16,4,3,44,21,3,0,242,165,205,235,239,-11,-5,1,3
488,Abcc1,43,21,6,1,51,25,5,2,242,148,196,231,239,-8,-4,1,-1
22133,Zmat1,50,27,6,1,57,38,5,0,242,135,177,231,241,-7,-11,1,1
20032,Trav9d-2,11,11,10,10,12,10,9,9,242,219,221,223,223,-1,1,1,1
13828,Olfr845,31,12,3,1,47,22,2,0,242,164,208,237,241,-16,-10,1,1
12972,Olfr1206,1,1,1,0,0,0,0,0,242,241,241,241,242,1,1,1,0
3909,Crygc,25,18,8,1,17,16,7,5,242,200,208,227,236,8,2,1,-4
5238,Eif5,43,21,3,2,29,15,2,0,242,170,206,237,240,14,6,1,2
14501,Pex12,42,28,7,3,54,28,6,3,242,146,186,229,236,-12,0,1,0
15070,Pou3f2,33,10,1,0,44,25,0,0,242,165,207,241,242,-11,-15,1,0
15543,Psg21,19,10,4,0,18,9,3,3,242,205,223,235,239,1,1,1,-3
13837,Olfr857,23,16,3,1,19,17,2,0,242,200,209,237,241,4,-1,1,1
15072,Pou3f4,36,23,1,1,51,23,0,0,242,155,196,241,241,-15,0,1,1
15076,Pou5f1,49,36,6,2,30,21,5,0,242,163,185,231,240,19,15,1,2
22118,Zic4,46,28,6,4,26,13,5,1,242,170,201,231,237,20,15,1,3
12991,Olfr1225,3,2,1,0,2,1,0,0,242,237,239,241,242,1,1,1,0
13545,Olfr531,28,11,1,0,24,13,0,0,242,190,218,241,242,4,-2,1,0
4300,Dalrd3,39,17,7,3,58,30,6,1,242,145,195,229,238,-19,-13,1,2
13842,Olfr867,26,15,1,0,29,16,0,0,242,187,211,241,242,-3,-1,1,0
13843,Olfr868,2,1,1,1,1,0,0,0,242,239,241,241,241,1,1,1,1
4286,Daam1,42,21,2,2,69,38,1,0,242,131,183,239,240,-27,-17,1,2
12966,Olfr120,24,18,2,0,21,17,1,0,242,197,207,239,242,3,1,1,0
13003,Olfr124,24,15,1,0,25,10,0,0,242,193,217,241,242,-1,5,1,0
388,A1bg,11,3,1,0,8,3,0,0,242,223,236,241,242,3,0,1,0
12948,Olfr1181,15,10,1,0,18,11,0,0,242,209,221,241,242,-3,-1,1,0
14550,Pgk2,18,7,1,1,16,8,0,0,242,208,227,241,241,2,-1,1,1
13566,Olfr555,2,2,1,0,1,1,0,0,242,239,239,241,242,1,1,1,0
12951,Olfr1184,2,2,1,0,0,0,0,0,242,240,240,241,242,2,2,1,0
22138,Zmiz1,42,23,3,2,59,28,2,0,242,141,191,237,240,-17,-5,1,2
4273,D430041D05Rik,18,8,1,0,34,8,0,0,242,190,226,241,242,-16,0,1,0
14545,Pgd,52,29,3,3,36,19,2,0,242,154,194,237,239,16,10,1,3
12953,Olfr1186,28,21,3,1,31,23,2,0,242,183,198,237,241,-3,-2,1,1
19718,Tnfsf11,40,23,2,0,38,20,1,0,242,164,199,239,242,2,3,1,0
4609,Dhx36,24,9,4,2,46,26,3,1,242,172,207,235,239,-22,-17,1,1
13824,Olfr837,26,12,2,0,25,13,1,0,242,191,217,239,242,1,-1,1,0
4277,D630039A03Rik,39,27,5,3,68,44,4,0,242,135,171,233,239,-29,-17,1,3
20029,Trav9-2,11,11,7,1,9,9,6,2,242,222,222,229,239,2,2,1,-1
14534,Pgam1,46,28,6,3,32,16,5,0,242,164,198,231,239,14,12,1,3
5248,Elapor2,23,11,2,0,50,28,1,1,242,169,203,239,241,-27,-17,1,-1
19340,Tlr13,48,33,9,0,38,30,8,2,242,156,179,225,240,10,3,1,-2
15045,Pomp,39,23,5,2,47,24,4,1,242,156,195,233,239,-8,-1,1,1
14465,Pdzph1,18,14,5,1,37,23,4,1,242,187,205,233,240,-19,-9,1,0
19855,Traf3,45,26,5,0,52,25,4,2,242,145,191,233,240,-7,1,1,-2
15135,Ppp1cc,34,18,5,3,52,27,4,1,242,156,197,233,238,-18,-9,1,2
14414,Pdgfb,67,48,12,6,57,41,11,2,242,118,153,219,234,10,7,1,4
13522,Olfr506,52,28,4,0,57,33,3,2,242,133,181,235,240,-5,-5,1,-2
145,2210010C04Rik,33,12,3,0,41,24,2,0,242,168,206,237,242,-8,-12,1,0
13028,Olfr1263,14,5,1,0,19,5,0,0,242,209,232,241,242,-5,0,1,0
19843,Tpst2,61,35,7,4,40,25,6,3,242,141,182,229,235,21,10,1,1
146,2210016F16Rik,41,21,3,2,49,27,2,1,242,152,194,237,239,-8,-6,1,1
15125,Ppm1h,34,19,5,4,68,37,4,2,242,140,186,233,236,-34,-18,1,2
13856,Olfr884,5,2,1,0,6,5,0,0,242,231,235,241,242,-1,-3,1,0
14385,Pdcl3,53,34,9,2,46,23,8,4,242,143,185,225,236,7,11,1,-2
15129,Ppm1m,39,21,4,3,49,26,3,1,242,154,195,235,238,-10,-5,1,2
15132,Ppox,41,20,5,2,47,28,4,0,242,154,194,233,240,-6,-8,1,2
14375,Pdcd1lg2,31,17,3,0,23,15,2,0,242,188,210,237,242,8,2,1,0
4336,Dcaf13,40,30,5,3,27,17,4,3,242,175,195,233,236,13,13,1,0
13857,Olfr885,2,2,1,0,0,0,0,0,242,240,240,241,242,2,2,1,0
15133,Ppp1ca,38,30,5,2,37,21,4,1,242,167,191,233,239,1,9,1,1
14372,Pdcd1,48,24,2,2,35,12,1,0,242,159,206,239,240,13,12,1,2
19837,Tprkb,38,22,3,3,43,23,2,1,242,161,197,237,238,-5,-1,1,2
4341,Dcaf6,32,17,4,2,64,32,3,1,242,146,193,235,239,-32,-15,1,1
20036,Trbc1,39,30,14,7,20,17,13,6,242,183,195,215,229,19,13,1,1
5205,Eif2s3y,31,18,6,4,29,22,5,4,242,182,202,231,234,2,-4,1,0
13844,Olfr869,4,4,1,0,1,0,0,0,242,237,238,241,242,3,4,1,0
19847,Tra2a,58,37,6,2,33,19,5,2,242,151,186,231,238,25,18,1,0
19730,Tnip1,48,28,5,1,43,21,4,1,242,151,193,233,240,5,7,1,0
13845,Olfr870,12,9,1,0,26,14,0,0,242,204,219,241,242,-14,-5,1,0
14451,Pdx1,30,14,1,0,8,3,0,0,242,204,225,241,242,22,11,1,0
14446,Pdrg1,64,37,7,5,29,17,6,2,242,149,188,229,235,35,20,1,3
13007,Olfr1243,3,3,1,0,4,1,0,0,242,235,238,241,242,-1,2,1,0
13011,Olfr1248,1,1,1,0,1,1,0,0,242,240,240,241,242,0,0,1,0
13012,Olfr1249,7,1,1,0,2,1,0,0,242,233,240,241,242,5,0,1,0
15099,Ppfia4,32,10,1,0,54,30,0,0,242,156,202,241,242,-22,-20,1,0
13535,Olfr52,60,32,5,1,43,21,4,0,242,139,189,233,241,17,11,1,1
13534,Olfr519,2,2,1,0,1,1,0,0,242,239,239,241,242,1,1,1,0
13532,Olfr517,11,6,1,0,14,7,0,0,242,217,229,241,242,-3,-1,1,0
4588,Dhodh,44,31,6,3,37,20,5,2,242,161,191,231,237,7,11,1,1
13848,Olfr873,34,19,2,0,17,10,1,1,242,191,213,239,241,17,9,1,-1
13853,Olfr878,5,3,1,0,1,0,0,0,242,236,239,241,242,4,3,1,0
13018,Olfr1254,47,28,2,0,43,28,1,0,242,152,186,239,242,4,0,1,0
4035,Ctsc,55,37,5,2,62,34,4,0,242,125,171,233,240,-7,3,1,2
13529,Olfr513,6,4,1,0,2,1,0,0,242,234,237,241,242,4,3,1,0
13916,Olfr961,39,23,2,0,30,17,1,0,242,173,202,239,242,9,6,1,0
3783,Cped1,54,37,6,0,48,27,5,1,242,140,178,231,241,6,10,1,-1
14552,Pglyrp1,44,32,14,5,65,47,13,4,242,133,163,215,233,-21,-15,1,1
4463,Defa28,1,1,1,1,0,0,0,0,242,241,241,241,241,1,1,1,1
13968,Oosp3,3,3,2,0,2,2,1,0,242,237,237,239,242,1,1,1,0
21834,Zfp462,52,24,5,0,61,29,4,3,242,129,189,233,239,-9,-5,1,-3
3728,Coq8b,42,21,3,3,33,16,2,0,242,167,205,237,239,9,5,1,3
3974,Csta1,43,25,9,1,31,21,8,1,242,168,196,225,240,12,4,1,0
14058,Ovch2,4,2,1,0,1,0,0,0,242,237,240,241,242,3,2,1,0
21815,Zfp423,31,16,1,0,38,20,0,0,242,173,206,241,242,-7,-4,1,0
13301,Olfr211,21,9,1,0,4,1,0,0,242,217,232,241,242,17,8,1,0
5016,E130308A19Rik,41,24,4,0,47,18,3,1,242,154,200,235,241,-6,6,1,-1
3736,Coro6,68,38,11,1,51,29,10,4,242,123,175,221,237,17,9,1,-3
4942,Dusp12,48,33,9,5,56,24,8,4,242,138,185,225,233,-8,9,1,1
13304,Olfr214,15,10,1,0,3,3,0,0,242,224,229,241,242,12,7,1,0
15437,Prps2,41,22,7,2,52,28,6,1,242,149,192,229,239,-11,-6,1,1
285,4930595M18Rik,5,2,1,0,5,4,0,0,242,232,236,241,242,0,-2,1,0
446,Aak1,47,28,4,2,54,29,3,0,242,141,185,235,240,-7,-1,1,2
15471,Prrg3,42,21,3,0,40,18,2,0,242,160,203,237,242,2,3,1,0
13312,Olfr225,18,13,1,0,9,2,0,0,242,215,227,241,242,9,11,1,0
19965,Trav14-1,6,4,3,2,2,2,2,0,242,234,236,237,240,4,2,1,2
14065,Oxct2a,38,21,3,0,44,27,2,0,242,160,194,237,242,-6,-6,1,0
5024,E2f5,27,14,4,2,52,29,3,0,242,163,199,235,240,-25,-15,1,2
4505,Defb37,10,10,9,9,9,8,8,7,242,223,224,225,226,1,2,1,2
4514,Defb46,1,1,1,1,0,0,0,0,242,241,241,241,241,1,1,1,1
5036,Ear1,27,24,9,1,17,17,8,5,242,198,201,225,236,10,7,1,-4
13957,Omt2b,1,1,1,1,4,4,0,0,242,237,237,241,241,-3,-3,1,1
4933,Duoxa2,44,24,4,0,25,17,3,1,242,173,201,235,241,19,7,1,-1
19785,Top1,52,25,3,2,30,17,2,0,242,160,200,237,240,22,8,1,2
21996,Zfp831,10,4,1,0,15,6,0,0,242,217,232,241,242,-5,-2,1,0
4518,Defb50,4,4,4,3,3,3,3,2,242,235,235,235,237,1,1,1,1
458,Aatf,48,21,4,2,33,15,3,1,242,161,206,235,239,15,6,1,1
13426,Olfr382,9,9,1,0,0,0,0,0,242,233,233,241,242,9,9,1,0
14094,P3h4,51,34,10,2,44,28,9,4,242,147,180,223,236,7,6,1,-2
13423,Olfr38,4,3,1,0,0,0,0,0,242,238,239,241,242,4,3,1,0
15259,Pramel46,15,14,6,5,13,13,5,1,242,214,215,231,236,2,1,1,4
15478,Prrx2,54,30,7,1,59,38,6,2,242,129,174,229,239,-5,-8,1,-1
21983,Zfp804b,16,6,1,1,15,6,0,0,242,211,230,241,241,1,0,1,1
418,A830031A19Rik,5,5,1,0,4,4,0,0,242,233,233,241,242,1,1,1,0
21979,Zfp791,48,32,6,0,61,34,5,1,242,133,176,231,241,-13,-2,1,-1
13963,Oog2,8,8,2,1,1,1,1,1,242,233,233,239,240,7,7,1,0
15474,Prrt2,62,39,8,2,56,36,7,4,242,124,167,227,236,6,3,1,-2
4506,Defb38,2,2,2,2,1,1,1,1,242,239,239,239,239,1,1,1,1
13981,Oprk1,30,14,1,1,32,15,0,0,242,180,213,241,241,-2,-1,1,1
15482,Prss16,58,42,9,2,50,27,8,2,242,134,173,225,238,8,15,1,0
20045,Trbj1-6,2,1,1,1,0,0,0,0,242,240,241,241,241,2,1,1,1
4958,Dusp5,81,57,7,1,29,18,6,1,242,132,167,229,240,52,39,1,0
15452,Prr23a2,14,9,2,0,11,9,1,1,242,217,224,239,241,3,0,1,-1
4979,Dync2h1,41,17,3,0,60,36,2,0,242,141,189,237,242,-19,-19,1,0
13384,Olfr329,50,28,5,2,39,24,4,0,242,153,190,233,240,11,4,1,2
20047,Trbj2-1,1,1,1,1,1,0,0,0,242,240,241,241,241,0,1,1,1
19502,Tmem198,58,35,8,2,62,35,7,1,242,122,172,227,239,-4,0,1,1
4974,Dync1h1,50,25,3,2,39,19,2,1,242,153,198,237,239,11,6,1,1
13368,Olfr311,6,4,1,1,8,6,0,0,242,228,232,241,241,-2,-2,1,1
4487,Defb15,6,4,2,2,2,2,1,0,242,234,236,239,240,4,2,1,2
15303,Prex1,35,21,3,0,44,25,2,1,242,163,196,237,241,-9,-4,1,-1
19971,Trav14n-3,6,6,3,1,4,3,2,1,242,232,233,237,240,2,3,1,0
13371,Olfr314,24,15,2,0,33,18,1,1,242,185,209,239,241,-9,-3,1,-1
15307,Prg3,16,14,1,0,13,13,0,0,242,213,215,241,242,3,1,1,0
21824,Zfp446,37,16,3,1,57,29,2,1,242,148,197,237,240,-20,-13,1,0
14001,Os9,42,27,3,2,39,16,2,0,242,161,199,237,240,3,11,1,2
4969,Dxo,40,26,6,4,44,27,5,2,242,158,189,231,236,-4,-1,1,2
4493,Defb22,6,5,4,1,9,7,3,1,242,227,230,235,240,-3,-2,1,0
14017,Osgep,39,22,4,3,31,14,3,1,242,172,206,235,238,8,8,1,2
15296,Prelid1,46,20,3,2,38,13,2,0,242,158,209,237,240,8,7,1,2
13405,Olfr355,10,8,1,1,5,2,0,0,242,227,232,241,241,5,6,1,1
15308,Prg4,54,36,10,4,60,41,9,1,242,128,165,223,237,-6,-5,1,3
445,Aagab,41,23,8,2,42,22,7,2,242,159,197,227,238,-1,1,1,0
15467,Prrc2b,44,23,6,3,46,22,5,1,242,152,197,231,238,-2,1,1,2
13323,Olfr248,2,2,1,0,3,3,0,0,242,237,237,241,242,-1,-1,1,0
15285,Prdm6,56,41,13,2,51,43,12,3,242,135,158,217,237,5,-2,1,-1
3966,Cst11,10,6,4,1,7,7,3,2,242,225,229,235,239,3,-1,1,-1
4502,Defb34,2,2,2,2,2,1,1,1,242,238,239,239,239,0,1,1,1
13334,Olfr270,33,17,1,1,20,5,0,0,242,189,220,241,241,13,12,1,1
443,Aadacl4fm5,25,17,4,1,29,27,3,1,242,188,198,235,240,-4,-10,1,0
14023,Osr1,59,31,6,2,60,35,5,3,242,123,176,231,237,-1,-4,1,-1
13396,Olfr345,4,4,1,0,2,2,0,0,242,236,236,241,242,2,2,1,0
4481,Defb1,28,23,12,8,27,21,11,3,242,187,198,219,231,1,2,1,5
4482,Defb10,1,1,1,1,0,0,0,0,242,241,241,241,241,1,1,1,1
4954,Dusp27,23,8,1,0,44,25,0,0,242,175,209,241,242,-21,-17,1,0
291,4931414P19Rik,69,41,4,0,62,43,3,1,242,111,158,235,241,7,-2,1,-1
13350,Olfr292,9,5,1,0,7,3,0,0,242,226,234,241,242,2,2,1,0
433,Aadacl2,6,6,1,0,16,13,0,0,242,220,223,241,242,-10,-7,1,0
4955,Dusp28,31,14,4,3,33,17,3,1,242,178,211,235,238,-2,-3,1,2
13270,Olfr170,3,2,1,0,6,3,0,0,242,233,237,241,242,-3,-1,1,0
15249,Pramel37,14,13,5,0,8,6,4,4,242,220,223,233,238,6,7,1,-4
19760,Tns2,61,40,3,2,47,19,2,0,242,134,183,237,240,14,21,1,2
15492,Prss32,53,41,8,3,32,23,7,2,242,157,178,227,237,21,18,1,1
13192,Olfr1446,7,6,1,0,6,3,0,0,242,229,233,241,242,1,3,1,0
5093,Eef1akmt1,37,19,5,4,47,27,4,2,242,158,196,233,236,-10,-8,1,2
14206,Pate10,1,1,1,0,0,0,0,0,242,241,241,241,242,1,1,1,0
4412,Ddx17,36,17,5,5,41,24,4,0,242,165,201,233,237,-5,-7,1,5
313,4933411K16Rik,67,51,5,0,48,33,4,0,242,127,158,233,242,19,18,1,0
5086,Ednra,39,23,3,0,49,20,2,1,242,154,199,237,241,-10,3,1,-1
13201,Olfr1457,38,28,5,3,37,26,4,1,242,167,188,233,238,1,2,1,2
4908,Dsg4,5,3,1,1,2,0,0,0,242,235,239,241,241,3,3,1,1
13447,Olfr412,24,12,2,0,31,15,1,0,242,187,215,239,242,-7,-3,1,0
4910,Dsp,47,22,3,3,16,6,2,1,242,179,214,237,238,31,16,1,2
4911,Dspp,12,5,1,0,1,0,0,0,242,229,237,241,242,11,5,1,0
13204,Olfr146,2,2,1,0,0,0,0,0,242,240,240,241,242,2,2,1,0
13446,Olfr411,4,4,1,0,0,0,0,0,242,238,238,241,242,4,4,1,0
15222,Pramel11,19,14,1,1,14,8,0,0,242,209,220,241,241,5,6,1,1
4913,Dstn,48,30,6,2,31,21,5,2,242,163,191,231,238,17,9,1,0
13444,Olfr406,14,4,1,0,13,8,0,0,242,215,230,241,242,1,-4,1,0
13208,Olfr1465,2,2,1,1,3,2,0,0,242,237,238,241,241,-1,0,1,1
5095,Eef1akmt3,58,30,6,3,49,24,5,2,242,135,188,231,237,9,6,1,1
19765,Tob2,67,40,4,2,42,27,3,1,242,133,175,235,239,25,13,1,1
4532,Dennd1c,56,30,4,1,38,15,3,1,242,148,197,235,240,18,15,1,0
13920,Olfr968,9,7,2,0,9,3,1,0,242,224,232,239,242,0,4,1,0
13460,Olfr434,9,9,1,0,3,3,0,0,242,230,230,241,242,6,6,1,0
13177,Olfr1427,17,6,1,0,11,3,0,0,242,214,233,241,242,6,3,1,0
13918,Olfr965,1,1,1,0,0,0,0,0,242,241,241,241,242,1,1,1,0
19418,Tmem114,22,19,5,1,17,10,4,3,242,203,213,233,238,5,9,1,-2
484,Abcb6,35,19,4,3,57,25,3,0,242,150,198,235,239,-22,-6,1,3
21842,Zfp503,67,46,6,3,49,27,5,0,242,126,169,231,239,18,19,1,3
19954,Trav13-1,10,10,8,6,7,7,7,1,242,225,225,227,235,3,3,1,5
4899,Dscaml1,35,12,1,0,26,14,0,0,242,181,216,241,242,9,-2,1,0
19537,Tmem234,29,20,4,3,29,17,3,2,242,184,205,235,237,0,3,1,1
4541,Dennd5b,66,38,5,2,34,22,4,0,242,142,182,233,240,32,16,1,2
13182,Olfr1434,10,2,1,1,3,2,0,0,242,229,238,241,241,7,0,1,1
13183,Olfr1436,2,2,1,0,0,0,0,0,242,240,240,241,242,2,2,1,0
3935,Csk,62,36,4,2,50,22,3,1,242,130,184,235,239,12,14,1,1
15205,Ppp6c,43,27,4,2,35,19,3,0,242,164,196,235,240,8,8,1,2
15495,Prss35,51,23,6,2,65,35,5,2,242,126,184,231,238,-14,-12,1,0
14210,Pate14,17,16,11,5,25,19,10,7,242,200,207,221,230,-8,-3,1,-2
13457,Olfr430,10,3,1,0,8,6,0,0,242,224,233,241,242,2,-3,1,0
471,Abca4,49,25,2,1,35,19,1,0,242,158,198,239,241,14,6,1,1
20066,Trbv21,3,3,2,1,4,3,1,1,242,235,236,239,240,-1,0,1,0
13265,Olfr166,5,3,1,1,11,4,0,0,242,226,235,241,241,-6,-1,1,1
15234,Pramel23,6,4,1,1,4,0,0,0,242,232,238,241,241,2,4,1,1
3770,Cpa2,37,20,4,0,31,19,3,2,242,174,203,235,240,6,1,1,-2
15237,Pramel26,10,4,1,0,1,1,0,0,242,231,237,241,242,9,3,1,0
3720,Coq10b,66,34,5,2,38,19,4,1,242,138,189,233,239,28,15,1,1
13949,Olig2,27,15,2,0,18,5,1,0,242,197,222,239,242,9,10,1,0
19444,Tmem138,31,17,5,2,49,26,4,2,242,162,199,233,238,-18,-9,1,0
13250,Olfr1535,41,24,4,0,42,22,3,2,242,159,196,235,240,-1,2,1,-2
19793,Topors,36,17,3,2,42,14,2,0,242,164,211,237,240,-6,3,1,2
5049,Ebp,33,24,9,2,48,27,8,5,242,161,191,225,235,-15,-3,1,-3
13428,Olfr385,7,5,1,0,3,3,0,0,242,232,234,241,242,4,2,1,0
13255,Olfr156,8,5,1,0,11,11,0,0,242,223,226,241,242,-3,-6,1,0
3768,Cp,55,39,7,3,57,34,6,0,242,130,169,229,239,-2,5,1,3
14142,Pakap,56,27,4,3,42,18,3,0,242,144,197,235,239,14,9,1,3
13950,Olig3,32,13,3,0,41,24,2,0,242,169,205,237,242,-9,-11,1,0
21928,Zfp683,20,11,1,1,37,24,0,0,242,185,207,241,241,-17,-13,1,1
14133,Paip2,43,21,3,3,26,12,2,1,242,173,209,237,238,17,9,1,2
462,Abca1,44,26,5,2,58,29,4,0,242,140,187,233,240,-14,-3,1,2
19450,Tmem145,45,24,3,1,54,33,2,0,242,143,185,237,241,-9,-9,1,1
13431,Olfr390,14,9,1,0,14,9,0,0,242,214,224,241,242,0,0,1,0
3773,Cpa5,24,15,1,1,26,19,0,0,242,192,208,241,241,-2,-4,1,1
13937,Olfr985,9,6,3,0,21,15,2,0,242,212,221,237,242,-12,-9,1,0
13239,Olfr1506,1,1,1,0,0,0,0,0,242,241,241,241,242,1,1,1,0
20041,Trbj1-2,1,1,1,1,0,0,0,0,242,241,241,241,241,1,1,1,1
14179,Pard6a,42,16,3,2,56,33,2,2,242,144,193,237,238,-14,-17,1,0
13217,Olfr1477,3,2,1,0,14,7,0,0,242,225,233,241,242,-11,-5,1,0
14178,Pard3b,27,15,3,0,54,27,2,0,242,161,200,237,242,-27,-12,1,0
15491,Prss30,65,41,9,2,58,41,8,2,242,119,160,225,238,7,0,1,0
19528,Tmem222,38,21,6,4,32,16,5,2,242,172,205,231,236,6,5,1,2
14176,Paqr9,20,9,3,2,58,40,2,0,242,164,193,237,240,-38,-31,1,2
13939,Olfr987,3,3,1,0,5,5,0,0,242,234,234,241,242,-2,-2,1,0
15226,Pramel15,11,8,1,0,10,6,0,0,242,221,228,241,242,1,2,1,0
15227,Pramel16,15,7,2,0,9,6,1,0,242,218,229,239,242,6,1,1,0
13228,Olfr1495,5,4,1,0,4,2,0,0,242,233,236,241,242,1,2,1,0
13229,Olfr1496,4,3,1,0,7,7,0,0,242,231,232,241,242,-3,-4,1,0
15228,Pramel17,20,12,1,0,8,3,0,0,242,214,227,241,242,12,9,1,0
4429,Ddx41,27,14,3,3,39,15,2,1,242,176,213,237,238,-12,-1,1,2
13942,Olfr992,3,2,1,0,3,3,0,0,242,236,237,241,242,0,-1,1,0
13237,Olfr1504,5,4,1,0,2,2,0,0,242,235,236,241,242,3,2,1,0
4922,Dtwd1,39,24,5,3,65,37,4,1,242,138,181,233,238,-26,-13,1,2
19870,Traj17,1,1,1,1,0,0,0,0,242,241,241,241,241,1,1,1,1
5216,Eif3j2,45,21,6,2,30,15,5,2,242,167,206,231,238,15,6,1,0
21943,Zfp710,44,24,5,2,67,36,4,1,242,131,182,233,239,-23,-12,1,1
14941,Pnkp,39,25,12,4,68,38,11,2,242,135,179,219,236,-29,-13,1,2
4210,Cyp3a57,22,13,2,2,25,18,1,1,242,195,211,239,239,-3,-5,1,1
3607,Cntnap1,53,26,4,3,51,30,3,1,242,138,186,235,238,2,-4,1,2
12837,Olfr1046,3,2,1,0,4,3,0,0,242,235,237,241,242,-1,-1,1,0
13783,Olfr791,6,5,1,0,8,1,0,0,242,228,236,241,242,-2,4,1,0
5347,Enpp3,45,27,4,3,75,35,3,1,242,122,180,235,238,-30,-8,1,2
4208,Cyp3a41b,7,6,6,3,5,5,5,5,242,230,231,231,234,2,1,1,-2
12833,Olfr1042,1,1,1,0,1,1,0,0,242,240,240,241,242,0,0,1,0
14808,Plcb1,42,20,4,2,53,31,3,0,242,147,191,235,240,-11,-11,1,2
4647,Dkk2,52,22,3,3,54,25,2,0,242,136,195,237,239,-2,-3,1,3
12831,Olfr104-ps,34,19,4,0,20,14,3,1,242,188,209,235,241,14,5,1,-1
588,Ache,71,44,18,13,64,41,17,7,242,107,157,207,222,7,3,1,6
13610,Olfr603,3,3,1,1,2,2,0,0,242,237,237,241,241,1,1,1,1
5427,Erbb3,34,15,3,2,66,37,2,1,242,142,190,237,239,-32,-22,1,1
14709,Pip,10,8,4,1,10,10,3,1,242,222,224,235,240,0,-2,1,0
12707,Nxt2,42,31,8,5,65,35,7,0,242,135,176,227,237,-23,-4,1,5
4153,Cyp2a12,13,5,1,0,15,6,0,0,242,214,231,241,242,-2,-1,1,0
20120,Tril,29,18,5,1,56,36,4,1,242,157,188,233,240,-27,-18,1,0
12826,Olfr1034,14,6,1,1,9,2,0,0,242,219,234,241,241,5,4,1,1
4154,Cyp2a22,8,5,1,0,7,0,0,0,242,227,237,241,242,1,5,1,0
13664,Olfr661,14,9,1,0,10,5,0,0,242,218,228,241,242,4,4,1,0
4686,Dmgdh,22,14,3,3,33,12,2,0,242,187,216,237,239,-11,2,1,3
20134,Trim25,49,25,5,3,53,31,4,2,242,140,186,233,237,-4,-6,1,1
4156,Cyp2a5,28,17,6,4,30,20,5,0,242,184,205,231,238,-2,-3,1,4
15402,Prokr1,53,29,4,0,50,30,3,2,242,139,183,235,240,3,-1,1,-2
12818,Olfr1026,2,2,1,1,0,0,0,0,242,240,240,241,241,2,2,1,1
19892,Traj38,1,1,1,1,0,0,0,0,242,241,241,241,241,1,1,1,1
12705,Nxph4,54,34,7,0,57,28,6,0,242,131,180,229,242,-3,6,1,0
14904,Plscr4,60,37,6,3,59,23,5,0,242,123,182,231,239,1,14,1,3
4211,Cyp3a59,5,2,1,0,5,3,0,0,242,232,237,241,242,0,-1,1,0
14953,Pnn,45,22,6,3,40,23,5,2,242,157,197,231,237,5,-1,1,1
19602,Tmem52b,36,23,4,2,25,9,3,2,242,181,210,235,238,11,14,1,0
14679,Pik3ap1,41,17,1,0,46,19,0,0,242,155,206,241,242,-5,-2,1,0
4233,Cyp51,36,16,4,2,48,20,3,1,242,158,206,235,239,-12,-4,1,1
4231,Cyp4v3,46,25,6,1,54,33,5,1,242,142,184,231,240,-8,-8,1,0
19897,Traj42,2,1,1,1,1,0,0,0,242,239,241,241,241,1,1,1,1
4633,Dipk2a,56,33,5,2,47,31,4,0,242,139,178,233,240,9,2,1,2
19883,Traj29,4,4,4,4,4,4,3,3,242,234,234,235,235,0,0,1,1
15351,Prl,20,19,13,9,26,20,12,9,242,196,203,217,224,-6,-1,1,0
13590,Olfr583,1,1,1,0,0,0,0,0,242,241,241,241,242,1,1,1,0
14829,Pld4,59,43,12,5,50,35,11,6,242,133,164,219,231,9,8,1,-1
15637,Ptger4,58,33,5,0,45,31,4,2,242,139,178,233,240,13,2,1,-2
5327,Endod1,48,32,6,1,61,28,5,2,242,133,182,231,239,-13,4,1,-1
26,1600012H06Rik,41,20,4,2,59,32,3,1,242,142,190,235,239,-18,-12,1,1
19642,Tmem98,46,21,2,1,43,22,1,0,242,153,199,239,241,3,-1,1,1
19250,Thsd4,39,19,1,0,37,12,0,0,242,166,211,241,242,2,7,1,0
21704,Zfp119a,46,26,8,4,64,45,7,2,242,132,171,227,236,-18,-19,1,2
593,Ackr4,61,35,6,4,53,30,5,1,242,128,177,231,237,8,5,1,3
14650,Piezo1,65,31,5,2,35,15,4,1,242,142,196,233,239,30,16,1,1
4149,Cyp26b1,77,51,11,2,45,33,10,2,242,120,158,221,238,32,18,1,0
13597,Olfr59,9,6,1,0,5,2,0,0,242,228,234,241,242,4,4,1,0
13715,Olfr714,43,20,4,0,40,24,3,2,242,159,198,235,240,3,-4,1,-2
14967,Pnrc1,59,31,6,2,39,22,5,0,242,144,189,231,240,20,9,1,2
13667,Olfr665,5,3,1,1,6,5,0,0,242,231,234,241,241,-1,-2,1,1
5432,Ercc1,44,27,4,2,53,25,3,2,242,145,190,235,238,-9,2,1,0
14964,Pnpla8,34,17,6,2,55,29,5,1,242,153,196,231,239,-21,-12,1,1
4217,Cyp4a29,8,5,2,0,11,6,1,0,242,223,231,239,242,-3,-1,1,0
4069,Cul7,37,22,5,2,48,24,4,0,242,157,196,233,240,-11,-2,1,2
12851,Olfr1061,1,1,1,0,0,0,0,0,242,241,241,241,242,1,1,1,0
12684,Nutf2,56,27,8,7,41,25,7,5,242,145,190,227,230,15,2,1,2
13653,Olfr65,3,2,1,0,6,3,0,0,242,233,237,241,242,-3,-1,1,0
4682,Dmbt1,19,9,3,2,21,13,2,1,242,202,220,237,239,-2,-4,1,1
12874,Olfr1099,2,2,1,0,7,2,0,0,242,233,238,241,242,-5,0,1,0
15604,Psors1c2,68,54,15,6,58,46,14,2,242,116,142,213,234,10,8,1,4
562,Acadl,46,27,7,3,48,25,6,2,242,148,190,229,237,-2,2,1,1
5408,Epop,47,26,6,1,62,28,5,1,242,133,188,231,240,-15,-2,1,0
12776,Ogfod2,40,17,3,2,46,21,2,0,242,156,204,237,240,-6,-4,1,2
15377,Prlh,13,10,8,8,7,7,7,6,242,222,225,227,228,6,3,1,2
5407,Epo,22,21,4,1,13,12,3,1,242,207,209,235,240,9,9,1,0
19617,Tmem69,31,14,4,2,63,36,3,0,242,148,192,235,240,-32,-22,1,2
20008,Trav6d-7,14,12,10,8,9,9,9,8,242,219,221,223,226,5,3,1,0
377,9930021J03Rik,36,13,6,2,57,29,5,0,242,149,200,231,240,-21,-16,1,2
12768,Odf4,36,31,4,0,41,35,3,0,242,165,176,235,242,-5,-4,1,0
13637,Olfr632,1,1,1,0,1,1,0,0,242,240,240,241,242,0,0,1,0
3587,Cnp,41,25,8,4,53,26,7,2,242,148,191,227,236,-12,-1,1,2
3845,Creb3l3,56,41,12,3,53,32,11,1,242,133,169,219,238,3,9,1,2
5405,Epn2,42,21,4,3,62,29,3,2,242,138,192,235,237,-20,-8,1,1
19281,Timm17a,38,20,5,3,50,29,4,1,242,154,193,233,238,-12,-9,1,2
371,9530053A07Rik,24,9,2,1,43,19,1,1,242,175,214,239,240,-19,-10,1,0
3842,Creb3,43,27,5,2,42,15,4,1,242,157,200,233,239,1,12,1,1
19622,Tmem74b,54,31,2,0,40,24,1,0,242,148,187,239,242,14,7,1,0
4753,Dnajc12,46,35,10,4,70,43,9,4,242,126,164,223,234,-24,-8,1,0
12750,Ocln,49,37,6,2,53,29,5,0,242,140,176,231,240,-4,8,1,2
12740,Obp1b,5,5,1,0,2,2,0,0,242,235,235,241,242,3,3,1,0
12733,Obox2,2,2,1,0,0,0,0,0,242,240,240,241,242,2,2,1,0
19623,Tmem74bos,39,26,2,1,36,14,1,0,242,167,202,239,241,3,12,1,1
5397,Ephb6,54,36,8,2,62,37,7,0,242,126,169,227,240,-8,-1,1,2
14774,Pla2g2a,12,10,2,1,13,12,1,0,242,217,220,239,241,-1,-2,1,1
13740,Olfr74,2,2,1,0,1,1,0,0,242,239,239,241,242,1,1,1,0
19274,Tigit,75,57,15,5,55,51,14,6,242,112,134,213,231,20,6,1,-1
5399,Ephx2,50,35,6,3,46,23,5,1,242,146,184,231,238,4,12,1,2
5401,Ephx4,52,34,8,2,55,35,7,4,242,135,173,227,236,-3,-1,1,-2
15582,Psmd12,34,19,5,2,36,16,4,0,242,172,207,233,240,-2,3,1,2
3848,Crebbp,46,24,6,2,49,31,5,1,242,147,187,231,239,-3,-7,1,1
4175,Cyp2c68,20,17,4,0,15,13,3,1,242,207,212,235,241,5,4,1,-1
4176,Cyp2c69,17,16,2,0,19,16,1,0,242,206,210,239,242,-2,0,1,0
4162,Cyp2b9,8,4,1,0,8,0,0,0,242,226,238,241,242,0,4,1,0
12711,Nyx,44,20,2,0,45,17,1,1,242,153,205,239,241,-1,3,1,-1
19611,Tmem63b,47,27,5,2,39,18,4,2,242,156,197,233,238,8,9,1,0
4680,Dmac2l,42,19,8,6,78,39,7,1,242,122,184,227,235,-36,-20,1,5
3886,Crtac1,30,16,3,0,44,26,2,2,242,168,200,237,240,-14,-10,1,-2
14743,Pkd1l1,25,14,1,0,24,5,0,0,242,193,223,241,242,1,9,1,0
13728,Olfr728,14,7,1,0,13,5,0,0,242,215,230,241,242,1,2,1,0
4189,Cyp2j11,15,8,4,4,19,12,3,1,242,208,222,235,237,-4,-4,1,3
15378,Prlhr,30,21,2,1,14,8,1,0,242,198,213,239,241,16,13,1,1
5367,Ep300,44,24,4,2,49,30,3,1,242,149,188,235,239,-5,-6,1,1
14751,Pkhd1,12,6,3,3,20,8,2,0,242,210,228,237,239,-8,-2,1,3
12718,Oas1d,41,26,2,0,26,13,1,0,242,175,203,239,242,15,13,1,0
582,Ace,45,26,2,2,38,24,1,0,242,159,192,239,240,7,2,1,2
19614,Tmem65,51,31,5,2,41,18,4,0,242,150,193,233,240,10,13,1,2
13755,Olfr763,13,5,1,0,15,2,0,0,242,214,235,241,242,-2,3,1,0
12721,Oas1g,60,42,12,3,63,41,11,4,242,119,159,219,235,-3,1,1,-1
12798,Olfr10,22,7,1,1,11,4,0,0,242,209,231,241,241,11,3,1,1
20006,Trav6d-5,5,5,4,1,4,4,3,3,242,233,233,235,238,1,1,1,-2
4746,Dnajb6,42,25,6,2,38,20,5,4,242,162,197,231,236,4,5,1,-2
14757,Pkm,49,28,5,4,32,18,4,1,242,161,196,233,237,17,10,1,3
558,Acad11,43,18,3,2,36,16,2,0,242,163,208,237,240,7,2,1,2
19286,Timm29,44,23,2,2,45,19,1,0,242,153,200,239,240,-1,4,1,2
19914,Traj7,1,1,1,1,1,1,0,0,242,240,240,241,241,0,0,1,1
4183,Cyp2d34,10,9,1,1,6,3,0,0,242,226,230,241,241,4,6,1,1
14766,Pkp3,42,30,6,4,54,32,5,0,242,146,180,231,238,-12,-2,1,4
19912,Traj59,1,1,1,1,0,0,0,0,242,241,241,241,241,1,1,1,1
21894,Zfp616,3,2,2,0,3,2,1,0,242,236,238,239,242,0,0,1,0
12873,Olfr1098,2,2,1,0,2,0,0,0,242,238,240,241,242,0,2,1,0
15628,Pten,37,19,3,2,41,19,2,1,242,164,204,237,239,-4,0,1,1
5318,Emp3,47,29,5,2,70,45,4,2,242,125,168,233,238,-23,-16,1,0
15656,Ptk2b,46,29,4,2,45,28,3,0,242,151,185,235,240,1,1,1,2
20108,Trgv3,3,3,3,3,2,2,2,1,242,237,237,237,238,1,1,1,2
15392,Prnd,43,31,13,9,49,35,12,6,242,150,176,217,227,-6,-4,1,3
5286,Elp2,30,14,2,2,48,25,1,0,242,164,203,239,240,-18,-11,1,2
13574,Olfr564,2,2,1,0,4,4,0,0,242,236,236,241,242,-2,-2,1,0
14563,Pgpep1l,47,37,12,5,51,36,11,3,242,144,169,219,234,-4,1,1,2
19877,Traj23,7,6,6,6,5,5,5,5,242,230,231,231,231,2,1,1,1
13681,Olfr68,7,3,1,0,6,2,0,0,242,229,237,241,242,1,1,1,0
12631,Nudt13,58,32,6,2,48,23,5,2,242,136,187,231,238,10,9,1,0
607,Acot3,34,22,4,2,52,31,3,1,242,156,189,235,239,-18,-9,1,1
12908,Olfr1135,27,16,1,0,24,15,0,0,242,191,211,241,242,3,1,1,0
13578,Olfr57,62,40,8,3,64,48,7,3,242,116,154,227,236,-2,-8,1,0
4256,Cytip,47,28,5,1,23,13,4,0,242,172,201,233,241,24,15,1,1
606,Acot2,60,41,4,2,69,41,3,0,242,113,160,235,240,-9,0,1,2
605,Acot13,46,33,8,4,35,21,7,2,242,161,188,227,236,11,12,1,2
3899,Cryba2,32,30,11,1,32,29,10,4,242,178,183,221,237,0,1,1,-3
14573,Phax,49,30,7,3,43,20,6,4,242,150,192,229,235,6,10,1,-1
3619,Coa6,38,20,5,3,49,25,4,0,242,155,197,233,239,-11,-5,1,3
19586,Tmem39a,50,27,7,2,40,23,6,2,242,152,192,229,238,10,4,1,0
12905,Olfr1132,20,15,1,0,22,13,0,0,242,200,214,241,242,-2,2,1,0
4625,Dio2,28,15,2,0,46,25,1,1,242,168,202,239,241,-18,-10,1,-1
19998,Trav6-1,6,5,5,5,6,6,4,4,242,230,231,233,233,0,-1,1,1
4252,Cyth1,46,29,6,2,62,36,5,3,242,134,177,231,237,-16,-7,1,-1
12636,Nudt16l2,9,6,1,0,4,3,0,0,242,229,233,241,242,5,3,1,0
14876,Plk4,53,30,6,0,63,38,5,2,242,126,174,231,240,-10,-8,1,-2
12901,Olfr1129,45,25,4,1,57,31,3,0,242,140,186,235,241,-12,-6,1,1
4058,Ctxn2,20,18,8,5,32,24,7,2,242,190,200,227,235,-12,-6,1,3
3829,Cracdl,42,21,2,0,34,13,1,0,242,166,208,239,242,8,8,1,0
14562,Pgpep1,60,44,10,4,74,50,9,3,242,108,148,223,235,-14,-6,1,1
12917,Olfr1148,2,2,1,0,2,0,0,0,242,238,240,241,242,0,2,1,0
13804,Olfr814,44,19,3,1,39,20,2,1,242,159,203,237,240,5,-1,1,0
19874,Traj20,1,1,1,1,0,0,0,0,242,241,241,241,241,1,1,1,1
4814,Dock4,48,25,2,1,54,29,1,0,242,140,188,239,241,-6,-4,1,1
4124,Cybc1,73,36,6,2,36,20,5,2,242,133,186,231,238,37,16,1,0
19331,Tlk2,39,19,5,2,50,27,4,1,242,153,196,233,239,-11,-8,1,1
13819,Olfr830,7,4,1,1,7,1,0,0,242,228,237,241,241,0,3,1,1
19329,Tle7,18,12,2,0,6,4,1,1,242,218,226,239,241,12,8,1,-1
4813,Dock3,39,23,15,5,62,43,14,6,242,141,176,213,231,-23,-20,1,-1
19661,Tmprss12,35,33,6,3,29,23,5,4,242,178,186,231,235,6,10,1,-1
20013,Trav7-3,6,6,4,1,5,4,3,2,242,231,232,235,239,1,2,1,-1
14558,Pgm2l1,43,19,1,0,45,22,0,0,242,154,201,241,242,-2,-3,1,0
14559,Pgm3,52,26,6,2,39,21,5,2,242,151,195,231,238,13,5,1,0
19713,Tnfrsf26,57,32,8,2,55,34,7,0,242,130,176,227,240,2,-2,1,2
15393,Prnp,55,30,5,2,47,18,4,1,242,140,194,233,239,8,12,1,1
12608,Ntrk1,45,30,3,1,29,14,2,0,242,168,198,237,241,16,16,1,1
12929,Olfr1160,41,25,6,1,44,27,5,0,242,157,190,231,241,-3,-2,1,1
4265,D13Ertd608e,29,26,17,2,21,21,16,5,242,192,195,209,235,8,5,1,-3
12928,Olfr116,18,9,2,0,24,10,1,0,242,200,223,239,242,-6,-1,1,0
4128,Cyct,31,27,14,9,40,32,13,7,242,171,183,215,226,-9,-5,1,2
383,A030003K21Rik,15,15,4,0,6,6,3,1,242,221,221,235,241,9,9,1,-1
3868,Crisp3,21,15,4,0,19,13,3,1,242,202,214,235,241,2,2,1,-1
19900,Traj45,3,2,1,1,0,0,0,0,242,239,240,241,241,3,2,1,1
15556,Psma4,37,20,8,3,38,19,7,2,242,167,203,227,237,-1,1,1,1
13810,Olfr821,2,1,1,0,0,0,0,0,242,240,241,241,242,2,1,1,0
12923,Olfr1154,9,3,1,0,11,4,0,0,242,222,235,241,242,-2,-1,1,0
22214,Zzef1,33,13,2,2,48,24,1,0,242,161,205,239,240,-15,-11,1,2
13682,Olfr680-ps1,3,3,1,0,2,2,0,0,242,237,237,241,242,1,1,1,0
108,1700069L16Rik,17,16,8,1,19,16,7,5,242,206,210,227,236,-2,0,1,-4
12623,Nudc,57,23,5,3,26,13,4,3,242,159,206,233,236,31,10,1,0
13697,Olfr695,31,10,1,0,41,19,0,0,242,170,213,241,242,-10,-9,1,0
14776,Pla2g2d,76,52,7,3,55,29,6,2,242,111,161,229,237,21,23,1,1
4060,Cubn,28,7,2,2,52,27,1,1,242,162,208,239,239,-24,-20,1,1
4238,Cypt12,9,8,6,1,8,5,5,3,242,225,229,231,238,1,3,1,-2
4794,Dnm3,45,22,5,1,51,28,4,2,242,146,192,233,239,-6,-6,1,-1
13672,Olfr67,23,10,1,0,31,7,0,0,242,188,225,241,242,-8,3,1,0
14611,Phkg2,46,26,5,2,38,19,4,1,242,158,197,233,239,8,7,1,1
14618,Phlpp1,42,23,5,2,50,28,4,0,242,150,191,233,240,-8,-5,1,2
20000,Trav6-3,7,4,3,2,2,2,2,1,242,233,236,237,239,5,2,1,1
14615,Phldb1,45,24,3,2,59,21,2,0,242,138,197,237,240,-14,3,1,2
12652,Nufip2,52,26,8,2,50,26,7,3,242,140,190,227,237,2,0,1,-1
19904,Traj49,1,1,1,1,1,0,0,0,242,240,241,241,241,0,1,1,1
4235,Cyp7b1,51,27,2,2,40,14,1,0,242,151,201,239,240,11,13,1,2
19648,Tmod1,73,43,7,3,36,20,6,4,242,133,179,229,235,37,23,1,-1
4061,Cuedc1,46,27,5,2,43,27,4,0,242,153,188,233,240,3,0,1,2
4237,Cypt1,21,19,9,2,10,8,8,5,242,211,215,225,235,11,11,1,-3
3622,Coasy,36,17,4,4,36,18,3,0,242,170,207,235,238,0,-1,1,4
3860,Crhr2,38,24,1,0,33,8,0,0,242,171,210,241,242,5,16,1,0
12883,Olfr1107,1,1,1,0,2,1,0,0,242,239,240,241,242,-1,0,1,0
4796,Dnmt1,41,13,2,2,50,22,1,1,242,151,207,239,239,-9,-9,1,1
12881,Olfr1105,33,17,2,1,48,30,1,0,242,161,195,239,241,-15,-13,1,1
15389,Prmt8,26,14,1,0,31,16,0,0,242,185,212,241,242,-5,-2,1,0
4140,Cyp17a1,47,29,5,2,54,29,4,2,242,141,184,233,238,-7,0,1,0
3621,Coa8,47,22,5,2,31,20,4,1,242,164,200,233,239,16,2,1,1
14843,Plekhb1,44,27,6,3,51,34,5,2,242,147,181,231,237,-7,-7,1,1
12,1110032F04Rik,36,22,4,1,24,13,3,1,242,182,207,235,240,12,9,1,0
22209,Zxdb,50,34,5,1,43,24,4,0,242,149,184,233,241,7,10,1,1
5314,Eml5,54,26,5,1,51,32,4,1,242,137,184,233,240,3,-6,1,0
4799,Dnmt3c,34,17,2,1,31,17,1,0,242,177,208,239,241,3,0,1,1
15003,Polm,43,28,6,0,61,37,5,0,242,138,177,231,242,-18,-9,1,0
13803,Olfr813,6,1,1,0,5,0,0,0,242,231,241,241,242,1,1,1,0
5316,Emp1,57,31,8,2,60,28,7,4,242,125,183,227,236,-3,3,1,-2
12875,Olfr11,49,23,3,0,42,24,2,0,242,151,195,237,242,7,-1,1,0
21884,Zfp60,59,26,5,2,36,20,4,1,242,147,196,233,239,23,6,1,1
5447,Ergic1,32,17,4,2,40,19,3,1,242,170,206,235,239,-8,-2,1,1
21009,Vmn1r248,0,0,0,0,1,1,0,0,242,241,241,242,242,-1,-1,0,0
15385,Prmt3,43,28,5,2,36,22,5,0,242,163,192,232,240,7,6,0,2
13738,Olfr738,1,1,0,0,2,2,0,0,242,239,239,242,242,-1,-1,0,0
13731,Olfr730,17,14,1,0,16,8,1,0,242,209,220,240,242,1,6,0,0
13979,Opn5,20,15,1,0,29,20,1,1,242,193,207,240,241,-9,-5,0,-1
1999,Bdkrb1,57,46,9,3,53,35,9,3,242,132,161,224,236,4,11,0,0
21003,Vmn1r242,0,0,0,0,1,1,0,0,242,241,241,242,242,-1,-1,0,0
13708,Olfr706,3,2,0,0,3,0,0,0,242,236,240,242,242,0,2,0,0
21008,Vmn1r247,2,2,0,0,1,1,0,0,242,239,239,242,242,1,1,0,0
2001,Bdnf,46,22,2,0,68,38,2,1,242,128,182,238,241,-22,-16,0,-1
21004,Vmn1r243,1,1,0,0,3,3,0,0,242,238,238,242,242,-2,-2,0,0
9772,Kcna2,30,14,3,1,49,32,3,0,242,163,196,236,241,-19,-18,0,1
13964,Oog3,8,3,0,0,5,2,0,0,242,229,237,242,242,3,1,0,0
13707,Olfr705,20,9,1,1,20,14,1,0,242,202,219,240,241,0,-5,0,1
21007,Vmn1r246,1,1,0,0,0,0,0,0,242,241,241,242,242,1,1,0,0
20980,Vmn1r221,26,12,0,0,33,13,0,0,242,183,217,242,242,-7,-1,0,0
21006,Vmn1r245,0,0,0,0,1,1,0,0,242,241,241,242,242,-1,-1,0,0
13733,Olfr732,1,0,0,0,7,1,0,0,242,234,241,242,242,-6,-1,0,0
1715,Atp6ap1l,20,19,8,3,33,29,8,5,242,189,194,226,234,-13,-10,0,-2
9736,Kansl1,37,19,2,2,39,19,2,1,242,166,204,238,239,-2,0,0,1
15313,Prickle4,59,46,23,12,64,55,23,17,242,119,141,196,213,-5,-9,0,-5
13709,Olfr707,3,3,0,0,6,5,0,0,242,233,234,242,242,-3,-2,0,0
9774,Kcna4,26,13,0,0,40,20,0,0,242,176,209,242,242,-14,-7,0,0
13974,Oplah,48,22,4,2,45,23,4,3,242,149,197,234,237,3,-1,0,-1
301,4932438A13Rik,23,13,3,2,59,28,3,1,242,160,201,236,239,-36,-15,0,1
9137,Ighv1-71,3,3,3,1,4,3,3,3,242,235,236,236,238,-1,0,0,-2
20992,Vmn1r232,20,17,0,0,8,2,0,0,242,214,223,242,242,12,15,0,0
15381,Prm2,29,26,11,5,26,23,11,2,242,187,193,220,235,3,3,0,3
13691,Olfr69,7,0,0,0,16,5,0,0,242,219,237,242,242,-9,-5,0,0
17286,Sh3bgrl3,53,27,7,4,42,24,7,2,242,147,191,228,236,11,3,0,2
9119,Ighv1-50,9,6,4,1,9,7,4,1,242,224,229,234,240,0,-1,0,0
13713,Olfr711,5,2,0,0,2,0,0,0,242,235,240,242,242,3,2,0,0
13940,Olfr988,3,2,1,0,3,2,1,0,242,236,238,240,242,0,0,0,0
21124,Vmn2r16,6,1,0,0,15,8,0,0,242,221,233,242,242,-9,-7,0,0
17115,Serinc1,37,25,5,2,48,17,5,3,242,157,200,232,237,-11,8,0,-1
9178,Ighv5-12,7,7,4,4,10,6,4,1,242,225,229,234,237,-3,1,0,3
21885,Zfp600,39,29,13,4,57,39,13,4,242,146,174,216,234,-18,-10,0,0
1997,Bdh1,30,12,3,2,61,38,3,1,242,151,192,236,239,-31,-26,0,1
1995,Bcr,42,26,4,3,42,22,4,0,242,158,194,234,239,0,4,0,3
20990,Vmn1r230,16,8,0,0,24,12,0,0,242,202,222,242,242,-8,-4,0,0
13695,Olfr693,0,0,0,0,6,6,0,0,242,236,236,242,242,-6,-6,0,0
13725,Olfr725,0,0,0,0,2,2,0,0,242,240,240,242,242,-2,-2,0,0
20999,Vmn1r239-ps,4,4,0,0,6,6,0,0,242,232,232,242,242,-2,-2,0,0
9713,Jmjd8,28,16,4,2,44,21,4,0,242,170,205,234,240,-16,-5,0,2
9205,Ighv8-9,3,3,2,2,3,3,2,2,242,236,236,238,238,0,0,0,0
13724,Olfr724,2,2,0,0,0,0,0,0,242,240,240,242,242,2,2,0,0
305,4933402J07Rik,18,15,1,0,14,13,1,1,242,210,214,240,241,4,2,0,-1
13955,Omp,63,30,7,2,42,25,7,2,242,137,187,228,238,21,5,0,0
17088,Senp3,32,15,3,3,36,16,3,1,242,174,211,236,238,-4,-1,0,2
1956,Bcas3,38,19,4,2,41,20,4,2,242,163,203,234,238,-3,-1,0,0
13723,Olfr723,2,2,0,0,0,0,0,0,242,240,240,242,242,2,2,0,0
1702,Atp5g1,39,21,3,3,40,19,3,0,242,163,202,236,239,-1,2,0,3
20989,Vmn1r23,1,1,0,0,1,1,0,0,242,240,240,242,242,0,0,0,0
9199,Ighv8-13,4,4,3,3,4,4,3,2,242,234,234,236,237,0,0,0,1
15309,Prh1,5,4,3,1,7,6,3,1,242,230,232,236,240,-2,-2,0,0
9149,Ighv1-9,9,9,8,5,13,11,8,6,242,220,222,226,231,-4,-2,0,-1
13696,Olfr694,3,1,0,0,5,2,0,0,242,234,239,242,242,-2,-1,0,0
9192,Ighv6-7,1,1,1,0,4,2,1,0,242,237,239,240,242,-3,-1,0,0
15311,Prickle2,43,22,1,0,49,21,1,0,242,150,199,240,242,-6,1,0,0
17076,Sema4d,43,31,6,5,63,41,6,0,242,136,170,230,237,-20,-10,0,5
1700,Atp5d,27,13,2,2,25,13,2,0,242,190,216,238,240,2,0,0,2
17084,Sema6d,51,29,5,0,50,33,5,1,242,141,180,232,241,1,-4,0,-1
9758,Kazald1,50,36,5,2,66,36,5,0,242,126,170,232,240,-16,0,0,2
17096,Septin1,63,48,11,0,54,42,11,2,242,125,152,220,240,9,6,0,-2
9701,Jaml,63,40,8,1,41,22,8,4,242,138,180,226,237,22,18,0,-3
1952,Bcar1,64,30,3,2,61,25,3,1,242,117,187,236,239,3,5,0,1
21926,Zfp677,41,19,6,2,59,34,6,1,242,142,189,230,239,-18,-15,0,1
21002,Vmn1r241,1,1,1,0,3,3,1,0,242,238,238,240,242,-2,-2,0,0
13992,Orc4,62,37,6,4,31,24,6,2,242,149,181,230,236,31,13,0,2
1994,Bcorl1,48,27,5,4,58,40,5,0,242,136,175,232,238,-10,-13,0,4
13722,Olfr722,3,1,0,0,1,0,0,0,242,238,241,242,242,2,1,0,0
13944,Olfr994,2,2,0,0,2,2,0,0,242,238,238,242,242,0,0,0,0
17110,Serbp1,41,24,6,6,45,15,6,1,242,156,203,230,235,-4,9,0,5
9731,Kalrn,61,39,7,4,54,28,7,1,242,127,175,228,237,7,11,0,3
13946,Olfr996,0,0,0,0,0,0,0,0,242,242,242,242,242,0,0,0,0
20998,Vmn1r238,7,7,1,0,2,2,1,0,242,233,233,240,242,5,5,0,0
9219,Igkv1-122,8,8,7,4,12,10,7,2,242,222,224,228,236,-4,-2,0,2
13721,Olfr721-ps1,11,7,1,1,17,9,1,0,242,214,226,240,241,-6,-2,0,1
1711,Atp5mpl,30,16,6,4,51,32,6,5,242,161,194,230,233,-21,-16,0,-1
17061,Selenow,46,21,3,2,36,20,3,0,242,160,201,236,240,10,1,0,2
13947,Olfr998,0,0,0,0,0,0,0,0,242,242,242,242,242,0,0,0,0
1953,Bcar3,49,29,7,3,66,44,7,3,242,127,169,228,236,-17,-15,0,0
1964,Bckdk,34,22,3,2,61,32,3,2,242,147,188,236,238,-27,-10,0,0
13983,Oprm1,42,22,3,1,34,26,3,0,242,166,194,236,241,8,-4,0,1
21118,Vmn2r128,7,5,0,0,4,3,0,0,242,231,234,242,242,3,2,0,0
13726,Olfr726,4,4,0,0,1,1,0,0,242,237,237,242,242,3,3,0,0
21001,Vmn1r240,1,1,0,0,1,1,0,0,242,240,240,242,242,0,0,0,0
9698,Jakmip3,23,13,0,0,22,7,0,0,242,197,222,242,242,1,6,0,0
1690,Atp2b2,43,22,1,0,37,18,1,0,242,162,202,240,242,6,4,0,0
9528,Ip6k2,42,19,5,2,36,19,5,3,242,164,204,232,237,6,0,0,-1
9680,Iws1,29,17,4,2,50,23,4,0,242,163,202,234,240,-21,-6,0,2
17218,Sf3b4,40,24,4,4,40,19,4,2,242,162,199,234,236,0,5,0,2
13858,Olfr887,32,11,2,0,49,25,2,0,242,161,206,238,242,-17,-14,0,0
15350,Prkx,53,39,7,2,33,18,7,3,242,156,185,228,237,20,21,0,-1
9412,Il24,29,26,6,1,29,21,6,4,242,184,195,230,237,0,5,0,-3
1841,B430305J03Rik,46,33,9,1,52,36,9,4,242,144,173,224,237,-6,-3,0,-3
21056,Vmn1r64,2,2,0,0,2,2,0,0,242,238,238,242,242,0,0,0,0
1837,B3gnt7,39,24,7,1,53,34,7,1,242,150,184,228,240,-14,-10,0,0
13855,Olfr883,1,1,0,0,0,0,0,0,242,241,241,242,242,1,1,0,0
1830,B3gat3,46,28,5,3,29,11,5,1,242,167,203,232,238,17,17,0,2
13801,Olfr811,6,5,0,0,2,2,0,0,242,234,235,242,242,4,3,0,0
1789,Avl9,52,27,8,3,62,40,8,3,242,128,175,226,236,-10,-13,0,0
13802,Olfr812,2,2,0,0,0,0,0,0,242,240,240,242,242,2,2,0,0
21059,Vmn1r67,4,2,0,0,1,0,0,0,242,237,240,242,242,3,2,0,0
21076,Vmn1r82,16,6,1,0,21,13,1,0,242,205,223,240,242,-5,-7,0,0
1828,B3gat1,19,9,2,0,22,12,2,1,242,201,221,238,241,-3,-3,0,-1
21060,Vmn1r68,38,14,2,0,59,25,2,0,242,145,203,238,242,-21,-11,0,0
13854,Olfr881,11,7,0,0,9,7,0,0,242,222,228,242,242,2,0,0,0
17215,Sf3b1,45,22,3,2,29,14,3,1,242,168,206,236,239,16,8,0,1
9573,Irf1,67,46,5,2,50,37,5,2,242,125,159,232,238,17,9,0,0
9402,Il20,12,12,2,0,4,4,2,0,242,226,226,238,242,8,8,0,0
9588,Irgq,41,24,5,2,60,33,5,2,242,141,185,232,238,-19,-9,0,0
17145,Serpina9,52,31,6,1,51,36,6,1,242,139,175,230,240,1,-5,0,0
21086,Vmn1r91,19,9,0,0,19,8,0,0,242,204,225,242,242,0,1,0,0
1760,Atrx,51,27,5,1,46,24,5,2,242,145,191,232,239,5,3,0,-1
13789,Olfr8,3,2,0,0,1,0,0,0,242,238,240,242,242,2,2,0,0
9372,Il17b,49,40,13,2,51,43,13,7,242,142,159,216,233,-2,-3,0,-5
13877,Olfr910,1,0,0,0,2,1,0,0,242,239,241,242,242,-1,-1,0,0
13790,Olfr800,4,2,0,0,3,2,0,0,242,235,238,242,242,1,0,0,0
13791,Olfr801,10,6,0,0,21,15,0,0,242,211,221,242,242,-11,-9,0,0
13793,Olfr803,70,46,9,3,49,32,9,5,242,123,164,224,234,21,14,0,-2
13795,Olfr805,2,1,0,0,4,1,0,0,242,236,240,242,242,-2,0,0,0
13797,Olfr807,2,1,0,0,3,3,0,0,242,237,238,242,242,-1,-2,0,0
9601,Iscu,39,20,5,3,32,17,5,1,242,171,205,232,238,7,3,0,2
21912,Zfp648,21,10,1,1,22,11,1,0,242,199,221,240,241,-1,-1,0,1
1853,B4galt7,40,22,4,3,41,29,4,3,242,161,191,234,236,-1,-7,0,0
329,5430402E10Rik,7,7,4,2,11,10,4,1,242,224,225,234,239,-4,-3,0,1
13871,Olfr902,1,1,0,0,1,0,0,0,242,240,241,242,242,0,1,0,0
15342,Prkd2,57,23,2,1,41,28,2,0,242,144,191,238,241,16,-5,0,1
21088,Vmn1r94,0,0,0,0,0,0,0,0,242,242,242,242,242,0,0,0,0
13865,Olfr895,4,4,0,0,10,9,0,0,242,228,229,242,242,-6,-5,0,0
17148,Serpinb12,22,16,2,1,10,6,2,2,242,210,220,238,239,12,10,0,-1
21907,Zfp64,45,27,4,1,50,22,4,1,242,147,193,234,240,-5,5,0,0
21010,Vmn1r249,0,0,0,0,0,0,0,0,242,242,242,242,242,0,0,0,0
9517,Ints3,62,26,3,2,32,17,3,0,242,148,199,236,240,30,9,0,2
17155,Serpinb3b,6,6,0,0,8,8,0,0,242,228,228,242,242,-2,-2,0,0
1812,Azi2,41,20,5,2,38,13,5,1,242,163,209,232,239,3,7,0,1
13809,Olfr820,2,0,0,0,1,1,0,0,242,239,241,242,242,1,-1,0,0
1811,Azgp1,24,18,6,4,23,13,6,2,242,195,211,230,236,1,5,0,2
9506,Insrr,42,20,3,2,34,16,3,1,242,166,206,236,239,8,4,0,1
17174,Serpinc1,70,49,16,8,75,51,16,8,242,97,142,210,226,-5,-2,0,0
13812,Olfr823,1,0,0,0,0,0,0,0,242,241,242,242,242,1,0,0,0
17173,Serpinb9h,21,14,8,2,30,20,8,5,242,191,208,226,235,-9,-6,0,-3
13827,Olfr844,0,0,0,0,2,1,0,0,242,240,241,242,242,-2,-1,0,0
13846,Olfr871,3,3,0,0,0,0,0,0,242,239,239,242,242,3,3,0,0
21071,Vmn1r78,11,3,0,0,20,8,0,0,242,211,231,242,242,-9,-5,0,0
9520,Ints6,45,25,5,2,47,24,5,2,242,150,193,232,238,-2,1,0,0
9544,Iqcb1,40,17,4,1,39,27,4,1,242,163,198,234,240,1,-10,0,0
13815,Olfr826,0,0,0,0,3,3,0,0,242,239,239,242,242,-3,-3,0,0
13817,Olfr828,0,0,0,0,0,0,0,0,242,242,242,242,242,0,0,0,0
1803,Axdnd1,55,48,14,8,76,50,14,5,242,111,144,214,229,-21,-2,0,3
13822,Olfr835,4,1,0,0,7,3,0,0,242,231,238,242,242,-3,-2,0,0
1805,Axin2,64,31,5,1,53,28,5,2,242,125,183,232,239,11,3,0,-1
13831,Olfr849,0,0,0,0,0,0,0,0,242,242,242,242,242,0,0,0,0
13832,Olfr850,0,0,0,0,3,3,0,0,242,239,239,242,242,-3,-3,0,0
1815,B020011L13Rik,17,7,0,0,17,10,0,0,242,208,225,242,242,0,-3,0,0
13833,Olfr851,29,13,1,0,36,17,1,0,242,177,212,240,242,-7,-4,0,0
9567,Irak1,62,38,8,2,38,20,8,3,242,142,184,226,237,24,18,0,-1
9566,Irag1,50,29,3,0,51,21,3,0,242,141,192,236,242,-1,8,0,0
2009,Bend6,63,36,4,0,44,26,4,0,242,135,180,234,242,19,10,0,0
9441,Ilk,50,25,3,2,31,13,3,1,242,161,204,236,239,19,12,0,1
21062,Vmn1r7,2,2,0,0,0,0,0,0,242,240,240,242,242,2,2,0,0
9562,Iqsec1,37,20,5,5,66,26,5,1,242,139,196,232,236,-29,-6,0,4
17194,Set,41,20,4,4,34,19,4,1,242,167,203,234,237,7,1,0,3
13805,Olfr815,11,7,0,0,7,0,0,0,242,224,235,242,242,4,7,0,0
9467,Ing3,47,24,8,3,59,42,8,4,242,136,176,226,235,-12,-18,0,-1
17189,Sertm1,24,12,3,2,25,15,3,0,242,193,215,236,240,-1,-3,0,2
13841,Olfr866,0,0,0,0,2,2,0,0,242,240,240,242,242,-2,-2,0,0
9558,Iqgap1,36,15,2,2,58,27,2,0,242,148,200,238,240,-22,-12,0,2
13807,Olfr818,2,2,0,0,2,2,0,0,242,238,238,242,242,0,0,0,0
13808,Olfr819,5,3,0,0,2,2,0,0,242,235,237,242,242,3,1,0,0
17188,Sertad4,64,40,4,0,49,29,4,1,242,129,173,234,241,15,11,0,-1
13836,Olfr855,4,3,0,0,5,3,0,0,242,233,236,242,242,-1,0,0,0
13835,Olfr854,1,1,0,0,0,0,0,0,242,241,241,242,242,1,1,0,0
9612,Isoc2a,36,20,3,2,43,21,3,0,242,163,201,236,240,-7,-1,0,2
13788,Olfr799,2,2,1,0,1,1,1,0,242,239,239,240,242,1,1,0,0
1864,Bace1,46,28,7,2,63,42,7,2,242,133,172,228,238,-17,-14,0,0
13912,Olfr958,15,6,0,0,10,7,0,0,242,217,229,242,242,5,-1,0,0
13917,Olfr963,2,2,0,0,3,1,0,0,242,237,239,242,242,-1,1,0,0
9284,Igkv4-86,12,12,8,6,13,10,8,5,242,217,220,226,231,-1,2,0,1
13756,Olfr764-ps1,10,2,0,0,13,7,0,0,242,219,233,242,242,-3,-5,0,0
13758,Olfr766-ps1,1,0,0,0,3,0,0,0,242,238,242,242,242,-2,0,0,0
13915,Olfr960,2,1,0,0,5,5,0,0,242,235,236,242,242,-3,-4,0,0
15365,Prl5a1,4,3,1,0,7,7,1,0,242,231,232,240,242,-3,-4,0,0
15364,Prl4a1,6,5,2,1,10,9,2,0,242,226,228,238,241,-4,-4,0,1
9524,Ints9,31,17,3,2,54,22,3,0,242,157,203,236,240,-23,-5,0,2
17252,Sgip1,38,27,7,1,46,26,7,0,242,158,189,228,241,-8,1,0,1
13880,Olfr913,3,0,0,0,3,1,0,0,242,236,241,242,242,0,-1,0,0
9648,Itgb6,43,22,6,2,44,28,6,1,242,155,192,230,239,-1,-6,0,1
13910,Olfr955,1,1,0,0,1,1,0,0,242,240,240,242,242,0,0,0,0
1902,BB014433,31,19,2,0,19,11,2,0,242,192,212,238,242,12,8,0,0
13908,Olfr952,0,0,0,0,3,2,0,0,242,239,240,242,242,-3,-2,0,0
17250,Sgcz,28,11,1,0,25,11,1,1,242,189,220,240,241,3,0,0,-1
13907,Olfr951,1,1,0,0,5,4,0,0,242,236,237,242,242,-4,-3,0,0
13905,Olfr948,9,3,1,0,12,4,1,0,242,221,235,240,242,-3,-1,0,0
13763,Olfr770,1,1,0,0,2,2,0,0,242,239,239,242,242,-1,-1,0,0
21015,Vmn1r27,21,7,2,1,39,14,2,0,242,182,221,238,241,-18,-7,0,1
9271,Igkv4-61,13,12,8,4,13,11,8,3,242,216,219,226,235,0,1,0,1
13753,Olfr76,23,11,1,0,45,23,1,0,242,174,208,240,242,-22,-12,0,0
21107,Vmn2r113,14,5,0,0,14,4,0,0,242,214,233,242,242,0,1,0,0
9246,Igkv17-127,15,15,10,8,25,21,10,8,242,202,206,222,226,-10,-6,0,0
13742,Olfr741,10,3,0,0,11,3,0,0,242,221,236,242,242,-1,0,0,0
13747,Olfr746,2,2,0,0,0,0,0,0,242,240,240,242,242,2,2,0,0
1928,BC031181,44,21,4,2,28,14,4,1,242,170,207,234,239,16,7,0,1
9253,Igkv3-1,9,8,5,3,9,9,5,2,242,224,225,232,237,0,-1,0,1
9254,Igkv3-10,11,9,7,6,16,14,7,5,242,215,219,228,231,-5,-5,0,1
17125,Serpina16,23,19,1,1,7,6,1,0,242,212,217,240,241,16,13,0,1
1924,BC025920,58,31,5,2,46,23,5,4,242,138,188,232,236,12,8,0,-2
13929,Olfr978,3,3,1,1,13,12,1,0,242,226,227,240,241,-10,-9,0,1
9260,Igkv3-7,11,10,4,4,11,9,4,3,242,220,223,234,235,0,1,0,1
13926,Olfr974,25,8,0,0,13,5,0,0,242,204,229,242,242,12,3,0,0
13924,Olfr971,1,1,0,0,0,0,0,0,242,241,241,242,242,1,1,0,0
13921,Olfr969,0,0,0,0,0,0,0,0,242,242,242,242,242,0,0,0,0
13748,Olfr747,4,4,0,0,5,5,0,0,242,233,233,242,242,-1,-1,0,0
1733,Atp6v1e2,28,28,5,4,29,25,5,4,242,185,189,232,234,-1,3,0,0
21013,Vmn1r258,0,0,0,0,0,0,0,0,242,242,242,242,242,0,0,0,0
9656,Itih5,40,27,4,2,33,19,4,3,242,169,196,234,237,7,8,0,-1
13764,Olfr771,1,1,0,0,1,0,0,0,242,240,241,242,242,0,1,0,0
13765,Olfr772,6,3,0,0,14,11,0,0,242,222,228,242,242,-8,-8,0,0
13903,Olfr944,0,0,0,0,3,3,0,0,242,239,239,242,242,-3,-3,0,0
13891,Olfr924,9,5,0,0,1,0,0,0,242,232,237,242,242,8,5,0,0
9336,Igsf5,33,20,5,3,34,23,5,2,242,175,199,232,237,-1,-3,0,1
21098,Vmn2r105,23,6,0,0,20,8,0,0,242,199,228,242,242,3,-2,0,0
21097,Vmn2r104,14,6,0,0,20,11,0,0,242,208,225,242,242,-6,-5,0,0
13890,Olfr923,6,4,0,0,4,2,0,0,242,232,236,242,242,2,2,0,0
9631,Itga8,37,18,3,3,42,25,3,1,242,163,199,236,238,-5,-7,0,2
1877,Baiap2,52,25,3,2,38,22,3,0,242,152,195,236,240,14,3,0,2
1876,Bahd1,54,32,5,2,43,21,5,0,242,145,189,232,240,11,11,0,2
21096,Vmn2r103,4,0,0,0,3,1,0,0,242,235,241,242,242,1,-1,0,0
321,4933428G20Rik,35,25,3,0,53,32,3,0,242,154,185,236,242,-18,-7,0,0
13784,Olfr792,5,2,1,0,8,6,1,1,242,229,234,240,241,-3,-4,0,-1
9626,Itga3,49,25,5,3,44,23,5,0,242,149,194,232,239,5,2,0,3
21039,Vmn1r49,21,9,1,0,32,8,1,0,242,189,225,240,242,-11,1,0,0
21094,Vmn2r101,3,0,0,0,2,2,0,0,242,237,240,242,242,1,-2,0,0
9621,Itga1,41,16,2,2,56,31,2,0,242,145,195,238,240,-15,-15,0,2
9620,Itfg2,53,22,5,3,48,28,5,4,242,141,192,232,235,5,-6,0,-1
17138,Serpina3j,14,4,1,0,21,9,1,0,242,207,229,240,242,-7,-5,0,0
1866,Bach1,56,29,6,3,47,22,6,2,242,139,191,230,237,9,7,0,1
13778,Olfr786,26,14,2,1,8,6,2,0,242,208,222,238,241,18,8,0,1
21031,Vmn1r41,7,7,3,0,6,6,3,0,242,229,229,236,242,1,1,0,0
13766,Olfr773,2,2,1,1,3,3,1,0,242,237,237,240,241,-1,-1,0,1
17242,Sfxn3,35,22,7,4,74,35,7,1,242,133,185,228,237,-39,-13,0,3
13898,Olfr936,1,1,1,0,2,2,1,1,242,239,239,240,241,-1,-1,0,-1
21025,Vmn1r36,3,3,0,0,1,1,0,0,242,238,238,242,242,2,2,0,0
21896,Zfp618,34,19,4,1,64,40,4,0,242,144,183,234,241,-30,-21,0,1
13896,Olfr934,6,1,0,0,4,1,0,0,242,232,240,242,242,2,0,0,0
13769,Olfr776,5,3,0,0,15,1,0,0,242,222,238,242,242,-10,2,0,0
9320,Iglc4,3,3,3,2,3,3,3,3,242,236,236,236,237,0,0,0,-1
13893,Olfr93,58,47,21,11,59,48,21,17,242,125,147,200,214,-1,-1,0,-6
9322,Iglj2,0,0,0,0,0,0,0,0,242,242,242,242,242,0,0,0,0
9323,Iglj3,0,0,0,0,0,0,0,0,242,242,242,242,242,0,0,0,0
9324,Iglj3p,0,0,0,0,0,0,0,0,242,242,242,242,242,0,0,0,0
9325,Iglj4,0,0,0,0,0,0,0,0,242,242,242,242,242,0,0,0,0
13770,Olfr777,5,2,0,0,8,3,0,0,242,229,237,242,242,-3,-1,0,0
9640,Itgb1bp1,39,18,6,2,49,30,6,2,242,154,194,230,238,-10,-12,0,0
9639,Itgb1,43,25,6,4,38,21,6,1,242,161,196,230,237,5,4,0,3
13892,Olfr926,1,1,0,0,0,0,0,0,242,241,241,242,242,1,1,0,0
13771,Olfr779,0,0,0,0,0,0,0,0,242,242,242,242,242,0,0,0,0
13774,Olfr781,0,0,0,0,2,2,0,0,242,240,240,242,242,-2,-2,0,0
1907,Bbs1,36,12,2,1,78,41,2,0,242,128,189,238,241,-42,-29,0,1
17399,Six3,23,13,2,0,47,21,2,0,242,172,208,238,242,-24,-8,0,0
15305,Prf1,62,37,7,2,58,30,7,0,242,122,175,228,240,4,7,0,2
9108,Ighv1-31,5,5,4,3,8,7,4,3,242,229,230,234,236,-3,-2,0,0
17717,Slc45a2,18,12,4,2,34,13,4,1,242,190,217,234,239,-16,-1,0,1
14630,Phyhd1,50,32,6,2,45,33,6,1,242,147,177,230,239,5,-1,0,1
91,1700031F05Rik,8,5,1,0,13,9,1,0,242,221,228,240,242,-5,-4,0,0
2450,Car13,63,42,6,2,48,26,6,3,242,131,174,230,237,15,16,0,-1
8156,Grhl2,45,21,3,1,61,34,3,0,242,136,187,236,241,-16,-13,0,1
8157,Grhl3,21,10,2,1,42,18,2,0,242,179,214,238,241,-21,-8,0,1
8159,Gria1,28,15,2,2,17,7,2,1,242,197,220,238,239,11,8,0,1
14616,Phldb2,48,27,6,2,56,32,6,1,242,138,183,230,239,-8,-5,0,1
8170,Grik4,35,19,3,2,35,15,3,2,242,172,208,236,238,0,4,0,0
22148,Zmynd11,54,29,4,3,34,19,4,3,242,154,194,234,236,20,10,0,0
15000,Poli,38,21,3,1,52,32,3,1,242,152,189,236,240,-14,-11,0,0
20804,Uts2r,28,18,3,1,23,11,3,2,242,191,213,236,239,5,7,0,-1
8207,Grxcr2,11,5,0,0,19,8,0,0,242,212,229,242,242,-8,-3,0,0
8210,Gsc2,25,16,4,1,23,18,4,4,242,194,208,234,237,2,-2,0,-3
8217,Gsdmc4,53,39,9,2,56,33,9,5,242,133,170,224,235,-3,6,0,-3
100,1700049E17Rik2,33,33,20,11,39,33,20,9,242,170,176,202,222,-6,0,0,2
14598,Phf24,40,30,11,4,40,29,11,2,242,162,183,220,236,0,1,0,2
14589,Phf13,56,28,3,2,45,28,3,0,242,141,186,236,240,11,0,0,2
14587,Phf11d,56,34,7,2,61,44,7,1,242,125,164,228,239,-5,-10,0,1
8225,Gsk3b,39,28,4,2,42,22,4,1,242,161,192,234,239,-3,6,0,1
8228,Gspt1,31,13,3,2,36,16,3,0,242,175,213,236,240,-5,-3,0,2
8229,Gspt2,34,24,3,0,41,22,3,0,242,167,196,236,242,-7,2,0,0
15012,Polr1h,33,19,5,2,48,25,5,2,242,161,198,232,238,-15,-6,0,0
14569,Phactr1,42,33,11,4,78,49,11,6,242,122,160,220,232,-36,-16,0,-2
2429,Capn2,57,30,3,2,28,11,3,0,242,157,201,236,240,29,19,0,2
17718,Slc45a3,66,32,8,3,52,32,8,4,242,124,178,226,235,14,0,0,-1
8135,Gpx6,28,21,6,2,32,24,6,2,242,182,197,230,238,-4,-3,0,0
14988,Pold2,35,17,3,2,51,28,3,1,242,156,197,236,239,-16,-11,0,1
17737,Slc4a9,35,14,2,2,60,33,2,0,242,147,195,238,240,-25,-19,0,2
73,1700020N01Rik,25,19,5,1,48,37,5,2,242,169,186,232,239,-23,-18,0,-1
14943,Pnlip,15,10,2,1,26,22,2,0,242,201,210,238,241,-11,-12,0,1
22160,Znrf2,34,24,6,2,58,32,6,4,242,150,186,230,236,-24,-8,0,-2
14945,Pnliprp2,38,22,1,0,30,16,1,0,242,174,204,240,242,8,6,0,0
14948,Pnma3,16,6,0,0,26,14,0,0,242,200,222,242,242,-10,-8,0,0
17744,Slc5a10,53,29,6,2,41,22,6,1,242,148,191,230,239,12,7,0,1
8082,Gpr22,29,15,2,0,34,22,2,0,242,179,205,238,242,-5,-7,0,0
14950,Pnmal1,28,13,1,1,37,23,1,0,242,177,206,240,241,-9,-10,0,1
14682,Pik3c2g,32,16,3,1,41,23,3,0,242,169,203,236,241,-9,-7,0,1
14961,Pnpla5,12,8,0,0,16,7,0,0,242,214,227,242,242,-4,1,0,0
2492,Casp4,55,40,12,4,59,39,12,4,242,128,163,218,234,-4,1,0,0
17735,Slc4a7,29,19,3,0,61,28,3,2,242,152,195,236,240,-32,-9,0,-2
2461,Car9,67,42,10,3,55,30,10,1,242,120,170,222,238,12,12,0,2
14662,Pigl,46,24,5,3,42,19,5,2,242,154,199,232,237,4,5,0,1
8104,Gpr68,38,19,5,1,63,38,5,2,242,141,185,232,239,-25,-19,0,-1
14657,Pigc,39,19,6,4,55,38,6,0,242,148,185,230,238,-16,-19,0,4
14972,Podn,68,45,5,2,48,27,5,1,242,126,170,232,239,20,18,0,1
14974,Podxl,48,26,4,2,49,27,4,0,242,145,189,234,240,-1,-1,0,2
14975,Podxl2,51,27,4,1,40,20,4,0,242,151,195,234,241,11,7,0,1
14976,Pof1b,23,13,1,0,44,26,1,0,242,175,203,240,242,-21,-13,0,0
17729,Slc4a11,65,37,6,0,58,34,6,2,242,119,171,230,240,7,3,0,-2
14984,Pola1,56,32,4,0,46,26,4,0,242,140,184,234,242,10,6,0,0
2463,Card11,34,20,4,1,35,16,4,0,242,173,206,234,241,-1,4,0,1
2462,Card10,62,35,5,2,39,19,5,2,242,141,188,232,238,23,16,0,0
14568,Pgs1,35,13,2,2,27,11,2,0,242,180,218,238,240,8,2,0,2
14564,Pgr,38,17,2,0,32,15,2,0,242,172,210,238,242,6,2,0,0
20817,Vamp4,37,22,4,2,53,28,4,2,242,152,192,234,238,-16,-6,0,0
22123,Zkscan14,50,23,4,1,47,24,4,1,242,145,195,234,240,3,-1,0,0
17624,Slc2a9,56,36,8,2,72,46,8,1,242,114,160,226,239,-16,-10,0,1
14522,Pfkfb3,50,21,3,1,48,27,3,0,242,144,194,236,241,2,-6,0,1
8332,Gzmn,5,4,1,0,11,9,1,0,242,226,229,240,242,-6,-5,0,0
15048,Pon1,44,28,4,1,31,26,4,0,242,167,188,234,241,13,2,0,1
15050,Pon3,52,32,6,3,58,39,6,2,242,132,171,230,237,-6,-7,0,1
8342,H1f7,19,14,0,0,18,14,0,0,242,205,214,242,242,1,0,0,0
15059,Postn,52,28,7,0,62,32,7,1,242,128,182,228,241,-10,-4,0,-1
2390,Calr,43,23,3,3,43,20,3,1,242,156,199,236,238,0,3,0,2
8350,H2-DMb1,41,24,3,2,54,33,3,2,242,147,185,236,238,-13,-9,0,0
14508,Pex3,21,14,4,2,65,30,4,1,242,156,198,234,239,-44,-16,0,1
8354,H2-Eb2,36,15,1,0,40,14,1,0,242,166,213,240,242,-4,1,0,0
15065,Pou2af1,41,16,1,1,24,14,1,1,242,177,212,240,240,17,2,0,0
14532,Pfpl,13,9,0,0,6,4,0,0,242,223,229,242,242,7,5,0,0
17613,Slc2a1,44,27,5,2,56,26,5,2,242,142,189,232,238,-12,1,0,0
2385,Calm4,14,10,4,1,20,16,4,3,242,208,216,234,238,-6,-6,0,-2
8364,H2-M11,13,12,1,0,7,6,1,0,242,222,224,240,242,6,6,0,0
20833,Vav1,34,20,3,0,37,20,3,2,242,171,202,236,240,-3,0,0,-2
14477,Peg12,40,23,8,2,63,36,8,1,242,139,183,226,239,-23,-13,0,1
8376,H2-Q7,61,36,6,3,55,36,6,3,242,126,170,230,236,6,0,0,0
2371,Calcoco1,42,26,3,3,46,23,3,0,242,154,193,236,239,-4,3,0,3
14468,Pea15a,56,29,8,5,39,18,8,2,242,147,195,226,235,17,11,0,3
131,1810030O07Rik,43,23,4,2,39,19,4,0,242,160,200,234,240,4,4,0,2
132,1810037I17Rik,39,21,4,3,32,22,4,2,242,171,199,234,237,7,-1,0,1
14456,Pdzd11,42,27,8,4,47,26,8,4,242,153,189,226,234,-5,1,0,0
8329,Gzmg,7,5,1,0,15,12,1,0,242,220,225,240,242,-8,-7,0,0
8327,Gzme,10,8,0,0,8,7,0,0,242,224,227,242,242,2,1,0,0
2425,Capn11,49,33,11,4,62,49,11,7,242,131,160,220,231,-13,-16,0,-3
17651,Slc35c1,51,29,7,2,53,37,7,1,242,138,176,228,239,-2,-8,0,1
2424,Capn10,37,10,3,2,57,30,3,1,242,148,202,236,239,-20,-20,0,1
22139,Zmiz2,37,21,3,2,38,18,3,0,242,167,203,236,240,-1,3,0,2
8259,Gtf2a1,35,19,7,5,74,33,7,2,242,133,190,228,235,-39,-14,0,3
8261,Gtf2a2,32,15,4,3,49,25,4,1,242,161,202,234,238,-17,-10,0,2
17663,Slc35f4,31,20,5,2,41,26,5,1,242,170,196,232,239,-10,-6,0,1
8267,Gtf2h1,48,24,3,2,35,17,3,0,242,159,201,236,240,13,7,0,2
2413,Camsap3,47,32,7,2,63,40,7,0,242,132,170,228,240,-16,-8,0,2
17658,Slc35e3,41,23,5,2,63,35,5,1,242,138,184,232,239,-22,-12,0,1
8275,Gtf3a,46,25,4,3,29,13,4,0,242,167,204,234,239,17,12,0,3
20826,Vars2,43,22,5,4,46,25,5,0,242,153,195,232,238,-3,-3,0,4
17654,Slc35d2,59,36,12,6,67,41,12,3,242,116,165,218,233,-8,-5,0,3
14554,Pglyrp3,18,15,6,4,23,20,6,2,242,201,207,230,236,-5,-5,0,2
15043,Pomgnt2,42,28,9,2,74,42,9,2,242,126,172,224,238,-32,-14,0,0
17647,Slc35b1,31,20,4,2,39,18,4,2,242,172,204,234,238,-8,2,0,0
17643,Slc35a2,49,29,6,2,42,21,6,1,242,151,192,230,239,7,8,0,1
17641,Slc34a3,29,17,9,6,61,33,9,3,242,152,192,224,233,-32,-16,0,3
2409,Caml,39,16,2,2,37,15,2,0,242,166,211,238,240,2,1,0,2
8298,Gucy1a1,30,19,5,2,37,25,5,1,242,175,198,232,239,-7,-6,0,1
8303,Gucy2d,16,9,2,1,18,11,2,1,242,208,222,238,240,-2,-2,0,0
8305,Gucy2f,7,5,1,0,25,14,1,0,242,210,223,240,242,-18,-9,0,0
14537,Pgap1,34,17,4,2,60,39,4,0,242,148,186,234,240,-26,-22,0,2
14536,Pgam5,34,19,4,2,36,18,4,2,242,172,205,234,238,-2,1,0,0
8316,Gyg,49,35,9,3,43,27,9,4,242,150,180,224,235,6,8,0,-1
17629,Slc30a4,43,24,6,3,48,32,6,2,242,151,186,230,237,-5,-8,0,1
8066,Gpr161,40,20,3,1,47,26,3,1,242,155,196,236,240,-7,-6,0,0
17749,Slc5a4a,23,10,1,0,25,15,1,1,242,194,217,240,241,-2,-5,0,-1
2503,Castor1,59,33,5,3,43,27,5,2,242,140,182,232,237,16,6,0,1
14897,Plppr5,12,6,0,0,30,11,0,0,242,200,225,242,242,-18,-5,0,0
7794,Gm7903,9,6,0,0,6,2,0,0,242,227,234,242,242,3,4,0,0
17924,Smim26,55,34,9,3,49,28,9,7,242,138,180,224,232,6,6,0,-4
14818,Plch1,31,18,2,0,53,29,2,1,242,158,195,238,241,-22,-11,0,-1
17911,Smim10l2a,33,17,4,0,65,42,4,1,242,144,183,234,241,-32,-25,0,-1
17910,Smim10l1,47,23,5,3,50,25,5,2,242,145,194,232,237,-3,-2,0,1
14817,Plcg2,37,19,2,1,38,17,2,0,242,167,206,238,241,-1,2,0,1
14893,Plppr1,20,8,2,0,26,10,2,2,242,196,224,238,240,-6,-2,0,-2
17895,Smco1,58,36,6,2,48,25,6,4,242,136,181,230,236,10,11,0,-2
17888,Smc1b,25,18,8,6,58,38,8,4,242,159,186,226,232,-33,-20,0,2
7831,Gm8257,35,27,8,3,49,42,8,4,242,158,173,226,235,-14,-15,0,-1
17873,Smarca1,50,32,6,1,36,23,6,0,242,156,187,230,241,14,9,0,1
2579,Ccdc125,38,23,6,1,63,39,6,2,242,141,180,230,239,-25,-16,0,-1
21,1300017J02Rik,67,52,23,15,74,53,23,5,242,101,137,196,222,-7,-1,0,10
7848,Gm8797,68,38,14,8,41,33,14,7,242,133,171,214,227,27,5,0,1
34,1700001O22Rik,61,36,2,0,54,27,2,0,242,127,179,238,242,7,9,0,0
7861,Gm8978,8,4,0,0,17,5,0,0,242,217,233,242,242,-9,-1,0,0
17851,Slpi,64,51,20,5,59,42,20,4,242,119,149,202,233,5,9,0,1
35,1700001P01Rik,85,72,23,10,62,50,23,14,242,95,120,196,218,23,22,0,-4
7866,Gm9045,33,22,7,4,27,21,7,3,242,182,199,228,235,6,1,0,1
7867,Gm9046,2,2,2,2,2,2,2,0,242,238,238,238,240,0,0,0,2
20726,Ush1c,38,20,3,2,33,19,3,0,242,171,203,236,240,5,1,0,2
7871,Gm9195,11,4,0,0,11,3,0,0,242,220,235,242,242,0,1,0,0
7876,Gm9508,3,3,0,0,1,1,0,0,242,238,238,242,242,2,2,0,0
14905,Plscr5,14,12,3,1,26,14,3,3,242,202,216,236,238,-12,-2,0,-2
24,1500011B03Rik,40,24,10,4,57,32,10,5,242,145,186,222,233,-17,-8,0,-1
7790,Gm773,30,27,6,1,34,32,6,3,242,178,183,230,238,-4,-5,0,-2
14792,Plaat3,55,33,7,2,36,21,7,3,242,151,188,228,237,19,12,0,-1
17958,Smpx,25,21,3,1,33,28,3,2,242,184,193,236,239,-8,-7,0,-1
20692,Upk1b,49,30,3,2,50,32,3,2,242,143,180,236,238,-1,-2,0,0
14868,Plin1,68,32,9,4,61,44,9,3,242,113,166,224,235,7,-12,0,1
17978,Snap23,35,17,3,2,48,16,3,2,242,159,209,236,238,-13,1,0,0
2,0610010K14Rik,47,28,6,5,33,18,6,2,242,162,196,230,235,14,10,0,3
14864,Plekhs1,48,28,5,3,61,35,5,1,242,133,179,232,238,-13,-7,0,2
20695,Upk3b,39,26,4,0,28,19,4,1,242,175,197,234,241,11,7,0,-1
7730,Gm6205,2,2,0,0,4,4,0,0,242,236,236,242,242,-2,-2,0,0
7738,Gm6367,2,1,0,0,2,0,0,0,242,238,241,242,242,0,1,0,0
17963,Smtn,47,23,3,2,44,22,3,0,242,151,197,236,240,3,1,0,2
2605,Ccdc163,53,35,6,3,59,28,6,2,242,130,179,230,237,-6,7,0,1
5,0610040J01Rik,46,26,7,4,75,44,7,2,242,121,172,228,236,-29,-18,0,2
17952,Smpd2,26,15,3,2,48,22,3,1,242,168,205,236,239,-22,-7,0,1
22204,Zswim9,50,31,12,5,49,32,12,8,242,143,179,218,229,1,-1,0,-3
2600,Ccdc157,36,14,2,2,60,26,2,0,242,146,202,238,240,-24,-12,0,2
6,1110002E22Rik,26,14,0,0,30,10,0,0,242,186,218,242,242,-4,4,0,0
14850,Plekhg3,49,18,5,2,68,30,5,3,242,125,194,232,237,-19,-12,0,-1
7763,Gm6993,0,0,0,0,0,0,0,0,242,242,242,242,242,0,0,0,0
14881,Plod2,60,39,5,3,35,20,5,1,242,147,183,232,238,25,19,0,2
7771,Gm7145,10,6,0,0,13,12,0,0,242,219,224,242,242,-3,-6,0,0
7775,Gm7271,18,18,11,3,21,19,11,3,242,203,205,220,236,-3,-1,0,0
7776,Gm7298,6,2,0,0,4,2,0,0,242,232,238,242,242,2,0,0,0
7780,Gm7358,31,19,5,0,43,31,5,3,242,168,192,232,239,-12,-12,0,-3
20710,Uqcrq,36,17,4,2,37,18,4,1,242,169,207,234,239,-1,-1,0,1
20711,Urad,7,7,1,0,13,13,1,0,242,222,222,240,242,-6,-6,0,0
14793,Plaat5,22,18,3,2,31,26,3,0,242,189,198,236,240,-9,-8,0,2
20728,Ush2a,30,26,12,1,34,29,12,6,242,178,187,218,235,-4,-3,0,-5
22164,Zp2,22,11,0,0,36,13,0,0,242,184,218,242,242,-14,-2,0,0
8031,Gpld1,35,19,4,0,47,26,4,0,242,160,197,234,242,-12,-7,0,0
7992,Gp2,20,12,4,0,21,10,4,2,242,201,220,234,240,-1,2,0,-2
7994,Gp6,56,30,4,1,37,24,4,2,242,149,188,234,239,19,6,0,-1
14768,Pla1a,54,32,5,3,43,26,5,1,242,145,184,232,238,11,6,0,2
8010,Gpatch8,33,15,4,2,43,27,4,0,242,166,200,234,240,-10,-12,0,2
2520,Cav2,54,34,7,3,61,38,7,6,242,127,170,228,233,-7,-4,0,-3
8019,Gpc6,50,33,4,0,63,31,4,2,242,129,178,234,240,-13,2,0,-2
17772,Slc6a3,21,11,1,1,19,9,1,0,242,202,222,240,241,2,2,0,1
20764,Usp37,47,34,7,4,51,34,7,3,242,144,174,228,235,-4,0,0,1
20765,Usp38,51,27,2,2,37,18,2,1,242,154,197,238,239,14,9,0,1
8028,Gpi1,45,30,3,3,32,17,3,2,242,165,195,236,237,13,13,0,1
14749,Pkdcc,56,34,6,3,49,29,6,3,242,137,179,230,236,7,5,0,0
14924,Pmepa1,51,34,5,2,53,30,5,2,242,138,178,232,238,-2,4,0,0
17791,Slc7a6os,43,22,3,2,20,12,3,1,242,179,208,236,239,23,10,0,1
14739,Pja1,52,27,3,2,25,11,3,1,242,165,204,236,239,27,16,0,1
14735,Pitx3,42,33,7,4,42,31,7,4,242,158,178,228,234,0,2,0,0
8039,Gpr101,9,5,0,0,3,0,0,0,242,230,237,242,242,6,5,0,0
8042,Gpr119,31,12,2,0,15,13,2,1,242,196,217,238,241,16,-1,0,-1
2506,Cat,46,29,6,2,40,19,6,1,242,156,194,230,239,6,10,0,1
14733,Pitx1,27,16,2,1,29,14,2,0,242,186,212,238,241,-2,2,0,1
14723,Pirt,28,12,2,0,36,11,2,1,242,178,219,238,241,-8,1,0,-1
14721,Pira2,49,28,6,0,38,24,6,3,242,155,190,230,239,11,4,0,-3
2505,Casz1,50,35,3,1,63,30,3,0,242,129,177,236,241,-13,5,0,1
8055,Gpr149,14,3,1,0,34,15,1,0,242,194,224,240,242,-20,-12,0,0
2504,Castor2,48,24,3,2,64,38,3,0,242,130,180,236,240,-16,-14,0,2
17788,Slc7a4,41,26,6,2,67,39,6,1,242,134,177,230,239,-26,-13,0,1
7982,Gorab,42,22,3,0,43,18,3,0,242,157,202,236,242,-1,4,0,0
14907,Plvap,51,33,6,3,40,27,6,2,242,151,182,230,237,11,6,0,1
48,1700012A03Rik,8,3,0,0,2,2,0,0,242,232,237,242,242,6,1,0,0
22194,Zscan4f,22,18,5,1,31,24,5,2,242,189,200,232,239,-9,-6,0,-1
17837,Slfnl1,56,35,6,2,45,28,6,1,242,141,179,230,239,11,7,0,1
42,1700008P02Rik,5,3,0,0,5,4,0,0,242,232,235,242,242,0,-1,0,0
20735,Usp13,46,34,5,2,47,21,5,2,242,149,187,232,238,-1,13,0,0
7901,Gmeb1,51,25,3,2,35,18,3,0,242,156,199,236,240,16,7,0,2
14785,Pla2g4f,47,22,3,0,44,22,3,0,242,151,198,236,242,3,0,0,0
22189,Zscan4-ps3,14,9,2,0,18,10,2,1,242,210,223,238,241,-4,-1,0,-1
2554,Cby2,8,5,0,0,6,4,0,0,242,228,233,242,242,2,1,0,0
17822,Slco4a1,74,45,10,3,39,25,10,3,242,129,172,222,236,35,20,0,0
20744,Usp18,64,43,10,3,73,47,10,3,242,105,152,222,236,-9,-4,0,0
14910,Plxna1,52,28,5,2,54,33,5,1,242,136,181,232,239,-2,-5,0,1
7933,Gnb2,30,14,2,2,32,18,2,0,242,180,210,238,240,-2,-4,0,2
7978,Golt1b,50,24,4,2,36,17,4,1,242,156,201,234,239,14,7,0,1
2548,Cbx4,62,34,5,1,63,34,5,0,242,117,174,232,241,-1,0,0,1
17811,Slc9b2,65,33,2,1,52,30,2,1,242,125,179,238,240,13,3,0,0
7939,Gng11,52,37,12,4,59,39,12,1,242,131,166,218,237,-7,-2,0,3
2545,Cbx1,40,18,2,2,43,18,2,1,242,159,206,238,239,-3,0,0,1
7945,Gng5,38,20,4,2,33,18,4,1,242,171,204,234,239,5,2,0,1
17802,Slc9a3r1,45,24,3,3,49,21,3,1,242,148,197,236,238,-4,3,0,2
2543,Cbs,62,33,8,4,50,30,8,3,242,130,179,226,235,12,3,0,1
7962,Gnrhr,37,29,3,1,35,28,3,0,242,170,185,236,241,2,1,0,1
14913,Plxna4,41,23,5,2,29,10,5,2,242,172,209,232,238,12,13,0,0
7967,Golga4,35,20,4,3,48,23,4,1,242,159,199,234,238,-13,-3,0,2
7975,Golph3,39,22,5,2,35,19,5,0,242,168,201,232,240,4,3,0,2
2361,Cadm2,51,28,4,0,43,23,4,1,242,148,191,234,241,8,5,0,-1
17596,Slc26a7,38,20,6,1,42,29,6,2,242,162,193,230,239,-4,-9,0,-1
20844,Vcpkmt,55,20,4,2,29,20,4,1,242,158,202,234,239,26,0,0,1
8897,Htr2b,50,37,8,3,55,39,8,3,242,137,166,226,236,-5,-2,0,0
2152,Bri3,39,22,5,2,45,19,5,0,242,158,201,232,240,-6,3,0,2
20933,Vmn1r176,8,3,0,0,8,2,0,0,242,226,237,242,242,0,1,0,0
229,4930404H24Rik,22,20,19,16,28,25,19,15,242,192,197,204,211,-6,-5,0,1
14163,Papola,32,18,5,3,42,22,5,2,242,168,202,232,237,-10,-4,0,1
17368,Sik1,72,51,5,2,40,26,5,2,242,130,165,232,238,32,25,0,0
8884,Hspbp1,37,21,5,2,35,20,5,1,242,170,201,232,239,2,1,0,1
2131,Bpnt1,48,21,6,2,35,16,6,3,242,159,205,230,237,13,5,0,-1
15232,Pramel21,36,19,1,0,45,18,1,0,242,161,205,240,242,-9,1,0,0
2128,Bpifb9a,10,6,0,0,19,7,0,0,242,213,229,242,242,-9,-1,0,0
8892,Htr1a,2,0,0,0,5,2,0,0,242,235,240,242,242,-3,-2,0,0
15233,Pramel22,2,1,0,0,3,2,0,0,242,237,239,242,242,-1,-1,0,0
2125,Bpifb4,32,23,3,1,34,23,3,1,242,176,196,236,240,-2,0,0,0
8854,Hsf3,39,23,1,1,33,16,1,0,242,170,203,240,241,6,7,0,1
14153,Pan3,31,15,3,2,59,33,3,1,242,152,194,236,239,-28,-18,0,1
8902,Htr5a,17,4,0,0,10,3,0,0,242,215,235,242,242,7,1,0,0
15236,Pramel25,5,4,0,0,4,3,0,0,242,233,235,242,242,1,1,0,0
2122,Bpifb1,32,20,2,0,30,17,2,1,242,180,205,238,241,2,3,0,-1
8916,Hyal1,43,26,4,3,50,29,4,2,242,149,187,234,237,-7,-3,0,1
8918,Hyal3,68,47,4,0,48,20,4,1,242,126,175,234,241,20,27,0,-1
2119,Bpifa3,6,5,1,0,4,3,1,0,242,232,234,240,242,2,2,0,0
15238,Pramel27,2,2,0,0,0,0,0,0,242,240,240,242,242,2,2,0,0
8926,Hyou1,49,27,4,2,50,27,4,0,242,143,188,234,240,-1,0,0,2
22020,Zfp92,42,25,4,1,33,20,4,0,242,167,197,234,241,9,5,0,1
14123,Pafah1b1,37,13,4,2,45,24,4,1,242,160,205,234,239,-8,-11,0,1
17380,Sipa1l1,39,22,2,2,49,21,2,0,242,154,199,238,240,-10,1,0,2
20929,Vmn1r172,13,7,0,0,15,5,0,0,242,214,230,242,242,-2,2,0,0
8935,Ibsp,25,17,7,4,33,21,7,4,242,184,204,228,234,-8,-4,0,0
8807,Hrh1,51,27,6,2,37,23,6,4,242,154,192,230,236,14,4,0,-2
8775,Hoxd11,23,15,7,1,25,16,7,3,242,194,211,228,238,-2,-1,0,-2
20915,Vmn1r15,76,52,10,2,50,30,10,4,242,116,160,222,236,26,22,0,-2
20916,Vmn1r151,0,0,0,0,0,0,0,0,242,242,242,242,242,0,0,0,0
15206,Ppp6r1,30,15,3,2,39,15,3,1,242,173,212,236,239,-9,0,0,1
20917,Vmn1r152,0,0,0,0,1,1,0,0,242,241,241,242,242,-1,-1,0,0
17414,Skint2,37,33,4,2,51,40,4,2,242,154,169,234,238,-14,-7,0,0
14207,Pate11,2,2,2,2,2,2,2,2,242,238,238,238,238,0,0,0,0
20920,Vmn1r159,0,0,0,0,1,1,0,0,242,241,241,242,242,-1,-1,0,0
14202,Parvb,48,25,6,1,63,42,6,2,242,131,175,230,239,-15,-17,0,-1
15210,Ppt1,43,27,4,2,38,17,4,2,242,161,198,234,238,5,10,0,0
22048,Zfp955b,34,17,5,1,69,44,5,3,242,139,181,232,238,-35,-27,0,-2
15218,Praf2,51,28,4,1,37,16,4,2,242,154,198,234,239,14,12,0,-1
20927,Vmn1r170,1,1,0,0,0,0,0,0,242,241,241,242,242,1,1,0,0
20923,Vmn1r167,15,4,0,0,13,7,0,0,242,214,231,242,242,2,-3,0,0
13690,Olfr689,16,9,0,0,11,4,0,0,242,215,229,242,242,5,5,0,0
2167,Brs3,5,2,0,0,18,10,0,0,242,219,230,242,242,-13,-8,0,0
15221,Pramel1,20,10,0,0,11,2,0,0,242,211,230,242,242,9,8,0,0
17394,Sis,4,0,0,0,11,1,0,0,242,227,241,242,242,-7,-1,0,0
8822,Hs3st6,38,25,3,1,59,33,3,0,242,145,184,236,241,-21,-8,0,1
2164,Brox,48,29,5,4,47,18,5,1,242,147,195,232,237,1,11,0,3
224,4921536K21Rik,60,30,0,0,59,29,0,0,242,123,183,242,242,1,1,0,0
8834,Hsd17b12,49,34,5,2,29,19,5,2,242,164,189,232,238,20,15,0,0
8835,Hsd17b13,71,46,4,3,61,41,4,0,242,110,155,234,239,10,5,0,3
15225,Pramel14,9,6,2,0,6,4,2,0,242,227,232,238,242,3,2,0,0
15247,Pramel35,4,4,0,0,2,0,0,0,242,236,238,242,242,2,4,0,0
20943,Vmn1r188,21,9,0,0,35,15,0,0,242,186,218,242,242,-14,-6,0,0
2190,Btbd19,56,29,4,0,50,26,4,3,242,136,187,234,239,6,3,0,-3
9079,Ighd3-1,0,0,0,0,0,0,0,0,242,242,242,242,242,0,0,0,0
14032,Otof,22,10,0,0,12,4,0,0,242,208,228,242,242,10,6,0,0
15288,Prdx1,36,25,8,4,49,26,8,2,242,157,191,226,236,-13,-1,0,2
20962,Vmn1r205,1,1,0,0,1,1,0,0,242,240,240,242,242,0,0,0,0
9056,Igf2bp2,72,46,5,1,35,18,5,2,242,135,178,232,239,37,28,0,-1
14022,Osmr,68,43,5,0,45,22,5,0,242,129,177,232,242,23,21,0,0
9073,Ighd1-1,0,0,0,0,0,0,0,0,242,242,242,242,242,0,0,0,0
9074,Ighd2-3,0,0,0,0,0,0,0,0,242,242,242,242,242,0,0,0,0
9075,Ighd2-4,0,0,0,0,0,0,0,0,242,242,242,242,242,0,0,0,0
9076,Ighd2-6,0,0,0,0,0,0,0,0,242,242,242,242,242,0,0,0,0
9077,Ighd2-7,0,0,0,0,0,0,0,0,242,242,242,242,242,0,0,0,0
9078,Ighd2-8,0,0,0,0,0,0,0,0,242,242,242,242,242,0,0,0,0
9080,Ighd3-2,0,0,0,0,0,0,0,0,242,242,242,242,242,0,0,0,0
14035,Otol1,18,12,0,0,30,11,0,0,242,194,219,242,242,-12,1,0,0
9081,Ighd4-1,0,0,0,0,0,0,0,0,242,242,242,242,242,0,0,0,0
9082,Ighd5-5,0,0,0,0,0,0,0,0,242,242,242,242,242,0,0,0,0
9083,Ighd5-6,0,0,0,0,0,0,0,0,242,242,242,242,242,0,0,0,0
9084,Ighd5-7,0,0,0,0,0,0,0,0,242,242,242,242,242,0,0,0,0
9085,Ighd5-8,0,0,0,0,0,0,0,0,242,242,242,242,242,0,0,0,0
21949,Zfp729a,35,17,4,0,45,23,4,0,242,162,202,234,242,-10,-6,0,0
9092,Ighj2,2,2,2,2,4,3,2,2,242,236,237,238,238,-2,-1,0,0
9094,Ighj4,1,1,1,1,2,2,1,1,242,239,239,240,240,-1,-1,0,0
20970,Vmn1r212,2,1,0,0,1,1,0,0,242,239,240,242,242,1,0,0,0
14010,Osbpl6,48,26,2,2,51,27,2,0,242,143,189,238,240,-3,-1,0,2
9106,Ighv1-24,0,0,0,0,0,0,0,0,242,242,242,242,242,0,0,0,0
2053,Birc7,19,18,0,0,26,22,0,0,242,197,202,242,242,-7,-4,0,0
20958,Vmn1r201,44,19,3,0,48,25,3,2,242,150,198,236,240,-4,-6,0,-2
20944,Vmn1r189,17,7,0,0,2,1,0,0,242,223,234,242,242,15,6,0,0
17325,Shisa2,23,5,1,0,45,29,1,0,242,174,208,240,242,-22,-24,0,0
8951,Id4,51,30,4,3,61,38,4,1,242,130,174,234,238,-10,-8,0,2
14098,P4hb,45,25,4,2,32,15,4,2,242,165,202,234,238,13,10,0,0
14097,P4ha3,50,33,7,3,47,25,7,0,242,145,184,228,239,3,8,0,3
266,4930544G11Rik,18,18,7,5,13,13,7,5,242,211,211,228,232,5,5,0,0
15257,Pramel44,17,14,3,0,19,16,3,1,242,206,212,236,241,-2,-2,0,-1
21982,Zfp804a,14,6,0,0,5,1,0,0,242,223,235,242,242,9,5,0,0
8981,Ifi213,54,27,5,0,63,41,5,0,242,125,174,232,242,-9,-14,0,0
15261,Pramel48,16,6,0,0,17,11,0,0,242,209,225,242,242,-1,-5,0,0
15267,Pramex1,12,4,0,0,8,2,0,0,242,222,236,242,242,4,2,0,0
15268,Prap1,40,33,16,8,45,37,16,7,242,157,172,210,227,-5,-4,0,1
15269,Prb1,1,1,0,0,5,3,0,0,242,236,238,242,242,-4,-2,0,0
8991,Ifih1,42,27,5,3,58,30,5,1,242,142,185,232,238,-16,-3,0,2
20957,Vmn1r200,14,8,0,0,7,2,0,0,242,221,232,242,242,7,6,0,0
2080,Bmp6,32,22,4,3,50,23,4,0,242,160,197,234,239,-18,-1,0,3
20951,Vmn1r196,1,0,0,0,1,0,0,0,242,240,242,242,242,0,0,0,0
15271,Prcc,37,18,3,3,37,19,3,0,242,168,205,236,239,0,-1,0,3
9007,Ifna12,7,7,1,1,2,2,1,0,242,233,233,240,241,5,5,0,1
9008,Ifna13,18,14,2,0,13,10,2,1,242,211,218,238,241,5,4,0,-1
21970,Zfp777,60,33,5,2,47,22,5,1,242,135,187,232,239,13,11,0,1
9011,Ifna16,16,15,3,0,31,29,3,0,242,195,198,236,242,-15,-14,0,0
14041,Otp,37,18,1,0,20,4,1,0,242,185,220,240,242,17,14,0,0
14039,Otor,29,24,5,3,32,28,5,1,242,181,190,232,238,-3,-4,0,2
9026,Ifnk,20,19,7,2,25,24,7,1,242,197,199,228,239,-5,-5,0,1
9029,Ifnlr1,45,28,2,0,56,37,2,0,242,141,177,238,242,-11,-9,0,0
20914,Vmn1r149,0,0,0,0,0,0,0,0,242,242,242,242,242,0,0,0,0
20913,Vmn1r143,0,0,0,0,0,0,0,0,242,242,242,242,242,0,0,0,0
8408,H2al1j,1,1,1,1,1,1,1,1,242,240,240,240,240,0,0,0,0
15154,Ppp1r1a,43,30,5,2,36,23,5,0,242,163,189,232,240,7,7,0,2
2282,C1ra,61,34,5,3,58,39,5,2,242,123,169,232,237,3,-5,0,1
8539,Hcn2,51,31,3,0,43,17,3,0,242,148,194,236,242,8,14,0,0
20878,Vmn1r10,1,1,0,0,2,2,0,0,242,239,239,242,242,-1,-1,0,0
8544,Hcrtr2,32,11,3,0,19,13,3,2,242,191,218,236,240,13,-2,0,-2
17530,Slc22a7,33,19,4,2,45,31,4,1,242,164,192,234,239,-12,-12,0,1
14343,Pcna,41,20,4,3,43,19,4,1,242,158,203,234,238,-2,1,0,2
162,2310034C09Rik,4,4,2,1,4,4,2,1,242,234,234,238,240,0,0,0,0
20880,Vmn1r101,0,0,0,0,0,0,0,0,242,242,242,242,242,0,0,0,0
8556,Hdac9,50,23,2,0,60,33,2,0,242,132,186,238,242,-10,-10,0,0
15150,Ppp1r16a,31,17,2,2,54,20,2,0,242,157,205,238,240,-23,-3,0,2
8557,Hdc,59,41,5,1,55,34,5,1,242,128,167,232,240,4,7,0,0
166,2310050C09Rik,8,7,0,0,5,5,0,0,242,229,230,242,242,3,2,0,0
14369,Pcyt2,33,21,6,2,49,30,6,1,242,160,191,230,239,-16,-9,0,1
2269,C1ql1,50,32,5,1,49,29,5,2,242,143,181,232,239,1,3,0,-1
8568,Hdx,23,10,2,0,31,21,2,0,242,188,211,238,242,-8,-11,0,0
20881,Vmn1r103,0,0,0,0,0,0,0,0,242,242,242,242,242,0,0,0,0
20882,Vmn1r104,0,0,0,0,1,1,0,0,242,241,241,242,242,-1,-1,0,0
8580,Hectd2,38,18,3,1,58,36,3,1,242,146,188,236,240,-20,-18,0,0
8581,Hectd3,44,21,2,2,43,17,2,0,242,155,204,238,240,1,4,0,2
8586,Helb,38,25,3,2,49,20,3,2,242,155,197,236,238,-11,5,0,0
20885,Vmn1r111,2,2,0,0,2,0,0,0,242,238,240,242,242,0,2,0,0
171,2310061N02Rik,3,3,0,0,2,2,0,0,242,237,237,242,242,1,1,0,0
2253,Bves,29,11,0,0,24,9,0,0,242,189,222,242,242,5,2,0,0
22095,Zfr,47,26,3,2,40,15,3,1,242,155,201,236,239,7,11,0,1
14364,Pcx,43,20,4,3,50,22,4,1,242,149,200,234,238,-7,-2,0,2
15134,Ppp1cb,38,19,5,3,38,19,5,3,242,166,204,232,236,0,0,0,0
20887,Vmn1r113,0,0,0,0,0,0,0,0,242,242,242,242,242,0,0,0,0
14418,Pdgfrb,51,29,5,2,53,28,5,1,242,138,185,232,239,-2,1,0,1
2350,Cacng3,13,5,0,0,22,7,0,0,242,207,230,242,242,-9,-2,0,0
2349,Cacng2,26,6,0,0,23,4,0,0,242,193,232,242,242,3,2,0,0
142,2010315B03Rik,41,23,6,2,67,37,6,2,242,134,182,230,238,-26,-14,0,0
8429,H2bc22,63,53,26,11,56,44,26,15,242,123,145,190,216,7,9,0,-4
14431,Pdk1,32,21,7,2,75,35,7,2,242,135,186,228,238,-43,-14,0,0
15112,Ppil2,28,12,3,2,48,20,3,1,242,166,210,236,239,-20,-8,0,1
8434,H2bc6,56,36,7,2,58,36,7,2,242,128,170,228,238,-2,0,0,0
2342,Cacna2d3,29,17,5,1,37,24,5,1,242,176,201,232,240,-8,-7,0,0
8436,H2bc8,72,53,21,5,65,55,21,7,242,105,134,200,230,7,-2,0,-2
2341,Cacna2d2,25,11,2,0,39,17,2,1,242,178,214,238,241,-14,-6,0,-1
8449,H3c4,73,47,14,5,53,34,14,5,242,116,161,214,232,20,13,0,0
14416,Pdgfd,27,14,3,2,45,19,3,0,242,170,209,236,240,-18,-5,0,2
17539,Slc24a4,30,13,0,0,19,7,0,0,242,193,222,242,242,11,6,0,0
2323,Cabp4,62,40,6,0,54,33,6,1,242,126,169,230,241,8,7,0,-1
8466,H4c9,66,44,9,4,50,26,9,6,242,126,172,224,232,16,18,0,-2
2319,Cables1,59,43,6,5,43,23,6,4,242,140,176,230,233,16,20,0,1
14413,Pdgfa,58,31,4,2,53,31,4,1,242,131,180,234,239,5,0,0,1
20860,Vgll4,66,35,2,2,40,19,2,1,242,136,188,238,239,26,16,0,1
8480,Hadh,38,28,8,2,48,28,8,3,242,156,186,226,237,-10,0,0,-1
8498,Hars,38,19,4,3,45,17,4,0,242,159,206,234,239,-7,2,0,3
22106,Zfyve28,34,19,3,1,51,28,3,1,242,157,195,236,240,-17,-9,0,0
152,2300003K06Rik,2,2,0,0,4,4,0,0,242,236,236,242,242,-2,-2,0,0
155,2310003L06Rik,9,7,3,2,15,11,3,0,242,218,224,236,240,-6,-4,0,2
8524,Hbegf,66,41,8,3,41,23,8,1,242,135,178,226,238,25,18,0,2
8605,Herpud2,35,18,3,2,37,15,3,0,242,170,209,236,240,-2,3,0,2
17496,Slc19a2,49,30,4,2,48,27,4,1,242,145,185,234,239,1,3,0,1
20912,Vmn1r142,0,0,0,0,0,0,0,0,242,242,242,242,242,0,0,0,0
8729,Hnrnpul1,32,15,3,3,44,16,3,0,242,166,211,236,239,-12,-1,0,3
20900,Vmn1r125,0,0,0,0,1,1,0,0,242,241,241,242,242,-1,-1,0,0
2216,Btbd35f4,5,3,0,0,9,9,0,0,242,228,230,242,242,-4,-6,0,0
20901,Vmn1r126,2,2,0,0,1,1,0,0,242,239,239,242,242,1,1,0,0
206,3110040M04Rik,17,16,7,3,13,12,7,1,242,212,214,228,238,4,4,0,2
2211,Btbd35f26,0,0,0,0,0,0,0,0,242,242,242,242,242,0,0,0,0
20903,Vmn1r128,1,1,0,0,1,1,0,0,242,240,240,242,242,0,0,0,0
20904,Vmn1r129,0,0,0,0,0,0,0,0,242,242,242,242,242,0,0,0,0
8711,Hnrnpa0,34,21,3,3,37,17,3,0,242,171,204,236,239,-3,4,0,3
22059,Zfp967,50,29,10,5,59,34,10,4,242,133,179,222,233,-9,-5,0,1
17425,Skp1,44,21,5,4,48,29,5,1,242,150,192,232,237,-4,-8,0,3
15193,Ppp3ca,35,16,2,2,39,14,2,1,242,168,212,238,239,-4,2,0,1
15196,Ppp3r1,47,33,4,2,45,23,4,2,242,150,186,234,238,2,10,0,0
15181,Ppp2r2a,50,27,4,2,37,17,4,0,242,155,198,234,240,13,10,0,2
15200,Ppp4r2,50,26,3,2,37,20,3,1,242,155,196,236,239,13,6,0,1
8735,Homer3,48,29,5,3,51,25,5,1,242,143,188,232,238,-3,4,0,2
17422,Skiv2l,28,15,5,2,48,27,5,2,242,166,200,232,238,-20,-12,0,0
15203,Ppp4r4,38,28,6,1,56,32,6,1,242,148,182,230,240,-18,-4,0,0
14214,Pate5,2,2,0,0,1,1,0,0,242,239,239,242,242,1,1,0,0
8741,Hormad1,27,18,3,1,27,21,3,0,242,188,203,236,241,0,-3,0,1
20906,Vmn1r130,2,2,1,1,2,2,1,0,242,238,238,240,241,0,0,0,1
2203,Btbd35f19,1,1,0,0,0,0,0,0,242,241,241,242,242,1,1,0,0
17418,Skint6,6,4,0,0,16,8,0,0,242,220,230,242,242,-10,-4,0,0
8754,Hoxb1,38,16,0,0,37,13,0,0,242,167,213,242,242,1,3,0,0
14212,Pate3,14,14,1,1,16,15,1,0,242,212,213,240,241,-2,-1,0,1
17448,Slc12a2,28,14,4,2,66,35,4,1,242,148,193,234,239,-38,-21,0,1
17455,Slc12a9,51,35,7,2,51,26,7,3,242,140,181,228,237,0,9,0,-1
15162,Ppp1r35,39,22,9,4,57,31,9,6,242,146,189,224,232,-18,-9,0,-2
17473,Slc16a14,38,25,5,2,54,30,5,1,242,150,187,232,239,-16,-5,0,1
20888,Vmn1r114,0,0,0,0,0,0,0,0,242,242,242,242,242,0,0,0,0
14306,Pcdhga11,51,24,3,0,40,22,3,0,242,151,196,236,242,11,2,0,0
20890,Vmn1r116,1,1,0,0,1,1,0,0,242,240,240,242,242,0,0,0,0
15164,Ppp1r37,38,12,3,2,37,14,3,0,242,167,216,236,240,1,-2,0,2
20891,Vmn1r117,0,0,0,0,0,0,0,0,242,242,242,242,242,0,0,0,0
20892,Vmn1r118,0,0,0,0,0,0,0,0,242,242,242,242,242,0,0,0,0
8641,Hif1a,45,28,5,4,43,22,5,3,242,154,192,232,235,2,6,0,1
17476,Slc16a4,49,31,7,5,55,35,7,1,242,138,176,228,236,-6,-4,0,4
20893,Vmn1r119,2,2,0,0,1,1,0,0,242,239,239,242,242,1,1,0,0
8646,Higd1c,12,11,6,4,9,6,6,4,242,221,225,230,234,3,5,0,0
22070,Zfp976,43,32,10,3,67,48,10,3,242,132,162,222,236,-24,-16,0,0
14281,Pcdhac2,18,12,3,2,31,22,3,1,242,193,208,236,239,-13,-10,0,1
8678,Hmcn1,32,19,1,0,43,25,1,0,242,167,198,240,242,-11,-6,0,0
8658,Hipk3,28,17,3,2,59,33,3,0,242,155,192,236,240,-31,-16,0,2
17468,Slc16a1,38,23,4,2,48,25,4,1,242,156,194,234,239,-10,-2,0,1
197,2810006K23Rik,50,24,5,2,38,19,5,2,242,154,199,232,238,12,5,0,0
20895,Vmn1r120,0,0,0,0,2,2,0,0,242,240,240,242,242,-2,-2,0,0
2223,Btbd7,26,14,2,2,63,30,2,0,242,153,198,238,240,-37,-16,0,2
22066,Zfp972,58,34,9,3,61,33,9,4,242,123,175,224,235,-3,1,0,-1
14265,Pcdh20,26,15,1,0,28,18,1,0,242,188,209,240,242,-2,-3,0,0
15173,Ppp1r7,38,19,4,3,57,32,4,2,242,147,191,234,237,-19,-13,0,1
20897,Vmn1r122,0,0,0,0,0,0,0,0,242,242,242,242,242,0,0,0,0
20898,Vmn1r123,0,0,0,0,0,0,0,0,242,242,242,242,242,0,0,0,0
17456,Slc13a1,27,13,3,2,18,11,3,2,242,197,218,236,238,9,2,0,0
9781,Kcnb1,28,8,0,0,42,18,0,0,242,172,216,242,242,-14,-10,0,0
13589,Olfr582,3,2,0,0,2,0,0,0,242,237,240,242,242,1,2,0,0
13689,Olfr688,6,6,1,0,12,10,1,0,242,224,226,240,242,-6,-4,0,0
13026,Olfr1261,31,13,1,1,22,10,1,1,242,189,219,240,240,9,3,0,0
13022,Olfr1258,21,8,1,0,32,21,1,0,242,189,213,240,242,-11,-13,0,0
15533,Psd3,43,18,4,1,63,30,4,3,242,136,194,234,238,-20,-12,0,-2
978,Akr1b3,51,31,6,4,44,28,6,3,242,147,183,230,235,7,3,0,1
13020,Olfr1256,23,9,2,1,51,28,2,0,242,168,205,238,241,-28,-19,0,1
16198,Rfxap,46,21,2,2,36,18,2,1,242,160,203,238,239,10,3,0,1
16183,Rfpl4,40,34,7,1,24,23,7,2,242,178,185,228,239,16,11,0,-1
13019,Olfr1255,1,0,0,0,2,2,0,0,242,239,240,242,242,-1,-2,0,0
16177,Rfesd,29,15,4,3,64,42,4,2,242,149,185,234,237,-35,-27,0,1
11641,Mrto4,32,16,4,2,45,27,4,1,242,165,199,234,239,-13,-11,0,1
11645,Ms4a13,0,0,0,0,8,5,0,0,242,234,237,242,242,-8,-5,0,0
11646,Ms4a14,22,11,1,0,42,21,1,1,242,178,210,240,241,-20,-10,0,-1
13017,Olfr1253,4,3,1,0,1,1,1,1,242,237,238,240,241,3,2,0,-1
13016,Olfr1252,2,1,0,0,0,0,0,0,242,240,241,242,242,2,1,0,0
11656,Ms4a4d,66,44,3,0,31,22,3,1,242,145,176,236,241,35,22,0,-1
13013,Olfr125,29,11,0,0,29,9,0,0,242,184,222,242,242,0,2,0,0
16164,Rev1,40,21,4,2,48,31,4,3,242,154,190,234,237,-8,-10,0,-1
16163,Retsat,66,44,6,2,41,23,6,4,242,135,175,230,236,25,21,0,-2
11666,Msantd4,46,22,5,2,48,23,5,1,242,148,197,232,239,-2,-1,0,1
13006,Olfr1242,0,0,0,0,2,1,0,0,242,240,241,242,242,-2,-1,0,0
13005,Olfr1241,6,1,0,0,4,0,0,0,242,232,241,242,242,2,1,0,0
11676,Msi2,42,26,6,2,60,37,6,4,242,140,179,230,236,-18,-11,0,-2
11678,Msl2,35,17,3,2,42,26,3,0,242,165,199,236,240,-7,-9,0,2
11681,Msln,63,40,8,2,49,24,8,2,242,130,178,226,238,14,16,0,0
13004,Olfr1240,8,2,0,0,10,5,0,0,242,224,235,242,242,-2,-3,0,0
16146,Reps1,48,27,5,4,32,17,5,2,242,162,198,232,236,16,10,0,2
21490,Xpa,27,17,4,3,57,23,4,1,242,158,202,234,238,-30,-6,0,2
13000,Olfr1234,21,9,0,0,15,11,0,0,242,206,222,242,242,6,-2,0,0
988,Akr1c6,5,4,1,0,19,11,1,1,242,218,227,240,241,-14,-7,0,-1
13027,Olfr1262,24,13,1,0,31,20,1,0,242,187,209,240,242,-7,-7,0,0
12932,Olfr1163,0,0,0,0,1,1,0,0,242,241,241,242,242,-1,-1,0,0
16213,Rgs14,48,31,5,0,41,20,5,2,242,153,191,232,240,7,11,0,-2
11533,Mrgprb5,4,3,1,0,11,11,1,0,242,227,228,240,242,-7,-8,0,0
11538,Mrgprg,39,29,3,3,15,11,3,1,242,188,202,236,238,24,18,0,2
11540,Mrgprx1,5,5,0,0,8,8,0,0,242,229,229,242,242,-3,-3,0,0
11541,Mrgprx2,10,7,0,0,13,6,0,0,242,219,229,242,242,-3,1,0,0
1013,Aldh2,55,27,6,2,39,27,6,3,242,148,188,230,237,16,0,0,-1
1012,Aldh1l2,60,39,6,2,39,22,6,2,242,143,181,230,238,21,17,0,0
13059,Olfr1298,0,0,0,0,0,0,0,0,242,242,242,242,242,0,0,0,0
16249,Rhob,62,41,6,3,50,27,6,4,242,130,174,230,235,12,14,0,-1
16248,Rhoa,39,27,3,3,36,18,3,0,242,167,197,236,239,3,9,0,3
13056,Olfr1294,0,0,0,0,1,1,0,0,242,241,241,242,242,-1,-1,0,0
11548,Mro,49,29,6,1,43,28,6,4,242,150,185,230,237,6,1,0,-3
13054,Olfr1291-ps1,13,7,1,1,19,11,1,1,242,210,224,240,240,-6,-4,0,0
11556,Mroh7,42,19,4,0,37,17,4,2,242,163,206,234,240,5,2,0,-2
7716,Gm5938,0,0,0,0,0,0,0,0,242,242,242,242,242,0,0,0,0
13053,Olfr1290,37,16,3,2,40,26,3,0,242,165,200,236,240,-3,-10,0,2
16233,Rhbdd1,45,21,4,2,50,28,4,0,242,147,193,234,240,-5,-7,0,2
13045,Olfr1282,0,0,0,0,0,0,0,0,242,242,242,242,242,0,0,0,0
525,Abhd17c,41,22,5,3,56,32,5,0,242,145,188,232,239,-15,-10,0,3
13035,Olfr1272,7,5,0,0,4,1,0,0,242,231,236,242,242,3,4,0,0
996,Akt3,43,23,4,0,42,18,4,1,242,157,201,234,241,1,5,0,-1
13034,Olfr1271,35,16,5,2,54,29,5,2,242,153,197,232,238,-19,-13,0,0
16222,Rgs3,42,21,4,2,61,34,4,2,242,139,187,234,238,-19,-13,0,0
11586,Mrpl38,40,23,3,3,35,15,3,0,242,167,204,236,239,5,8,0,3
13033,Olfr1270,10,3,0,0,10,5,0,0,242,222,234,242,242,0,-2,0,0
11592,Mrpl43,39,22,2,2,39,13,2,1,242,164,207,238,239,0,9,0,1
21469,Xirp2,25,14,2,0,49,25,2,0,242,168,203,238,242,-24,-11,0,0
15528,Psapl1,24,14,3,0,34,19,3,2,242,184,209,236,240,-10,-5,0,-2
12998,Olfr1232,1,0,0,0,2,2,0,0,242,239,240,242,242,-1,-2,0,0
12997,Olfr1231,3,0,0,0,0,0,0,0,242,239,242,242,242,3,0,0,0
12995,Olfr123,9,3,0,0,11,3,0,0,242,222,236,242,242,-2,0,0,0
931,Aifm1,38,26,5,2,56,29,5,2,242,148,187,232,238,-18,-3,0,0
11785,Mtx2,34,16,3,2,37,20,3,0,242,171,206,236,240,-3,-4,0,2
12961,Olfr1196,28,11,3,1,49,25,3,1,242,165,206,236,240,-21,-14,0,0
12959,Olfr1193,8,3,0,0,9,2,0,0,242,225,237,242,242,-1,1,0,0
12956,Olfr119,3,1,0,0,0,0,0,0,242,239,241,242,242,3,1,0,0
11793,Muc21,17,6,1,0,4,3,1,0,242,221,233,240,242,13,3,0,0
16075,Rcan1,71,41,9,2,38,21,9,3,242,133,180,224,237,33,20,0,-1
12955,Olfr1189,11,8,2,1,25,19,2,0,242,206,215,238,241,-14,-11,0,1
11800,Mucl3,51,24,9,2,56,36,9,1,242,135,182,224,239,-5,-12,0,1
11802,Mug2,13,6,0,0,4,0,0,0,242,225,236,242,242,9,6,0,0
12952,Olfr1185-ps1,2,0,0,0,0,0,0,0,242,240,242,242,242,2,0,0,0
11807,Mup12,1,1,0,0,0,0,0,0,242,241,241,242,242,1,1,0,0
11808,Mup13,3,3,1,0,11,11,1,0,242,228,228,240,242,-8,-8,0,0
11815,Mup2,4,4,3,2,8,8,3,1,242,230,230,236,239,-4,-4,0,1
12949,Olfr1182,1,1,0,0,2,1,0,0,242,239,240,242,242,-1,0,0,0
12947,Olfr1180,1,1,0,0,0,0,0,0,242,241,241,242,242,1,1,0,0
16064,Rbp3,4,0,0,0,13,8,0,0,242,225,234,242,242,-9,-8,0,0
12943,Olfr1177-ps,3,3,0,0,1,0,0,0,242,238,239,242,242,2,3,0,0
11841,Mxra7,45,25,3,2,45,24,3,1,242,152,193,236,239,0,1,0,1
16055,Rbms2,51,23,5,3,37,18,5,2,242,154,201,232,237,14,5,0,1
12942,Olfr1176,0,0,0,0,1,1,0,0,242,241,241,242,242,-1,-1,0,0
12940,Olfr1174,1,0,0,0,0,0,0,0,242,241,242,242,242,1,0,0,0
12938,Olfr1170,24,14,1,0,16,5,1,0,242,202,223,240,242,8,9,0,0
21516,Yaf2,52,30,2,2,32,12,2,0,242,158,200,238,240,20,18,0,2
12937,Olfr117,45,21,3,0,55,31,3,1,242,142,190,236,241,-10,-10,0,-1
12936,Olfr1168,0,0,0,0,1,1,0,0,242,241,241,242,242,-1,-1,0,0
12933,Olfr1164,0,0,0,0,0,0,0,0,242,242,242,242,242,0,0,0,0
11856,Mycbp2,30,16,2,2,44,22,2,0,242,168,204,238,240,-14,-6,0,2
12962,Olfr1197,19,8,0,0,13,5,0,0,242,210,229,242,242,6,3,0,0
11778,Mtss1,36,16,3,2,54,29,3,1,242,152,197,236,239,-18,-13,0,1
16081,Rcc1l,34,15,3,3,46,21,3,0,242,162,206,236,239,-12,-6,0,3
12977,Olfr1212,0,0,0,0,1,1,0,0,242,241,241,242,242,-1,-1,0,0
21495,Xpo1,54,35,4,2,33,20,4,1,242,155,187,234,239,21,15,0,1
12994,Olfr1229,1,1,0,0,0,0,0,0,242,241,241,242,242,1,1,0,0
12993,Olfr1228,2,0,0,0,3,0,0,0,242,237,242,242,242,-1,0,0,0
11726,Mtcl1,65,38,3,0,39,25,3,2,242,138,179,236,240,26,13,0,-2
21499,Xpo7,36,19,4,2,44,26,4,0,242,162,197,234,240,-8,-7,0,2
12989,Olfr1223,1,0,0,0,0,0,0,0,242,241,242,242,242,1,0,0,0
12988,Olfr1222,6,1,0,0,1,0,0,0,242,235,241,242,242,5,1,0,0
15542,Psg20,15,8,0,0,10,7,0,0,242,217,227,242,242,5,1,0,0
12983,Olfr1218,10,3,0,0,17,8,0,0,242,215,231,242,242,-7,-5,0,0
12981,Olfr1216,12,5,0,0,13,4,0,0,242,217,233,242,242,-1,1,0,0
12980,Olfr1215,19,8,2,0,24,18,2,0,242,199,216,238,242,-5,-10,0,0
12979,Olfr1214,6,2,0,0,1,1,0,0,242,235,239,242,242,5,1,0,0
12975,Olfr121,4,4,0,0,3,3,0,0,242,235,235,242,242,1,1,0,0
12964,Olfr1199,34,22,4,0,37,15,4,0,242,171,205,234,242,-3,7,0,0
16108,Rdh7,29,16,1,0,34,24,1,0,242,179,202,240,242,-5,-8,0,0
11747,Mthfr,53,30,4,2,46,22,4,2,242,143,190,234,238,7,8,0,0
12973,Olfr1208,1,1,0,0,0,0,0,0,242,241,241,242,242,1,1,0,0
16105,Rdh16f2,31,21,2,2,48,38,2,1,242,163,183,238,239,-17,-17,0,1
16103,Rdh16,46,25,6,2,52,32,6,3,242,144,185,230,237,-6,-7,0,-1
12970,Olfr1204,32,14,5,0,50,23,5,0,242,160,205,232,242,-18,-9,0,0
16098,Rdh10,49,26,5,2,42,25,5,0,242,151,191,232,240,7,1,0,2
918,AI413582,43,22,6,4,51,26,6,1,242,148,194,230,237,-8,-4,0,3
12967,Olfr1200,12,4,0,0,36,22,0,0,242,194,216,242,242,-24,-18,0,0
917,AI182371,47,27,7,0,53,37,7,3,242,142,178,228,239,-6,-10,0,-3
11767,Mtnr1b,4,1,0,0,2,2,0,0,242,236,239,242,242,2,-1,0,0
916,Ahsg,48,41,12,5,37,28,12,3,242,157,173,218,234,11,13,0,2
11527,Mrgpra6,7,7,0,0,4,4,0,0,242,231,231,242,242,3,3,0,0
13060,Olfr1299,2,1,0,0,0,0,0,0,242,240,241,242,242,2,1,0,0
11523,Mrgpra2a,11,10,3,2,9,9,3,1,242,222,223,236,239,2,1,0,1
21414,Wipf2,39,20,3,2,49,30,3,1,242,154,192,236,239,-10,-10,0,1
13163,Olfr1412,6,1,0,0,2,2,0,0,242,234,239,242,242,4,-1,0,0
1128,Ang6,7,7,6,3,8,7,6,2,242,227,228,230,237,-1,0,0,1
13162,Olfr1411,6,3,0,0,3,3,0,0,242,233,236,242,242,3,0,0,0
21410,Whamm,29,17,3,2,49,24,3,0,242,164,201,236,240,-20,-7,0,2
11321,Mief1,36,20,3,3,56,32,3,2,242,150,190,236,237,-20,-12,0,1
13161,Olfr1410,17,7,0,0,15,3,0,0,242,210,232,242,242,2,4,0,0
1123,Anapc7,30,18,3,3,33,14,3,1,242,179,210,236,238,-3,4,0,2
16340,Ripply2,13,12,11,0,17,13,11,4,242,212,217,220,238,-4,-1,0,-4
13160,Olfr141,0,0,0,0,2,0,0,0,242,240,242,242,242,-2,0,0,0
16337,Ripor2,32,17,2,0,73,46,2,0,242,137,179,238,242,-41,-29,0,0
16336,Ripor1,53,28,4,2,46,22,4,1,242,143,192,234,239,7,6,0,1
13159,Olfr1408,3,1,0,0,1,1,0,0,242,238,240,242,242,2,0,0,0
11332,Mill1,35,22,2,2,32,11,2,1,242,175,209,238,239,3,11,0,1
13157,Olfr1404,6,2,0,0,2,2,0,0,242,234,238,242,242,4,0,0,0
21411,Whrn,53,28,9,3,62,35,9,0,242,127,179,224,239,-9,-7,0,3
13155,Olfr140,7,3,0,0,13,6,0,0,242,222,233,242,242,-6,-3,0,0
11335,Minar1,29,6,0,0,28,19,0,0,242,185,217,242,242,1,-13,0,0
13153,Olfr1395,5,1,0,0,5,0,0,0,242,232,241,242,242,0,1,0,0
13152,Olfr1394,10,6,0,0,10,10,0,0,242,222,226,242,242,0,-4,0,0
16335,Ripk4,44,23,2,2,25,9,2,0,242,173,210,238,240,19,14,0,2
11338,Mindy2,39,25,3,2,56,28,3,0,242,147,189,236,240,-17,-3,0,2
13150,Olfr1392,58,36,12,4,61,44,12,1,242,123,162,218,237,-3,-8,0,3
1119,Anapc16,38,17,4,3,30,17,4,1,242,174,208,234,238,8,0,0,2
1116,Anapc13,31,17,6,3,45,27,6,4,242,166,198,230,235,-14,-10,0,-1
13148,Olfr1390,10,3,0,0,10,2,0,0,242,222,237,242,242,0,1,0,0
11349,Mis12,45,21,5,2,44,26,5,1,242,153,195,232,239,1,-5,0,1
11354,Mitd1,46,27,5,2,41,21,5,5,242,155,194,232,235,5,6,0,-3
1135,Angptl2,66,36,5,2,60,34,5,0,242,116,172,232,240,6,2,0,2
11293,Mgll,36,22,5,2,58,35,5,2,242,148,185,232,238,-22,-13,0,0
16354,Rmi1,28,14,2,2,73,39,2,1,242,141,189,238,239,-45,-25,0,1
483,Abcb5,13,4,1,1,14,7,1,0,242,215,231,240,241,-1,-3,0,1
13193,Olfr1447,2,2,0,0,3,2,0,0,242,237,238,242,242,-1,0,0,0
1177,Ankrd31,14,9,1,0,23,13,1,0,242,205,220,240,242,-9,-4,0,0
21375,Wdr83os,31,14,2,2,44,23,2,0,242,167,205,238,240,-13,-9,0,2
15494,Prss34,24,22,2,1,20,15,2,1,242,198,205,238,240,4,7,0,0
16390,Rnf122,39,23,8,0,71,45,8,2,242,132,174,226,240,-32,-22,0,-2
16386,Rnf113a2,33,17,4,2,43,29,4,1,242,166,196,234,239,-10,-12,0,1
11230,Mettl5,40,21,5,2,36,16,5,0,242,166,205,232,240,4,5,0,2
13189,Olfr1443,9,2,0,0,9,5,0,0,242,224,235,242,242,0,-3,0,0
481,Abcb1b,57,36,7,3,50,27,7,4,242,135,179,228,235,7,9,0,-1
11235,Mettl7b,40,34,7,2,46,29,7,1,242,156,179,228,239,-6,5,0,1
16380,Rnf10,35,17,2,2,32,13,2,0,242,175,212,238,240,3,4,0,2
21385,Wdtc1,33,14,2,2,55,30,2,0,242,154,198,238,240,-22,-16,0,2
1161,Ankrd11,39,21,2,2,34,18,2,0,242,169,203,238,240,5,3,0,2
13166,Olfr1415,37,20,1,0,45,25,1,0,242,160,197,240,242,-8,-5,0,0
11254,Mfng,55,26,3,0,47,25,3,2,242,140,191,236,240,8,1,0,-2
1157,Ankmy2,37,23,6,2,47,29,6,2,242,158,190,230,238,-10,-6,0,0
1150,Ankfy1,39,23,2,2,56,29,2,0,242,147,190,238,240,-17,-6,0,2
16368,Rnase9,4,4,1,1,5,3,1,0,242,233,235,240,241,-1,1,0,1
13180,Olfr1431,8,4,0,0,9,3,0,0,242,225,235,242,242,-1,1,0,0
13178,Olfr1428,21,16,0,0,18,14,0,0,242,203,212,242,242,3,2,0,0
485,Abcb7,33,18,4,2,52,23,4,1,242,157,201,234,239,-19,-5,0,1
13172,Olfr1420,37,23,4,0,36,22,4,1,242,169,197,234,241,1,1,0,-1
16357,Rmnd5a,32,15,3,2,52,31,3,0,242,158,196,236,240,-20,-16,0,2
13171,Olfr142,5,3,1,0,7,4,1,0,242,230,235,240,242,-2,-1,0,0
16355,Rmi2,66,45,8,2,36,19,8,2,242,140,178,226,238,30,26,0,0
11279,Mgam2-ps,5,4,0,0,3,1,0,0,242,234,237,242,242,2,3,0,0
13144,Olfr1387,9,2,0,0,13,5,0,0,242,220,235,242,242,-4,-3,0,0
11367,Mkx,54,26,8,6,52,33,8,1,242,136,183,226,235,2,-7,0,5
13061,Olfr13,21,12,0,0,28,14,0,0,242,193,216,242,242,-7,-2,0,0
11370,Mlec,38,21,3,2,50,26,3,1,242,154,195,236,239,-12,-5,0,1
13102,Olfr1341,29,9,1,0,26,11,1,0,242,187,222,240,242,3,-2,0,0
11447,Mogat1,34,31,7,3,57,42,7,3,242,151,169,228,236,-23,-11,0,0
13095,Olfr1335,5,5,0,0,2,2,0,0,242,235,235,242,242,3,3,0,0
1056,Alox12b,36,20,2,0,24,14,2,0,242,182,208,238,242,12,6,0,0
11454,Morc1,26,7,0,0,24,11,0,0,242,192,224,242,242,2,-4,0,0
13094,Olfr1333,6,2,0,0,10,8,0,0,242,226,232,242,242,-4,-6,0,0
13093,Olfr1331,3,0,0,0,10,5,0,0,242,229,237,242,242,-7,-5,0,0
16281,Rhox3f,6,2,0,0,2,1,0,0,242,234,239,242,242,4,1,0,0
13092,Olfr1330,2,2,0,0,7,6,0,0,242,233,234,242,242,-5,-4,0,0
16279,Rhox3c,6,5,1,0,15,10,1,0,242,221,227,240,242,-9,-5,0,0
13088,Olfr1326-ps1,2,0,0,0,2,0,0,0,242,238,242,242,242,0,0,0,0
13086,Olfr1324,11,4,0,0,12,2,0,0,242,219,236,242,242,-1,2,0,0
11471,Mov10,50,28,6,2,65,35,6,2,242,127,179,230,238,-15,-7,0,0
11472,Mov10l1,16,11,0,0,15,8,0,0,242,211,223,242,242,1,3,0,0
11473,Moxd1,33,17,2,0,28,16,2,1,242,181,209,238,241,5,1,0,-1
1043,Alkal1,18,17,4,2,23,22,4,0,242,201,203,234,240,-5,-5,0,2
13082,Olfr1320,2,1,0,0,1,1,0,0,242,239,240,242,242,1,0,0,0
13081,Olfr132,10,6,0,0,1,0,0,0,242,231,236,242,242,9,6,0,0
21443,Wnt9b,28,13,1,1,23,11,1,0,242,191,218,240,241,5,2,0,1
13073,Olfr1311,1,1,0,0,3,2,0,0,242,238,239,242,242,-2,-1,0,0
13069,Olfr1308,0,0,0,0,1,0,0,0,242,241,242,242,242,-1,0,0,0
13067,Olfr1306,1,1,0,0,0,0,0,0,242,241,241,242,242,1,1,0,0
21455,Wwc1,47,21,2,2,36,19,2,0,242,159,202,238,240,11,2,0,2
13066,Olfr1305,1,1,0,0,0,0,0,0,242,241,241,242,242,1,1,0,0
11507,Mpv17l2,46,24,7,3,47,20,7,3,242,149,198,228,236,-1,4,0,0
11508,Mpz,48,28,6,0,64,39,6,0,242,130,175,230,242,-16,-11,0,0
11512,Mr1,36,25,6,0,60,34,6,1,242,146,183,230,241,-24,-9,0,-1
16290,Rhox4f,12,11,1,0,4,4,1,0,242,226,227,240,242,8,7,0,0
1064,Alpk1,50,22,5,1,51,25,5,0,242,141,195,232,241,-1,-3,0,1
1066,Alpk3,42,23,2,0,32,16,2,0,242,168,203,238,242,10,7,0,0
1088,Amfr,38,23,4,2,35,14,4,2,242,169,205,234,238,3,9,0,0
13134,Olfr1377,5,3,0,0,3,1,0,0,242,234,238,242,242,2,2,0,0
16313,Rimbp2,37,21,3,1,40,27,3,1,242,165,194,236,240,-3,-6,0,0
13133,Olfr1375,2,2,1,0,5,5,1,1,242,235,235,240,241,-3,-3,0,-1
13129,Olfr137,44,19,5,0,37,23,5,3,242,161,200,232,239,7,-4,0,-3
13126,Olfr1367,3,3,0,0,0,0,0,0,242,239,239,242,242,3,3,0,0
11384,Mlx,51,28,4,3,31,15,4,0,242,160,199,234,239,20,13,0,3
1098,Amot,50,26,4,2,52,28,4,1,242,140,188,234,239,-2,-2,0,1
11392,Mmd,51,30,7,4,56,31,7,3,242,135,181,228,235,-5,-1,0,1
13124,Olfr1364,2,2,0,0,1,0,0,0,242,239,240,242,242,1,2,0,0
11396,Mmgt1,43,28,7,2,46,23,7,0,242,153,191,228,240,-3,5,0,2
16303,Ric3,26,15,1,0,34,18,1,1,242,182,209,240,241,-8,-3,0,-1
13123,Olfr1362,1,0,0,0,1,1,0,0,242,240,241,242,242,0,-1,0,0
11403,Mmp15,36,15,2,2,50,27,2,0,242,156,200,238,240,-14,-12,0,2
507,Abcg2,49,32,10,6,55,34,10,5,242,138,176,222,231,-6,-2,0,1
13121,Olfr1360,2,1,0,0,5,3,0,0,242,235,238,242,242,-3,-2,0,0
11410,Mmp20,11,1,0,0,11,7,0,0,242,220,234,242,242,0,-6,0,0
1084,Amelx,14,14,1,0,16,15,1,0,242,212,213,240,242,-2,-1,0,0
21774,Zfp335,53,23,2,2,39,14,2,1,242,150,205,238,239,14,9,0,1
13119,Olfr1359,1,0,0,0,0,0,0,0,242,241,242,242,242,1,0,0,0
13115,Olfr1355,4,1,0,0,3,0,0,0,242,235,241,242,242,1,1,0,0
1077,Ambn,11,7,0,0,12,8,0,0,242,219,227,242,242,-1,-1,0,0
13114,Olfr1354,3,2,0,0,1,1,0,0,242,238,239,242,242,2,1,0,0
13113,Olfr1353,6,5,0,0,3,3,0,0,242,233,234,242,242,3,2,0,0
1073,Alx4,43,21,0,0,30,14,0,0,242,169,207,242,242,13,7,0,0
13110,Olfr1350,7,6,1,1,4,4,1,0,242,231,232,240,241,3,2,0,1
13109,Olfr135,1,1,0,0,2,0,0,0,242,239,241,242,242,-1,1,0,0
16052,Rbm8a,56,22,6,2,28,15,6,3,242,158,205,230,237,28,7,0,-1
12931,Olfr1162,13,5,0,0,15,9,0,0,242,214,228,242,242,-2,-4,0,0
13197,Olfr1450,5,3,1,0,2,1,1,0,242,235,238,240,242,3,2,0,0
15823,Rab33b,63,38,4,2,43,19,4,0,242,136,185,234,240,20,19,0,2
21718,Zfp160,41,25,8,5,51,32,8,4,242,150,185,226,233,-10,-7,0,1
12317,Nkd1,46,24,3,1,52,37,3,1,242,144,181,236,240,-6,-13,0,0
15817,Rab2a,37,17,4,2,40,15,4,0,242,165,210,234,240,-3,2,0,2
12322,Nkpd1,59,30,5,0,53,30,5,3,242,130,182,232,239,6,0,0,-3
21605,Zbtb6,37,18,3,2,42,25,3,1,242,163,199,236,239,-5,-7,0,1
12723,Oas2,62,39,8,2,46,22,8,2,242,134,181,226,238,16,17,0,0
12722,Oas1h,25,18,1,0,19,14,1,1,242,198,210,240,241,6,4,0,-1
21613,Zc2hc1a,40,22,5,2,69,38,5,0,242,133,182,232,240,-29,-16,0,2
21716,Zfp148,46,20,3,2,42,23,3,0,242,154,199,236,240,4,-3,0,2
12347,Nlrc5,61,40,6,2,68,49,6,2,242,113,153,230,238,-7,-9,0,0
12715,Oas1a,58,40,8,2,47,25,8,2,242,137,177,226,238,11,15,0,0
15801,Rab17,38,23,5,3,55,36,5,2,242,149,183,232,237,-17,-13,0,1
12712,Oacyl,40,27,5,2,56,34,5,0,242,146,181,232,240,-16,-7,0,2
12356,Nlrp4b,5,4,0,0,5,1,0,0,242,232,237,242,242,0,3,0,0
12709,Nyap2,13,5,0,0,12,5,0,0,242,217,232,242,242,1,0,0,0
15797,Rab12,47,27,7,3,55,27,7,0,242,140,188,228,239,-8,0,0,3
21621,Zc3h12d,49,34,3,2,58,33,3,0,242,135,175,236,240,-9,1,0,2
12362,Nlrp9a,11,5,0,0,3,1,0,0,242,228,236,242,242,8,4,0,0
15612,Ptafr,57,34,7,0,64,42,7,2,242,121,166,228,240,-7,-8,0,-2
15794,Rab11fip3,42,25,4,2,59,29,4,1,242,141,188,234,239,-17,-4,0,1
12370,Nme2,51,32,5,3,35,24,5,2,242,156,186,232,237,16,8,0,1
704,Adam23,40,24,4,0,42,21,4,1,242,160,197,234,241,-2,3,0,-1
15788,R3hdml,21,13,2,0,29,23,2,1,242,192,206,238,241,-8,-10,0,-1
12702,Nxph1,20,15,0,0,22,9,0,0,242,200,218,242,242,-2,6,0,0
12385,Nms,9,8,3,1,12,9,3,0,242,221,225,236,241,-3,-1,0,1
699,Adam1b,52,31,9,4,32,22,9,6,242,158,189,224,232,20,9,0,-2
12390,Nmur2,12,4,0,0,5,3,0,0,242,225,235,242,242,7,1,0,0
12311,Nkain2,37,22,5,2,49,29,5,1,242,156,191,232,239,-12,-7,0,1
12737,Obox7,16,15,1,0,9,8,1,0,242,217,219,240,242,7,7,0,0
887,Agpat1,32,17,7,3,52,30,7,5,242,158,195,228,234,-20,-13,0,-2
15830,Rab39b,61,36,3,0,37,16,3,0,242,144,190,236,242,24,20,0,0
12226,Nexmif,22,13,1,0,22,9,1,0,242,198,220,240,242,0,4,0,0
12227,Nexn,53,27,10,1,64,42,10,4,242,125,173,222,237,-11,-15,0,-3
12231,Nfasc,19,8,1,0,27,11,1,0,242,196,223,240,242,-8,-3,0,0
12233,Nfatc1,59,37,2,0,48,24,2,0,242,135,181,238,242,11,13,0,0
12234,Nfatc2,46,25,3,0,55,29,3,3,242,141,188,236,239,-9,-4,0,-3
12796,Olfml3,52,31,6,2,58,30,6,0,242,132,181,230,240,-6,1,0,2
12795,Olfml2b,55,33,6,2,57,33,6,3,242,130,176,230,237,-2,0,0,-1
15856,Rab9,42,27,4,2,39,19,4,1,242,161,196,234,239,3,8,0,1
12792,Olfm5,7,4,0,0,9,5,0,0,242,226,233,242,242,-2,-1,0,0
15854,Rab8a,28,12,3,2,41,12,3,1,242,173,218,236,239,-13,0,0,1
12785,Oit3,61,32,2,1,41,19,2,0,242,140,191,238,241,20,13,0,1
12239,Nfe2l1,50,25,3,2,42,21,3,2,242,150,196,236,238,8,4,0,0
15853,Rab7b,48,35,8,3,80,44,8,4,242,114,163,226,235,-32,-9,0,-1
745,Adamtsl1,45,16,2,0,52,36,2,0,242,145,190,238,242,-7,-20,0,0
12772,Oga,30,14,3,2,51,27,3,1,242,161,201,236,239,-21,-13,0,1
12251,Nfkbid,78,43,7,2,46,23,7,2,242,118,176,228,238,32,20,0,0
12253,Nfkbil1,43,21,3,2,31,13,3,1,242,168,208,236,239,12,8,0,1
566,Acadvl,40,18,3,2,26,12,3,0,242,176,212,236,240,14,6,0,2
12760,Odc1,35,22,2,2,42,22,2,1,242,165,198,238,239,-7,0,0,1
12270,Ngrn,47,21,4,2,31,17,4,1,242,164,204,234,239,16,4,0,1
568,Acap1,40,21,4,2,56,30,4,1,242,146,191,234,239,-16,-9,0,1
12752,Ocrl,56,34,7,3,44,28,7,6,242,142,180,228,233,12,6,0,-3
12274,Nhlrc1,44,16,2,0,42,21,2,1,242,156,205,238,241,2,-5,0,-1
12739,Obp1a,3,2,0,0,2,2,0,0,242,237,238,242,242,1,0,0,0
12292,Ninj1,43,27,8,3,59,35,8,3,242,140,180,226,236,-16,-8,0,0
15832,Rab3b,55,39,9,5,48,28,9,4,242,139,175,224,233,7,11,0,1
21724,Zfp185,38,23,4,2,64,32,4,1,242,140,187,234,239,-26,-9,0,1
586,Acer2,48,28,2,1,65,32,2,1,242,129,182,238,240,-17,-4,0,0
12399,Noc4l,34,17,3,2,35,16,3,1,242,173,209,236,239,-1,1,0,1
12692,Nxf2,46,25,2,0,42,22,2,1,242,154,195,238,241,4,3,0,-1
21637,Zcchc12,49,24,1,0,33,9,1,1,242,160,209,240,241,16,15,0,-1
12501,Nr1d1,62,31,6,2,56,30,6,2,242,124,181,230,238,6,1,0,0
658,Actl7a,26,17,3,1,34,23,3,1,242,182,202,236,240,-8,-6,0,0
656,Actl6a,29,19,4,3,42,22,4,1,242,171,201,234,238,-13,-3,0,2
15643,Ptgfrn,42,23,3,1,49,26,3,0,242,151,193,236,241,-7,-3,0,1
655,Actl11,4,2,0,0,2,0,0,0,242,236,240,242,242,2,2,0,0
12515,Nr2f2,55,34,5,2,50,31,5,1,242,137,177,232,239,5,3,0,1
15644,Ptgir,63,31,4,0,59,34,4,2,242,120,177,234,240,4,-3,0,-2
12517,Nr3c1,44,22,4,2,53,30,4,2,242,145,190,234,238,-9,-8,0,0
12649,Nudt9,39,20,3,2,43,21,3,1,242,160,201,236,239,-4,-1,0,1
651,Acte1,31,20,1,0,15,12,1,0,242,196,210,240,242,16,8,0,0
649,Actbl2,19,10,0,0,24,4,0,0,242,199,228,242,242,-5,6,0,0
15724,Pus1,44,19,4,2,43,15,4,1,242,155,208,234,239,1,4,0,1
15707,Ptrh1,46,25,3,0,36,17,3,3,242,160,200,236,239,10,8,0,-3
15654,Pthlh,67,49,7,3,44,29,7,3,242,131,164,228,236,23,20,0,0
21675,Zdhhc8,51,28,3,2,54,27,3,1,242,137,187,236,239,-3,1,0,1
15701,Ptprr,44,18,3,1,44,19,3,2,242,154,205,236,239,0,-1,0,-1
12554,Nrsn2,31,20,1,0,19,14,1,0,242,192,208,240,242,12,6,0,0
634,Acsl3,35,17,5,2,66,37,5,2,242,141,188,232,238,-31,-20,0,0
15699,Ptpro,48,25,4,2,51,25,4,2,242,143,192,234,238,-3,0,0,0
15661,Ptn,57,33,4,0,49,33,4,2,242,136,176,234,240,8,0,0,-2
12612,Ntsr1,13,4,0,0,13,7,0,0,242,216,231,242,242,0,-3,0,0
612,Acot8,32,19,5,2,42,24,5,3,242,168,199,232,237,-10,-5,0,-1
15680,Ptpn3,46,28,10,3,60,33,10,2,242,136,181,222,237,-14,-5,0,1
21688,Zfc3h1,40,19,2,2,45,27,2,0,242,157,196,238,240,-5,-8,0,2
12592,Nt5e,47,34,11,5,56,36,11,3,242,139,172,220,234,-9,-2,0,2
12593,Nt5el,12,3,0,0,19,10,0,0,242,211,229,242,242,-7,-7,0,0
614,Acox1,52,27,3,2,37,14,3,0,242,153,201,236,240,15,13,0,2
661,Actn1,48,18,3,3,33,12,3,1,242,161,212,236,238,15,6,0,2
12497,Nqo1,57,36,9,2,65,41,9,4,242,120,165,224,236,-8,-5,0,-2
12496,Npy6r,13,5,1,0,22,10,1,1,242,207,227,240,241,-9,-5,0,-1
12456,Npc2,42,24,4,2,39,18,4,1,242,161,200,234,239,3,6,0,1
15771,Qprt,48,28,6,3,63,37,6,3,242,131,177,230,236,-15,-9,0,0
12690,Nwd2,22,12,0,0,32,19,0,0,242,188,211,242,242,-10,-7,0,0
15770,Qpctl,33,10,4,3,46,19,4,2,242,163,213,234,237,-13,-9,0,1
692,Adam11,26,9,1,0,69,32,1,1,242,147,201,240,241,-43,-23,0,-1
587,Acer3,46,24,5,2,56,29,5,1,242,140,189,232,239,-10,-5,0,1
12428,Nos1ap,42,27,4,1,52,30,4,0,242,148,185,234,241,-10,-3,0,1
12430,Nos3,33,9,1,0,40,24,1,0,242,169,209,240,242,-7,-15,0,0
12431,Nosip,30,13,6,3,57,25,6,3,242,155,204,230,236,-27,-12,0,0
21640,Zcchc17,43,23,2,2,41,25,2,1,242,158,194,238,239,2,-2,0,1
15627,Ptdss2,43,21,6,3,55,30,6,1,242,144,191,230,238,-12,-9,0,2
15759,Pygo2,44,17,3,3,41,25,3,0,242,157,200,236,239,3,-8,0,3
12453,Npbwr1,15,6,0,0,8,3,0,0,242,219,233,242,242,7,3,0,0
21652,Zdbf2,17,7,2,0,26,15,2,1,242,199,220,238,241,-9,-8,0,-1
600,Acod1,40,26,4,2,35,18,4,1,242,167,198,234,239,5,8,0,1
15636,Ptger3,48,25,4,3,46,25,4,2,242,148,192,234,237,2,0,0,1
674,Actrt1,4,3,0,0,4,1,0,0,242,234,238,242,242,0,2,0,0
21657,Zdhhc14,35,13,3,0,47,25,3,2,242,160,204,236,240,-12,-12,0,-2
15753,Pycr2,49,21,3,3,42,15,3,0,242,151,206,236,239,7,6,0,3
21662,Zdhhc19,20,18,4,2,34,25,4,4,242,188,199,234,236,-14,-7,0,-2
15747,Pxmp4,45,28,3,2,43,23,3,1,242,154,191,236,239,2,5,0,1
21667,Zdhhc23,33,14,3,0,43,28,3,0,242,166,200,236,242,-10,-14,0,0
15745,Pxk,26,13,2,2,54,27,2,1,242,162,202,238,239,-28,-14,0,1
21668,Zdhhc24,47,26,6,2,53,26,6,4,242,142,190,230,236,-6,0,0,-2
599,Aco2,30,24,4,2,42,19,4,2,242,170,199,234,238,-12,5,0,0
12492,Npy1r,59,32,4,0,47,27,4,2,242,136,183,234,240,12,5,0,-2
15640,Ptges3,69,31,4,3,25,12,4,2,242,148,199,234,237,44,19,0,1
12800,Olfr1002,2,2,0,0,0,0,0,0,242,240,240,242,242,2,2,0,0
12801,Olfr1006,1,1,0,0,0,0,0,0,242,241,241,242,242,1,1,0,0
12206,Nes,58,32,8,3,43,21,8,0,242,141,189,226,239,15,11,0,3
15971,Rasgrf2,32,16,0,0,25,11,0,0,242,185,215,242,242,7,5,0,0
12895,Olfr1121,0,0,0,0,0,0,0,0,242,242,242,242,242,0,0,0,0
11948,Myt1l,23,13,2,0,26,17,2,0,242,193,212,238,242,-3,-4,0,0
15559,Psma7,42,26,5,3,34,17,5,1,242,166,199,232,238,8,9,0,2
11961,Naa11,11,4,0,0,23,13,0,0,242,208,225,242,242,-12,-9,0,0
21744,Zfp267,57,33,5,0,43,25,5,3,242,142,184,232,239,14,8,0,-3
12889,Olfr1113,2,1,0,0,1,1,0,0,242,239,240,242,242,1,0,0,0
11967,Naa35,37,19,6,4,49,25,6,3,242,156,198,230,235,-12,-6,0,1
12888,Olfr1112,6,6,1,1,3,3,1,0,242,233,233,240,241,3,3,0,1
12887,Olfr1111,2,2,0,0,1,1,0,0,242,239,239,242,242,1,1,0,0
841,Adsl,42,26,6,3,43,22,6,2,242,157,194,230,237,-1,4,0,1
12886,Olfr1110,4,1,0,0,8,4,0,0,242,230,237,242,242,-4,-3,0,0
16007,Rbfa,41,19,6,2,43,18,6,2,242,158,205,230,238,-2,1,0,0
11982,Nacad,52,38,11,2,68,48,11,4,242,122,156,220,236,-16,-10,0,-2
12879,Olfr1102,1,1,0,0,2,1,0,0,242,239,240,242,242,-1,0,0,0
12878,Olfr1101,0,0,0,0,2,0,0,0,242,240,242,242,242,-2,0,0,0
12004,Nanos2,36,26,2,1,34,26,2,1,242,172,190,238,240,2,0,0,0
15995,Rax,27,19,4,2,28,20,4,1,242,187,203,234,239,-1,-1,0,1
15994,Raver2,43,30,3,0,40,20,3,1,242,159,192,236,241,3,10,0,-1
12877,Olfr1100,10,3,0,0,9,4,0,0,242,223,235,242,242,1,-1,0,0
12876,Olfr110,18,11,1,1,11,8,1,1,242,213,223,240,240,7,3,0,0
12872,Olfr1097,7,3,0,0,6,0,0,0,242,229,239,242,242,1,3,0,0
12038,Natd1,47,24,4,2,50,30,4,0,242,145,188,234,240,-3,-6,0,2
15974,Rasgrp3,56,36,8,2,63,31,8,1,242,123,175,226,239,-7,5,0,1
12871,Olfr1096,1,1,0,0,0,0,0,0,242,241,241,242,242,1,1,0,0
12046,Nbea,31,13,2,1,45,17,2,0,242,166,212,238,241,-14,-4,0,1
12870,Olfr1095,0,0,0,0,0,0,0,0,242,242,242,242,242,0,0,0,0
12868,Olfr1093,3,2,0,0,2,2,0,0,242,237,238,242,242,1,0,0,0
12897,Olfr1123,27,8,0,0,22,9,0,0,242,193,225,242,242,5,-1,0,0
12899,Olfr1126,2,2,0,0,1,0,0,0,242,239,240,242,242,1,2,0,0
11937,Myot,24,11,1,1,28,17,1,0,242,190,214,240,241,-4,-6,0,1
12909,Olfr1136,2,2,0,0,0,0,0,0,242,240,240,242,242,2,2,0,0
16048,Rbm4b,42,17,5,4,47,22,5,1,242,153,203,232,237,-5,-5,0,3
12927,Olfr1158,0,0,0,0,0,0,0,0,242,242,242,242,242,0,0,0,0
12924,Olfr1155,1,0,0,0,1,1,0,0,242,240,241,242,242,0,-1,0,0
12922,Olfr1153,1,1,0,0,6,5,0,0,242,235,236,242,242,-5,-4,0,0
12920,Olfr1151,4,4,1,1,3,2,1,0,242,235,236,240,241,1,2,0,1
536,Abi3bp,55,40,6,1,46,27,6,2,242,141,175,230,239,9,13,0,-1
11874,Myh2,17,7,1,0,19,8,1,0,242,206,227,240,242,-2,-1,0,0
12916,Olfr1145,0,0,0,0,1,1,0,0,242,241,241,242,242,-1,-1,0,0
12915,Olfr1143,0,0,0,0,0,0,0,0,242,242,242,242,242,0,0,0,0
12914,Olfr1141,1,1,0,0,4,4,0,0,242,237,237,242,242,-3,-3,0,0
11885,Myl12b,47,29,7,5,41,24,7,3,242,154,189,228,234,6,5,0,2
12913,Olfr1140,2,2,0,0,4,4,0,0,242,236,236,242,242,-2,-2,0,0
11887,Myl3,42,33,10,2,40,31,10,3,242,160,178,222,237,2,2,0,-1
12900,Olfr1128,3,2,0,0,5,5,0,0,242,234,235,242,242,-2,-3,0,0
12907,Olfr1134,0,0,0,0,1,1,0,0,242,241,241,242,242,-1,-1,0,0
12906,Olfr1133,1,1,0,0,2,2,0,0,242,239,239,242,242,-1,-1,0,0
11899,Mymk,22,18,3,0,26,21,3,0,242,194,203,236,242,-4,-3,0,0
16037,Rbm38,69,41,8,2,38,29,8,2,242,135,172,226,238,31,12,0,0
869,Agap3,48,24,4,2,41,21,4,1,242,153,197,234,239,7,3,0,1
867,Agap1,49,21,3,3,44,19,3,0,242,149,202,236,239,5,2,0,3
865,Aftph,27,12,3,2,57,22,3,0,242,158,208,236,240,-30,-10,0,2
11921,Myo5c,45,23,5,0,42,26,5,2,242,155,193,232,240,3,-3,0,-2
21543,Ypel1,53,34,8,0,66,44,8,0,242,123,164,226,242,-13,-10,0,0
858,Aff4,36,19,4,2,58,38,4,0,242,148,185,234,240,-22,-19,0,2
21745,Zfp268,50,26,5,1,62,29,5,2,242,130,187,232,239,-12,-3,0,-1
11933,Myom1,66,34,6,0,41,26,6,2,242,135,182,230,240,25,8,0,-2
15562,Psmb10,48,23,5,2,41,23,5,2,242,153,196,232,238,7,0,0,0
12865,Olfr1089,1,1,0,0,0,0,0,0,242,241,241,242,242,1,1,0,0
12802,Olfr1008,0,0,0,0,0,0,0,0,242,242,242,242,242,0,0,0,0
805,Adh4,26,23,7,1,34,27,7,2,242,182,192,228,239,-8,-4,0,-1
12829,Olfr1038-ps,0,0,0,0,1,1,0,0,242,241,241,242,242,-1,-1,0,0
15908,Ralb,57,33,6,2,47,17,6,2,242,138,192,230,238,10,16,0,0
15906,Rai2,26,11,1,0,26,14,1,0,242,190,217,240,242,0,-3,0,0
15904,Rai1,37,21,4,1,55,35,4,0,242,150,186,234,241,-18,-14,0,1
12827,Olfr1036,3,1,0,0,2,0,0,0,242,237,241,242,242,1,1,0,0
12156,Ndufv1,27,11,3,2,41,20,3,2,242,174,211,236,238,-14,-9,0,0
12824,Olfr1032,4,4,0,0,2,2,0,0,242,236,236,242,242,2,2,0,0
12822,Olfr1030,5,4,0,0,4,0,0,0,242,233,238,242,242,1,4,0,0
12160,Nebl,54,25,3,0,52,23,3,0,242,136,194,236,242,2,2,0,0
15897,Radx,26,13,1,0,37,19,1,0,242,179,210,240,242,-11,-6,0,0
21735,Zfp236,49,22,3,2,50,25,3,1,242,143,195,236,239,-1,-3,0,1
12172,Nedd4l,49,29,5,2,42,18,5,1,242,151,195,232,239,7,11,0,1
12176,Nefl,23,7,0,0,28,13,0,0,242,191,222,242,242,-5,-6,0,0
12817,Olfr1025-ps1,1,1,0,0,3,3,0,0,242,238,238,242,242,-2,-2,0,0
12816,Olfr1024,0,0,0,0,0,0,0,0,242,242,242,242,242,0,0,0,0
12182,Nek1,37,15,2,1,51,25,2,0,242,154,202,238,241,-14,-10,0,1
15886,Rad51ap2,38,21,3,0,26,17,3,1,242,178,204,236,241,12,4,0,-1
15884,Rad51,51,23,3,0,62,39,3,2,242,129,180,236,240,-11,-16,0,-2
12814,Olfr1022,1,1,0,0,4,4,0,0,242,237,237,242,242,-3,-3,0,0
15880,Rad21l,33,25,0,0,19,9,0,0,242,190,208,242,242,14,16,0,0
12813,Olfr1020,18,7,1,1,32,13,1,0,242,192,222,240,241,-14,-6,0,1
12198,Nell2,42,21,2,2,35,20,2,0,242,165,201,238,240,7,1,0,2
12810,Olfr1018,7,3,0,0,0,0,0,0,242,235,239,242,242,7,3,0,0
759,Adck2,37,17,4,2,58,30,4,1,242,147,195,234,239,-21,-13,0,1
12203,Neo1,39,25,4,2,53,21,4,1,242,150,196,234,239,-14,4,0,1
12808,Olfr1015,4,3,0,0,4,1,0,0,242,234,238,242,242,0,2,0,0
12204,Nepn,41,27,6,4,48,29,6,3,242,153,186,230,235,-7,-2,0,1
15910,Ralgapa1,30,14,2,2,49,23,2,1,242,163,205,238,239,-19,-9,0,1
12832,Olfr1040,0,0,0,0,0,0,0,0,242,242,242,242,242,0,0,0,0
12835,Olfr1044,26,13,3,2,21,8,3,0,242,195,221,236,240,5,5,0,2
21570,Zbed5,57,38,6,3,55,36,6,2,242,130,168,230,237,2,2,0,1
803,Adgrv1,35,20,3,0,52,36,3,1,242,155,186,236,241,-17,-16,0,-1
799,Adgrl1,44,24,5,1,67,34,5,1,242,131,184,232,240,-23,-10,0,0
12073,Nckap1,37,20,6,2,55,26,6,2,242,150,196,230,238,-18,-6,0,0
15957,Rasa1,26,16,5,2,63,29,5,1,242,153,197,232,239,-37,-13,0,1
12863,Olfr1086,1,1,0,0,0,0,0,0,242,241,241,242,242,1,1,0,0
12081,Ncoa1,32,16,4,2,61,31,4,1,242,149,195,234,239,-29,-15,0,1
12861,Olfr1084,0,0,0,0,2,2,0,0,242,240,240,242,242,-2,-2,0,0
12860,Olfr1082,4,4,0,0,2,2,0,0,242,236,236,242,242,2,2,0,0
12088,Ncor1,28,17,6,3,44,17,6,1,242,170,208,230,238,-16,0,0,2
12089,Ncor2,56,34,2,2,46,18,2,2,242,140,190,238,238,10,16,0,0
12859,Olfr1080,4,3,0,0,0,0,0,0,242,238,239,242,242,4,3,0,0
15944,Rapgef4,29,16,1,0,61,34,1,0,242,152,192,240,242,-32,-18,0,0
12101,Ndor1,42,16,4,3,46,22,4,2,242,154,204,234,237,-4,-6,0,1
12836,Olfr1045,1,0,0,0,1,1,0,0,242,240,241,242,242,0,-1,0,0
12858,Olfr108,2,2,0,0,5,4,0,0,242,235,236,242,242,-3,-2,0,0
12856,Olfr1076,0,0,0,0,0,0,0,0,242,242,242,242,242,0,0,0,0
12854,Olfr1066,1,1,0,0,0,0,0,0,242,241,241,242,242,1,1,0,0
12850,Olfr106-ps,1,1,0,0,5,1,0,0,242,236,240,242,242,-4,0,0,0
12849,Olfr1058,0,0,0,0,2,2,0,0,242,240,240,242,242,-2,-2,0,0
12111,Ndufa1,50,28,10,4,36,24,10,6,242,156,190,222,232,14,4,0,-2
12848,Olfr1057,10,5,0,0,17,4,0,0,242,215,233,242,242,-7,1,0,0
12847,Olfr1056,4,1,0,0,4,3,0,0,242,234,238,242,242,0,-2,0,0
12845,Olfr1054,1,1,0,0,3,3,0,0,242,238,238,242,242,-2,-2,0,0
12844,Olfr1053,1,1,0,0,0,0,0,0,242,241,241,242,242,1,1,0,0
12840,Olfr1049,2,1,0,0,0,0,0,0,242,240,241,242,242,2,1,0,0
21574,Zbtb11,56,26,2,2,23,15,2,0,242,163,201,238,240,33,11,0,2
13196,Olfr145,12,7,0,0,5,1,0,0,242,225,234,242,242,7,6,0,0
13199,Olfr1453,1,1,0,0,1,1,0,0,242,240,240,242,242,0,0,0,0
13687,Olfr685,12,5,0,0,5,2,0,0,242,225,235,242,242,7,3,0,0
1539,Arsk,40,25,5,4,57,33,5,1,242,145,184,232,237,-17,-8,0,3
21192,Vmn2r80,3,1,0,0,1,0,0,0,242,238,241,242,242,2,1,0,0
13562,Olfr551,10,9,0,0,3,1,0,0,242,229,232,242,242,7,8,0,0
21193,Vmn2r81,3,1,0,0,9,5,0,0,242,230,236,242,242,-6,-4,0,0
10191,Krt9,16,6,0,0,15,8,0,0,242,211,228,242,242,1,-2,0,0
389,A1cf,25,20,4,2,32,19,4,0,242,185,203,234,240,-7,1,0,2
13557,Olfr547,7,7,1,0,6,6,1,0,242,229,229,240,242,1,1,0,0
13556,Olfr545,60,33,6,1,53,30,6,0,242,129,179,230,241,7,3,0,1
10198,Krtap11-1,7,7,0,0,0,0,0,0,242,235,235,242,242,7,7,0,0
10201,Krtap13-1,3,3,1,1,5,5,1,0,242,234,234,240,241,-2,-2,0,1
16889,Scd2,42,24,6,3,62,41,6,0,242,138,177,230,239,-20,-17,0,3
390,A230072I06Rik,2,1,0,0,4,2,0,0,242,236,239,242,242,-2,-1,0,0
10207,Krtap19-1,0,0,0,0,0,0,0,0,242,242,242,242,242,0,0,0,0
13552,Olfr54,29,16,0,0,26,12,0,0,242,187,214,242,242,3,4,0,0
10208,Krtap19-2,1,1,0,0,0,0,0,0,242,241,241,242,242,1,1,0,0
13548,Olfr535,7,3,0,0,20,11,0,0,242,215,228,242,242,-13,-8,0,0
10210,Krtap19-4,0,0,0,0,0,0,0,0,242,242,242,242,242,0,0,0,0
10211,Krtap19-5,0,0,0,0,0,0,0,0,242,242,242,242,242,0,0,0,0
10212,Krtap19-9b,0,0,0,0,0,0,0,0,242,242,242,242,242,0,0,0,0
13547,Olfr533,18,9,3,0,32,16,3,0,242,192,217,236,242,-14,-7,0,0
16886,Scart2,23,6,0,0,18,10,0,0,242,201,226,242,242,5,-4,0,0
10218,Krtap26-1,2,2,0,0,8,7,0,0,242,232,233,242,242,-6,-5,0,0
21197,Vmn2r85,8,2,1,1,20,6,1,0,242,214,234,240,241,-12,-4,0,1
13543,Olfr53,4,4,2,0,8,8,2,0,242,230,230,238,242,-4,-4,0,0
13542,Olfr527,23,8,0,0,16,5,0,0,242,203,229,242,242,7,3,0,0
13540,Olfr524,6,4,0,0,3,3,0,0,242,233,235,242,242,3,1,0,0
13538,Olfr522,1,0,0,0,9,3,0,0,242,232,239,242,242,-8,-3,0,0
10227,Krtap31-2,3,3,0,0,0,0,0,0,242,239,239,242,242,3,3,0,0
10185,Krt82,7,0,0,0,5,3,0,0,242,230,239,242,242,2,-3,0,0
13564,Olfr553,2,0,0,0,2,1,0,0,242,238,241,242,242,0,-1,0,0
13474,Olfr455,18,14,2,0,24,15,2,0,242,200,213,238,242,-6,-1,0,0
10181,Krt79,39,22,3,0,27,12,3,2,242,176,208,236,240,12,10,0,-2
13583,Olfr574,1,1,0,0,4,4,0,0,242,237,237,242,242,-3,-3,0,0
16901,Scgb1b12,0,0,0,0,0,0,0,0,242,242,242,242,242,0,0,0,0
16900,Scgb1b11,0,0,0,0,0,0,0,0,242,242,242,242,242,0,0,0,0
13582,Olfr573-ps1,0,0,0,0,0,0,0,0,242,242,242,242,242,0,0,0,0
10142,Krt12,38,14,1,0,18,7,1,0,242,186,221,240,242,20,7,0,0
13581,Olfr572,1,1,0,0,0,0,0,0,242,241,241,242,242,1,1,0,0
21179,Vmn2r69,26,8,2,1,40,27,2,1,242,176,207,238,240,-14,-19,0,0
1559,Asb12,11,8,2,0,25,19,2,0,242,206,215,238,242,-14,-11,0,0
10150,Krt2,6,2,0,0,15,8,0,0,242,221,232,242,242,-9,-6,0,0
16899,Scgb1b10,0,0,0,0,0,0,0,0,242,242,242,242,242,0,0,0,0
13577,Olfr569,29,16,0,0,25,14,0,0,242,188,212,242,242,4,2,0,0
13573,Olfr561,2,2,0,0,12,10,0,0,242,228,230,242,242,-10,-8,0,0
1555,Asap3,34,15,2,0,74,41,2,0,242,134,186,238,242,-40,-26,0,0
10157,Krt27,21,12,0,0,19,15,0,0,242,202,215,242,242,2,-3,0,0
10158,Krt28,44,22,4,2,42,20,4,2,242,156,200,234,238,2,2,0,0
10160,Krt32,13,7,0,0,10,4,0,0,242,219,231,242,242,3,3,0,0
10162,Krt33b,10,5,2,2,15,12,2,0,242,217,225,238,240,-5,-7,0,2
384,A030005K14Rik,9,6,0,0,7,7,0,0,242,226,229,242,242,2,-1,0,0
10164,Krt35,3,2,0,0,9,5,0,0,242,230,235,242,242,-6,-3,0,0
10166,Krt39,9,6,0,0,10,8,0,0,242,223,228,242,242,-1,-2,0,0
13568,Olfr557,6,3,0,0,5,3,0,0,242,231,236,242,242,1,0,0,0
21182,Vmn2r71,1,0,0,0,6,3,0,0,242,235,239,242,242,-5,-3,0,0
10175,Krt72,11,3,0,0,8,0,0,0,242,223,239,242,242,3,3,0,0
21185,Vmn2r74,16,6,0,0,19,6,0,0,242,207,230,242,242,-3,0,0,0
13567,Olfr556,15,8,2,0,19,9,2,0,242,208,225,238,242,-4,-1,0,0
10177,Krt75,20,6,1,0,16,8,1,0,242,206,228,240,242,4,-2,0,0
10180,Krt78,30,16,6,2,26,19,6,5,242,186,207,230,235,4,-3,0,-3
10233,Krtap4-7,2,1,0,0,3,0,0,0,242,237,241,242,242,-1,1,0,0
13537,Olfr521,7,2,0,0,5,1,0,0,242,230,239,242,242,2,1,0,0
13536,Olfr520,8,7,0,0,14,13,0,0,242,220,222,242,242,-6,-6,0,0
13531,Olfr516,2,0,0,0,0,0,0,0,242,240,242,242,242,2,0,0,0
1485,Arl6ip4,30,18,5,4,37,21,5,1,242,175,203,232,237,-7,-3,0,3
10313,Larp4b,33,21,3,2,53,25,3,1,242,156,196,236,239,-20,-4,0,1
13499,Olfr480,0,0,0,0,4,4,0,0,242,238,238,242,242,-4,-4,0,0
1478,Arl4c,50,20,4,0,50,26,4,0,242,142,196,234,242,0,-6,0,0
16855,Sbf2,42,24,7,3,61,40,7,3,242,139,178,228,236,-19,-16,0,0
400,A4gnt,14,5,2,2,41,22,2,2,242,187,215,238,238,-27,-17,0,0
13494,Olfr476,3,2,0,0,3,0,0,0,242,236,240,242,242,0,2,0,0
13492,Olfr473,1,0,0,0,1,0,0,0,242,240,242,242,242,0,0,0,0
1471,Arl14epl,40,19,5,2,63,36,5,0,242,139,187,232,240,-23,-17,0,2
10331,Lbx1,28,12,0,0,20,8,0,0,242,194,222,242,242,8,4,0,0
16849,Sav1,29,16,3,2,59,29,3,1,242,154,197,236,239,-30,-13,0,1
10339,Lce1c,12,7,3,0,14,11,3,1,242,216,224,236,241,-2,-4,0,-1
13490,Olfr470,8,6,0,0,9,7,0,0,242,225,229,242,242,-1,-1,0,0
1464,Arl1,36,17,3,3,35,15,3,2,242,171,210,236,237,1,2,0,1
13488,Olfr469,6,5,0,0,7,5,0,0,242,229,232,242,242,-1,0,0,0
10351,Lce3b,1,1,1,0,3,3,1,0,242,238,238,240,242,-2,-2,0,0
21845,Zfp511,37,18,5,4,45,25,5,4,242,160,199,232,234,-8,-7,0,0
1460,Arid5a,84,58,11,1,48,28,11,10,242,110,156,220,231,36,30,0,-9
10361,Lcn10,4,4,0,0,7,7,0,0,242,231,231,242,242,-3,-3,0,0
16835,Sarm1,45,27,2,1,58,30,2,0,242,139,185,238,241,-13,-3,0,1
21225,Vps13d,33,15,2,2,47,22,2,0,242,162,205,238,240,-14,-7,0,2
13480,Olfr460,25,14,1,0,21,11,1,0,242,196,217,240,242,4,3,0,0
16830,Sapcd2,59,38,12,6,57,37,12,5,242,126,167,218,231,2,1,0,1
10384,Ldhb,52,31,7,3,42,30,7,5,242,148,181,228,234,10,1,0,-2
10386,Ldhd,41,25,7,5,58,27,7,0,242,143,190,228,237,-17,-2,0,5
16827,Sap30bp,34,19,2,2,43,18,2,0,242,165,205,238,240,-9,1,0,2
10392,Ldlrap1,40,20,6,2,70,41,6,2,242,132,181,230,238,-30,-21,0,0
1489,Arl8b,39,22,4,2,42,21,4,1,242,161,199,234,239,-3,1,0,1
13504,Olfr485,0,0,0,0,0,0,0,0,242,242,242,242,242,0,0,0,0
13505,Olfr486,0,0,0,0,3,3,0,0,242,239,239,242,242,-3,-3,0,0
13518,Olfr50,9,7,0,0,3,1,0,0,242,230,234,242,242,6,6,0,0
16884,Scarf2,53,29,6,0,51,29,6,2,242,138,184,230,240,2,0,0,-2
13530,Olfr514,0,0,0,0,0,0,0,0,242,242,242,242,242,0,0,0,0
10247,Krtap9-1,0,0,0,0,5,5,0,0,242,237,237,242,242,-5,-5,0,0
10249,Krtap9-5,1,1,0,0,0,0,0,0,242,241,241,242,242,1,1,0,0
13524,Olfr508,2,2,0,0,0,0,0,0,242,240,240,242,242,2,2,0,0
21202,Vmn2r9,11,4,0,0,10,6,0,0,242,221,232,242,242,1,-2,0,0
21204,Vmn2r91,3,1,0,0,3,2,0,0,242,236,239,242,242,0,-1,0,0
13521,Olfr504,2,2,0,0,2,2,0,0,242,238,238,242,242,0,0,0,0
10258,Ky,22,8,0,0,23,14,0,0,242,197,220,242,242,-1,-6,0,0
16878,Scaper,34,17,2,2,53,27,2,0,242,155,198,238,240,-19,-10,0,2
13519,Olfr502,2,2,0,0,2,2,0,0,242,238,238,242,242,0,0,0,0
10265,L3hypdh,50,31,9,5,56,30,9,5,242,136,181,224,232,-6,1,0,0
1506,Armcx6,43,27,3,0,49,28,3,0,242,150,187,236,242,-6,-1,0,0
1491,Armc1,44,24,4,2,42,24,4,1,242,156,194,234,239,2,0,0,1
10269,L3mbtl4,50,23,6,0,52,32,6,0,242,140,187,230,242,-2,-9,0,0
13516,Olfr498,2,0,0,0,0,0,0,0,242,240,242,242,242,2,0,0,0
13515,Olfr497,9,2,0,0,8,5,0,0,242,225,235,242,242,1,-3,0,0
13514,Olfr495,3,1,0,0,1,1,0,0,242,238,240,242,242,2,0,0,0
13512,Olfr493,2,2,0,0,3,3,0,0,242,237,237,242,242,-1,-1,0,0
10284,Lamb1,69,37,4,2,38,19,4,1,242,135,186,234,239,31,18,0,1
1498,Armc7,65,37,4,0,42,26,4,1,242,135,179,234,241,23,11,0,-1
21211,Vmn2r98,5,1,0,0,6,0,0,0,242,231,241,242,242,-1,1,0,0
10290,Lamp1,42,24,3,2,25,9,3,0,242,175,209,236,240,17,15,0,2
13510,Olfr491,2,0,0,0,2,1,0,0,242,238,241,242,242,0,-1,0,0
13509,Olfr490,1,1,0,0,0,0,0,0,242,241,241,242,242,1,1,0,0
21213,Vmo1,46,40,8,3,38,31,8,2,242,158,171,226,237,8,9,0,1
10135,Kremen1,34,20,2,2,53,25,2,0,242,155,197,238,240,-19,-5,0,2
13584,Olfr575,42,19,1,0,57,32,1,0,242,143,191,240,242,-15,-13,0,0
13585,Olfr576,14,10,0,0,12,4,0,0,242,216,228,242,242,2,6,0,0
9991,Klf11,55,35,6,2,70,43,6,4,242,117,164,230,236,-15,-8,0,-2
13662,Olfr659,0,0,0,0,3,2,0,0,242,239,240,242,242,-3,-2,0,0
369,9530002B09Rik,2,2,1,0,12,6,1,1,242,228,234,240,241,-10,-4,0,-1
21143,Vmn2r33,7,2,0,0,11,6,0,0,242,224,234,242,242,-4,-4,0,0
21144,Vmn2r34,2,1,0,0,1,1,0,0,242,239,240,242,242,1,0,0,0
13655,Olfr652,23,12,2,1,30,13,2,0,242,189,217,238,241,-7,-1,0,1
16988,Sde2,51,22,2,2,34,13,2,0,242,157,207,238,240,17,9,0,2
13654,Olfr651,7,7,0,0,5,5,0,0,242,230,230,242,242,2,2,0,0
16985,Sdcbp,45,28,5,2,31,20,5,1,242,166,194,232,239,14,8,0,1
13652,Olfr649,0,0,0,0,6,5,0,0,242,236,237,242,242,-6,-5,0,0
15403,Prokr2,47,23,2,1,38,17,2,0,242,157,202,238,241,9,6,0,1
13644,Olfr640,8,5,0,0,19,7,0,0,242,215,230,242,242,-11,-2,0,0
21146,Vmn2r36,9,2,0,0,2,0,0,0,242,231,240,242,242,7,2,0,0
372,9530068E07Rik,40,20,5,2,59,24,5,3,242,143,198,232,237,-19,-4,0,-1
21148,Vmn2r38,13,7,0,0,12,2,0,0,242,217,233,242,242,1,5,0,0
16975,Scube3,54,28,7,3,52,24,7,1,242,136,190,228,238,2,4,0,2
21149,Vmn2r39,4,3,0,0,6,4,0,0,242,232,235,242,242,-2,-1,0,0
21151,Vmn2r40,4,1,0,0,5,3,0,0,242,233,238,242,242,-1,-2,0,0
1619,Atad2b,44,18,4,2,44,20,4,0,242,154,204,234,240,0,-2,0,2
13639,Olfr634-ps1,2,2,0,0,0,0,0,0,242,240,240,242,242,2,2,0,0
16966,Scrn1,58,41,8,0,51,33,8,2,242,133,168,226,240,7,8,0,-2
21152,Vmn2r41,0,0,0,0,0,0,0,0,242,242,242,242,242,0,0,0,0
13636,Olfr631,5,5,0,0,4,4,0,0,242,233,233,242,242,1,1,0,0
9979,Kiss1r,50,30,4,3,50,27,4,1,242,142,185,234,238,0,3,0,2
9980,Kit,32,15,4,0,51,27,4,3,242,159,200,234,239,-19,-12,0,-3
1615,Asxl3,29,13,1,0,39,23,1,1,242,174,206,240,241,-10,-10,0,-1
16958,Sco1,44,23,4,2,41,20,4,2,242,157,199,234,238,3,3,0,0
16955,Scnn1a,60,43,8,3,56,35,8,1,242,126,164,226,238,4,8,0,2
13665,Olfr663,1,1,0,0,1,1,0,0,242,240,240,242,242,0,0,0,0
17000,Sdk1,34,16,0,0,26,7,0,0,242,182,219,242,242,8,9,0,0
1643,Atg2b,31,14,2,2,46,20,2,1,242,165,208,238,239,-15,-6,0,1
17027,Sec24a,44,22,4,3,45,20,4,0,242,153,200,234,239,-1,2,0,3
1680,Atp1a4,30,16,1,0,21,12,1,0,242,191,214,240,242,9,4,0,0
13686,Olfr684,3,1,1,1,4,1,1,1,242,235,240,240,240,-1,0,0,0
13685,Olfr683,5,2,0,0,4,2,0,0,242,233,238,242,242,1,0,0,0
13683,Olfr681,12,5,0,0,27,10,0,0,242,203,227,242,242,-15,-5,0,0
21130,Vmn2r21,2,0,0,0,0,0,0,0,242,240,242,242,242,2,0,0,0
9805,Kcnh6,25,13,1,0,37,14,1,0,242,180,215,240,242,-12,-1,0,0
13678,Olfr677,4,4,1,0,3,2,1,0,242,235,236,240,242,1,2,0,0
21881,Zfp597,42,19,4,0,48,28,4,0,242,152,195,234,242,-6,-9,0,0
13675,Olfr672,1,1,0,0,0,0,0,0,242,241,241,242,242,1,1,0,0
9815,Kcnj12,35,17,1,0,36,16,1,0,242,171,209,240,242,-1,1,0,0
13673,Olfr670,11,6,0,0,14,3,0,0,242,217,233,242,242,-3,3,0,0
17030,Sec24d,52,33,7,2,52,34,7,2,242,138,175,228,238,0,-1,0,0
9833,Kcnk18,10,4,0,0,15,7,0,0,242,217,231,242,242,-5,-3,0,0
13666,Olfr664,1,1,0,0,3,3,0,0,242,238,238,242,242,-2,-2,0,0
9835,Kcnk3,52,25,6,2,43,25,6,2,242,147,192,230,238,9,0,0,0
9841,Kcnma1,40,22,1,1,29,16,1,0,242,173,204,240,241,11,6,0,1
13671,Olfr669,1,0,0,0,1,1,0,0,242,240,241,242,242,0,-1,0,0
368,9430069I07Rik,31,29,21,8,38,34,21,11,242,173,179,200,223,-7,-5,0,-3
9849,Kcnn4,42,19,3,0,73,40,3,0,242,127,183,236,242,-31,-21,0,0
9854,Kcnq5,35,18,2,0,40,22,2,0,242,167,202,238,242,-5,-4,0,0
9855,Kcnrg,63,35,6,1,59,27,6,0,242,120,180,230,241,4,8,0,1
1654,Atic,47,25,4,2,30,16,4,1,242,165,201,234,239,17,9,0,1
13668,Olfr666,1,0,0,0,1,1,0,0,242,240,241,242,242,0,-1,0,0
21139,Vmn2r3,25,9,0,0,21,8,0,0,242,196,225,242,242,4,1,0,0
9880,Kctd3,47,26,9,5,52,25,9,2,242,143,191,224,235,-5,1,0,3
17002,Sdr16c5,12,7,1,1,25,16,1,0,242,205,219,240,241,-13,-9,0,1
13635,Olfr630,2,1,0,0,1,1,0,0,242,239,240,242,242,1,0,0,0
13631,Olfr625-ps1,2,2,0,0,1,1,0,0,242,239,239,242,242,1,1,0,0
16903,Scgb1b18,0,0,0,0,0,0,0,0,242,242,242,242,242,0,0,0,0
13629,Olfr623,4,1,0,0,3,1,0,0,242,235,240,242,242,1,0,0,0
13605,Olfr599,2,1,0,0,1,1,0,0,242,239,240,242,242,1,0,0,0
13604,Olfr598,2,1,0,0,0,0,0,0,242,240,241,242,242,2,1,0,0
21164,Vmn2r54,5,1,0,0,13,2,0,0,242,224,239,242,242,-8,-1,0,0
16929,Scgb3a1,45,37,22,9,60,45,22,5,242,137,160,198,228,-15,-8,0,4
13601,Olfr594,2,0,0,0,3,0,0,0,242,237,242,242,242,-1,0,0,0
10073,Klk5,14,12,6,4,14,14,6,3,242,214,216,230,235,0,-2,0,1
13600,Olfr593,0,0,0,0,0,0,0,0,242,242,242,242,242,0,0,0,0
21872,Zfp575,49,15,3,1,38,20,3,0,242,155,207,236,241,11,-5,0,1
13598,Olfr591,1,1,0,0,2,0,0,0,242,239,241,242,242,-1,1,0,0
16927,Scgb2b3,0,0,0,0,0,0,0,0,242,242,242,242,242,0,0,0,0
13596,Olfr589,0,0,0,0,1,0,0,0,242,241,242,242,242,-1,0,0,0
10087,Klra7,27,25,6,0,38,34,6,1,242,177,183,230,241,-11,-9,0,-1
16919,Scgb2b18,1,1,0,0,0,0,0,0,242,241,241,242,242,1,1,0,0
13594,Olfr587-ps1,1,1,1,1,1,1,1,0,242,240,240,240,241,0,0,0,1
13592,Olfr585,1,1,0,0,0,0,0,0,242,241,241,242,242,1,1,0,0
21171,Vmn2r60,11,3,0,0,9,5,0,0,242,222,234,242,242,2,-2,0,0
13591,Olfr584,6,3,0,0,3,2,0,0,242,233,237,242,242,3,1,0,0
21172,Vmn2r61,12,5,0,0,14,6,0,0,242,216,231,242,242,-2,-1,0,0
10112,Kmt5a,51,26,3,2,42,19,3,2,242,149,197,236,238,9,7,0,0
10113,Kmt5b,41,17,3,2,43,18,3,0,242,158,207,236,240,-2,-1,0,2
10116,Kndc1,21,14,0,0,26,11,0,0,242,195,217,242,242,-5,3,0,0
12597,Ntf5,59,36,5,0,39,22,5,3,242,144,184,232,239,20,14,0,-3
21175,Vmn2r65,6,0,0,0,11,2,0,0,242,225,240,242,242,-5,-2,0,0
16912,Scgb1b7,0,0,0,0,0,0,0,0,242,242,242,242,242,0,0,0,0
13587,Olfr578,32,17,0,0,27,12,0,0,242,183,213,242,242,5,5,0,0
10131,Kptn,38,24,4,2,35,15,4,2,242,169,203,234,238,3,9,0,0
13586,Olfr577,1,0,0,0,0,0,0,0,242,241,242,242,242,1,0,0,0
10061,Klk1b16,28,21,1,0,15,11,1,0,242,199,210,240,242,13,10,0,0
13609,Olfr601,3,2,0,0,1,0,0,0,242,238,240,242,242,2,2,0,0
10049,Klhl7,33,15,2,2,41,15,2,0,242,168,212,238,240,-8,0,0,2
21157,Vmn2r48,1,0,0,0,1,1,0,0,242,240,241,242,242,0,-1,0,0
9999,Klf3,62,41,7,3,55,30,7,1,242,125,171,228,238,7,11,0,2
13625,Olfr619,0,0,0,0,1,1,0,0,242,241,241,242,242,-1,-1,0,0
16949,Scn4b,37,21,7,3,32,21,7,0,242,173,200,228,239,5,0,0,3
10003,Klf7,56,32,6,0,48,27,6,3,242,138,183,230,239,8,5,0,-3
13624,Olfr618,4,2,0,0,1,0,0,0,242,237,240,242,242,3,2,0,0
13623,Olfr617,0,0,0,0,1,0,0,0,242,241,242,242,242,-1,0,0,0
10005,Klf9,38,20,3,2,56,30,3,0,242,148,192,236,240,-18,-10,0,2
21155,Vmn2r44,8,4,0,0,8,2,0,0,242,226,236,242,242,0,2,0,0
10008,Klhdc2,26,12,4,2,33,19,4,2,242,183,211,234,238,-7,-7,0,0
13622,Olfr616,6,5,0,0,1,1,0,0,242,235,236,242,242,5,4,0,0
16941,Scn11a,17,5,0,0,15,5,0,0,242,210,232,242,242,2,0,0,0
10016,Klhl1,16,8,0,0,25,14,0,0,242,201,220,242,242,-9,-6,0,0
21158,Vmn2r49,3,0,0,0,2,0,0,0,242,237,242,242,242,1,0,0,0
13611,Olfr605,8,4,0,0,18,2,0,0,242,216,236,242,242,-10,2,0,0
10024,Klhl2,43,26,5,3,41,20,5,2,242,158,196,232,237,2,6,0,1
21160,Vmn2r50,6,4,0,0,4,2,0,0,242,232,236,242,242,2,2,0,0
13621,Olfr615,2,1,0,0,0,0,0,0,242,240,241,242,242,2,1,0,0
13619,Olfr612,10,4,0,0,10,1,0,0,242,222,237,242,242,0,3,0,0
13618,Olfr611,2,1,0,0,2,0,0,0,242,238,241,242,242,0,1,0,0
13617,Olfr610,4,3,0,0,2,2,0,0,242,236,237,242,242,2,1,0,0
13615,Olfr609,5,4,0,0,2,1,0,0,242,235,237,242,242,3,3,0,0
13614,Olfr608,3,2,0,0,1,0,0,0,242,238,240,242,242,2,2,0,0
10042,Klhl38,47,27,4,0,39,26,4,1,242,156,189,234,241,8,1,0,-1
10043,Klhl4,39,24,4,0,35,16,4,2,242,168,202,234,240,4,8,0,-2
21161,Vmn2r51,6,0,0,0,1,1,0,0,242,235,241,242,242,5,-1,0,0
13612,Olfr606,2,1,0,0,1,0,0,0,242,239,241,242,242,1,1,0,0
405,A630001G21Rik,47,31,6,3,72,45,6,1,242,123,166,230,238,-25,-14,0,2
16824,Sap18b,30,17,4,2,29,10,4,4,242,183,215,234,236,1,7,0,-2
13200,Olfr1454,8,3,0,0,12,5,0,0,242,222,234,242,242,-4,-2,0,0
13307,Olfr220,6,3,0,0,0,0,0,0,242,236,239,242,242,6,3,0,0
10910,Manba,41,22,4,2,63,33,4,0,242,138,187,234,240,-22,-11,0,2
13303,Olfr213,6,3,0,0,3,3,0,0,242,233,236,242,242,3,0,0,0
13298,Olfr205,7,7,0,0,1,0,0,0,242,234,235,242,242,6,7,0,0
13296,Olfr203,2,2,0,0,1,0,0,0,242,239,240,242,242,1,2,0,0
1244,Aoah,36,23,4,3,43,33,4,0,242,163,186,234,239,-7,-10,0,3
10925,Map1s,42,18,3,3,48,19,3,1,242,152,205,236,238,-6,-1,0,2
13295,Olfr202,0,0,0,0,0,0,0,0,242,242,242,242,242,0,0,0,0
13293,Olfr20,49,31,9,3,47,29,9,4,242,146,182,224,235,2,2,0,-1
10932,Map2k6,55,38,7,3,54,27,7,1,242,133,177,228,238,1,11,0,2
10934,Map3k1,52,29,6,3,55,28,6,1,242,135,185,230,238,-3,1,0,2
1240,Anxa6,53,30,9,3,37,20,9,6,242,152,192,224,233,16,10,0,-3
1237,Anxa3,50,22,3,2,50,33,3,1,242,142,187,236,239,0,-11,0,1
21812,Zfp42,21,12,2,2,32,22,2,0,242,189,208,238,240,-11,-10,0,2
10958,Map4k5,34,17,4,2,49,21,4,1,242,159,204,234,239,-15,-4,0,1
21317,Wdfy1,46,23,8,5,53,24,8,4,242,143,195,226,233,-7,-1,0,1
13290,Olfr198,2,1,0,0,3,0,0,0,242,237,241,242,242,-1,1,0,0
13286,Olfr193,5,4,2,0,14,8,2,0,242,223,230,238,242,-9,-4,0,0
13285,Olfr191,4,1,0,0,7,5,0,0,242,231,236,242,242,-3,-4,0,0
13281,Olfr186,4,4,1,0,3,3,1,0,242,235,235,240,242,1,1,0,0
1227,Anpep,49,37,5,3,57,30,5,2,242,136,175,232,237,-8,7,0,1
1226,Anp32e,50,33,7,3,47,22,7,4,242,145,187,228,235,3,11,0,-1
16497,Rpa2,52,28,5,2,41,19,5,3,242,149,195,232,237,11,9,0,-1
21807,Zfp408,39,21,4,2,45,27,4,0,242,158,194,234,240,-6,-6,0,2
16493,Rp1l1,6,2,0,0,9,2,0,0,242,227,238,242,242,-3,0,0,0
13274,Olfr175,3,3,0,0,5,5,0,0,242,234,234,242,242,-2,-2,0,0
13271,Olfr171,1,1,0,0,3,3,0,0,242,238,238,242,242,-2,-2,0,0
21323,Wdr1,36,18,4,2,37,19,4,2,242,169,205,234,238,-1,-1,0,0
10905,Man2a1,40,21,5,2,68,28,5,1,242,134,193,232,239,-28,-7,0,1
21821,Zfp442,52,33,8,4,65,42,8,1,242,125,167,226,237,-13,-9,0,3
13472,Olfr452,1,0,0,0,1,0,0,0,242,240,242,242,242,0,0,0,0
10895,Mamdc4,44,26,2,2,49,21,2,0,242,149,195,238,240,-5,5,0,2
15453,Prr23a3,14,8,0,0,19,8,0,0,242,209,226,242,242,-5,0,0,0
16567,Rplp0,42,26,5,4,32,19,5,1,242,168,197,232,237,10,7,0,3
13357,Olfr3,2,2,0,0,2,0,0,0,242,238,240,242,242,0,2,0,0
13356,Olfr299,3,3,0,0,7,5,0,0,242,232,234,242,242,-4,-2,0,0
13354,Olfr297,3,2,0,0,2,2,0,0,242,237,238,242,242,1,0,0,0
21305,Washc2,61,33,4,2,31,16,4,2,242,150,193,234,238,30,17,0,0
1270,Ap3m1,43,19,5,3,58,36,5,3,242,141,187,232,236,-15,-17,0,0
437,Aadacl3,6,2,0,0,8,2,0,0,242,228,238,242,242,-2,0,0,0
10847,Mafk,76,42,4,2,27,14,4,1,242,139,186,234,239,49,28,0,1
438,Aadacl4,2,2,0,0,0,0,0,0,242,240,240,242,242,2,2,0,0
13343,Olfr284,3,3,0,0,0,0,0,0,242,239,239,242,242,3,3,0,0
13339,Olfr279,54,28,5,0,44,24,5,0,242,144,190,232,242,10,4,0,0
1265,Ap2m1,41,26,6,3,37,24,6,2,242,164,192,230,237,4,2,0,1
442,Aadacl4fm4,0,0,0,0,3,2,0,0,242,239,240,242,242,-3,-2,0,0
15463,Prr7,59,30,3,1,53,26,3,0,242,130,186,236,241,6,4,0,1
13330,Olfr263,18,9,1,0,13,4,1,0,242,211,229,240,242,5,5,0,0
13327,Olfr259,42,22,4,2,43,18,4,3,242,157,202,234,237,-1,4,0,-1
16560,Rpl7,34,17,7,5,39,23,7,4,242,169,202,228,233,-5,-6,0,1
15464,Prr9,18,13,7,2,22,21,7,4,242,202,208,228,236,-4,-8,0,-2
13322,Olfr247,0,0,0,0,0,0,0,0,242,242,242,242,242,0,0,0,0
13317,Olfr235,6,2,1,0,16,14,1,0,242,220,226,240,242,-10,-12,0,0
13316,Olfr231,4,2,0,0,2,2,0,0,242,236,238,242,242,2,0,0,0
10880,Magix,48,35,12,4,73,51,12,4,242,121,156,218,234,-25,-16,0,0
16553,Rpl39,55,37,11,8,36,20,11,5,242,151,185,220,229,19,17,0,3
10883,Magt1,40,23,5,2,44,21,5,2,242,158,198,232,238,-4,2,0,0
15470,Prrg2,55,31,4,2,33,16,4,0,242,154,195,234,240,22,15,0,2
13310,Olfr223,6,5,0,0,5,5,0,0,242,231,232,242,242,1,0,0,0
11011,Mark4,46,23,6,3,48,25,6,1,242,148,194,230,238,-2,-2,0,2
16488,Rora,55,25,7,2,55,30,7,3,242,132,187,228,237,0,-5,0,-1
11024,Mast4,53,28,2,1,44,24,2,0,242,145,190,238,241,9,4,0,1
21334,Wdr26,34,17,4,3,43,15,4,2,242,165,210,234,237,-9,2,0,1
11116,Mdfic,60,37,8,3,62,36,8,2,242,120,169,226,237,-2,1,0,1
13225,Olfr1491,3,2,0,0,6,6,0,0,242,233,234,242,242,-3,-4,0,0
16440,Rnf217,50,25,2,0,42,15,2,0,242,150,202,238,242,8,10,0,0
11125,Mdm2,46,22,2,2,42,25,2,1,242,154,195,238,239,4,-3,0,1
21362,Wdr64,25,12,0,0,17,9,0,0,242,200,221,242,242,8,3,0,0
16436,Rnf213,46,24,5,3,60,33,5,0,242,136,185,232,239,-14,-9,0,3
21364,Wdr7,33,20,2,2,62,31,2,0,242,147,191,238,240,-29,-11,0,2
13224,Olfr1490,13,8,0,0,18,5,0,0,242,211,229,242,242,-5,3,0,0
13219,Olfr1480,1,1,0,0,1,1,0,0,242,240,240,242,242,0,0,0,0
13216,Olfr1475,2,2,0,0,1,1,0,0,242,239,239,242,242,1,1,0,0
16430,Rnf2,43,23,5,3,45,29,5,0,242,154,190,232,239,-2,-6,0,3
11159,Med28,31,18,4,2,41,21,4,3,242,170,203,234,237,-10,-3,0,-1
13215,Olfr1474,2,2,0,0,0,0,0,0,242,240,240,242,242,2,2,0,0
16423,Rnf182,41,25,5,0,53,36,5,2,242,148,181,232,240,-12,-11,0,-2
13214,Olfr1472,1,1,0,0,0,0,0,0,242,241,241,242,242,1,1,0,0
13213,Olfr1471,1,1,0,0,1,1,0,0,242,240,240,242,242,0,0,0,0
21372,Wdr81,55,32,6,2,46,30,6,1,242,141,180,230,239,9,2,0,1
13207,Olfr1463,37,26,6,2,44,30,6,5,242,161,186,230,235,-7,-4,0,-3
13206,Olfr1462,1,0,0,0,0,0,0,0,242,241,242,242,242,1,0,0,0
11179,Mei1,14,5,0,0,38,16,0,0,242,190,221,242,242,-24,-11,0,0
16415,Rnf166,46,19,2,2,43,20,2,1,242,153,203,238,239,3,-1,0,1
16414,Rnf165,16,4,0,0,56,22,0,0,242,170,216,242,242,-40,-18,0,0
13202,Olfr1458,4,4,0,0,3,1,0,0,242,235,237,242,242,1,3,0,0
11185,Meiosin,53,29,2,0,43,23,2,1,242,146,190,238,241,10,6,0,-1
1182,Ankrd34c,15,3,0,0,8,4,0,0,242,219,235,242,242,7,-1,0,0
11188,Meis3,56,34,4,0,61,27,4,1,242,125,181,234,241,-5,7,0,-1
11194,Meox2,49,30,3,0,31,17,3,2,242,162,195,236,240,18,13,0,-2
13231,Olfr1499,2,2,0,0,0,0,0,0,242,240,240,242,242,2,2,0,0
21354,Wdr53,45,21,5,3,50,29,5,2,242,147,192,232,237,-5,-8,0,1
1,0610010F05Rik,40,25,6,2,70,37,6,3,242,132,180,230,237,-30,-12,0,-1
11069,Mc5r,48,27,7,3,49,27,7,3,242,145,188,228,236,-1,0,0,0
16477,Robo3,31,13,0,0,24,9,0,0,242,187,220,242,242,7,4,0,0
13266,Olfr167,14,3,0,0,22,5,0,0,242,206,234,242,242,-8,-2,0,0
13263,Olfr164,6,0,0,0,0,0,0,0,242,236,242,242,242,6,0,0,0
16471,Rnpep,38,19,4,2,41,26,4,0,242,163,197,234,240,-3,-7,0,2
13258,Olfr157,39,15,6,6,46,23,6,4,242,157,204,230,232,-7,-8,0,2
11051,Mbl2,23,16,4,1,38,31,4,2,242,181,195,234,239,-15,-15,0,-1
13257,Olfr1565,49,27,3,2,46,24,3,1,242,147,191,236,239,3,3,0,1
463,Abca12,23,9,0,0,14,2,0,0,242,205,231,242,242,9,7,0,0
16463,Rnf8,39,19,4,2,44,24,4,2,242,159,199,234,238,-5,-5,0,0
13252,Olfr154,3,3,0,0,0,0,0,0,242,239,239,242,242,3,3,0,0
13249,Olfr1532-ps1,5,1,0,0,4,2,0,0,242,233,239,242,242,1,-1,0,0
15488,Prss28,10,8,1,1,7,7,1,0,242,225,227,240,241,3,1,0,1
11070,Mcam,53,29,6,2,65,34,6,0,242,124,179,230,240,-12,-5,0,2
11104,Mcrip1,35,17,4,2,45,33,4,1,242,162,192,234,239,-10,-16,0,1
13243,Olfr1510,14,9,1,0,14,12,1,0,242,214,221,240,242,0,-3,0,0
21349,Wdr46,31,16,3,2,33,17,3,0,242,178,209,236,240,-2,-1,0,2
11079,Mcfd2,52,33,5,2,35,22,5,3,242,155,187,232,237,17,11,0,-1
11081,Mcidas,41,25,1,0,51,29,1,0,242,150,188,240,242,-10,-4,0,0
15489,Prss29,9,8,0,0,5,4,0,0,242,228,230,242,242,4,4,0,0
11089,Mcm6,42,25,5,3,46,25,5,1,242,154,192,232,238,-4,0,0,2
11090,Mcm7,41,26,4,3,54,27,4,2,242,147,189,234,237,-13,-1,0,1
21802,Zfp395,47,28,4,2,51,31,4,1,242,144,183,234,239,-4,-3,0,1
1202,Ankrd65,40,31,8,1,45,39,8,2,242,157,172,226,239,-5,-8,0,-1
1201,Ankrd63,21,10,0,0,24,16,0,0,242,197,216,242,242,-3,-6,0,0
13236,Olfr1502,2,2,1,1,2,2,1,1,242,238,238,240,240,0,0,0,0
13235,Olfr1501,16,9,0,0,16,9,0,0,242,210,224,242,242,0,0,0,0
13361,Olfr304,0,0,0,0,1,1,0,0,242,241,241,242,242,-1,-1,0,0
10824,Mab21l4,37,23,4,0,47,25,4,0,242,158,194,234,242,-10,-2,0,0
16575,Rpp25,39,29,9,4,61,31,9,3,242,142,182,224,235,-22,-2,0,1
13427,Olfr384,23,13,0,0,7,2,0,0,242,212,227,242,242,16,11,0,0
13449,Olfr417,10,5,0,0,17,8,0,0,242,215,229,242,242,-7,-3,0,0
10505,Lix1l,37,21,5,0,52,26,5,1,242,153,195,232,241,-15,-5,0,-1
10509,Llgl2,49,27,4,3,46,21,4,1,242,147,194,234,238,3,6,0,2
1409,Arhgap32,42,22,7,3,67,40,7,0,242,133,180,228,239,-25,-18,0,3
1407,Arhgap30,39,20,6,1,68,39,6,0,242,135,183,230,241,-29,-19,0,1
13441,Olfr401,14,9,0,0,7,1,0,0,242,221,232,242,242,7,8,0,0
10532,Lmo7,37,25,4,2,58,33,4,2,242,147,184,234,238,-21,-8,0,0
13440,Olfr399,3,3,0,0,1,1,0,0,242,238,238,242,242,2,2,0,0
16754,Ryk,45,29,3,2,32,17,3,2,242,165,196,236,238,13,12,0,0
10541,Lnpep,32,19,5,2,69,46,5,1,242,141,177,232,239,-37,-27,0,1
16748,Rxfp4,30,24,3,2,14,10,3,0,242,198,208,236,240,16,14,0,2
1399,Arhgap22,65,45,10,4,69,42,10,6,242,108,155,222,232,-4,3,0,-2
15433,Prpmp5,16,13,0,0,12,10,0,0,242,214,219,242,242,4,3,0,0
10547,Lonrf1,50,33,4,3,46,27,4,0,242,146,182,234,239,4,6,0,3
13438,Olfr397,25,13,1,0,38,18,1,0,242,179,211,240,242,-13,-5,0,0
10553,Loxl1,47,25,3,2,41,19,3,0,242,154,198,236,240,6,6,0,2
21835,Zfp467,56,31,8,3,53,31,8,3,242,133,180,226,236,3,0,0,0
16732,Runx1t1,50,27,4,1,71,45,4,0,242,121,170,234,241,-21,-18,0,1
13433,Olfr392,47,22,3,0,51,28,3,0,242,144,192,236,242,-4,-6,0,0
13432,Olfr391,2,1,0,0,0,0,0,0,242,240,241,242,242,2,1,0,0
10578,Lratd2,56,31,3,2,47,29,3,0,242,139,182,236,240,9,2,0,2
16726,Rufy3,33,14,2,2,53,29,2,0,242,156,199,238,240,-20,-15,0,2
21255,Vps9d1,35,17,3,2,62,32,3,0,242,145,193,236,240,-27,-15,0,2
13429,Olfr389,3,0,0,0,1,0,0,0,242,238,242,242,242,2,0,0,0
10586,Lrfn2,24,13,0,0,21,10,0,0,242,197,219,242,242,3,3,0,0
16722,Rubcn,40,21,4,2,55,33,4,1,242,147,188,234,239,-15,-12,0,1
10597,Lrit2,24,9,1,0,28,18,1,0,242,190,215,240,242,-4,-9,0,0
10497,Lipo1,9,4,0,0,3,0,0,0,242,230,238,242,242,6,4,0,0
15430,Prpf8,32,16,4,2,34,16,4,0,242,176,210,234,240,-2,0,0,2
13453,Olfr424,4,4,0,0,2,2,0,0,242,236,236,242,242,2,2,0,0
10439,Lhfp,49,32,5,2,43,26,5,1,242,150,184,232,239,6,6,0,1
10403,Lemd3,37,20,2,2,49,30,2,0,242,156,192,238,240,-12,-10,0,2
13471,Olfr450,3,1,0,0,5,2,0,0,242,234,239,242,242,-2,-1,0,0
13468,Olfr448,12,4,0,0,15,6,0,0,242,215,232,242,242,-3,-2,0,0
21229,Vps26a,50,31,6,2,47,31,6,1,242,145,180,230,239,3,0,0,1
10414,Letm2,54,36,3,1,43,26,3,0,242,145,180,236,241,11,10,0,1
16808,Samd5,45,21,5,1,54,26,5,0,242,143,195,232,241,-9,-5,0,1
1450,Arhgef7,45,25,5,4,59,30,5,3,242,138,187,232,235,-14,-5,0,1
13463,Olfr44,38,22,2,1,25,19,2,1,242,179,201,238,240,13,3,0,0
13462,Olfr437,4,3,1,0,7,5,1,0,242,231,234,240,242,-3,-2,0,0
1446,Arhgef4,61,34,7,0,43,24,7,1,242,138,184,228,241,18,10,0,-1
10433,Lgr4,38,24,6,3,73,47,6,0,242,131,171,230,239,-35,-23,0,3
13461,Olfr435,7,3,0,0,1,0,0,0,242,234,239,242,242,6,3,0,0
1443,Arhgef37,42,27,5,0,57,29,5,0,242,143,186,232,242,-15,-2,0,0
13454,Olfr427,11,7,0,0,5,1,0,0,242,226,234,242,242,6,6,0,0
16796,Sall3,14,6,0,0,45,20,0,0,242,183,216,242,242,-31,-14,0,0
10452,Lhx8,38,23,4,1,26,20,4,0,242,178,199,234,241,12,3,0,1
16785,Saa4,53,40,5,1,46,29,5,2,242,143,173,232,239,7,11,0,-1
1433,Arhgef16,39,26,4,3,39,19,4,2,242,164,197,234,237,0,7,0,1
10478,Lin7a,42,21,2,0,37,19,2,0,242,163,202,238,242,5,2,0,0
16780,S1pr4,64,39,5,1,48,34,5,1,242,130,169,232,240,16,5,0,0
10482,Lingo1,29,13,1,1,36,12,1,0,242,177,217,240,241,-7,1,0,1
13456,Olfr43,8,7,0,0,3,3,0,0,242,231,232,242,242,5,4,0,0
21244,Vps41,39,18,3,2,34,18,3,0,242,169,206,236,240,5,0,0,2
21245,Vps45,31,14,3,2,41,22,3,1,242,170,206,236,239,-10,-8,0,1
13455,Olfr429,1,0,0,0,2,1,0,0,242,239,241,242,242,-1,-1,0,0
1420,Arhgap5,41,24,6,4,52,31,6,1,242,149,187,230,237,-11,-7,0,3
1382,Arfgef3,22,7,0,0,30,11,0,0,242,190,224,242,242,-8,-4,0,0
10601,Lrp1,81,50,10,3,42,25,10,6,242,119,167,222,233,39,25,0,-3
13363,Olfr307,28,16,1,0,16,14,1,0,242,198,212,240,242,12,2,0,0
16717,Rtp2,23,12,1,0,16,12,1,0,242,203,218,240,242,7,0,0,0
13391,Olfr339,15,10,0,0,2,0,0,0,242,225,232,242,242,13,10,0,0
13388,Olfr332,4,2,0,0,2,1,0,0,242,236,239,242,242,2,1,0,0
13387,Olfr331,2,1,0,0,9,8,0,0,242,231,233,242,242,-7,-7,0,0
13386,Olfr330,15,8,0,0,7,6,0,0,242,220,228,242,242,8,2,0,0
425,A930018P22Rik,57,48,16,8,52,44,16,11,242,133,150,210,223,5,4,0,-3
1312,Apoa5,40,23,6,2,29,19,6,0,242,173,200,230,240,11,4,0,2
16635,Rpusd3,35,23,8,4,87,50,8,1,242,120,169,226,237,-52,-27,0,3
16632,Rptor,41,23,3,2,52,22,3,1,242,149,197,236,239,-11,1,0,1
15443,Prr14,31,14,3,3,57,25,3,1,242,154,203,236,238,-26,-11,0,2
13378,Olfr320,1,1,0,0,0,0,0,0,242,241,241,242,242,1,1,0,0
16631,Rptn,4,2,1,0,9,4,1,0,242,229,236,240,242,-5,-2,0,0
10746,Lurap1l,40,20,6,2,57,40,6,1,242,145,182,230,239,-17,-20,0,1
13376,Olfr319,2,2,0,0,0,0,0,0,242,240,240,242,242,2,2,0,0
10750,Lvrn,48,22,3,1,36,20,3,2,242,158,200,236,239,12,2,0,-1
21292,Vwde,14,4,0,0,10,6,0,0,242,218,232,242,242,4,-2,0,0
10758,Ly6g,29,27,11,6,33,33,11,5,242,180,182,220,231,-4,-6,0,1
1300,Aph1c,34,21,8,2,79,53,8,1,242,129,168,226,239,-45,-32,0,1
10767,Ly6h,57,25,4,1,49,24,4,0,242,136,193,234,241,8,1,0,1
13369,Olfr312,10,4,0,0,33,16,0,0,242,199,222,242,242,-23,-12,0,0
10772,Ly75,37,23,5,0,66,35,5,0,242,139,184,232,242,-29,-12,0,0
1298,Aph1a,42,26,7,2,55,28,7,2,242,145,188,228,238,-13,-2,0,0
13367,Olfr310,4,3,0,0,7,7,0,0,242,231,232,242,242,-3,-4,0,0
1294,Apeh,34,17,2,2,47,22,2,1,242,161,203,238,239,-13,-5,0,1
13365,Olfr309,1,1,0,0,9,6,0,0,242,232,235,242,242,-8,-5,0,0
13364,Olfr308,1,0,0,0,4,4,0,0,242,237,238,242,242,-3,-4,0,0
21297,Wapl,26,12,4,2,56,27,4,0,242,160,203,234,240,-30,-15,0,2
1284,Apba2,48,28,4,0,53,30,4,1,242,141,184,234,241,-5,-2,0,-1
10710,Lsm14a,38,18,3,3,37,16,3,2,242,167,208,236,237,1,2,0,1
10709,Lsm12,41,29,9,5,48,23,9,5,242,153,190,224,232,-7,6,0,0
10704,Lsamp,25,14,5,2,24,15,5,0,242,193,213,232,240,1,-1,0,2
13412,Olfr364-ps1,43,25,5,0,47,29,5,1,242,152,188,232,241,-4,-4,0,-1
1381,Arfgef2,32,15,2,2,54,22,2,0,242,156,205,238,240,-22,-7,0,2
10610,Lrp5,42,24,5,3,46,28,5,0,242,154,190,232,239,-4,-4,0,3
10614,Lrpprc,38,21,3,2,34,20,3,0,242,170,201,236,240,4,1,0,2
1374,Arf4,37,19,4,2,27,17,4,0,242,178,206,234,240,10,2,0,2
21263,Vsig2,76,56,12,3,47,35,12,5,242,119,151,218,234,29,21,0,-2
10627,Lrrc23,59,42,18,9,74,53,18,8,242,109,147,206,225,-15,-11,0,1
13419,Olfr373,67,40,8,2,45,32,8,1,242,130,170,226,239,22,8,0,1
13418,Olfr372,19,7,0,0,28,16,0,0,242,195,219,242,242,-9,-9,0,0
21267,Vsnl1,42,28,4,1,50,33,4,2,242,150,181,234,239,-8,-5,0,-1
13417,Olfr371,25,23,5,0,23,16,5,1,242,194,203,232,241,2,7,0,-1
16698,Rtl1,25,10,0,0,26,13,0,0,242,191,219,242,242,-1,-3,0,0
10635,Lrrc30,33,24,3,0,18,12,3,3,242,191,206,236,239,15,12,0,-3
10644,Lrrc3c,17,16,2,1,27,20,2,1,242,198,206,238,240,-10,-4,0,0
21833,Zfp46,57,40,6,3,49,35,6,1,242,136,167,230,238,8,5,0,2
13409,Olfr360,6,5,0,0,8,8,0,0,242,228,229,242,242,-2,-3,0,0
13408,Olfr358,24,11,1,0,14,9,1,0,242,204,222,240,242,10,2,0,0
13406,Olfr356,2,2,0,0,0,0,0,0,242,240,240,242,242,2,2,0,0
10665,Lrrc63,30,12,0,0,40,24,0,0,242,172,206,242,242,-10,-12,0,0
10668,Lrrc7,12,3,1,0,19,12,1,0,242,211,227,240,242,-7,-9,0,0
16670,Rsl1d1,43,25,4,2,31,18,4,2,242,168,199,234,238,12,7,0,0
13400,Olfr350,2,2,0,0,5,0,0,0,242,235,240,242,242,-3,2,0,0
16666,Rsc1a1,40,32,21,21,33,27,21,20,242,169,183,200,201,7,5,0,1
13399,Olfr348,18,6,1,0,22,12,1,0,242,202,224,240,242,-4,-6,0,0
13397,Olfr346,11,2,0,0,21,4,0,0,242,210,236,242,242,-10,-2,0,0
13394,Olfr342,3,3,0,0,0,0,0,0,242,239,239,242,242,3,3,0,0
16660,Rrs1,48,23,4,2,38,18,4,1,242,156,201,234,239,10,5,0,1
4122,Cyba,46,27,5,3,48,29,5,1,242,148,186,232,238,-2,-2,0,2
7435,Gm3776,45,34,18,8,39,31,18,9,242,158,177,206,225,6,3,0,-1
7414,Gm36245,9,9,5,0,6,6,5,0,242,227,227,232,242,3,3,0,0
19208,Tgtp2,59,39,9,4,64,47,9,1,242,119,156,224,237,-5,-8,0,3
19552,Tmem25,53,32,6,4,54,31,6,2,242,135,179,230,236,-1,1,0,2
4878,Dr1,45,20,2,2,44,22,2,1,242,153,200,238,239,1,-2,0,1
5953,Fcho1,40,23,1,0,49,19,1,0,242,153,200,240,242,-9,4,0,0
6296,Fxyd1,47,37,14,5,38,31,14,9,242,157,174,214,228,9,6,0,-4
4882,Draxin,30,12,2,0,44,19,2,0,242,168,211,238,242,-14,-7,0,0
18344,Srebf1,41,20,3,2,51,26,3,0,242,150,196,236,240,-10,-6,0,2
4887,Drd2,21,9,0,0,17,7,0,0,242,204,226,242,242,4,2,0,0
6294,Fxr1,54,25,4,3,29,18,4,3,242,159,199,234,236,25,7,0,0
4888,Drd3,27,20,1,0,27,21,1,0,242,188,201,240,242,0,-1,0,0
6291,Fuz,38,17,5,1,70,43,5,2,242,134,182,232,239,-32,-26,0,-1
4895,Dsc1,12,8,1,0,14,6,1,0,242,216,228,240,242,-2,2,0,0
5963,Fcrl6,41,20,3,0,49,39,3,2,242,152,183,236,240,-8,-19,0,-2
6290,Fut9,18,9,5,2,36,21,5,1,242,188,212,232,239,-18,-12,0,1
3780,Cpeb2,58,34,8,5,59,34,8,6,242,125,174,226,231,-1,0,0,-1
19206,Tgs1,37,20,4,2,50,27,4,0,242,155,195,234,240,-13,-7,0,2
7439,Gm38119,3,3,0,0,1,1,0,0,242,238,238,242,242,2,2,0,0
6289,Fut8,28,15,3,2,69,26,3,1,242,145,201,236,239,-41,-11,0,1
20603,Uck1,39,16,2,2,38,16,2,2,242,165,210,238,238,1,0,0,0
18831,Tamalin,61,35,6,0,43,19,6,2,242,138,188,230,240,18,16,0,-2
7433,Gm3752,18,16,13,5,15,15,13,13,242,209,211,216,224,3,1,0,-8
4909,Dsn1,55,27,7,2,60,30,7,3,242,127,185,228,237,-5,-3,0,-1
3250,Chdh,24,8,2,2,56,27,2,1,242,162,207,238,239,-32,-19,0,1
19531,Tmem229a,24,13,3,2,38,20,3,1,242,180,209,236,239,-14,-7,0,1
20039,Trbd2,0,0,0,0,0,0,0,0,242,242,242,242,242,0,0,0,0
19553,Tmem250-ps,45,25,7,6,53,30,7,0,242,144,187,228,236,-8,-5,0,6
19554,Tmem251,48,29,4,2,37,21,4,0,242,157,192,234,240,11,8,0,2
6317,Fzd9,39,25,3,2,56,26,3,0,242,147,191,236,240,-17,-1,0,2
3818,Cptp,38,25,4,3,52,20,4,0,242,152,197,234,239,-14,5,0,3
4824,Dok4,52,29,6,3,63,36,6,5,242,127,177,230,234,-11,-7,0,-2
2985,Cdk20,60,32,5,2,56,30,5,0,242,126,180,232,240,4,2,0,2
20034,Trav9d-4,11,11,10,5,19,16,10,5,242,212,215,222,232,-8,-5,0,0
18579,Stx1b,55,36,3,0,42,23,3,0,242,145,183,236,242,13,13,0,0
20035,Trav9n-4,7,7,4,1,6,5,4,4,242,229,230,234,237,1,2,0,-3
4832,Dop1b,39,20,5,1,60,31,5,2,242,143,191,232,239,-21,-11,0,-1
4834,Doxl1,11,2,0,0,16,10,0,0,242,215,230,242,242,-5,-8,0,0
3809,Cpsf3,29,14,2,2,40,22,2,1,242,173,206,238,239,-11,-8,0,1
19573,Tmem273,46,37,10,2,33,25,10,7,242,163,180,222,233,13,12,0,-5
4840,Dpep3,29,14,0,0,36,20,0,0,242,177,208,242,242,-7,-6,0,0
19204,Tgm7,43,18,3,1,32,14,3,3,242,167,210,236,238,11,4,0,-2
20152,Trim38,48,26,3,0,57,37,3,0,242,137,179,236,242,-9,-11,0,0
20038,Trbd1,0,0,0,0,0,0,0,0,242,242,242,242,242,0,0,0,0
4851,Dpm2,38,21,6,3,38,20,6,1,242,166,201,230,238,0,1,0,2
18824,Tagap1,27,16,6,2,62,40,6,1,242,153,186,230,239,-35,-24,0,1
5944,Fcer1g,55,41,20,3,76,51,20,10,242,111,150,202,229,-21,-10,0,-7
3542,Cmtm7,41,25,8,4,52,29,8,3,242,149,188,226,235,-11,-4,0,1
6302,Fxyd7,49,41,16,4,51,44,16,6,242,142,157,210,232,-2,-3,0,-2
7048,Gm20449,39,16,2,0,56,23,2,0,242,147,203,238,242,-17,-7,0,0
2759,Ccnl1,50,24,4,2,41,19,4,2,242,151,199,234,238,9,5,0,0
6298,Fxyd3,44,35,16,7,45,35,16,3,242,153,172,210,232,-1,0,0,4
6276,Fuca1,39,25,5,2,38,20,5,3,242,165,197,232,237,1,5,0,-1
5969,Fdps,39,24,4,2,40,20,4,0,242,163,198,234,240,-1,4,0,2
4812,Dock2,25,12,2,0,43,22,2,2,242,174,208,238,240,-18,-10,0,-2
7429,Gm37388,6,6,6,5,7,7,6,5,242,229,229,230,232,-1,-1,0,0
4966,Dvl1,33,19,2,2,50,34,2,0,242,159,189,238,240,-17,-15,0,2
2772,Ccr1l1,10,9,1,0,15,14,1,0,242,217,219,240,242,-5,-5,0,0
4967,Dvl2,52,34,3,2,31,15,3,0,242,159,193,236,240,21,19,0,2
5490,Esp3,1,1,0,0,0,0,0,0,242,241,241,242,242,1,1,0,0
20048,Trbj2-2,1,0,0,0,0,0,0,0,242,241,242,242,242,1,0,0,0
19504,Tmem199,43,29,3,2,26,13,3,2,242,173,200,236,238,17,16,0,0
6258,Ftcd,41,18,4,2,35,15,4,1,242,166,209,234,239,6,3,0,1
4982,Dync2li1,43,26,5,2,46,25,5,0,242,153,191,232,240,-3,1,0,2
4984,Dynll2,40,19,3,2,38,19,3,1,242,164,204,236,239,2,0,0,1
2775,Ccr4,65,44,11,5,54,38,11,5,242,123,160,220,232,11,6,0,0
20049,Trbj2-3,0,0,0,0,0,0,0,0,242,242,242,242,242,0,0,0,0
7406,Gm3558,40,33,14,7,45,35,14,12,242,157,174,214,223,-5,-2,0,-5
6256,Fstl4,23,8,0,0,28,12,0,0,242,191,222,242,242,-5,-4,0,0
20146,Trim33,35,18,5,2,57,31,5,2,242,150,193,232,238,-22,-13,0,0
19494,Tmem185b,41,24,4,2,47,18,4,0,242,154,200,234,240,-6,6,0,2
18944,Tbl1xr1,36,22,6,3,73,39,6,2,242,133,181,230,237,-37,-17,0,1
7402,Gm35339,84,51,11,3,37,23,11,6,242,121,168,220,233,47,28,0,-3
20050,Trbj2-4,0,0,0,0,0,0,0,0,242,242,242,242,242,0,0,0,0
20051,Trbj2-5,0,0,0,0,1,0,0,0,242,241,242,242,242,-1,0,0,0
5992,Fez2,39,21,6,3,48,19,6,2,242,155,202,230,237,-9,2,0,1
19485,Tmem179b,37,18,5,3,40,21,5,2,242,165,203,232,237,-3,-3,0,1
5483,Esp1,2,2,0,0,0,0,0,0,242,240,240,242,242,2,2,0,0
6248,Fshb,11,9,4,3,16,14,4,4,242,215,219,234,235,-5,-5,0,-1
5492,Esp34,3,3,1,0,5,5,1,1,242,234,234,240,241,-2,-2,0,-1
18566,Strn3,40,24,2,2,35,18,2,1,242,167,200,238,239,5,6,0,1
20046,Trbj1-7,0,0,0,0,0,0,0,0,242,242,242,242,242,0,0,0,0
4944,Dusp14,55,33,5,2,63,30,5,3,242,124,179,232,237,-8,3,0,-1
18570,Stub1,44,26,4,3,27,13,4,1,242,171,203,234,238,17,13,0,2
19514,Tmem208,43,29,4,3,24,13,4,2,242,175,200,234,237,19,16,0,1
3356,Cilp2,36,22,3,0,33,19,3,1,242,173,201,236,241,3,3,0,-1
6274,Fubp1,45,19,6,3,34,26,6,2,242,163,197,230,237,11,-7,0,1
3766,Cox8b,29,24,20,15,52,41,20,17,242,161,177,202,210,-23,-17,0,-2
7426,Gm37013,3,3,3,3,4,3,3,3,242,235,236,236,236,-1,0,0,0
20306,Tspan18,41,27,4,0,59,34,4,2,242,142,181,234,240,-18,-7,0,-2
3547,CN725425,23,11,1,0,38,22,1,0,242,181,209,240,242,-15,-11,0,0
18163,Spata22,28,20,7,1,34,21,7,4,242,180,201,228,237,-6,-1,0,-3
3764,Cox7c,29,18,7,4,36,18,7,3,242,177,206,228,235,-7,0,0,1
4946,Dusp16,55,26,4,3,35,20,4,0,242,152,196,234,239,20,6,0,3
5493,Esp36,2,2,0,0,1,0,0,0,242,239,240,242,242,1,2,0,0
2980,Cdk16,35,20,5,2,54,27,5,3,242,153,195,232,237,-19,-7,0,-1
3548,Cnbd1,8,7,0,0,24,13,0,0,242,210,222,242,242,-16,-6,0,0
5979,Fen1,44,23,4,2,56,27,4,1,242,142,192,234,239,-12,-4,0,1
4951,Dusp22,27,18,8,4,59,37,8,5,242,156,187,226,233,-32,-19,0,-1
18949,Tbpl2,5,5,0,0,7,3,0,0,242,230,234,242,242,-2,2,0,0
4952,Dusp23,52,30,8,5,50,29,8,6,242,140,183,226,231,2,1,0,-1
20044,Trbj1-5,1,1,1,0,2,2,1,1,242,239,239,240,241,-1,-1,0,-1
18174,Spata33,52,35,11,2,59,44,11,2,242,131,163,220,238,-7,-9,0,0
4959,Dusp6,75,52,9,2,44,33,9,5,242,123,157,224,235,31,19,0,-3
5494,Esp38,0,0,0,0,0,0,0,0,242,242,242,242,242,0,0,0,0
4819,Dock9,42,28,4,3,57,30,4,1,242,143,184,234,238,-15,-2,0,2
18484,Stard7,40,24,5,3,59,27,5,2,242,143,191,232,237,-19,-3,0,1
18338,Src,52,26,3,2,42,23,3,1,242,148,193,236,239,10,3,0,1
4716,Dnah11,22,9,0,0,35,13,0,0,242,185,220,242,242,-13,-4,0,0
6858,Gm12888,7,4,1,0,9,7,1,1,242,226,231,240,241,-2,-3,0,-1
19691,Tnfaip3,75,46,8,0,47,27,8,3,242,120,169,226,239,28,19,0,-3
4656,Dlg1,35,16,2,2,37,17,2,1,242,170,209,238,239,-2,-1,0,1
19175,Tfip11,32,18,3,3,45,23,3,0,242,165,201,236,239,-13,-5,0,3
6860,Gm13040,9,7,0,0,3,2,0,0,242,230,233,242,242,6,5,0,0
3522,Cma1,31,24,7,1,39,29,7,2,242,172,189,228,239,-8,-5,0,-1
3327,Chst7,62,32,4,4,50,24,4,2,242,130,186,234,236,12,8,0,2
3880,Crnn,8,4,1,0,6,2,1,0,242,228,236,240,242,2,2,0,0
19675,Tmsb15l,50,31,11,7,43,34,11,8,242,149,177,220,227,7,-3,0,-1
4684,Dmc1,50,30,2,1,35,24,2,0,242,157,188,238,241,15,6,0,1
4685,Dmd,39,25,6,3,44,20,6,0,242,159,197,230,239,-5,5,0,3
18114,Sox7,45,22,3,0,54,22,3,2,242,143,198,236,240,-9,0,0,-2
5917,Fbxo8,48,29,6,5,55,23,6,3,242,139,190,230,234,-7,6,0,2
4692,Dmrt3,21,11,2,0,25,12,2,0,242,196,219,238,242,-4,-1,0,0
4693,Dmrta1,36,16,5,2,56,32,5,3,242,150,194,232,237,-20,-16,0,-1
3874,Crlf1,68,47,15,6,63,47,15,4,242,111,148,212,232,5,0,0,2
18795,Taf10,26,13,4,2,33,14,4,1,242,183,215,234,239,-7,-1,0,1
6360,Gabrr3,10,3,0,0,13,7,0,0,242,219,232,242,242,-3,-4,0,0
3869,Crisp4,12,12,3,1,15,14,3,1,242,215,216,236,240,-3,-2,0,0
5556,Exoc1,44,29,4,3,37,15,4,0,242,161,198,234,239,7,14,0,3
4705,Dmxl2,27,12,2,2,56,26,2,0,242,159,204,238,240,-29,-14,0,2
19190,Tgfbr2,49,28,4,2,60,35,4,1,242,133,179,234,239,-11,-7,0,1
19658,Tmprss11e,10,1,0,0,14,9,0,0,242,218,232,242,242,-4,-8,0,0
20486,Tyrp1,23,19,4,1,22,12,4,0,242,197,211,234,241,1,7,0,1
4648,Dkk3,39,24,4,2,45,25,4,1,242,158,193,234,239,-6,-1,0,1
18356,Srm,46,28,4,3,41,16,4,0,242,155,198,234,239,5,12,0,3
5900,Fbxo34,40,24,3,2,46,23,3,2,242,156,195,236,238,-6,1,0,0
18775,Taar9,1,0,0,0,0,0,0,0,242,241,242,242,242,1,0,0,0
18103,Sox14,22,14,0,0,10,8,0,0,242,210,220,242,242,12,6,0,0
20330,Tssc4,37,10,2,2,45,20,2,0,242,160,212,238,240,-8,-10,0,2
19981,Trav18,4,4,4,2,6,5,4,4,242,232,233,234,236,-2,-1,0,-2
5898,Fbxo32,63,28,6,3,58,32,6,0,242,121,182,230,239,5,-4,0,3
4597,Dhrs7b,27,17,3,2,51,24,3,1,242,164,201,236,239,-24,-7,0,1
7523,Gm45618,12,11,5,3,15,15,5,3,242,215,216,232,236,-3,-4,0,0
4598,Dhrs7c,12,12,1,0,5,4,1,0,242,225,226,240,242,7,8,0,0
4599,Dhrs9,42,21,3,0,48,30,3,0,242,152,191,236,242,-6,-9,0,0
19726,Tnfsf8,42,25,3,0,20,11,3,0,242,180,206,236,242,22,14,0,0
7521,Gm4553,8,7,2,2,7,7,2,0,242,227,228,238,240,1,0,0,2
4643,Disp3,24,12,1,1,29,15,1,0,242,189,215,240,241,-5,-3,0,1
7520,Gm45521,28,25,11,6,42,32,11,9,242,172,185,220,227,-14,-7,0,-3
7518,Gm45261,7,6,5,2,10,9,5,2,242,225,227,232,238,-3,-3,0,0
6854,Gm12830,15,5,1,0,10,4,1,0,242,217,233,240,242,5,1,0,0
4612,Dhx40,38,17,2,2,38,18,2,0,242,166,207,238,240,0,-1,0,2
18786,Tacr1,36,15,0,0,51,20,0,0,242,155,207,242,242,-15,-5,0,0
19990,Trav4-2,6,3,2,1,3,2,2,2,242,233,237,238,239,3,1,0,-1
2712,Ccl2,68,53,18,7,56,41,18,5,242,118,148,206,230,12,12,0,2
19999,Trav6-2,4,4,1,1,3,2,1,1,242,235,236,240,240,1,2,0,0
4632,Dipk1c,30,17,2,0,40,23,2,2,242,172,202,238,240,-10,-6,0,-2
20002,Trav6-5,6,5,4,3,5,4,4,1,242,231,233,234,238,1,1,0,2
19656,Tmprss11c,4,3,1,0,2,2,1,0,242,236,237,240,242,2,1,0,0
5924,Fbxw16,21,14,0,0,17,13,0,0,242,204,215,242,242,4,1,0,0
3820,Cpxcr1,4,1,0,0,4,4,0,0,242,234,237,242,242,0,-3,0,0
19650,Tmod3,58,26,5,3,39,18,5,2,242,145,198,232,237,19,8,0,1
6335,Gabarapl1,38,23,4,2,39,18,4,2,242,165,201,234,238,-1,5,0,0
20523,Ube2d1,44,28,8,3,53,34,8,5,242,145,180,226,234,-9,-6,0,-2
6328,G6pd2,25,8,0,0,30,10,0,0,242,187,224,242,242,-5,-2,0,0
7219,Gm21954,0,0,0,0,0,0,0,0,242,242,242,242,242,0,0,0,0
4784,Dnase1l3,56,28,1,0,41,24,1,0,242,145,190,240,242,15,4,0,0
3832,Cradd,44,28,4,2,61,38,4,1,242,137,176,234,239,-17,-10,0,1
4788,Dner,42,23,2,0,25,11,2,1,242,175,208,238,241,17,12,0,-1
4789,Dnhd1,59,41,16,7,59,49,16,4,242,124,152,210,231,0,-8,0,3
19597,Tmem47,42,20,3,0,44,23,3,0,242,156,199,236,242,-2,-3,0,0
7476,Gm42878,55,37,4,1,52,28,4,0,242,135,177,234,241,3,9,0,1
19596,Tmem45b,49,35,14,5,74,49,14,3,242,119,158,214,234,-25,-14,0,2
20612,Ucp3,57,34,3,2,68,43,3,2,242,117,165,236,238,-11,-9,0,0
4792,Dnm1l,30,16,4,2,36,18,4,1,242,176,208,234,239,-6,-2,0,1
4795,Dnmbp,39,20,3,2,50,28,3,1,242,153,194,236,239,-11,-8,0,1
2991,Cdk5r2,21,11,2,0,34,16,2,1,242,187,215,238,241,-13,-5,0,-1
18136,Spaca7,25,25,6,1,17,16,6,4,242,200,201,230,237,8,9,0,-3
19595,Tmem45a2,34,18,2,1,43,29,2,0,242,165,195,238,241,-9,-11,0,1
19592,Tmem43,51,28,3,2,38,13,3,1,242,153,201,236,239,13,15,0,1
2865,Cd5,39,25,7,3,58,38,7,1,242,145,179,228,238,-19,-13,0,2
20028,Trav9-1,10,8,7,5,9,8,7,0,242,223,226,228,237,1,0,0,5
7056,Gm20517,48,34,13,4,49,34,13,7,242,145,174,216,231,-1,0,0,-3
18140,Spag11b,11,6,3,1,6,4,3,2,242,225,232,236,239,5,2,0,-1
4809,Dock1,53,31,4,2,53,29,4,1,242,136,182,234,239,0,2,0,1
20020,Trav7d-5,3,2,1,1,3,3,1,1,242,236,237,240,240,0,-1,0,0
5933,Fbxw25,7,6,0,0,9,7,0,0,242,226,229,242,242,-2,-1,0,0
2748,Ccndbp1,41,24,3,2,29,12,3,2,242,172,206,236,238,12,12,0,0
6348,Gabrb1,29,20,2,0,36,20,2,0,242,177,202,238,242,-7,0,0,0
6357,Gabrq,21,11,0,0,21,5,0,0,242,200,226,242,242,0,6,0,0
5926,Fbxw18,20,16,3,1,13,10,3,0,242,209,216,236,241,7,6,0,1
4728,Dnah9,15,6,0,0,36,15,0,0,242,191,221,242,242,-21,-9,0,0
6874,Gm13289,1,1,1,1,2,2,1,0,242,239,239,240,241,-1,-1,0,1
18588,Stxbp2,42,26,4,2,47,21,4,3,242,153,195,234,237,-5,5,0,-1
7212,Gm21903,0,0,0,0,0,0,0,0,242,242,242,242,242,0,0,0,0
6353,Gabrg1,25,12,1,0,13,5,1,0,242,204,225,240,242,12,7,0,0
3854,Creld1,55,30,3,2,50,22,3,0,242,137,190,236,240,5,8,0,2
2995,Cdk6,61,37,7,2,64,40,7,4,242,117,165,228,236,-3,-3,0,-2
7213,Gm21905,0,0,0,0,0,0,0,0,242,242,242,242,242,0,0,0,0
6343,Gabra2,56,26,6,2,44,31,6,0,242,142,185,230,240,12,-5,0,2
5932,Fbxw24,11,7,0,0,16,9,0,0,242,215,226,242,242,-5,-2,0,0
7492,Gm43638,3,1,0,0,1,1,0,0,242,238,240,242,242,2,0,0,0
20493,U2af2,39,15,3,3,29,14,3,1,242,174,213,236,238,10,1,0,2
19621,Tmem74,51,32,5,1,40,26,5,1,242,151,184,232,240,11,6,0,0
18807,Taf4b,57,30,3,0,35,22,3,0,242,150,190,236,242,22,8,0,0
19618,Tmem70,41,23,3,2,35,15,3,0,242,166,204,236,240,6,8,0,2
4758,Dnajc17,33,15,6,2,70,33,6,2,242,139,194,230,238,-37,-18,0,0
5931,Fbxw22,10,9,1,0,13,11,1,0,242,219,222,240,242,-3,-2,0,0
20618,Ufsp1,47,27,4,2,59,32,4,1,242,136,183,234,239,-12,-5,0,1
20524,Ube2d2a,38,21,4,2,46,20,4,2,242,158,201,234,238,-8,1,0,0
19609,Tmem62,35,26,6,2,56,30,6,1,242,151,186,230,239,-21,-4,0,1
18498,Stc2,73,43,1,0,36,17,1,0,242,133,182,240,242,37,26,0,0
4999,Dyrk1b,47,27,3,2,65,32,3,0,242,130,183,236,240,-18,-5,0,2
6396,Galnt5,16,10,0,0,25,11,0,0,242,201,221,242,242,-9,-1,0,0
5253,Elf1,50,28,7,2,42,27,7,0,242,150,187,228,240,8,1,0,2
18529,Stk36,45,33,8,2,67,41,8,1,242,130,168,226,239,-22,-8,0,1
18285,Spred1,50,25,4,2,53,31,4,2,242,139,186,234,238,-3,-6,0,0
5393,Ephb1,39,22,3,0,34,10,3,2,242,169,210,236,240,5,12,0,-2
6969,Gm16513,11,8,2,0,9,6,2,1,242,222,228,238,241,2,2,0,-1
5223,Eif4a3l1,31,22,5,3,42,30,5,2,242,169,190,232,237,-11,-8,0,1
6125,Fmr1nb,44,32,9,4,31,24,9,1,242,167,186,224,237,13,8,0,3
20089,Trem2,45,36,7,1,54,38,7,3,242,143,168,228,238,-9,-2,0,-2
18323,Sptbn5,34,16,2,0,38,21,2,0,242,170,205,238,242,-4,-5,0,0
5228,Eif4e2,29,16,4,3,49,20,4,0,242,164,206,234,239,-20,-4,0,3
3309,Chrnb1,63,31,3,1,40,23,3,0,242,139,188,236,241,23,8,0,1
6122,Fmo9,5,1,0,0,4,0,0,0,242,233,241,242,242,1,1,0,0
6121,Fmo6,17,9,0,0,16,8,0,0,242,209,225,242,242,1,1,0,0
20585,Ubr7,34,17,4,3,51,24,4,0,242,157,201,234,239,-17,-7,0,3
20274,Tsc22d2,57,29,4,2,42,21,4,2,242,143,192,234,238,15,8,0,0
6972,Gm16968,0,0,0,0,0,0,0,0,242,242,242,242,242,0,0,0,0
5242,Eif6,39,21,2,2,34,16,2,1,242,169,205,238,239,5,5,0,1
7273,Gm28168,8,4,0,0,15,3,0,0,242,219,235,242,242,-7,1,0,0
5243,Eipr1,34,19,6,3,37,23,6,3,242,171,200,230,236,-3,-4,0,0
7001,Gm17490,0,0,0,0,0,0,0,0,242,242,242,242,242,0,0,0,0
7275,Gm28230,43,28,4,0,32,22,4,0,242,167,192,234,242,11,6,0,0
20095,Trex1,44,29,9,3,51,33,9,6,242,147,180,224,233,-7,-4,0,-3
2958,Cdh4,31,17,1,0,31,12,1,0,242,180,213,240,242,0,5,0,0
3644,Col18a1,59,38,8,4,45,23,8,2,242,138,181,226,236,14,15,0,2
18530,Stk38,36,20,3,2,46,24,3,1,242,160,198,236,239,-10,-4,0,1
18876,Tas2r124,0,0,0,0,1,1,0,0,242,241,241,242,242,-1,-1,0,0
6129,Fnbp1,41,26,5,2,53,29,5,0,242,148,187,232,240,-12,-3,0,2
7714,Gm5934,32,16,3,0,38,18,3,0,242,172,208,236,242,-6,-2,0,0
20509,Ubald2,34,17,4,2,54,32,4,1,242,154,193,234,239,-20,-15,0,1
18262,Spns1,45,21,4,3,22,12,4,2,242,175,209,234,237,23,9,0,1
18868,Tas2r116,2,2,0,0,0,0,0,0,242,240,240,242,242,2,2,0,0
7007,Gm17581,0,0,0,0,0,0,0,0,242,242,242,242,242,0,0,0,0
2836,Cd300c,21,21,6,3,11,11,6,1,242,210,210,230,238,10,10,0,2
5403,Epm2aip1,44,22,4,2,45,26,4,1,242,153,194,234,239,-1,-4,0,1
6958,Gm15737,28,14,0,0,28,12,0,0,242,186,216,242,242,0,2,0,0
18514,Stk11,28,11,3,2,33,13,3,1,242,181,218,236,239,-5,-2,0,1
18869,Tas2r117,0,0,0,0,0,0,0,0,242,242,242,242,242,0,0,0,0
19272,Tigd4,39,20,2,0,45,21,2,1,242,158,201,238,241,-6,-1,0,-1
18871,Tas2r119,1,1,0,0,0,0,0,0,242,241,241,242,242,1,1,0,0
18874,Tas2r122,0,0,0,0,0,0,0,0,242,242,242,242,242,0,0,0,0
5203,Eif2s2,46,26,3,3,31,12,3,1,242,165,204,236,238,15,14,0,2
2960,Cdh6,33,15,1,0,24,13,1,0,242,185,214,240,242,9,2,0,0
18534,Stk40,71,45,6,3,43,23,6,3,242,128,174,230,236,28,22,0,0
18532,Stk39,26,15,2,2,60,31,2,0,242,156,196,238,240,-34,-16,0,2
7336,Gm30302,15,12,5,2,15,7,5,3,242,212,223,232,237,0,5,0,-1
5211,Eif3f,38,16,3,3,29,16,3,3,242,175,210,236,236,9,0,0,0
18872,Tas2r120,1,1,0,0,0,0,0,0,242,241,241,242,242,1,1,0,0
19356,Tm4sf19,57,47,11,5,53,40,11,6,242,132,155,220,231,4,7,0,-1
18873,Tas2r121,0,0,0,0,0,0,0,0,242,242,242,242,242,0,0,0,0
19278,Timm10,47,26,7,4,48,30,7,4,242,147,186,228,234,-1,-4,0,0
5392,Epha8,31,15,2,0,16,7,2,2,242,195,220,238,240,15,8,0,-2
20097,Trf,58,41,10,2,45,27,10,6,242,139,174,222,234,13,14,0,-4
6147,Fntb,39,20,3,1,54,25,3,2,242,149,197,236,239,-15,-5,0,-1
2814,Cd200r4,31,21,4,0,27,19,4,3,242,184,202,234,239,4,2,0,-3
7298,Gm28891,0,0,0,0,0,0,0,0,242,242,242,242,242,0,0,0,0
20114,Trhr,24,11,3,1,33,16,3,0,242,185,215,236,241,-9,-5,0,1
5324,Enah,43,27,4,3,44,19,4,1,242,155,196,234,238,-1,8,0,2
5325,Enam,2,2,0,0,2,1,0,0,242,238,239,242,242,0,1,0,0
3591,Cnpy3,44,19,3,3,32,16,3,2,242,166,207,236,237,12,3,0,1
3612,Cntnap5b,12,4,0,0,12,8,0,0,242,218,230,242,242,0,-4,0,0
6083,Fkbp9,39,25,5,2,38,22,5,3,242,165,195,232,237,1,3,0,-1
3610,Cntnap4,20,13,2,1,20,9,2,1,242,202,220,238,240,0,4,0,0
5376,Epb41l5,42,19,4,2,57,29,4,0,242,143,194,234,240,-15,-10,0,2
5336,Eno1,54,30,5,3,40,29,5,1,242,148,183,232,238,14,1,0,2
5375,Epb41l4b,42,22,2,2,46,20,2,0,242,154,200,238,240,-4,2,0,2
19289,Timm8a1,48,31,5,3,40,20,5,1,242,154,191,232,238,8,11,0,2
3325,Chst4,30,19,7,2,38,28,7,1,242,174,195,228,239,-8,-9,0,1
3609,Cntnap3,8,3,0,0,13,9,0,0,242,221,230,242,242,-5,-6,0,0
6062,Filip1,26,15,3,2,46,20,3,0,242,170,207,236,240,-20,-5,0,2
5345,Enpp1,52,32,5,3,53,31,5,3,242,137,179,232,236,-1,1,0,0
3602,Cntn2,53,23,4,1,44,18,4,0,242,145,201,234,241,9,5,0,1
5351,Enpp7,8,7,0,0,11,10,0,0,242,223,225,242,242,-3,-3,0,0
20579,Ubqlnl,8,2,0,0,2,0,0,0,242,232,240,242,242,6,2,0,0
7289,Gm28553,0,0,0,0,0,0,0,0,242,242,242,242,242,0,0,0,0
3599,Cntfr,39,21,4,0,48,27,4,0,242,155,194,234,242,-9,-6,0,0
6067,Fitm2,59,33,4,2,46,23,4,0,242,137,186,234,240,13,10,0,2
5361,Entpd8,34,21,8,2,39,24,8,4,242,169,197,226,236,-5,-3,0,-2
6987,Gm17268,3,3,3,3,3,3,3,3,242,236,236,236,236,0,0,0,0
5308,Emilin2,58,41,10,4,59,37,10,3,242,125,164,222,235,-1,4,0,1
6089,Flcn,61,30,5,3,44,29,5,2,242,137,183,232,237,17,1,0,1
5278,Elovl1,33,27,10,2,47,20,10,5,242,162,195,222,235,-14,7,0,-3
7000,Gm17482,0,0,0,0,0,0,0,0,242,242,242,242,242,0,0,0,0
18515,Stk11ip,30,10,3,0,62,37,3,3,242,150,195,236,239,-32,-27,0,-3
18524,Stk32a,42,26,6,1,43,27,6,1,242,157,189,230,240,-1,-1,0,0
3639,Col13a1,36,25,3,1,26,15,3,0,242,180,202,236,241,10,10,0,1
5266,Elmo1,41,22,4,0,53,27,4,0,242,148,193,234,242,-12,-5,0,0
18879,Tas2r129,0,0,0,0,0,0,0,0,242,242,242,242,242,0,0,0,0
19325,Tle3,61,37,4,2,37,22,4,2,242,144,183,234,238,24,15,0,0
5271,Elmod3,37,20,4,4,70,37,4,1,242,135,185,234,237,-33,-17,0,3
18523,Stk31,25,17,1,0,29,10,1,0,242,188,215,240,242,-4,7,0,0
6981,Gm17093,10,9,1,0,7,3,1,0,242,225,230,240,242,3,6,0,0
6997,Gm17428,0,0,0,0,0,0,0,0,242,242,242,242,242,0,0,0,0
6092,Fli1,48,28,5,1,57,34,5,3,242,137,180,232,238,-9,-6,0,-2
20104,Trgj3,0,0,0,0,0,0,0,0,242,242,242,242,242,0,0,0,0
18880,Tas2r130,1,1,0,0,0,0,0,0,242,241,241,242,242,1,1,0,0
18881,Tas2r131,3,3,0,0,0,0,0,0,242,239,239,242,242,3,3,0,0
18882,Tas2r134,0,0,0,0,1,1,0,0,242,241,241,242,242,-1,-1,0,0
2951,Cdh2,34,15,4,0,68,30,4,2,242,140,197,234,240,-34,-15,0,-2
18884,Tas2r136,0,0,0,0,0,0,0,0,242,242,242,242,242,0,0,0,0
6057,Fig4,33,16,3,2,50,20,3,0,242,159,206,236,240,-17,-4,0,2
18887,Tas2r139,9,9,1,0,6,6,1,0,242,227,227,240,242,3,3,0,0
2957,Cdh3,45,25,4,1,52,34,4,0,242,145,183,234,241,-7,-9,0,1
18890,Tas2r144,0,0,0,0,0,0,0,0,242,242,242,242,242,0,0,0,0
18261,Spn,37,21,7,3,89,53,7,3,242,116,168,228,236,-52,-32,0,0
5412,Eprs,41,24,4,2,40,16,4,1,242,161,202,234,239,1,8,0,1
18337,Srbd1,41,22,3,2,48,19,3,0,242,153,201,236,240,-7,3,0,2
6028,Fgf9,43,27,7,3,58,31,7,3,242,141,184,228,236,-15,-4,0,0
6208,Fpr-rs7,1,1,0,0,1,1,0,0,242,240,240,242,242,0,0,0,0
5061,Eci2,44,28,9,4,45,21,9,6,242,153,193,224,232,-1,7,0,-2
3345,Cib3,36,28,11,4,33,29,11,4,242,173,185,220,234,3,-1,0,0
6207,Fpr-rs6,1,1,0,0,0,0,0,0,242,241,241,242,242,1,1,0,0
6206,Fpr-rs4,2,2,0,0,0,0,0,0,242,240,240,242,242,2,2,0,0
6205,Fpr-rs3,3,2,0,0,1,1,0,0,242,238,239,242,242,2,1,0,0
18232,Spidr,55,26,5,1,37,20,5,1,242,150,196,232,240,18,6,0,0
18856,Tas2r102,1,1,0,0,0,0,0,0,242,241,241,242,242,1,1,0,0
18935,Tbcc,20,9,2,2,72,40,2,2,242,150,193,238,238,-52,-31,0,0
7019,Gm17720,0,0,0,0,0,0,0,0,242,242,242,242,242,0,0,0,0
5071,Eda,40,22,5,1,51,29,5,2,242,151,191,232,239,-11,-7,0,-1
19237,Thoc2,40,27,8,3,55,33,8,2,242,147,182,226,237,-15,-6,0,1
7384,Gm34066,22,20,4,2,21,18,4,0,242,199,204,234,240,1,2,0,2
5451,Eri1,43,24,6,1,46,26,6,2,242,153,192,230,239,-3,-2,0,-1
20298,Tspan1,41,22,8,5,62,41,8,1,242,139,179,226,236,-21,-19,0,4
18235,Spin2d,11,9,4,1,15,12,4,0,242,216,221,234,241,-4,-3,0,1
19238,Thoc2l,42,21,5,2,44,20,5,2,242,156,201,232,238,-2,1,0,0
3709,Cops3,26,14,4,3,51,29,4,1,242,165,199,234,238,-25,-15,0,2
6196,Foxp4,46,24,4,2,55,26,4,2,242,141,192,234,238,-9,-2,0,0
7018,Gm17662,0,0,0,0,0,0,0,0,242,242,242,242,242,0,0,0,0
18858,Tas2r104,0,0,0,0,0,0,0,0,242,242,242,242,242,0,0,0,0
3704,Cope,28,9,2,2,27,17,2,0,242,187,216,238,240,1,-8,0,2
6193,Foxp1,42,24,3,2,58,25,3,2,242,142,193,236,238,-16,-1,0,0
3719,Coq10a,38,22,6,4,60,32,6,1,242,144,188,230,237,-22,-10,0,3
3346,Cib4,24,23,12,1,35,33,12,2,242,183,186,218,239,-11,-10,0,-1
5053,Ece2,50,35,13,4,50,31,13,7,242,142,176,216,231,0,4,0,-3
7034,Gm19965,14,9,1,0,22,8,1,0,242,206,225,240,242,-8,1,0,0
5000,Dyrk2,37,19,3,2,71,50,3,1,242,134,173,236,239,-34,-31,0,1
18207,Speer4c,36,35,19,5,31,29,19,13,242,175,178,204,224,5,6,0,-8
5005,Dzank1,40,17,1,0,51,20,1,1,242,151,205,240,241,-11,-3,0,-1
5994,Fezf2,26,14,2,1,16,9,2,1,242,200,219,238,240,10,5,0,0
19480,Tmem176b,44,27,6,3,46,28,6,2,242,152,187,230,237,-2,-1,0,1
18943,Tbl1x,37,22,5,3,36,15,5,0,242,169,205,232,239,1,7,0,3
6241,Fscb,7,3,0,0,4,2,0,0,242,231,237,242,242,3,1,0,0
5478,Esco1,46,24,6,2,41,30,6,2,242,155,188,230,238,5,-6,0,0
18335,Sra1,40,19,3,3,22,10,3,2,242,180,213,236,237,18,9,0,1
3730,Corin,52,32,2,0,36,20,2,1,242,154,190,238,241,16,12,0,-1
6004,Fgd4,41,23,5,2,62,32,5,1,242,139,187,232,239,-21,-9,0,1
3723,Coq4,41,24,8,3,48,26,8,2,242,153,192,226,237,-7,-2,0,1
6005,Fgd5,39,15,2,2,32,16,2,1,242,171,211,238,239,7,-1,0,1
20144,Trim31,31,18,1,1,16,9,1,0,242,195,215,240,241,15,9,0,1
3269,Chl1,41,20,3,0,33,18,3,2,242,168,204,236,240,8,2,0,-2
5472,Erp27,47,37,12,3,66,56,12,4,242,129,149,218,235,-19,-19,0,-1
6219,Frg1,36,18,4,3,35,15,4,4,242,171,209,234,235,1,3,0,-1
18937,Tbcd,35,18,3,2,48,27,3,3,242,159,197,236,237,-13,-9,0,-1
6928,Gm14569,18,10,2,0,12,3,2,2,242,212,229,238,240,6,7,0,-2
5041,Ears2,43,21,4,2,50,24,4,2,242,149,197,234,238,-7,-3,0,0
3724,Coq5,42,23,3,2,33,17,3,1,242,167,202,236,239,9,6,0,1
19224,Theg,22,20,4,1,18,13,4,3,242,202,209,234,238,4,7,0,-2
7376,Gm3371,12,12,6,3,17,15,6,4,242,213,215,230,235,-5,-3,0,-1
19417,Tmem11,50,20,3,3,32,16,3,0,242,160,206,236,239,18,4,0,3
20576,Ubqln3,6,0,0,0,2,0,0,0,242,234,242,242,242,4,0,0,0
7257,Gm27179,1,0,0,0,0,0,0,0,242,241,242,242,242,1,0,0,0
7010,Gm17617,0,0,0,0,0,0,0,0,242,242,242,242,242,0,0,0,0
18244,Spink12,6,6,1,1,4,4,1,1,242,232,232,240,240,2,2,0,0
3674,Col8a1,37,14,1,0,52,23,1,0,242,153,205,240,242,-15,-9,0,0
5160,Ehd4,59,40,6,3,42,28,6,2,242,141,174,230,237,17,12,0,1
19388,Tmco3,43,20,3,2,38,23,3,1,242,161,199,236,239,5,-3,0,1
3284,Chodl,18,12,1,0,30,21,1,0,242,194,209,240,242,-12,-9,0,0
2965,Cdhr2,26,13,2,2,37,19,2,0,242,179,210,238,240,-11,-6,0,2
18864,Tas2r110,1,1,0,0,2,2,0,0,242,239,239,242,242,-1,-1,0,0
18865,Tas2r113,1,1,0,0,0,0,0,0,242,241,241,242,242,1,1,0,0
18329,Spty2d1,60,38,5,2,26,12,5,0,242,156,192,232,240,34,26,0,2
5178,Eif1ad15,28,23,7,0,22,17,7,1,242,192,202,228,241,6,6,0,-1
2964,Cdhr1,40,26,6,2,37,22,6,3,242,165,194,230,237,3,4,0,-1
3575,Cnnm4,47,30,3,2,61,35,3,0,242,134,177,236,240,-14,-5,0,2
18866,Tas2r114,2,2,0,0,0,0,0,0,242,240,240,242,242,2,2,0,0
19376,Tmc2,46,32,3,0,46,31,3,0,242,150,179,236,242,0,1,0,0
3288,Chpf,40,26,5,2,44,22,5,1,242,158,194,232,239,-4,4,0,1
6163,Foxd1,40,19,1,0,39,18,1,0,242,163,205,240,242,1,1,0,0
5184,Eif1ad3,24,15,4,2,27,17,4,1,242,191,210,234,239,-3,-2,0,1
18867,Tas2r115,0,0,0,0,0,0,0,0,242,242,242,242,242,0,0,0,0
5187,Eif1ad7,23,16,4,1,15,11,4,0,242,204,215,234,241,8,5,0,1
2793,Cct8,39,17,5,4,33,18,5,2,242,170,207,232,236,6,-1,0,2
5188,Eif1ad8,26,17,3,1,30,22,3,0,242,186,203,236,241,-4,-5,0,1
18257,Spint4,7,7,1,1,3,3,1,0,242,232,232,240,241,4,4,0,1
3675,Col8a2,58,37,7,3,47,23,7,5,242,137,182,228,234,11,14,0,-2
7011,Gm17622,0,0,0,0,0,0,0,0,242,242,242,242,242,0,0,0,0
18243,Spink11,10,10,3,3,8,8,3,1,242,224,224,236,238,2,2,0,2
5127,Efhd2,59,30,4,2,47,22,4,1,242,136,190,234,239,12,8,0,1
6031,Fgfr1,58,35,4,3,44,23,4,1,242,140,184,234,238,14,12,0,2
19244,Thpo,46,31,5,2,62,41,5,1,242,134,170,232,239,-16,-10,0,1
20139,Trim3,52,36,4,2,38,16,4,1,242,152,190,234,239,14,20,0,1
5112,Efcab15,48,35,8,1,56,36,8,4,242,138,171,226,237,-8,-1,0,-3
5113,Efcab2,30,14,2,2,56,34,2,2,242,156,194,238,238,-26,-20,0,0
7372,Gm3317,10,10,10,5,14,14,10,9,242,218,218,222,228,-4,-4,0,-4
18919,Tbc1d23,34,22,5,2,54,22,5,0,242,154,198,232,240,-20,0,0,2
6941,Gm15107,24,17,11,3,19,18,11,6,242,199,207,220,233,5,-1,0,-3
18861,Tas2r107,2,2,0,0,2,2,0,0,242,238,238,242,242,0,0,0,0
5126,Efhd1,36,20,4,2,54,29,4,0,242,152,193,234,240,-18,-9,0,2
20076,Trdd1,0,0,0,0,0,0,0,0,242,242,242,242,242,0,0,0,0
5139,Efs,51,26,0,0,30,15,0,0,242,161,201,242,242,21,11,0,0
2844,Cd300ld5,21,19,10,4,20,17,10,8,242,201,206,222,230,1,2,0,-4
19396,Tmed11,3,3,1,1,3,1,1,0,242,236,238,240,241,0,2,0,1
20077,Trdd2,0,0,0,0,0,0,0,0,242,242,242,242,242,0,0,0,0
18509,Stim2,50,28,4,2,41,20,4,0,242,151,194,234,240,9,8,0,2
20257,Trpt1,37,18,4,1,45,26,4,2,242,160,198,234,239,-8,-8,0,-1
6180,Foxk2,41,20,3,2,42,23,3,0,242,159,199,236,240,-1,-3,0,2
5429,Erbin,41,21,5,2,46,19,5,0,242,155,202,232,240,-5,2,0,2
7013,Gm17651,0,0,0,0,0,0,0,0,242,242,242,242,242,0,0,0,0
2788,Cct4,45,22,6,4,40,27,6,4,242,157,193,230,234,5,-5,0,0
3685,Colq,52,30,6,3,41,22,6,2,242,149,190,230,237,11,8,0,1
4585,Dhdh,65,35,5,2,36,18,5,2,242,141,189,232,238,29,17,0,0
6861,Gm13043,14,5,0,0,9,5,0,0,242,219,232,242,242,5,0,0,0
7624,Gm49661,10,10,9,9,10,10,9,9,242,222,222,224,224,0,0,0,0
6650,Glra2,16,11,0,0,25,13,0,0,242,201,218,242,242,-9,-2,0,0
19118,Tex12,23,19,8,1,27,21,8,1,242,192,202,226,240,-4,-2,0,0
6765,Gm10945,0,0,0,0,0,0,0,0,242,242,242,242,242,0,0,0,0
6766,Gm10959,0,0,0,0,0,0,0,0,242,242,242,242,242,0,0,0,0
20471,Txndc8,10,8,4,0,7,6,4,0,242,225,228,234,242,3,2,0,0
3146,Ces1c,25,9,2,0,19,12,2,0,242,198,221,238,242,6,-3,0,0
19119,Tex13a,6,4,0,0,0,0,0,0,242,236,238,242,242,6,4,0,0
19818,Tph2,43,26,5,0,36,22,5,1,242,163,194,232,241,7,4,0,-1
18058,Snx5,40,18,5,3,40,21,5,3,242,162,203,232,236,0,-3,0,0
20556,Ube3a,37,23,4,2,54,29,4,0,242,151,190,234,240,-17,-6,0,2
4377,Dctn4,31,17,3,2,46,14,3,2,242,165,211,236,238,-15,3,0,0
19891,Traj37,1,0,0,0,0,0,0,0,242,241,242,242,242,1,0,0,0
18631,Sult6b2,41,25,1,0,47,26,1,0,242,154,191,240,242,-6,-1,0,0
18017,Snrpd2,39,19,4,2,38,25,4,2,242,165,198,234,238,1,-6,0,0
4383,Dcun1d3,54,31,7,2,56,39,7,3,242,132,172,228,237,-2,-8,0,-1
19893,Traj39,0,0,0,0,1,0,0,0,242,241,242,242,242,-1,0,0,0
18453,St6galnac6,65,40,9,1,47,31,9,1,242,130,171,224,240,18,9,0,0
2654,Ccdc54,7,5,0,0,11,8,0,0,242,224,229,242,242,-4,-3,0,0
6508,Gdnf,46,33,9,3,54,33,9,3,242,142,176,224,236,-8,0,0,0
6772,Gm11007,5,5,5,5,6,6,5,5,242,231,231,232,232,-1,-1,0,0
6764,Gm10944,0,0,0,0,0,0,0,0,242,242,242,242,242,0,0,0,0
7673,Gm5414,5,5,0,0,3,1,0,0,242,234,236,242,242,2,4,0,0
6791,Gm11116,0,0,0,0,0,0,0,0,242,242,242,242,242,0,0,0,0
4203,Cyp3a11,13,5,1,1,17,6,1,1,242,212,231,240,240,-4,-1,0,0
4209,Cyp3a44,12,2,0,0,10,3,0,0,242,220,237,242,242,2,-1,0,0
4335,Dcaf12l2,32,12,0,0,29,12,0,0,242,181,218,242,242,3,0,0,0
4338,Dcaf17,46,27,5,3,56,28,5,2,242,140,187,232,237,-10,-1,0,1
19887,Traj32,1,1,1,1,3,2,1,1,242,238,239,240,240,-2,-1,0,0
6528,Gfi1,49,27,7,0,59,39,7,1,242,134,176,228,241,-10,-12,0,-1
18638,Sun2,37,22,5,2,51,25,5,3,242,154,195,232,237,-14,-3,0,-1
4345,Dcakd,54,31,3,2,34,18,3,1,242,154,193,236,239,20,13,0,1
4205,Cyp3a16,11,3,0,0,6,3,0,0,242,225,236,242,242,5,0,0,0
19116,Tex101,41,31,4,0,20,13,4,1,242,181,198,234,241,21,18,0,-1
18403,Ssc5d,69,36,1,0,48,25,1,1,242,125,181,240,241,21,11,0,-1
5689,Fam163b,30,18,2,1,24,13,2,1,242,188,211,238,240,6,5,0,0
18636,Sumo3,43,22,4,2,33,18,4,2,242,166,202,234,238,10,4,0,0
18734,Syt1,18,7,0,0,29,13,0,0,242,195,222,242,242,-11,-6,0,0
19832,Tppp3,47,25,4,1,51,26,4,2,242,144,191,234,239,-4,-1,0,-1
4072,Cutal,62,36,6,4,48,28,6,1,242,132,178,230,237,14,8,0,3
20434,Tubgcp4,66,38,4,3,29,16,4,1,242,147,188,234,238,37,22,0,2
4354,Dck,45,17,3,1,54,32,3,0,242,143,193,236,241,-9,-15,0,1
4014,Ctnna2,39,16,2,0,35,16,2,2,242,168,210,238,240,4,0,0,-2
3145,Ces1b,19,5,0,0,12,2,0,0,242,211,235,242,242,7,3,0,0
6506,Gdi1,43,25,6,2,41,23,6,3,242,158,194,230,237,2,2,0,-1
4385,Dcun1d5,40,17,3,2,28,14,3,2,242,174,211,236,238,12,3,0,0
18629,Sult5a1,70,47,4,1,41,20,4,2,242,131,175,234,239,29,27,0,-1
4387,Dcxr,47,30,6,2,50,29,6,4,242,145,183,230,236,-3,1,0,-2
4188,Cyp2g1,24,12,1,0,14,6,1,0,242,204,224,240,242,10,6,0,0
19136,Tex28,17,15,0,0,4,3,0,0,242,221,224,242,242,13,12,0,0
2894,Cd99l2,39,28,7,5,55,25,7,1,242,148,189,228,236,-16,3,0,4
4406,Ddr2,62,40,4,2,51,33,4,3,242,129,169,234,237,11,7,0,-1
19809,Tpbpb,8,8,2,0,5,5,2,2,242,229,229,238,240,3,3,0,-2
5740,Fam210b,35,23,8,5,57,28,8,5,242,150,191,226,232,-22,-5,0,0
18673,Svip,34,16,6,2,54,29,6,3,242,154,197,230,237,-20,-13,0,-1
4097,Cxcl3,35,31,11,2,40,39,11,6,242,167,172,220,234,-5,-8,0,-4
4179,Cyp2d11,8,6,0,0,5,2,0,0,242,229,234,242,242,3,4,0,0
19804,Tox3,20,11,4,0,54,26,4,0,242,168,205,234,242,-34,-15,0,0
19911,Traj58,0,0,0,0,0,0,0,0,242,242,242,242,242,0,0,0,0
6784,Gm11096,0,0,0,0,0,0,0,0,242,242,242,242,242,0,0,0,0
6786,Gm1110,15,10,1,0,19,11,1,1,242,208,221,240,241,-4,-1,0,-1
2657,Ccdc59,40,22,2,2,28,14,2,2,242,174,206,238,238,12,8,0,0
18754,Sytl4,49,33,6,0,45,32,6,2,242,148,177,230,240,4,1,0,-2
6788,Gm11111,0,0,0,0,0,0,0,0,242,242,242,242,242,0,0,0,0
6789,Gm11114,0,0,0,0,0,0,0,0,242,242,242,242,242,0,0,0,0
4418,Ddx23,48,29,8,6,47,27,8,2,242,147,186,226,234,1,2,0,4
6790,Gm11115,0,0,0,0,0,0,0,0,242,242,242,242,242,0,0,0,0
6780,Gm11042,12,12,12,12,12,12,12,12,242,218,218,218,218,0,0,0,0
7610,Gm49398,5,3,0,0,15,5,0,0,242,222,234,242,242,-10,-2,0,0
6484,Gcnt1,54,40,7,4,65,44,7,1,242,123,158,228,237,-11,-4,0,3
3093,Cenpx,37,16,6,2,47,28,6,5,242,158,198,230,235,-10,-12,0,-3
18746,Syt5,28,15,5,3,49,34,5,0,242,165,193,232,239,-21,-19,0,3
7680,Gm5478,12,7,0,0,6,1,0,0,242,224,234,242,242,6,6,0,0
6503,Gdf6,21,6,0,0,30,13,0,0,242,191,223,242,242,-9,-7,0,0
4003,Ctdspl,49,28,6,2,65,40,6,2,242,128,174,230,238,-16,-12,0,0
20174,Trim61,34,23,2,0,24,13,2,1,242,184,206,238,241,10,10,0,-1
6500,Gdf2,7,3,0,0,8,2,0,0,242,227,237,242,242,-1,1,0,0
20439,Tug1,45,24,5,3,50,28,5,2,242,147,190,232,237,-5,-4,0,1
18014,Snrpb2,35,18,6,4,46,27,6,4,242,161,197,230,234,-11,-9,0,0
18374,Srrd,44,23,6,3,58,26,6,4,242,140,193,230,235,-14,-3,0,-1
4190,Cyp2j12,22,15,2,0,11,6,2,0,242,209,221,238,242,11,9,0,0
19135,Tex264,34,18,3,3,31,12,3,0,242,177,212,236,239,3,6,0,3
18750,Syt9,26,18,4,1,36,15,4,3,242,180,209,234,238,-10,3,0,-2
7177,Gm21731,11,10,7,2,12,11,7,2,242,219,221,228,238,-1,-1,0,0
5661,Fam124a,40,21,5,0,53,34,5,0,242,149,187,232,242,-13,-13,0,0
4192,Cyp2j5,23,15,2,2,37,19,2,0,242,182,208,238,240,-14,-4,0,2
19953,Trav12n-3,4,2,2,2,3,2,2,2,242,235,238,238,238,1,0,0,0
18059,Snx6,41,21,3,2,44,22,3,0,242,157,199,236,240,-3,-1,0,2
20442,Tulp3,50,26,6,3,65,29,6,2,242,127,187,230,237,-15,-3,0,1
7629,Gm49804,27,23,15,10,32,24,15,10,242,183,195,212,222,-5,-1,0,0
6538,Gfra3,37,14,3,0,28,18,3,1,242,177,210,236,241,9,-4,0,-1
7669,Gm52968,49,34,7,0,51,30,7,1,242,142,178,228,241,-2,4,0,-1
4297,Dag1,44,21,5,3,63,36,5,2,242,135,185,232,237,-19,-15,0,1
4226,Cyp4f17,57,37,15,8,64,37,15,10,242,121,168,212,224,-7,0,0,-2
4052,Cttn,53,27,5,2,41,20,5,2,242,148,195,232,238,12,7,0,0
19867,Traj13,3,2,2,2,2,2,2,2,242,237,238,238,238,1,0,0,0
20183,Trim71,37,19,1,0,29,12,1,0,242,176,211,240,242,8,7,0,0
6594,Gja10,28,13,0,0,27,10,0,0,242,187,219,242,242,1,3,0,0
19866,Traj12,2,2,2,2,2,2,2,2,242,238,238,238,238,0,0,0,0
3112,Cep295nl,98,61,11,3,51,30,11,3,242,93,151,220,236,47,31,0,0
6737,Gm10486,0,0,0,0,0,0,0,0,242,242,242,242,242,0,0,0,0
19865,Traj11,0,0,0,0,1,0,0,0,242,241,242,242,242,-1,0,0,0
19011,Tcl1b3,6,6,0,0,1,1,0,0,242,235,235,242,242,5,5,0,0
18040,Snx16,81,45,7,2,29,19,7,3,242,132,178,228,237,52,26,0,-1
19884,Traj3,2,2,2,2,4,3,2,2,242,236,237,238,238,-2,-1,0,0
20468,Txndc17,38,24,4,2,44,26,4,1,242,160,192,234,239,-6,-2,0,1
3129,Cep89,31,12,3,2,55,27,3,1,242,156,203,236,239,-24,-15,0,1
4292,Dach2,22,9,2,1,45,22,2,1,242,175,211,238,240,-23,-13,0,0
4220,Cyp4a32,15,12,1,0,17,10,1,0,242,210,220,240,242,-2,2,0,0
2644,Ccdc33,24,11,0,0,39,16,0,0,242,179,215,242,242,-15,-5,0,0
19010,Tcl1b2,18,17,3,0,28,20,3,2,242,196,205,236,240,-10,-3,0,-2
4294,Dact2,44,25,4,2,44,24,4,0,242,154,193,234,240,0,1,0,2
5731,Fam205a3,24,17,11,8,33,23,11,9,242,185,202,220,225,-9,-6,0,-1
4227,Cyp4f18,54,37,12,3,56,36,12,1,242,132,169,218,238,-2,1,0,2
7153,Gm21312,4,4,1,0,4,4,1,0,242,234,234,240,242,0,0,0,0
19019,Tcp10c,31,21,1,1,33,21,1,0,242,178,200,240,241,-2,0,0,1
6605,Gjb6,35,22,3,0,33,21,3,0,242,174,199,236,242,2,1,0,0
4249,Cysltr2,35,23,4,2,55,39,4,2,242,152,180,234,238,-20,-16,0,0
3065,Celf5,54,27,4,0,52,33,4,0,242,136,182,234,242,2,-6,0,0
20674,Unc5cl,32,19,4,1,41,23,4,1,242,169,200,234,240,-9,-4,0,0
18705,Syn3,49,33,6,2,56,33,6,1,242,137,176,230,239,-7,0,0,1
19100,Terf2ip,47,31,3,2,33,13,3,0,242,162,198,236,240,14,18,0,2
5820,Fance,35,18,3,3,46,21,3,1,242,161,203,236,238,-11,-3,0,2
18395,Ss18l1,53,25,4,0,52,35,4,1,242,137,182,234,241,1,-10,0,-1
6613,Gk,32,22,4,3,76,36,4,0,242,134,184,234,239,-44,-14,0,3
19868,Traj15,3,3,3,3,3,3,3,3,242,236,236,236,236,0,0,0,0
6615,Gk5,35,17,3,1,78,36,3,1,242,129,189,236,240,-43,-19,0,0
19876,Traj22,5,4,4,4,4,4,4,4,242,233,234,234,234,1,0,0,0
19881,Traj27,0,0,0,0,0,0,0,0,242,242,242,242,242,0,0,0,0
19935,Trappc6a,32,18,5,4,45,26,5,2,242,165,198,232,236,-13,-8,0,2
4268,D1Pas1,16,6,0,0,22,10,0,0,242,204,226,242,242,-6,-4,0,0
19928,Trappc13,37,21,3,3,37,18,3,1,242,168,203,236,238,0,3,0,2
19869,Traj16,1,1,0,0,0,0,0,0,242,241,241,242,242,1,1,0,0
5730,Fam205a2,32,19,10,10,24,17,10,7,242,186,206,222,225,8,2,0,3
19009,Tcl1b1,9,8,1,0,12,9,1,0,242,221,225,240,242,-3,-1,0,0
5701,Fam171a1,46,29,5,2,57,32,5,1,242,139,181,232,239,-11,-3,0,1
3054,Cebpzos,39,21,4,2,31,16,4,3,242,172,205,234,237,8,5,0,-1
3131,Cep97,52,28,6,1,60,33,6,1,242,130,181,230,240,-8,-5,0,0
3414,Cldn17,13,11,0,0,9,7,0,0,242,220,224,242,242,4,4,0,0
7150,Gm21293,36,24,9,2,41,31,9,1,242,165,187,224,239,-5,-7,0,1
18382,Srsf11,44,23,4,4,28,10,4,0,242,170,209,234,238,16,13,0,4
7633,Gm49918,3,3,0,0,1,1,0,0,242,238,238,242,242,2,2,0,0
19848,Tra2b,46,28,6,2,42,23,6,3,242,154,191,230,237,4,5,0,-1
4071,Cuta,47,26,2,2,27,12,2,1,242,168,204,238,239,20,14,0,1
4031,Cts7,4,4,0,0,10,10,0,0,242,228,228,242,242,-6,-6,0,0
18639,Sun3,25,21,7,2,50,41,7,2,242,167,180,228,238,-25,-20,0,0
4327,Dbt,34,22,8,3,59,33,8,4,242,149,187,226,235,-25,-11,0,-1
18729,Synrg,43,25,4,2,48,26,4,1,242,151,191,234,239,-5,-1,0,1
4212,Cyp46a1,43,26,3,0,61,32,3,1,242,138,184,236,241,-18,-6,0,-1
4329,Dbx2,24,12,2,1,18,9,2,0,242,200,221,238,241,6,3,0,1
5852,Fbl,48,22,4,3,37,21,4,0,242,157,199,234,239,11,1,0,3
6752,Gm10719,63,50,27,20,59,47,27,17,242,120,145,188,205,4,3,0,3
5853,Fblim1,65,39,5,3,52,32,5,2,242,125,171,232,237,13,7,0,1
19942,Trav10,4,3,1,0,3,3,1,1,242,235,236,240,241,1,0,0,-1
7631,Gm49835,0,0,0,0,2,2,0,0,242,240,240,242,242,-2,-2,0,0
7630,Gm4981,23,13,0,0,30,18,0,0,242,189,211,242,242,-7,-5,0,0
18688,Sybu,35,23,5,1,64,41,5,1,242,143,178,232,240,-29,-18,0,0
20675,Unc5d,17,5,0,0,18,13,0,0,242,207,224,242,242,-1,-8,0,0
6553,Ggps1,39,18,4,2,43,24,4,1,242,160,200,234,239,-4,-6,0,1
18724,Synm,46,19,2,0,39,19,2,0,242,157,204,238,242,7,0,0,0
2887,Cd84,44,24,4,3,69,39,4,1,242,129,179,234,238,-25,-15,0,2
4067,Cul4b,34,15,5,2,35,20,5,0,242,173,207,232,240,-1,-5,0,2
20555,Ube2z,41,19,3,2,41,17,3,0,242,160,206,236,240,0,2,0,2
2888,Cd86,51,32,2,1,27,13,2,1,242,164,197,238,240,24,19,0,0
7105,Gm20838,0,0,0,0,0,0,0,0,242,242,242,242,242,0,0,0,0
20667,Unc13d,75,43,7,0,57,44,7,3,242,110,155,228,239,18,-1,0,-3
18718,Syngr2,39,29,8,2,54,29,8,4,242,149,184,226,236,-15,0,0,-2
19114,Tet3,51,30,6,0,48,29,6,1,242,143,183,230,241,3,1,0,-1
4044,Ctsll3,2,2,0,0,9,7,0,0,242,231,233,242,242,-7,-5,0,0
6571,Gimap1,56,35,9,1,57,32,9,3,242,129,175,224,238,-1,3,0,-2
20396,Ttll2,44,26,4,3,35,23,4,0,242,163,193,234,239,9,3,0,3
5698,Fam169b,50,27,6,1,48,26,6,1,242,144,189,230,240,2,1,0,0
5848,Fau,38,15,4,4,30,16,4,1,242,174,211,234,237,8,-1,0,3
5695,Fam168a,38,19,5,2,49,26,5,1,242,155,197,232,239,-11,-7,0,1
3135,Cerk,52,26,3,1,51,24,3,0,242,139,192,236,241,1,2,0,1
6558,Ggta1,56,35,5,2,56,38,5,0,242,130,169,232,240,0,-3,0,2
6745,Gm10663,0,0,0,0,0,0,0,0,242,242,242,242,242,0,0,0,0
20666,Unc13c,21,10,0,0,38,19,0,0,242,183,213,242,242,-17,-9,0,0
5733,Fam205c,24,13,2,0,24,14,2,1,242,194,215,238,241,0,-1,0,-1
4421,Ddx27,35,16,3,3,23,12,3,1,242,184,214,236,238,12,4,0,2
4174,Cyp2c67,6,4,1,0,18,11,1,0,242,218,227,240,242,-12,-7,0,0
6713,Gm10283,0,0,0,0,0,0,0,0,242,242,242,242,242,0,0,0,0
18765,Taar5,3,3,0,0,2,1,0,0,242,237,238,242,242,1,2,0,0
19775,Tomm22,32,18,3,3,52,24,3,2,242,158,200,236,237,-20,-6,0,1
5598,F13b,28,13,2,2,34,16,2,0,242,180,213,238,240,-6,-3,0,2
3950,Csnk1g3,42,29,5,2,61,23,5,2,242,139,190,232,238,-19,6,0,0
5600,F2r,64,44,6,2,46,25,6,1,242,132,173,230,239,18,19,0,1
5616,Faap24,50,19,3,0,37,20,3,1,242,155,203,236,241,13,-1,0,-1
19158,Tfap2c,35,19,1,0,36,15,1,0,242,171,208,240,242,-1,4,0,0
18763,Taar3,2,1,0,0,6,6,0,0,242,234,235,242,242,-4,-5,0,0
3946,Csnk1d,28,16,3,2,44,23,3,1,242,170,203,236,239,-16,-7,0,1
19159,Tfap2d,9,6,0,0,9,1,0,0,242,224,235,242,242,0,5,0,0
2685,Ccdc86,46,21,2,1,40,20,2,0,242,156,201,238,241,6,1,0,1
19045,Tdpoz9-ps1,7,7,1,0,8,7,1,0,242,227,228,240,242,-1,0,0,0
19046,Tdrd1,30,15,1,0,31,19,1,0,242,181,208,240,242,-1,-4,0,0
4556,Des,59,33,3,1,49,23,3,2,242,134,186,236,239,10,10,0,-1
18665,Sv2c,27,9,0,0,35,18,0,0,242,180,215,242,242,-8,-9,0,0
7558,Gm47969,27,24,3,1,26,21,3,2,242,189,197,236,239,1,3,0,-1
7198,Gm21834,14,12,11,5,15,14,11,3,242,213,216,220,234,-1,-2,0,2
7557,Gm47959,12,9,2,0,8,8,2,0,242,222,225,238,242,4,1,0,0
6690,Gm10153,6,6,3,0,4,4,3,0,242,232,232,236,242,2,2,0,0
3951,Csnk2a1,51,31,8,4,60,33,8,4,242,131,178,226,234,-9,-2,0,0
18672,Svil,42,26,4,2,64,37,4,1,242,136,179,234,239,-22,-11,0,1
6689,Gm10147,9,9,4,2,7,6,4,2,242,226,227,234,238,2,3,0,0
18770,Taar7e,6,6,0,0,4,4,0,0,242,232,232,242,242,2,2,0,0
3965,Cst10,1,1,0,0,0,0,0,0,242,241,241,242,242,1,1,0,0
4479,Defa43,1,1,1,0,1,1,1,0,242,240,240,240,242,0,0,0,0
7570,Gm4894,9,4,1,0,4,1,1,0,242,229,237,240,242,5,3,0,0
19968,Trav14d-1,14,13,13,5,14,14,13,7,242,214,215,216,230,0,-1,0,-2
6820,Gm11569,0,0,0,0,1,1,0,0,242,241,241,242,242,-1,-1,0,0
3006,Cdkn1b,46,27,5,2,52,28,5,1,242,144,187,232,239,-6,-1,0,1
18761,Taar1,9,9,0,0,11,11,0,0,242,222,222,242,242,-2,-2,0,0
19902,Traj47,1,0,0,0,1,1,0,0,242,240,241,242,242,0,-1,0,0
18083,Sorbs3,54,32,5,3,47,27,5,2,242,141,183,232,237,7,5,0,1
3954,Csnka2ip,14,8,0,0,12,7,0,0,242,216,227,242,242,2,1,0,0
6822,Gm11596,9,8,0,0,5,5,0,0,242,228,229,242,242,4,3,0,0
18613,Sult1c1,11,6,1,1,13,10,1,0,242,218,226,240,241,-2,-4,0,1
7565,Gm4847,18,6,0,0,13,2,0,0,242,211,234,242,242,5,4,0,0
20339,Tstd2,41,17,5,3,51,23,5,4,242,150,202,232,235,-10,-6,0,-1
19157,Tfap2b,40,19,5,4,46,30,5,2,242,156,193,232,236,-6,-11,0,2
6419,Garnl3,47,25,6,1,64,44,6,2,242,131,173,230,239,-17,-19,0,-1
20477,Txnrd1,47,23,3,2,34,15,3,1,242,161,204,236,239,13,8,0,1
7135,Gm21094,5,4,2,2,5,4,2,0,242,232,234,238,240,0,0,0,2
6692,Gm10181,17,15,14,13,15,15,14,14,242,210,212,214,215,2,0,0,-1
3450,Clec2f,41,39,11,6,36,30,11,5,242,165,173,220,231,5,9,0,1
20636,Ugt2a3,12,6,0,0,16,9,0,0,242,214,227,242,242,-4,-3,0,0
5894,Fbxo28,47,23,5,2,46,24,5,2,242,149,195,232,238,1,-1,0,0
18767,Taar7a,1,1,0,0,0,0,0,0,242,241,241,242,242,1,1,0,0
18768,Taar7b,2,2,0,0,0,0,0,0,242,240,240,242,242,2,2,0,0
19763,Tnxb,57,34,3,0,34,15,3,0,242,151,193,236,242,23,19,0,0
17993,Sncg,56,38,10,3,46,27,10,2,242,140,177,222,237,10,11,0,1
5893,Fbxo27,40,21,2,0,55,26,2,1,242,147,195,238,241,-15,-5,0,-1
4137,Cyp11a1,58,43,12,2,47,37,12,7,242,137,162,218,233,11,6,0,-5
18098,Sox1,14,4,1,0,34,24,1,0,242,194,214,240,242,-20,-20,0,0
4119,Cyb5r3,40,20,4,2,42,24,4,2,242,160,198,234,238,-2,-4,0,0
3933,Csgalnact1,50,20,3,1,59,32,3,1,242,133,190,236,240,-9,-12,0,0
18769,Taar7d,4,4,0,0,0,0,0,0,242,238,238,242,242,4,4,0,0
3506,Clrn2,8,7,2,0,15,12,2,1,242,219,223,238,241,-7,-5,0,-1
6840,Gm12185,38,19,1,1,51,31,1,0,242,153,192,240,241,-13,-12,0,1
19899,Traj44,2,1,0,0,0,0,0,0,242,240,241,242,242,2,1,0,0
20634,Ugt2a1,3,2,1,0,5,3,1,1,242,234,237,240,241,-2,-1,0,-1
18766,Taar6,0,0,0,0,1,1,0,0,242,241,241,242,242,-1,-1,0,0
18414,Ssr4,34,25,5,2,34,18,5,3,242,174,199,232,237,0,7,0,-1
20639,Ugt2b35,27,13,0,0,23,8,0,0,242,192,221,242,242,4,5,0,0
19905,Traj5,1,1,0,0,0,0,0,0,242,241,241,242,242,1,1,0,0
19976,Trav15n-1,2,2,2,2,2,2,2,1,242,238,238,238,239,0,0,0,1
3938,Csmd2,17,7,0,0,29,16,0,0,242,196,219,242,242,-12,-9,0,0
3937,Csmd1,18,4,0,0,11,7,0,0,242,213,231,242,242,7,-3,0,0
4523,Degs1,41,28,7,2,46,24,7,4,242,155,190,228,236,-5,4,0,-2
19772,Tom1l2,41,25,5,2,51,24,5,2,242,150,193,232,238,-10,1,0,0
6832,Gm11938,15,14,3,0,10,10,3,0,242,217,218,236,242,5,4,0,0
19771,Tom1l1,41,24,6,3,47,29,6,2,242,154,189,230,237,-6,-5,0,1
20202,Trmo,41,19,4,1,55,28,4,1,242,146,195,234,240,-14,-9,0,0
19898,Traj43,0,0,0,0,1,1,0,0,242,241,241,242,242,-1,-1,0,0
6705,Gm10234,0,0,0,0,0,0,0,0,242,242,242,242,242,0,0,0,0
18986,Tceanc2,37,20,5,4,59,27,5,1,242,146,195,232,237,-22,-7,0,3
4130,Cyfip2,41,25,5,2,37,16,5,0,242,164,201,232,240,4,9,0,2
19977,Trav16,6,5,5,1,7,6,5,1,242,229,231,232,240,-1,-1,0,0
4533,Dennd2a,44,21,1,0,48,23,1,0,242,150,198,240,242,-4,-2,0,0
7199,Gm21836,0,0,0,0,0,0,0,0,242,242,242,242,242,0,0,0,0
7080,Gm20741,9,9,6,1,11,11,6,3,242,222,222,230,238,-2,-2,0,-2
3967,Cst12,16,13,7,0,11,11,7,4,242,215,218,228,238,5,2,0,-4
4476,Defa40,3,2,2,0,2,2,2,2,242,237,238,238,240,1,0,0,-2
18079,Sohlh2,30,15,1,1,38,17,1,0,242,174,210,240,241,-8,-2,0,1
7084,Gm20777,4,4,2,0,8,4,2,2,242,230,234,238,240,-4,0,0,-2
3393,Clca4a,15,6,1,0,36,21,1,0,242,191,215,240,242,-21,-15,0,0
18669,Sval3,0,0,0,0,0,0,0,0,242,242,242,242,242,0,0,0,0
19791,Topaz1,15,6,0,0,25,12,0,0,242,202,224,242,242,-10,-6,0,0
6452,Gbgt1,40,32,6,1,56,30,6,1,242,146,180,230,240,-16,2,0,0
3925,Csf1,64,39,6,2,53,26,6,2,242,125,177,230,238,11,13,0,0
20170,Trim58,23,10,1,0,22,12,1,0,242,197,220,240,242,1,-2,0,0
6703,Gm10229,1,1,1,1,1,1,1,0,242,240,240,240,241,0,0,0,1
6450,Gbe1,43,21,3,2,53,27,3,2,242,146,194,236,238,-10,-6,0,0
4575,Dgkh,48,24,2,0,57,28,2,1,242,137,190,238,241,-9,-4,0,-1
5881,Fbxl7,38,20,0,0,42,19,0,0,242,162,203,242,242,-4,1,0,0
6796,Gm11172,12,11,11,11,11,11,11,11,242,219,220,220,220,1,0,0,0
18756,Syvn1,48,28,6,2,49,27,6,2,242,145,187,230,238,-1,1,0,0
18772,Taar8a,2,2,0,0,0,0,0,0,242,240,240,242,242,2,2,0,0
4166,Cyp2c38,10,4,0,0,5,2,0,0,242,227,236,242,242,5,2,0,0
18771,Taar7f,2,2,0,0,3,3,0,0,242,237,237,242,242,-1,-1,0,0
4165,Cyp2c37,6,1,0,0,4,2,0,0,242,232,239,242,242,2,-1,0,0
19894,Traj4,1,0,0,0,1,0,0,0,242,240,242,242,242,0,0,0,0
2664,Ccdc66,38,18,4,1,65,38,4,1,242,139,186,234,240,-27,-20,0,0
19792,Topbp1,52,30,4,2,49,23,4,0,242,141,189,234,240,3,7,0,2
20447,Tut1,32,10,3,2,63,42,3,1,242,147,190,236,239,-31,-32,0,1
18773,Taar8b,1,1,0,0,0,0,0,0,242,241,241,242,242,1,1,0,0
19145,Tex44,24,15,0,0,28,14,0,0,242,190,213,242,242,-4,1,0,0
20370,Ttc38,33,18,6,4,63,34,6,1,242,146,190,230,237,-30,-16,0,3
7180,Gm2174,54,46,32,20,51,43,32,20,242,137,153,178,202,3,3,0,0
6463,Gbp9,50,34,5,2,65,35,5,0,242,127,173,232,240,-15,-1,0,2
19796,Tor1aip1,30,20,5,3,61,31,5,0,242,151,191,232,239,-31,-11,0,3
4434,Ddx49,33,17,2,2,39,21,2,0,242,170,204,238,240,-6,-4,0,2
4435,Ddx5,31,16,3,3,52,27,3,0,242,159,199,236,239,-21,-11,0,3
3394,Clca4b,18,9,0,0,19,6,0,0,242,205,227,242,242,-1,3,0,0
5642,Fam104a,33,14,2,2,34,16,2,0,242,175,212,238,240,-1,-2,0,2
20632,Ugt1a8,30,23,5,2,21,14,5,2,242,191,205,232,238,9,9,0,0
7599,Gm49383,57,35,19,10,61,48,19,13,242,124,159,204,219,-4,-13,0,-3
4436,Ddx50,35,19,6,2,26,15,6,2,242,181,208,230,238,9,4,0,0
2699,Ccdc9b,43,29,6,3,74,36,6,3,242,125,177,230,236,-31,-7,0,0
7691,Gm572,29,15,0,0,33,20,0,0,242,180,207,242,242,-4,-5,0,0
18371,Srpx,56,34,7,0,34,18,7,3,242,152,190,228,239,22,16,0,-3
4170,Cyp2c54,2,1,0,0,3,3,0,0,242,237,238,242,242,-1,-2,0,0
2874,Cd63,41,25,4,3,33,20,4,1,242,168,197,234,238,8,5,0,2
6403,Galr1,15,8,0,0,11,5,0,0,242,216,229,242,242,4,3,0,0
19747,Tnnt2,72,55,12,4,46,31,12,4,242,124,156,218,234,26,24,0,0
7711,Gm5916,1,1,0,0,0,0,0,0,242,241,241,242,242,1,1,0,0
18990,Tcf15,37,25,9,0,52,33,9,5,242,153,184,224,237,-15,-8,0,-5
19895,Traj40,1,1,1,1,1,1,1,1,242,240,240,240,240,0,0,0,0
3444,Clec16a,34,17,4,2,53,26,4,0,242,155,199,234,240,-19,-9,0,2
5627,Fads1,38,26,5,2,58,27,5,0,242,146,189,232,240,-20,-1,0,2
19153,Tex55,8,7,0,0,9,7,0,0,242,225,228,242,242,-1,0,0,0
7192,Gm21800,1,1,1,1,1,1,1,0,242,240,240,240,241,0,0,0,1
6811,Gm11554,0,0,0,0,0,0,0,0,242,242,242,242,242,0,0,0,0
3184,Cfap47,28,13,1,0,35,20,1,1,242,179,209,240,241,-7,-7,0,-1
19962,Trav13n-1,5,3,2,2,2,2,2,0,242,235,237,238,240,3,1,0,2
19909,Traj56,1,1,0,0,0,0,0,0,242,241,241,242,242,1,1,0,0
20356,Ttc24,28,10,0,0,21,11,0,0,242,193,221,242,242,7,-1,0,0
5797,Fam83a,84,51,9,5,52,35,9,0,242,106,156,224,237,32,16,0,5
4470,Defa34,2,2,2,2,2,2,2,1,242,238,238,238,239,0,0,0,1
3500,Clps,30,23,13,7,30,25,13,7,242,182,194,216,228,0,-2,0,0
6818,Gm11567,3,2,0,0,1,1,0,0,242,238,239,242,242,2,1,0,0
19041,Tdpoz5,10,9,1,0,15,13,1,1,242,217,220,240,241,-5,-4,0,-1
3389,Clca2,29,11,0,0,26,14,0,0,242,187,217,242,242,3,-3,0,0
3032,Cdyl2,42,19,2,0,54,26,2,0,242,146,197,238,242,-12,-7,0,0
6803,Gm11238,7,7,5,2,10,10,5,4,242,225,225,232,236,-3,-3,0,-2
19961,Trav13d-4,6,6,4,4,5,4,4,2,242,231,232,234,236,1,2,0,2
20358,Ttc27,33,15,4,2,36,14,4,1,242,173,213,234,239,-3,1,0,1
5887,Fbxo17,45,30,6,1,46,26,6,1,242,151,186,230,240,-1,4,0,0
3988,Cstl1,29,25,12,4,33,27,12,5,242,180,190,218,233,-4,-2,0,-1
6798,Gm11214,57,43,15,6,68,50,15,9,242,117,149,212,227,-11,-7,0,-3
19081,Ten1,39,19,4,2,34,18,4,2,242,169,205,234,238,5,1,0,0
20558,Ube3c,25,13,2,2,66,35,2,0,242,151,194,238,240,-41,-22,0,2
6800,Gm11232,21,11,0,0,19,3,0,0,242,202,228,242,242,2,8,0,0
7190,Gm21797,0,0,0,0,0,0,0,0,242,242,242,242,242,0,0,0,0
19903,Traj48,0,0,0,0,0,0,0,0,242,242,242,242,242,0,0,0,0
3034,Ceacam10,48,39,12,5,41,32,12,4,242,153,171,218,233,7,7,0,1
4460,Defa25,0,0,0,0,0,0,0,0,242,242,242,242,242,0,0,0,0
4461,Defa26,1,1,1,0,1,1,1,1,242,240,240,240,241,0,0,0,-1
5633,Faf2,42,17,3,3,49,20,3,0,242,151,205,236,239,-7,-3,0,3
1148,Ankef1,40,15,2,0,45,25,3,0,242,157,202,237,242,-5,-10,-1,0
21507,Xrcc6,40,20,2,2,38,16,3,1,242,164,206,237,239,2,4,-1,1
1151,Ankhd1,32,19,4,2,57,36,5,2,242,153,187,233,238,-25,-17,-1,0
19028,Tcte2,70,52,17,3,67,46,18,6,242,105,144,207,233,3,6,-1,-3
11876,Myh4,19,6,1,0,14,6,2,1,242,209,230,239,241,5,0,-1,-1
16074,Rc3h2,31,12,5,2,53,31,6,1,242,158,199,231,239,-22,-19,-1,1
11300,Mgst3,41,24,9,3,50,33,10,3,242,151,185,223,236,-9,-9,-1,0
11880,Myh8,11,7,2,2,13,5,3,0,242,218,230,237,240,-2,2,-1,2
11812,Mup17,3,3,2,1,10,10,3,1,242,229,229,237,240,-7,-7,-1,0
11875,Myh3,28,14,0,0,30,19,1,0,242,184,209,241,242,-2,-5,-1,0
16068,Rbpjl,54,38,3,1,38,18,4,2,242,150,186,235,239,16,20,-1,-1
11791,Muc2,34,14,3,1,20,13,4,0,242,188,215,235,241,14,1,-1,1
11288,Mgat4e,22,15,1,0,36,23,2,0,242,184,204,239,242,-14,-8,-1,0
903,Agxt,26,10,1,1,20,17,2,0,242,196,215,239,241,6,-7,-1,1
16060,Rbmxl2,18,10,3,2,35,30,4,1,242,189,202,235,239,-17,-20,-1,1
11840,Mxi1,46,28,2,2,38,15,3,1,242,158,199,237,239,8,13,-1,1
11845,Myb,49,19,2,0,39,22,3,1,242,154,201,237,241,10,-3,-1,-1
5807,Fam8a1,26,13,4,3,51,28,5,0,242,165,201,233,239,-25,-15,-1,3
11846,Mybbp1a,46,21,3,3,27,13,4,0,242,169,208,235,239,19,8,-1,3
11283,Mgat3,46,26,4,2,54,33,5,1,242,142,183,233,239,-8,-7,-1,1
5808,Fam90a1a,13,5,0,0,15,5,1,0,242,214,232,241,242,-2,0,-1,0
21508,Xrn1,33,12,5,2,73,38,6,1,242,136,192,231,239,-40,-26,-1,1
11820,Mup4,8,8,0,0,6,6,1,0,242,228,228,241,242,2,2,-1,0
16067,Rbpj,42,22,4,3,54,26,5,2,242,146,194,233,237,-12,-4,-1,1
11853,Mybphl,33,28,10,5,39,35,11,3,242,170,179,221,234,-6,-7,-1,2
18910,Tbc1d15,36,21,2,2,46,23,3,1,242,160,198,237,239,-10,-2,-1,1
20201,Trit1,39,20,3,3,43,21,4,1,242,160,201,235,238,-4,-1,-1,2
6058,Figla,10,9,0,0,21,17,1,1,242,211,216,241,241,-11,-8,-1,-1
5810,Fam91a1,41,22,4,2,52,38,5,0,242,149,182,233,240,-11,-16,-1,2
11813,Mup18,6,6,4,1,8,8,5,3,242,228,228,233,238,-2,-2,-1,-2
5792,Fam76b,27,13,5,2,49,29,6,0,242,166,200,231,240,-22,-16,-1,2
11810,Mup15,4,4,2,1,4,4,3,2,242,234,234,237,239,0,0,-1,-1
11863,Mydgf,27,11,2,2,32,17,3,1,242,183,214,237,239,-5,-6,-1,1
3415,Cldn18,25,17,1,0,40,22,2,0,242,177,203,239,242,-15,-5,-1,0
16359,Rnase1,37,30,8,3,39,33,9,2,242,166,179,225,237,-2,-3,-1,1
11298,Mgst1,57,45,15,6,54,29,16,4,242,131,168,211,232,3,16,-1,2
16362,Rnase12,20,16,9,4,23,21,10,5,242,199,205,223,233,-3,-5,-1,-1
21402,Wfdc5,16,10,2,1,22,16,3,0,242,204,216,237,241,-6,-6,-1,1
11868,Myh1,24,12,3,0,16,9,4,1,242,202,221,235,241,8,3,-1,-1
5814,Fan1,38,21,3,0,55,32,4,2,242,149,189,235,240,-17,-11,-1,-2
11804,Mup1,18,16,3,0,16,15,4,2,242,208,211,235,240,2,1,-1,-2
1132,Angpt2,52,31,4,1,53,30,5,1,242,137,181,233,240,-1,1,-1,0
21470,Xk,45,25,0,0,40,19,1,0,242,157,198,241,242,5,6,-1,0
11790,Muc16,16,10,3,2,21,18,4,1,242,205,214,235,239,-5,-8,-1,1
5880,Fbxl6,39,18,3,3,37,19,4,1,242,166,205,235,238,2,-1,-1,2
5889,Fbxo21,28,19,5,2,62,40,6,2,242,152,183,231,238,-34,-21,-1,0
11529,Mrgprb1,36,18,2,2,42,25,3,3,242,164,199,237,237,-6,-7,-1,-1
11525,Mrgpra3,6,4,0,0,7,5,1,0,242,229,233,241,242,-1,-1,-1,0
11642,Ms4a1,20,11,4,3,25,10,5,1,242,197,221,233,238,-5,1,-1,2
11518,Mre11a,37,19,7,2,68,37,8,3,242,137,186,227,237,-31,-18,-1,-1
16257,Rhoh,41,20,3,2,56,27,4,3,242,145,195,235,237,-15,-7,-1,-1
5940,Fbxw8,37,21,2,2,30,15,3,1,242,175,206,237,239,7,6,-1,1
967,Akap8,30,14,4,3,46,27,5,0,242,166,201,233,239,-16,-13,-1,3
20230,Trp53inp1,68,41,10,2,55,40,11,6,242,119,161,221,234,13,1,-1,-4
965,Akap6,17,3,0,0,51,24,1,0,242,174,215,241,242,-34,-21,-1,0
5943,Fcer1a,11,10,2,2,14,14,3,1,242,217,218,237,239,-3,-4,-1,1
11499,Mpped1,26,19,4,1,29,20,5,0,242,187,203,233,241,-3,-1,-1,1
16165,Rev3l,30,13,5,2,51,26,6,1,242,161,203,231,239,-21,-13,-1,1
16263,Rhov,40,25,6,4,71,46,7,2,242,131,171,229,236,-31,-21,-1,2
1032,Alg11,41,21,3,3,61,33,4,1,242,140,188,235,238,-20,-12,-1,2
11304,Mib1,33,18,2,2,56,30,3,1,242,153,194,237,239,-23,-12,-1,1
21450,Wscd1,36,18,2,0,52,31,3,1,242,154,193,237,241,-16,-13,-1,-1
5947,Fcgbp,24,10,3,1,33,18,4,2,242,185,214,235,239,-9,-8,-1,-1
11483,Mphosph8,39,26,2,2,47,23,3,2,242,156,193,237,238,-8,3,-1,0
21444,Wrap53,35,20,5,2,49,30,6,1,242,158,192,231,239,-14,-10,-1,1
11667,Msantd5,30,19,6,2,43,33,7,1,242,169,190,229,239,-13,-14,-1,1
20235,Trp63,48,20,4,1,46,24,5,1,242,148,198,233,240,2,-4,-1,0
5956,Fchsd2,44,27,6,2,57,32,7,1,242,141,183,229,239,-13,-5,-1,1
20240,Trpc3,29,17,1,0,32,10,2,2,242,181,215,239,240,-3,7,-1,-2
5873,Fbxl2,30,18,2,0,61,27,3,0,242,151,197,237,242,-31,-9,-1,0
946,Ak2,37,25,5,2,38,23,6,3,242,167,194,231,237,-1,2,-1,-1
11687,Msr1,33,23,4,1,44,31,5,0,242,165,188,233,241,-11,-8,-1,1
1051,Alkbh7,33,19,2,2,47,24,3,2,242,162,199,237,238,-14,-5,-1,0
5965,Fcrlb,36,26,2,1,59,31,3,1,242,147,185,237,240,-23,-5,-1,0
1053,Allc,16,10,0,0,21,17,1,0,242,205,215,241,242,-5,-7,-1,0
16251,Rhobtb2,44,21,5,4,71,34,6,2,242,127,187,231,236,-27,-13,-1,2
11537,Mrgprf,62,34,5,0,72,35,6,1,242,108,173,231,241,-10,-1,-1,-1
1014,Aldh3a1,69,44,6,2,44,34,7,2,242,129,164,229,238,25,10,-1,0
11542,Mri1,43,26,3,2,45,22,4,2,242,154,194,235,238,-2,4,-1,0
5897,Fbxo31,49,25,3,2,44,27,4,1,242,149,190,235,239,5,-2,-1,1
983,Akr1c14,47,33,7,2,75,53,8,2,242,120,156,227,238,-28,-20,-1,0
3384,Clasp1,41,17,2,2,56,26,3,1,242,145,199,237,239,-15,-9,-1,1
5905,Fbxo40,22,8,2,2,54,27,3,0,242,166,207,237,240,-32,-19,-1,2
11593,Mrpl44,42,18,3,3,43,34,4,2,242,157,190,235,237,-1,-16,-1,1
18979,Tceal3,35,24,7,1,34,25,8,3,242,173,193,227,238,1,-1,-1,-2
11590,Mrpl41,28,15,4,3,49,30,5,0,242,165,197,233,239,-21,-15,-1,3
11585,Mrpl37,30,20,3,2,39,20,4,1,242,173,202,235,239,-9,0,-1,1
11580,Mrpl32,32,20,6,6,41,17,7,2,242,169,205,229,234,-9,3,-1,4
995,Akt2,40,26,3,3,36,14,4,2,242,166,202,235,237,4,12,-1,1
18975,Tcea1,45,27,4,2,33,13,5,3,242,164,202,233,237,12,14,-1,-1
21473,Xkr6,46,22,2,0,45,26,3,0,242,151,194,237,242,1,-4,-1,0
16226,Rgs7,42,30,4,0,32,23,5,1,242,168,189,233,241,10,7,-1,-1
21474,Xkr7,27,10,0,0,27,16,1,0,242,188,216,241,242,0,-6,-1,0
16186,Rftn1,32,12,2,0,48,23,3,2,242,162,207,237,240,-16,-11,-1,-2
11569,Mrpl19,36,18,4,2,45,20,5,2,242,161,204,233,238,-9,-2,-1,0
11568,Mrpl18,30,16,3,3,47,25,4,2,242,165,201,235,237,-17,-9,-1,1
11566,Mrpl16,31,19,3,2,42,23,4,1,242,169,200,235,239,-11,-4,-1,1
16230,Rgs9bp,42,18,1,0,49,25,2,0,242,151,199,239,242,-7,-7,-1,0
1000,Alas2,56,30,8,2,65,43,9,4,242,121,169,225,236,-9,-13,-1,-2
5918,Fbxo9,40,19,2,2,39,21,3,1,242,163,202,237,239,1,-2,-1,1
11632,Mrps36,36,17,6,3,43,25,7,3,242,163,200,229,236,-7,-8,-1,0
16244,Rheb,46,24,2,2,27,17,3,1,242,169,201,237,239,19,7,-1,1
11551,Mroh2b,6,4,0,0,14,10,1,0,242,222,228,241,242,-8,-6,-1,0
5921,Fbxw13,24,23,3,0,19,16,4,0,242,199,203,235,242,5,7,-1,0
968,Akap8l,48,20,3,3,38,22,4,2,242,156,200,235,237,10,-2,-1,1
11636,Mrps9,31,14,3,2,32,16,4,4,242,179,212,235,236,-1,-2,-1,-2
5927,Fbxw19,9,8,0,0,8,7,1,0,242,225,227,241,242,1,1,-1,0
11640,Mrtfb,31,16,4,1,63,30,5,2,242,148,196,233,239,-32,-14,-1,-1
5870,Fbxl17,37,20,2,2,45,24,3,0,242,160,198,237,240,-8,-4,-1,2
16149,Rere,44,22,2,2,52,28,3,0,242,146,192,237,240,-8,-6,-1,2
5869,Fbxl16,49,26,5,2,49,31,6,2,242,144,185,231,238,0,-5,-1,0
11380,Mllt3,49,27,5,2,43,27,6,1,242,150,188,231,239,6,0,-1,1
11364,Mkrn2os,44,25,6,2,61,35,7,0,242,137,182,229,240,-17,-10,-1,2
1106,Amtn,4,3,0,0,5,5,1,0,242,233,234,241,242,-1,-2,-1,0
11362,Mkrn1,26,15,5,4,50,25,6,4,242,166,202,231,234,-24,-10,-1,0
11734,Mtf1,48,32,7,1,59,36,8,2,242,135,174,227,239,-11,-4,-1,-1
3402,Clcn6,46,21,3,2,53,23,4,1,242,143,198,235,239,-7,-2,-1,1
11356,Mixl1,34,20,2,0,31,14,3,1,242,177,208,237,241,3,6,-1,-1
1112,Amz2,34,18,4,2,40,24,5,2,242,168,200,233,238,-6,-6,-1,0
1117,Anapc15,35,16,3,2,41,16,4,1,242,166,210,235,239,-6,0,-1,1
6025,Fgf6,15,8,1,0,39,18,2,0,242,188,216,239,242,-24,-10,-1,0
921,AI593442,29,19,2,1,31,22,3,0,242,182,201,237,241,-2,-3,-1,1
11330,Miga2,44,25,3,2,59,31,4,2,242,139,186,235,238,-15,-6,-1,0
11329,Miga1,41,18,5,3,48,28,6,4,242,153,196,231,235,-7,-10,-1,-1
16106,Rdh19,40,22,1,0,30,12,2,2,242,172,208,239,240,10,10,-1,-2
11755,Mtmr1,50,29,5,2,56,28,6,2,242,136,185,231,238,-6,1,-1,0
18917,Tbc1d22a,29,15,3,3,54,24,4,2,242,159,203,235,237,-25,-9,-1,1
11320,Midn,53,27,3,3,55,32,4,3,242,134,183,235,236,-2,-5,-1,0
1124,Ang,63,46,13,3,52,33,14,6,242,127,163,215,233,11,13,-1,-3
20259,Trpv2,54,24,4,0,37,20,5,1,242,151,198,233,241,17,4,-1,-1
16100,Rdh12,41,28,6,1,64,41,7,3,242,137,173,229,238,-23,-13,-1,-2
20260,Trpv3,28,12,1,0,22,9,2,0,242,192,221,239,242,6,3,-1,0
3407,Cldn10,47,35,9,6,48,30,10,1,242,147,177,223,235,-1,5,-1,5
5831,Farp2,42,22,4,2,46,21,5,0,242,154,199,233,240,-4,1,-1,2
11309,Micall1,39,15,3,2,53,25,4,0,242,150,202,235,240,-14,-10,-1,2
11306,Mical1,41,23,7,4,70,38,8,5,242,131,181,227,233,-29,-15,-1,-1
16084,Rce1,46,26,3,3,42,23,4,0,242,154,193,235,239,4,3,-1,3
5830,Farp1,40,22,3,2,57,25,4,1,242,145,195,235,239,-17,-3,-1,1
3331,Chsy3,34,15,1,0,37,16,2,0,242,171,211,239,242,-3,-1,-1,0
5827,Fap,41,22,3,2,34,16,4,1,242,167,204,235,239,7,6,-1,1
19024,Tcstv1,11,9,1,0,20,12,2,0,242,211,221,239,242,-9,-3,-1,0
11369,Mlc1,18,7,0,0,37,25,1,0,242,187,210,241,242,-19,-18,-1,0
6006,Fgd6,47,20,3,0,56,32,4,1,242,139,190,235,241,-9,-12,-1,-1
11695,Mstn,24,14,2,1,18,15,3,2,242,200,213,237,239,6,-1,-1,-1
3400,Clcn4,26,15,2,2,54,25,3,3,242,162,202,237,237,-28,-10,-1,-1
5970,Fdx1,43,23,4,4,36,20,5,0,242,163,199,233,238,7,3,-1,4
5975,Fem1a,32,13,2,2,63,42,3,0,242,147,187,237,240,-31,-29,-1,2
16145,Repin1,41,18,4,3,46,27,5,2,242,155,197,233,237,-5,-9,-1,1
16293,Rhox6,28,24,5,1,29,21,6,0,242,185,197,231,241,-1,3,-1,1
5867,Fbxl14,54,36,4,2,39,14,5,1,242,149,192,233,239,15,22,-1,1
11434,Mob1a,48,26,6,2,51,28,7,3,242,143,188,229,237,-3,-2,-1,-1
11699,Msx3,41,16,1,0,25,11,2,0,242,176,215,239,242,16,5,-1,0
938,Aip,33,14,2,2,36,19,3,3,242,173,209,237,237,-3,-5,-1,-1
16140,Rem1,38,19,6,2,63,45,7,1,242,141,178,229,239,-25,-26,-1,1
21436,Wnt5b,50,28,6,0,62,31,7,2,242,130,183,229,240,-12,-3,-1,-2
16137,Rell2,62,42,6,0,55,28,7,2,242,125,172,229,240,7,14,-1,-2
5984,Ferd3l,7,6,0,0,5,4,1,0,242,230,232,241,242,2,2,-1,0
18999,Tcf7,58,32,6,3,54,30,7,3,242,130,180,229,236,4,2,-1,0
20243,Trpc5,29,14,1,0,28,16,2,1,242,185,212,239,241,1,-2,-1,-1
21494,Xpnpep3,43,22,3,2,39,16,4,1,242,160,204,235,239,4,6,-1,1
20244,Trpc5os,26,19,3,0,42,16,4,1,242,174,207,235,241,-16,3,-1,-1
930,Aif1l,56,40,6,3,55,36,7,2,242,131,166,229,237,1,4,-1,1
11603,Mrpl54,31,19,5,3,48,31,6,2,242,163,192,231,237,-17,-12,-1,1
16299,Rhpn2,57,30,6,0,51,27,7,4,242,134,185,229,238,6,3,-1,-4
19003,Tchh,33,19,3,0,35,18,4,0,242,174,205,235,242,-2,1,-1,0
927,Aicda,49,38,4,0,49,34,5,1,242,144,170,233,241,0,4,-1,-1
11411,Mmp21,63,37,4,2,35,23,5,1,242,144,182,233,239,28,14,-1,1
5993,Fezf1,12,2,0,0,17,10,1,0,242,213,230,241,242,-5,-8,-1,0
11721,Mtarc1,53,46,4,0,68,42,5,0,242,121,154,233,242,-15,4,-1,0
11724,Mtch1,39,19,6,2,33,22,7,2,242,170,201,229,238,6,-3,-1,0
5858,Fbln7,56,29,3,1,49,31,4,1,242,137,182,235,240,7,-2,-1,0
16302,Ric1,54,27,2,2,41,20,3,0,242,147,195,237,240,13,7,-1,2
3348,Cibar2,36,31,8,3,37,31,9,4,242,169,180,225,235,-1,0,-1,-1
11387,Mlycd,45,19,2,2,51,25,3,0,242,146,198,237,240,-6,-6,-1,2
18904,Tbc1d10a,39,16,2,2,41,22,3,1,242,162,204,237,239,-2,-6,-1,1
2616,Ccdc177,24,14,6,2,24,16,7,4,242,194,212,229,236,0,-2,-1,-2
1163,Ankrd13a,36,16,2,2,55,27,3,1,242,151,199,237,239,-19,-11,-1,1
6451,Gbf1,41,16,3,2,61,30,4,0,242,140,196,235,240,-20,-14,-1,2
10296,Lamtor3,54,35,3,2,34,14,4,1,242,154,193,235,239,20,21,-1,1
6469,Gcc1,53,24,2,2,31,15,3,1,242,158,203,237,239,22,9,-1,1
20366,Ttc33,35,24,5,2,54,25,6,3,242,153,193,231,237,-19,-1,-1,-1
10319,Lasp1,45,26,3,3,55,28,4,2,242,142,188,235,237,-10,-2,-1,1
16853,Sbds,41,19,2,2,26,13,3,1,242,175,210,237,239,15,6,-1,1
18755,Sytl5,27,17,1,1,38,24,2,0,242,177,201,239,241,-11,-7,-1,1
6457,Gbp3,62,42,10,3,47,25,11,3,242,133,175,221,236,15,17,-1,0
6454,Gbp11,50,40,9,3,46,37,10,6,242,146,165,223,233,4,3,-1,-3
1467,Arl13a,17,9,1,0,23,16,2,1,242,202,217,239,241,-6,-7,-1,-1
10343,Lce1g,18,16,6,4,18,15,7,4,242,206,211,229,234,0,1,-1,0
10536,Lmtk2,45,21,3,2,57,25,4,1,242,140,196,235,239,-12,-4,-1,1
10347,Lce1k,1,1,0,0,4,4,1,0,242,237,237,241,242,-3,-3,-1,0
10350,Lce3a,3,3,1,0,2,2,2,1,242,237,237,239,241,1,1,-1,-1
10354,Lce3e,3,3,2,1,5,5,3,0,242,234,234,237,241,-2,-2,-1,1
16840,Sart3,32,12,3,2,37,18,4,2,242,173,212,235,238,-5,-6,-1,0
6440,Gatad1,33,21,4,2,52,23,5,2,242,157,198,233,238,-19,-2,-1,0
21224,Vps13c,43,23,2,0,50,26,3,2,242,149,193,237,240,-7,-3,-1,-2
1457,Arid3c,45,31,5,0,38,24,6,0,242,159,187,231,242,7,7,-1,0
10367,Lcn5,6,6,4,1,9,8,5,1,242,227,228,233,240,-3,-2,-1,0
10368,Lcn6,4,4,0,0,3,2,1,0,242,235,236,241,242,1,2,-1,0
16866,Scaf1,36,21,3,3,31,15,4,1,242,175,206,235,238,5,6,-1,2
16867,Scaf11,44,23,4,2,34,19,5,1,242,164,200,233,239,10,4,-1,1
6474,Gcgr,49,31,3,2,44,23,4,3,242,149,188,235,237,5,8,-1,-1
10282,Lama4,50,22,2,0,27,10,3,0,242,165,210,237,242,23,12,-1,0
1526,Arr3,20,16,4,2,19,17,5,0,242,203,209,233,240,1,-1,-1,2
18741,Syt16,13,7,1,0,27,10,2,1,242,202,225,239,241,-14,-3,-1,-1
6510,Gdpd2,48,22,3,1,39,22,4,0,242,155,198,235,241,9,0,-1,1
10229,Krtap4-13,18,18,5,0,15,13,6,2,242,209,211,231,240,3,5,-1,-2
1522,Arpc5l,41,19,3,2,41,17,4,2,242,160,206,235,238,0,2,-1,0
1521,Arpc5,47,26,6,3,60,28,7,2,242,135,188,229,237,-13,-2,-1,1
1516,Arpc1a,34,17,3,2,35,18,4,2,242,173,207,235,238,-1,-1,-1,0
10241,Krtap6-1,0,0,0,0,1,1,1,0,242,241,241,241,242,-1,-1,-1,0
1513,Arnt2,55,38,3,2,52,34,4,1,242,135,170,235,239,3,4,-1,1
10245,Krtap7-1,6,3,1,0,5,4,2,2,242,231,235,239,240,1,-1,-1,-2
20390,Ttl,39,24,5,2,58,33,6,1,242,145,185,231,239,-19,-9,-1,1
18747,Syt6,32,19,2,0,39,27,3,0,242,171,196,237,242,-7,-8,-1,0
6493,Gdap1l1,47,29,4,2,51,30,5,0,242,144,183,233,240,-4,-1,-1,2
21206,Vmn2r93,31,16,1,0,44,18,2,0,242,167,208,239,242,-13,-2,-1,0
16879,Scara3,45,31,9,5,68,40,10,1,242,129,171,223,236,-23,-9,-1,4
21207,Vmn2r94,13,7,0,0,20,9,1,0,242,209,226,241,242,-7,-2,-1,0
18752,Sytl2,48,26,7,2,61,41,8,4,242,133,175,227,236,-13,-15,-1,-2
16870,Scai,49,28,5,1,64,37,6,1,242,129,177,231,240,-15,-9,-1,0
6481,Gcm1,68,45,8,2,55,31,9,4,242,119,166,225,236,13,14,-1,-2
20357,Ttc26,34,16,4,2,75,49,5,2,242,133,177,233,238,-41,-33,-1,0
16834,Sardh,51,34,7,3,59,28,8,4,242,132,180,227,235,-8,6,-1,-1
10376,Lctl,53,34,8,6,75,46,9,3,242,114,162,225,233,-22,-12,-1,3
10454,Lias,29,19,3,2,41,20,4,1,242,172,203,235,239,-12,-1,-1,1
21236,Vps35,37,23,4,2,42,21,5,3,242,163,198,233,237,-5,2,-1,-1
10476,Lin37,36,19,3,2,43,22,4,3,242,163,201,235,237,-7,-3,-1,-1
1429,Arhgef10l,42,21,4,2,75,45,5,0,242,125,176,233,240,-33,-24,-1,2
18774,Taar8c,0,0,0,0,1,1,1,0,242,241,241,241,242,-1,-1,-1,0
6395,Galnt4,33,16,2,1,49,28,3,0,242,160,198,237,241,-16,-12,-1,1
1423,Arhgap9,37,21,3,0,63,33,4,3,242,142,188,235,239,-26,-12,-1,-3
10492,Liph,33,19,2,1,61,39,3,0,242,148,184,237,241,-28,-20,-1,1
10494,Lipk,13,8,1,0,36,26,2,0,242,193,208,239,242,-23,-18,-1,0
10495,Lipm,17,7,2,0,32,11,3,0,242,193,224,237,242,-15,-4,-1,0
10496,Lipn,12,10,1,1,18,17,2,0,242,212,215,239,241,-6,-7,-1,1
10504,Lix1,48,28,4,1,58,26,5,1,242,136,188,233,240,-10,2,-1,0
10511,Lman1,38,20,4,3,44,20,5,1,242,160,202,233,238,-6,0,-1,2
10523,Lmna,35,17,2,2,29,14,3,0,242,178,211,237,240,6,3,-1,2
6376,Galc,27,18,3,2,69,31,4,3,242,146,193,235,237,-42,-13,-1,-1
16760,S100a11,47,29,11,4,57,35,12,9,242,138,178,219,229,-10,-6,-1,-5
6375,Gal3st4,36,21,7,2,50,29,8,3,242,156,192,227,237,-14,-8,-1,-1
6374,Gal3st3,40,22,4,2,63,35,5,1,242,139,185,233,239,-23,-13,-1,1
1401,Arhgap24,46,24,4,2,52,29,5,0,242,144,189,233,240,-6,-5,-1,2
16755,Ryr1,25,13,2,0,26,9,3,1,242,191,220,237,241,-1,4,-1,-1
10463,Lilrb4a,42,36,21,14,47,37,22,10,242,153,169,199,218,-5,-1,-1,4
1441,Arhgef3,48,29,4,2,53,27,5,0,242,141,186,233,240,-5,2,-1,2
1453,Arid1b,44,23,2,2,37,19,3,0,242,161,200,237,240,7,4,-1,2
21231,Vps26c,46,27,2,2,41,15,3,1,242,155,200,237,239,5,12,-1,1
16828,Sap30l,45,26,5,2,39,18,6,1,242,158,198,231,239,6,8,-1,1
10385,Ldhc,50,40,10,3,43,36,11,4,242,149,166,221,235,7,4,-1,-1
10391,Ldlrad4,39,21,3,2,61,37,4,0,242,142,184,235,240,-22,-16,-1,2
20350,Ttc19,44,22,4,2,37,21,5,4,242,161,199,233,236,7,1,-1,-2
10396,Lef1,51,34,5,3,65,41,6,3,242,126,167,231,236,-14,-7,-1,0
10400,Lelp1,15,10,0,0,4,3,1,0,242,223,229,241,242,11,7,-1,0
6425,Gas2l1,50,24,2,2,34,16,3,0,242,158,202,237,240,16,8,-1,2
10405,Leng1,46,14,2,2,33,12,3,1,242,163,216,237,239,13,2,-1,1
16814,Samsn1,48,32,2,1,26,11,3,2,242,168,199,237,239,22,21,-1,-1
6421,Gars,45,26,3,2,24,11,4,0,242,173,205,235,240,21,15,-1,2
6420,Garre1,40,30,3,2,42,24,4,0,242,160,188,235,240,-2,6,-1,2
16804,Samd15,74,45,7,2,40,25,8,3,242,128,172,227,237,34,20,-1,-1
10419,Lgals12,48,27,2,0,54,32,3,0,242,140,183,237,242,-6,-5,-1,0
6417,Garem1,34,19,3,2,56,34,4,2,242,152,189,235,238,-22,-15,-1,0
10423,Lgals4,49,31,5,3,71,51,6,0,242,122,160,231,239,-22,-20,-1,3
10427,Lgalsl,44,31,8,2,58,28,9,2,242,140,183,225,238,-14,3,-1,0
6410,Ganc,25,11,2,2,58,27,3,0,242,159,204,237,240,-33,-16,-1,2
10438,Lhcgr,43,26,2,0,41,20,3,0,242,158,196,237,242,2,6,-1,0
10440,Lhfpl1,35,21,7,1,36,17,8,1,242,171,204,227,240,-1,4,-1,0
10217,Krtap24-1,3,2,0,0,8,6,1,1,242,231,234,241,241,-5,-4,-1,-1
10215,Krtap21-1,3,3,0,0,4,4,1,0,242,235,235,241,242,-1,-1,-1,0
18738,Syt13,48,22,1,0,35,15,2,0,242,159,205,239,242,13,7,-1,0
16977,Scyl1,35,15,2,2,40,17,3,1,242,167,210,237,239,-5,-2,-1,1
16973,Scube1,38,15,0,0,33,14,1,1,242,171,213,241,241,5,1,-1,-1
9957,Kif3b,28,11,2,2,79,44,3,0,242,135,187,237,240,-51,-33,-1,2
16969,Scrt1,23,9,0,0,36,24,1,0,242,183,209,241,242,-13,-15,-1,0
6659,Gls,38,24,2,2,41,22,3,2,242,163,196,237,238,-3,2,-1,0
6653,Glrb,45,29,3,0,61,38,4,1,242,136,175,235,241,-16,-9,-1,-1
3098,Cep128,50,33,6,2,68,40,7,0,242,124,169,229,240,-18,-7,-1,2
9994,Klf14,22,11,1,0,32,16,2,0,242,188,215,239,242,-10,-5,-1,0
1611,Astn1,37,15,3,0,44,27,4,1,242,161,200,235,241,-7,-12,-1,-1
3100,Cep135,26,13,2,0,62,28,3,0,242,154,201,237,242,-36,-15,-1,0
6644,Glo1,42,26,4,2,52,31,5,1,242,148,185,233,239,-10,-5,-1,1
10010,Klhdc4,30,16,3,3,39,19,4,2,242,173,207,235,237,-9,-3,-1,1
3105,Cep170b,46,28,4,2,52,30,5,2,242,144,184,233,238,-6,-2,-1,0
16940,Scn10a,7,5,1,0,17,11,2,1,242,218,226,239,241,-10,-6,-1,-1
20426,Tubb5,46,30,5,3,48,23,6,1,242,148,189,231,238,-2,7,-1,2
10026,Klhl21,52,27,4,2,38,24,5,0,242,152,191,233,240,14,3,-1,2
10028,Klhl23,45,21,4,1,59,33,5,1,242,138,188,233,240,-14,-12,-1,0
6630,Glg1,34,20,2,2,52,26,3,1,242,156,196,237,239,-18,-6,-1,1
10035,Klhl30,50,30,3,0,45,26,4,1,242,147,186,235,241,5,4,-1,-1
1597,Aspa,37,30,12,5,60,38,13,4,242,145,174,217,233,-23,-8,-1,1
9949,Kif26a,27,18,0,0,49,26,1,0,242,166,198,241,242,-22,-8,-1,0
16983,Sdc3,50,34,7,2,65,39,8,4,242,127,169,227,236,-15,-5,-1,-2
10047,Klhl5,35,23,5,2,70,29,6,1,242,137,190,231,239,-35,-6,-1,1
18668,Sval2,10,6,3,2,11,11,4,2,242,221,225,235,238,-1,-5,-1,0
20454,Twist1,71,51,7,2,50,31,8,2,242,121,160,227,238,21,20,-1,0
1647,Atg4b,35,18,3,2,49,18,4,1,242,158,206,235,239,-14,0,-1,1
9883,Kctd6,34,18,6,2,57,39,7,1,242,151,185,229,239,-23,-21,-1,1
3080,Cenpj,36,19,4,0,65,25,5,1,242,141,198,233,241,-29,-6,-1,-1
9891,Kdm1a,27,14,2,2,49,21,3,2,242,166,207,237,238,-22,-7,-1,0
1642,Atg2a,34,13,2,2,59,26,3,0,242,149,203,237,240,-25,-13,-1,2
6694,Gm10188,28,24,9,4,28,22,10,4,242,186,196,223,234,0,2,-1,0
9902,Kdm5b,32,13,2,2,56,32,3,1,242,154,197,237,239,-24,-19,-1,1
1640,Atg16l1,52,24,3,2,47,30,4,1,242,143,188,235,239,5,-6,-1,1
1638,Atg13,31,14,3,3,41,18,4,0,242,170,210,235,239,-10,-4,-1,3
9907,Kdm7a,53,30,7,2,38,22,8,1,242,151,190,227,239,15,8,-1,1
1637,Atg12,41,18,2,2,23,12,3,0,242,178,212,237,240,18,6,-1,2
9913,Kel,19,11,2,1,15,10,3,0,242,208,221,237,241,4,1,-1,1
9915,Khdc1a,18,9,1,1,22,14,2,0,242,202,219,239,241,-4,-5,-1,1
9919,Khdc4,58,34,5,2,29,20,6,3,242,155,188,231,237,29,14,-1,-1
16990,Sdf2l1,54,35,7,3,46,27,8,5,242,142,180,227,234,8,8,-1,-2
20449,Tut7,30,15,5,2,41,20,6,3,242,171,207,231,237,-11,-5,-1,-1
1631,Atf6b,33,14,3,3,39,18,4,1,242,170,210,235,238,-6,-4,-1,2
16987,Sdccag8,40,22,6,3,47,21,7,3,242,155,199,229,236,-7,1,-1,0
18695,Sycp2,23,10,2,0,35,23,3,0,242,184,209,237,242,-12,-13,-1,0
6619,Gkn3,36,33,10,3,45,40,11,5,242,161,169,221,234,-9,-7,-1,-2
3144,Ces1a,29,17,0,0,26,12,1,0,242,187,213,241,242,3,5,-1,0
16905,Scgb1b2,0,0,0,0,1,1,1,1,242,241,241,241,241,-1,-1,-1,-1
16904,Scgb1b19,0,0,0,0,1,1,1,0,242,241,241,241,242,-1,-1,-1,0
6577,Gimap8,48,23,4,2,48,29,5,2,242,146,190,233,238,0,-6,-1,0
6576,Gimap7,27,22,7,1,39,31,8,0,242,176,189,227,241,-12,-9,-1,1
1563,Asb16,36,21,1,0,37,20,2,1,242,169,201,239,241,-1,1,-1,-1
6572,Gimap3,41,22,7,3,65,44,8,3,242,136,176,227,236,-24,-22,-1,0
6569,Gigyf1,48,21,5,3,55,34,6,0,242,139,187,231,239,-7,-13,-1,3
18722,Synj2,50,32,2,0,55,26,3,1,242,137,184,237,241,-5,6,-1,-1
6562,Ghr,47,29,5,2,45,29,6,2,242,150,184,231,238,2,0,-1,0
1549,Arxes2,66,51,8,1,59,29,9,5,242,117,162,225,236,7,22,-1,-4
18726,Synpo2,52,25,3,0,45,20,4,0,242,145,197,235,242,7,5,-1,0
18728,Synpr,43,17,2,0,48,24,3,2,242,151,201,237,240,-5,-7,-1,-2
6545,Gga3,41,18,5,2,60,35,6,1,242,141,189,231,239,-19,-17,-1,1
6544,Gga2,45,19,4,2,44,28,5,2,242,153,195,233,238,1,-9,-1,0
6541,Gfus,20,15,3,2,53,28,4,2,242,169,199,235,238,-33,-13,-1,0
18733,Sys1,42,24,4,2,40,20,5,3,242,160,198,233,237,2,4,-1,-1
6530,Gfm1,33,17,3,2,34,19,4,0,242,175,206,235,240,-1,-2,-1,2
10199,Krtap12-1,6,6,0,0,1,1,1,0,242,235,235,241,242,5,5,-1,0
10202,Krtap14,4,4,0,0,3,3,1,0,242,235,235,241,242,1,1,-1,0
10204,Krtap16-1,7,2,0,0,18,13,1,0,242,217,227,241,242,-11,-11,-1,0
18712,Syne1,51,33,3,2,40,22,4,1,242,151,187,235,239,11,11,-1,1
16908,Scgb1b27,20,17,9,4,16,15,10,3,242,206,210,223,235,4,2,-1,1
10052,Klk1,32,28,9,4,41,29,10,4,242,169,185,223,234,-9,-1,-1,0
1567,Asb3,39,18,2,2,57,37,3,1,242,146,187,237,239,-18,-19,-1,1
18698,Syde1,51,26,5,2,66,28,6,1,242,125,188,231,239,-15,-2,-1,1
10059,Klk1b1,21,16,2,0,19,19,3,1,242,202,207,237,241,2,-3,-1,-1
20421,Tubb2a,55,30,2,2,40,22,3,1,242,147,190,237,239,15,8,-1,1
1586,Ash1l,31,14,4,2,49,26,5,0,242,162,202,233,240,-18,-12,-1,2
6608,Gjc3,39,15,3,2,60,35,4,2,242,143,192,235,238,-21,-20,-1,0
10076,Klk8,63,46,9,5,54,35,10,1,242,125,161,223,236,9,11,-1,4
10081,Klra17,36,24,4,1,25,22,5,0,242,181,196,233,241,11,2,-1,1
16924,Scgb2b24,1,1,1,0,4,4,2,0,242,237,237,239,242,-3,-3,-1,0
6602,Gjb3,55,38,8,0,49,34,9,3,242,138,170,225,239,6,4,-1,-3
3124,Cep76,38,20,3,1,51,27,4,1,242,153,195,235,240,-13,-7,-1,0
1577,Ascl1,29,10,1,0,23,10,2,0,242,190,222,239,242,6,0,-1,0
10095,Klrc1,30,21,2,0,20,14,3,1,242,192,207,237,241,10,7,-1,-1
1575,Ascc2,30,17,2,2,41,20,3,2,242,171,205,237,238,-11,-3,-1,0
10103,Klri1,14,14,1,1,18,18,2,1,242,210,210,239,240,-4,-4,-1,0
18706,Syna,59,34,4,1,56,32,5,2,242,127,176,233,239,3,2,-1,-1
6596,Gja4,47,29,9,0,75,53,10,3,242,120,160,223,239,-28,-24,-1,-3
10107,Kmt2a,57,30,3,2,46,26,4,1,242,139,186,235,239,11,4,-1,1
16915,Scgb2b11,1,1,0,0,1,1,1,0,242,240,240,241,242,0,0,-1,0
16914,Scgb2a2,16,15,3,0,18,16,4,0,242,208,211,235,242,-2,-1,-1,0
3212,Cfl2,32,18,4,3,45,26,5,2,242,165,198,233,237,-13,-8,-1,1
10538,Lmx1a,29,16,0,0,35,14,1,0,242,178,212,241,242,-6,2,-1,0
18900,Tax1bp3,62,29,4,2,37,21,5,2,242,143,192,233,238,25,8,-1,0
10987,Mapkapk5,40,16,3,2,44,24,4,2,242,158,202,235,238,-4,-8,-1,0
10962,Map7d1,56,23,2,2,37,17,3,2,242,149,202,237,238,19,6,-1,0
18860,Tas2r106,0,0,0,0,1,1,1,1,242,241,241,241,241,-1,-1,-1,-1
16513,Rpl10,56,34,8,4,54,25,9,4,242,132,183,225,234,2,9,-1,0
1229,Antxr1,43,23,4,0,50,24,5,2,242,149,195,233,240,-7,-1,-1,-2
1228,Antkmt,22,15,7,3,49,25,8,3,242,171,202,227,236,-27,-10,-1,0
16499,Rpain,42,25,4,4,66,36,5,4,242,134,181,233,234,-24,-11,-1,0
6186,Foxn2,58,33,4,1,42,27,5,1,242,142,182,233,240,16,6,-1,0
10982,Mapk8ip3,33,20,2,2,38,21,3,0,242,171,201,237,240,-5,-1,-1,2
1225,Anp32b,40,14,3,2,33,14,4,0,242,169,214,235,240,7,0,-1,2
10990,Mapre2,50,26,4,2,51,20,5,2,242,141,196,233,238,-1,6,-1,0
10540,Lnp1,11,10,6,4,11,10,7,1,242,220,222,229,237,0,0,-1,3
10993,Marchf1,54,35,7,2,57,35,8,4,242,131,172,227,236,-3,0,-1,-2
6182,Foxl2,23,17,2,0,33,24,3,1,242,186,201,237,241,-10,-7,-1,-1
10999,Marchf5,39,25,2,2,33,20,3,0,242,170,197,237,240,6,5,-1,2
6181,Foxl1,62,34,4,0,52,30,5,1,242,128,178,233,241,10,4,-1,-1
11004,Marcks,46,30,6,2,70,48,7,0,242,126,164,229,240,-24,-18,-1,2
11005,Marcksl1,56,30,5,2,59,35,6,2,242,127,177,231,238,-3,-5,-1,0
1220,Ano6,48,24,4,2,50,25,5,2,242,144,193,233,238,-2,-1,-1,0
6177,Foxj2,54,30,4,2,38,23,5,1,242,150,189,233,239,16,7,-1,1
16483,Romo1,35,18,3,2,40,23,4,1,242,167,201,235,239,-5,-5,-1,1
1234,Anxa11,45,26,3,3,35,18,4,1,242,162,198,235,238,10,8,-1,2
10951,Map3k8,83,51,2,0,36,17,3,0,242,123,174,237,242,47,34,-1,0
1238,Anxa4,44,23,5,2,45,21,6,3,242,153,198,231,237,-1,2,-1,-1
3276,Chmp3,42,21,3,3,48,23,4,3,242,152,198,235,236,-6,-2,-1,0
16559,Rpl6,36,22,5,3,30,16,6,1,242,176,204,231,238,6,6,-1,2
3268,Chkb,37,20,3,2,38,20,4,0,242,167,202,235,240,-1,0,-1,2
10872,Maged2,48,25,5,2,57,26,6,0,242,137,191,231,240,-9,-1,-1,2
6229,Frmpd1,32,23,4,0,39,26,5,2,242,171,193,233,240,-7,-3,-1,-2
16557,Rpl41,35,17,6,3,41,22,7,4,242,166,203,229,235,-6,-5,-1,-1
10890,Mall,38,22,1,0,47,28,2,0,242,157,192,239,242,-9,-6,-1,0
6223,Frmd4a,52,32,5,1,63,35,6,1,242,127,175,231,240,-11,-3,-1,0
10898,Maml3,30,13,0,0,62,29,1,0,242,150,200,241,242,-32,-16,-1,0
10899,Mamld1,42,28,3,0,56,24,4,2,242,144,190,235,240,-14,4,-1,-2
6217,Frem2,11,6,1,0,28,13,2,0,242,203,223,239,242,-17,-7,-1,0
10903,Man1b1,30,18,2,2,39,18,3,2,242,173,206,237,238,-9,0,-1,0
16542,Rpl34,31,15,3,3,32,19,4,2,242,179,208,235,237,-1,-4,-1,1
6213,Fras1,28,13,2,1,33,15,3,0,242,181,214,237,241,-5,-2,-1,1
10920,Map11,34,19,4,3,51,29,5,1,242,157,194,233,238,-17,-10,-1,2
16534,Rpl27,35,15,6,4,35,21,7,3,242,172,206,229,235,0,-6,-1,1
10927,Map2k1,43,24,2,2,36,15,3,0,242,163,203,237,240,7,9,-1,2
3275,Chmp2b,39,24,2,2,42,18,3,1,242,161,200,237,239,-3,6,-1,1
10939,Map3k14,52,23,2,0,41,18,3,0,242,149,201,237,242,11,5,-1,0
6199,Foxr2,16,7,0,0,27,12,1,1,242,199,223,241,241,-11,-5,-1,-1
1216,Ano2,40,19,5,2,24,13,6,3,242,178,210,231,237,16,6,-1,-1
11023,Mast3,48,26,3,1,56,33,4,1,242,138,183,235,240,-8,-7,-1,0
21326,Wdr13,30,17,3,2,58,32,4,1,242,154,193,235,239,-28,-15,-1,1
16427,Rnf187,37,19,2,2,36,18,3,2,242,169,205,237,238,1,1,-1,0
11156,Med25,30,15,4,3,38,22,5,1,242,174,205,233,238,-8,-7,-1,2
18877,Tas2r125,5,5,1,1,7,6,2,0,242,230,231,239,241,-2,-1,-1,1
11160,Med29,34,15,3,3,44,25,4,3,242,164,202,235,236,-10,-10,-1,0
16424,Rnf183,56,39,12,6,73,45,13,4,242,113,158,217,232,-17,-6,-1,2
16422,Rnf181,42,28,4,2,36,19,5,1,242,164,195,233,239,6,9,-1,1
6112,Fmn2,21,9,1,0,32,10,2,0,242,189,223,239,242,-11,-1,-1,0
21373,Wdr82,54,21,5,2,49,32,6,1,242,139,189,231,239,5,-11,-1,1
6102,Flt1,59,24,3,2,38,20,4,1,242,145,198,235,239,21,4,-1,1
11190,Meltf,44,19,3,1,40,24,4,4,242,158,199,235,237,4,-5,-1,-3
6088,Flad1,31,18,4,3,40,19,5,2,242,171,205,233,237,-9,-1,-1,1
11204,Met,39,21,5,2,69,37,6,1,242,134,184,231,239,-30,-16,-1,1
21379,Wdr90,47,24,1,0,55,21,2,1,242,140,197,239,241,-8,3,-1,-1
3324,Chst3,49,26,2,0,67,40,3,0,242,126,176,237,242,-18,-14,-1,0
18897,Tatdn2,39,17,4,2,33,16,5,3,242,170,209,233,237,6,1,-1,-1
16387,Rnf114,39,18,3,2,38,19,4,1,242,165,205,235,239,1,-1,-1,1
11226,Mettl26,42,31,8,3,44,20,9,4,242,156,191,225,235,-2,11,-1,-1
6077,Fkbp3,42,28,6,2,45,27,7,4,242,155,187,229,236,-3,1,-1,-2
16382,Rnf11,48,28,3,2,45,20,4,3,242,149,194,235,237,3,8,-1,-1
11239,Mex3b,58,36,4,1,49,34,5,1,242,135,172,233,240,9,2,-1,0
16425,Rnf185,42,21,4,2,41,23,5,2,242,159,198,233,238,1,-2,-1,0
16429,Rnf19b,55,25,3,3,42,22,4,3,242,145,195,235,236,13,3,-1,0
6175,Foxi3,25,18,2,2,9,7,3,1,242,208,217,237,239,16,11,-1,1
16434,Rnf212,33,24,8,1,35,24,9,4,242,174,194,225,237,-2,0,-1,-3
18863,Tas2r109,2,2,0,0,3,3,1,0,242,237,237,241,242,-1,-1,-1,0
16476,Robo2,42,30,7,4,50,29,8,4,242,150,183,227,234,-8,1,-1,0
11040,Mb21d2,42,24,4,2,62,39,5,2,242,138,179,233,238,-20,-15,-1,0
6167,Foxe1,18,6,0,0,15,7,1,1,242,209,229,241,241,3,-1,-1,-1
11045,Mbd3l2,18,14,1,1,23,5,2,0,242,201,223,239,241,-5,9,-1,1
3292,Chrd,52,29,5,1,47,21,6,2,242,143,192,231,239,5,8,-1,-1
6156,Foxa1,43,22,1,0,47,16,2,0,242,152,204,239,242,-4,6,-1,0
11076,Mcemp1,50,35,8,2,60,38,9,2,242,132,169,225,238,-10,-3,-1,0
11080,Mchr1,45,33,5,1,61,26,6,2,242,136,183,231,239,-16,7,-1,-1
11082,Mcl1,55,32,3,2,35,16,4,0,242,152,194,235,240,20,16,-1,2
11083,Mcm10,59,31,3,0,42,26,4,1,242,141,185,235,241,17,5,-1,-1
11086,Mcm3ap,39,17,2,2,52,27,3,1,242,151,198,237,239,-13,-10,-1,1
6144,Fnip1,48,23,2,2,52,25,3,1,242,142,194,237,239,-4,-2,-1,1
6140,Fndc5,57,40,9,4,67,42,10,4,242,118,160,223,234,-10,-2,-1,0
6139,Fndc4,56,45,6,1,49,27,7,3,242,137,170,229,238,7,18,-1,-2
6137,Fndc3b,57,30,5,2,52,30,6,1,242,133,182,231,239,5,0,-1,1
21356,Wdr55,40,23,4,2,38,18,5,1,242,164,201,233,239,2,5,-1,1
3306,Chrna6,8,3,1,0,21,9,2,1,242,213,230,239,241,-13,-6,-1,-1
11127,Mdn1,45,19,1,0,42,23,2,0,242,155,200,239,242,3,-4,-1,0
10865,Mageb3,50,35,9,2,61,37,10,4,242,131,170,223,236,-11,-2,-1,-2
6237,Fry,39,24,4,2,56,40,5,3,242,147,178,233,237,-17,-16,-1,-1
21308,Washc5,49,30,4,2,40,19,5,0,242,153,193,233,240,9,11,-1,2
16710,Rtn3,22,14,3,3,47,17,4,1,242,173,211,235,238,-25,-3,-1,2
1376,Arf6,35,23,3,3,38,21,4,0,242,169,198,235,239,-3,2,-1,3
1371,Arf1,35,14,3,3,35,17,4,1,242,172,211,235,238,0,-3,-1,2
6327,G6pc3,23,12,3,2,42,18,4,4,242,177,212,235,236,-19,-6,-1,-2
10632,Lrrc28,48,26,7,2,61,34,8,5,242,133,182,227,235,-13,-8,-1,-3
10634,Lrrc3,51,21,3,2,34,19,4,2,242,157,202,235,238,17,2,-1,0
1364,Arap1,49,34,8,2,58,32,9,2,242,135,176,225,238,-9,2,-1,0
21269,Vstm2b,33,28,6,2,52,30,7,1,242,157,184,229,239,-19,-2,-1,1
6323,G430095P16Rik,63,46,14,4,70,50,15,4,242,109,146,213,234,-7,-4,-1,0
16689,Rsu1,36,23,7,3,54,28,8,4,242,152,191,227,235,-18,-5,-1,-1
20321,Tspoap1,54,38,7,1,59,40,8,1,242,129,164,227,240,-5,-2,-1,0
1357,Aqp6,45,30,7,4,48,31,8,3,242,149,181,227,235,-3,-1,-1,1
10652,Lrrc47,26,12,2,2,60,27,3,2,242,156,203,237,238,-34,-15,-1,0
16679,Rsph6a,63,46,8,4,33,23,9,4,242,146,173,225,234,30,23,-1,0
16671,Rsl24d1,42,20,3,2,42,22,4,2,242,158,200,235,238,0,-2,-1,0
6312,Fzd4,43,16,2,2,59,33,3,1,242,140,193,237,239,-16,-17,-1,1
10678,Lrrc8c,53,32,3,0,55,32,4,2,242,134,178,235,240,-2,0,-1,-2
16661,Rs1,32,11,0,0,37,14,1,0,242,173,217,241,242,-5,-3,-1,0
6304,Fyb2,54,36,6,0,69,39,7,2,242,119,167,229,240,-15,-3,-1,-2
16655,Rrp1b,33,18,4,1,64,31,5,1,242,145,193,233,240,-31,-13,-1,0
6336,Gabarapl2,49,25,4,3,27,13,5,1,242,166,204,233,238,22,12,-1,2
21261,Vsig10,39,27,6,2,53,29,7,2,242,150,186,229,238,-14,-2,-1,0
10705,Lsg1,33,19,4,3,30,13,5,1,242,179,210,233,238,3,6,-1,2
16713,Rtn4r,55,39,9,1,60,38,10,5,242,127,165,223,236,-5,1,-1,-4
6368,Gak,37,19,4,3,28,12,5,2,242,177,211,233,237,9,7,-1,1
10542,Lnpk,44,22,3,1,57,32,4,1,242,141,188,235,240,-13,-10,-1,0
21251,Vps53,37,18,3,2,36,19,4,1,242,169,205,235,239,1,-1,-1,1
10550,Lor,38,29,5,1,33,18,6,2,242,171,195,231,239,5,11,-1,-1
16744,Rwdd4a,34,21,2,2,47,24,3,1,242,161,197,237,239,-13,-3,-1,1
10558,Lpar2,61,37,3,0,56,33,4,1,242,125,172,235,241,5,4,-1,-1
16735,Rusc1,55,32,4,2,44,21,5,2,242,143,189,233,238,11,11,-1,0
1394,Arhgap17,53,27,5,2,54,31,6,1,242,135,184,231,239,-1,-4,-1,1
10563,Lpcat1,35,19,4,1,62,33,5,2,242,145,190,233,239,-27,-14,-1,-1
20323,Tspyl2,53,31,5,1,30,17,6,2,242,159,194,231,239,23,14,-1,-1
1392,Arhgap12,42,23,4,3,51,21,5,3,242,149,198,233,236,-9,2,-1,0
16728,Rundc1,44,25,2,2,42,18,3,0,242,156,199,237,240,2,7,-1,2
10570,Lpin2,53,25,2,2,37,19,3,1,242,152,198,237,239,16,6,-1,1
10574,Lpp,38,21,4,2,58,33,5,2,242,146,188,233,238,-20,-12,-1,0
6352,Gabre,56,34,2,0,35,21,3,0,242,151,187,237,242,21,13,-1,0
10594,Lrig2,33,18,3,0,57,29,4,1,242,152,195,235,241,-24,-11,-1,-1
16715,Rtn4rl2,75,58,7,0,56,36,8,1,242,111,148,227,241,19,22,-1,-1
6339,Gabpa,39,20,2,2,43,21,3,1,242,160,201,237,239,-4,-1,-1,1
10611,Lrp6,43,30,4,2,60,28,5,0,242,139,184,233,240,-17,2,-1,2
16654,Rrp15,43,19,3,2,45,24,4,1,242,154,199,235,239,-2,-5,-1,1
10706,Lsm1,51,23,4,2,42,24,5,2,242,149,195,233,238,9,-1,-1,0
10861,Mageb11,10,7,0,0,14,12,1,0,242,218,223,241,242,-4,-5,-1,0
20194,Trip11,30,16,2,2,50,22,3,2,242,162,204,237,238,-20,-6,-1,0
10802,Lysmd1,37,14,3,3,46,26,4,1,242,159,202,235,238,-9,-12,-1,2
16589,Rps14,33,13,3,3,30,19,4,2,242,179,210,235,237,3,-6,-1,1
10805,Lysmd4,34,14,4,1,64,28,5,0,242,144,200,233,241,-30,-14,-1,1
16585,Rps10,34,12,3,3,34,19,4,0,242,174,211,235,239,0,-7,-1,3
6261,Fth1,53,34,4,2,30,15,5,1,242,159,193,233,239,23,19,-1,1
16569,Rplp2,37,15,7,5,35,23,8,5,242,170,204,227,232,2,-8,-1,0
10833,Mad1l1,30,9,3,1,47,25,4,2,242,165,208,235,239,-17,-16,-1,-1
10837,Madcam1,48,34,6,0,59,44,7,2,242,135,164,229,240,-11,-10,-1,-2
10839,Maea,34,15,4,3,33,19,5,3,242,175,208,233,236,1,-4,-1,0
10840,Mael,25,17,6,1,28,23,7,3,242,189,202,229,238,-3,-6,-1,-2
10842,Maf1,37,16,3,2,27,15,4,2,242,178,211,235,238,10,1,-1,0
1269,Ap3d1,32,12,3,3,42,17,4,1,242,168,213,235,238,-10,-5,-1,2
6244,Fscn3,62,38,6,2,37,26,7,0,242,143,178,229,240,25,12,-1,2
10852,Magea14,15,13,0,0,12,9,1,0,242,215,220,241,242,3,4,-1,0
1267,Ap3b1,33,16,2,2,40,24,3,0,242,169,202,237,240,-7,-8,-1,2
1266,Ap2s1,29,17,3,2,49,26,4,1,242,164,199,235,239,-20,-9,-1,1
1264,Ap2b1,35,19,2,2,52,30,3,2,242,155,193,237,238,-17,-11,-1,0
1263,Ap2a2,30,16,3,2,48,21,4,2,242,164,205,235,238,-18,-5,-1,0
21307,Washc4,68,44,5,3,36,21,6,1,242,138,177,231,238,32,23,-1,2
16590,Rps15,34,18,3,3,35,21,4,1,242,173,203,235,238,-1,-3,-1,2
16592,Rps16,40,19,4,3,36,21,5,3,242,166,202,233,236,4,-2,-1,0
10712,Lsm2,38,17,3,3,60,34,4,0,242,144,191,235,239,-22,-17,-1,3
16598,Rps19bp1,41,19,2,2,26,15,3,2,242,175,208,237,238,15,4,-1,0
16644,Rrbp1,36,20,3,3,34,17,4,0,242,172,205,235,239,2,3,-1,3
16642,Rras,51,23,2,2,38,14,3,1,242,153,205,237,239,13,9,-1,1
18829,Tal2,53,30,0,0,53,30,1,0,242,136,182,241,242,0,0,-1,0
1329,Apol11a,15,3,0,0,39,21,1,0,242,188,218,241,242,-24,-18,-1,0
1328,Apol10b,49,29,6,3,69,42,7,2,242,124,171,229,237,-20,-13,-1,1
10734,Ltbr,49,23,4,3,49,26,5,3,242,144,193,233,236,0,-3,-1,0
10739,LTO1,38,18,4,2,56,31,5,1,242,148,193,233,239,-18,-13,-1,1
6281,Furin,53,35,6,2,57,28,7,1,242,132,179,229,239,-4,7,-1,1
1305,Aplnr,44,23,14,4,54,44,15,5,242,144,175,213,233,-10,-21,-1,-1
1304,Apln,52,30,4,1,58,31,5,0,242,132,181,233,241,-6,-1,-1,1
10764,Ly6g6e,46,34,8,4,40,28,9,4,242,156,180,225,234,6,6,-1,0
16615,Rps4x,41,26,9,4,40,29,10,8,242,161,187,223,230,1,-3,-1,-4
10768,Ly6i,64,52,12,1,53,41,13,3,242,125,149,217,238,11,11,-1,-2
1299,Aph1b,56,37,5,3,54,38,6,3,242,132,167,231,236,2,-1,-1,0
10774,Ly9,36,21,5,0,46,29,6,2,242,160,192,231,240,-10,-8,-1,-2
16610,Rps27rt,27,15,10,9,23,16,11,10,242,192,211,221,223,4,-1,-1,-1
1290,Apc,41,19,5,2,58,32,6,1,242,143,191,231,239,-17,-13,-1,1
16601,Rps21,48,21,5,4,38,23,6,6,242,156,198,231,232,10,-2,-1,-2
3258,Chic1,43,23,5,0,53,34,6,1,242,146,185,231,241,-10,-11,-1,-1
16041,Rbm42,48,19,3,3,22,15,4,1,242,172,208,235,238,26,4,-1,2
12474,Npnt,38,26,2,2,53,30,3,1,242,151,186,237,239,-15,-4,-1,1
876,Agfg1,30,20,3,2,50,26,4,1,242,162,196,235,239,-20,-6,-1,1
19752,Tnpo2,35,16,3,3,41,16,4,1,242,166,210,235,238,-6,0,-1,2
13813,Olfr824,11,8,0,0,26,9,1,0,242,205,225,241,242,-15,-1,-1,0
13816,Olfr827,3,1,0,0,7,1,1,0,242,232,240,241,242,-4,0,-1,0
19717,Tnfsf10,53,29,5,3,77,49,6,1,242,112,164,231,238,-24,-20,-1,2
21900,Zfp623,65,37,5,2,36,21,6,2,242,141,184,231,238,29,16,-1,0
13823,Olfr836,9,6,1,1,11,7,2,1,242,222,229,239,240,-2,-1,-1,0
13825,Olfr839-ps1,37,19,4,2,57,34,5,2,242,148,189,233,238,-20,-15,-1,0
13826,Olfr843,27,6,0,0,30,16,1,0,242,185,220,241,242,-3,-10,-1,0
13829,Olfr846,31,13,2,0,37,26,3,0,242,174,203,237,242,-6,-13,-1,0
3915,Cryl1,38,22,5,2,59,36,6,3,242,145,184,231,237,-21,-14,-1,-1
19984,Trav21-dv12,3,2,2,1,5,3,3,2,242,234,237,237,239,-2,-1,-1,-1
19731,Tnip2,48,22,3,0,35,13,4,3,242,159,207,235,239,13,9,-1,-3
15344,Prkdc,30,17,2,0,44,21,3,1,242,168,204,237,241,-14,-4,-1,-1
13851,Olfr876,12,6,1,0,12,8,2,1,242,218,228,239,241,0,-2,-1,-1
4580,Dglucy,42,22,8,3,66,45,9,2,242,134,175,225,237,-24,-23,-1,1
331,5530400C23Rik,8,8,1,0,7,7,2,0,242,227,227,239,242,1,1,-1,0
19979,Trav16n,9,7,3,1,4,4,4,2,242,229,231,235,239,5,3,-1,-1
15340,Prkcz,36,24,3,2,48,24,4,0,242,158,194,235,240,-12,0,-1,2
4577,Dgkk,26,14,3,1,18,8,4,1,242,198,220,235,240,8,6,-1,0
15336,Prkch,58,27,2,2,28,11,3,1,242,156,204,237,239,30,16,-1,1
3927,Csf2,44,39,10,1,34,29,11,6,242,164,174,221,235,10,10,-1,-5
3929,Csf2rb,59,35,9,3,58,36,10,1,242,125,171,223,238,1,-1,-1,2
19745,Tnni3k,23,13,3,2,43,21,4,1,242,176,208,235,239,-20,-8,-1,1
19749,Tnp1,16,13,10,3,13,13,11,6,242,213,216,221,233,3,0,-1,-3
13796,Olfr806,33,18,1,0,34,21,2,0,242,175,203,239,242,-1,-3,-1,0
3891,Crtc3,56,27,4,1,44,27,5,1,242,142,188,233,240,12,0,-1,0
19697,Tnfrsf10b,48,23,2,0,34,16,3,2,242,160,203,237,240,14,7,-1,-2
13716,Olfr715,39,19,3,0,41,22,4,2,242,162,201,235,240,-2,-3,-1,-2
19644,Tmf1,40,18,3,2,54,29,4,1,242,148,195,235,239,-14,-11,-1,1
13676,Olfr675,59,30,2,0,42,22,3,1,242,141,190,237,241,17,8,-1,-1
4711,Dnaaf5,25,15,3,2,47,25,4,1,242,170,202,235,239,-22,-10,-1,1
3865,Cript,39,22,7,3,41,21,8,4,242,162,199,227,235,-2,1,-1,-1
4703,Dmwd,31,14,3,2,54,26,4,1,242,157,202,235,239,-23,-12,-1,1
13699,Olfr698,1,0,0,0,9,5,1,0,242,232,237,241,242,-8,-5,-1,0
13700,Olfr699,54,29,6,2,56,30,7,3,242,132,183,229,237,-2,-1,-1,-1
13704,Olfr702,3,3,0,0,5,5,1,0,242,234,234,241,242,-2,-2,-1,0
4696,Dmrtc1a,31,31,6,0,29,22,7,5,242,182,189,229,237,2,9,-1,-5
13714,Olfr713,21,13,2,0,38,22,3,0,242,183,207,237,242,-17,-9,-1,0
21886,Zfp605,54,31,5,1,43,28,6,2,242,145,183,231,239,11,3,-1,-1
15358,Prl3a1,6,4,1,0,5,4,2,1,242,231,234,239,241,1,0,-1,-1
3878,Crmp1,48,24,0,0,32,14,1,0,242,162,204,241,242,16,10,-1,0
19678,Tmtc2,26,13,1,0,41,17,2,1,242,175,212,239,241,-15,-4,-1,-1
13746,Olfr745,15,9,2,0,22,16,3,2,242,205,217,237,240,-7,-7,-1,-2
3882,Crocc2,27,11,0,0,36,26,1,0,242,179,205,241,242,-9,-15,-1,0
21895,Zfp617,41,23,2,2,33,16,3,0,242,168,203,237,240,8,7,-1,2
13760,Olfr768,0,0,0,0,1,1,1,0,242,241,241,241,242,-1,-1,-1,0
15363,Prl3d3,7,7,4,2,5,5,5,1,242,230,230,233,239,2,2,-1,1
20004,Trav6d-3,3,3,2,2,4,3,3,3,242,235,236,237,237,-1,0,-1,-1
345,6430550D23Rik,56,37,11,4,80,52,12,3,242,106,153,219,235,-24,-15,-1,1
343,6330411D24Rik,8,7,6,6,12,10,7,7,242,222,225,229,229,-4,-3,-1,-1
21918,Zfp655,59,36,5,2,48,23,6,1,242,135,183,231,239,11,13,-1,1
4558,Desi2,42,20,3,2,47,23,4,1,242,153,199,235,239,-5,-3,-1,1
14087,P2ry14,50,33,9,2,52,32,10,6,242,140,177,223,234,-2,1,-1,-4
15332,Prkcb,36,19,2,1,47,27,3,1,242,159,196,237,240,-11,-8,-1,0
15315,Prim2,42,25,3,2,52,32,4,1,242,148,185,235,239,-10,-7,-1,1
19973,Trav15-2-dv6-2,5,4,2,1,8,5,3,3,242,229,233,237,238,-3,-1,-1,-2
13989,Orc1,43,24,3,0,57,28,4,1,242,142,190,235,241,-14,-4,-1,-1
4497,Defb28,9,8,8,3,11,10,9,1,242,222,224,225,238,-2,-2,-1,2
15304,Prex2,40,18,4,2,68,39,5,1,242,134,185,233,239,-28,-21,-1,1
14008,Osbpl3,63,37,3,2,47,27,4,2,242,132,178,235,238,16,10,-1,0
4483,Defb11,12,10,8,8,13,12,9,7,242,217,220,225,227,-1,-2,-1,1
21963,Zfp764,40,23,6,0,77,42,7,2,242,125,177,229,240,-37,-19,-1,-2
14038,Otop3,21,6,0,0,28,4,1,0,242,193,232,241,242,-7,2,-1,0
4472,Defa36,2,2,1,1,2,2,2,2,242,238,238,239,239,0,0,-1,-1
4471,Defa35,2,2,2,1,4,3,3,1,242,236,237,237,240,-2,-1,-1,0
14043,Otub1,43,25,3,2,47,23,4,1,242,152,194,235,239,-4,2,-1,1
14046,Otud3,44,18,2,2,31,15,3,0,242,167,209,237,240,13,3,-1,2
14047,Otud4,29,19,2,2,51,28,3,0,242,162,195,237,240,-22,-9,-1,2
4469,Defa33,3,3,2,2,3,3,3,1,242,236,236,237,239,0,0,-1,1
15275,Prdm10,41,11,1,0,40,20,2,1,242,161,211,239,241,1,-9,-1,-1
15273,Prcp,28,13,4,2,52,20,5,4,242,162,209,233,236,-24,-7,-1,-2
3972,Cst8,6,3,0,0,13,10,1,0,242,223,229,241,242,-7,-7,-1,0
14059,Ovgp1,69,44,6,0,51,37,7,1,242,122,161,229,241,18,7,-1,-1
14064,Oxct1,34,16,2,2,38,23,3,0,242,170,203,237,240,-4,-7,-1,2
15270,Prc1,60,36,7,2,66,46,8,0,242,116,160,227,240,-6,-10,-1,2
21978,Zfp790,66,41,7,2,43,26,8,3,242,133,175,227,237,23,15,-1,-1
273,4930563E22Rik,56,25,4,0,61,37,5,2,242,125,180,233,240,-5,-12,-1,-2
13975,Opn1mw,37,25,5,4,27,24,6,2,242,178,193,231,236,10,1,-1,2
13972,Opcml,52,22,0,0,20,9,1,0,242,170,211,241,242,32,13,-1,0
13969,Opa1,25,12,3,2,39,18,4,1,242,178,212,235,239,-14,-6,-1,1
4536,Dennd3,33,18,4,3,80,45,5,1,242,129,179,233,238,-47,-27,-1,2
13897,Olfr935,9,8,0,0,9,9,1,0,242,224,225,241,242,0,-1,-1,0
13899,Olfr937,2,2,0,0,4,3,1,0,242,236,237,241,242,-2,-1,-1,0
13900,Olfr938,0,0,0,0,3,3,1,1,242,239,239,241,241,-3,-3,-1,-1
13901,Olfr94,14,10,2,0,21,14,3,1,242,207,218,237,241,-7,-4,-1,-1
13904,Olfr945,6,4,1,0,3,2,2,1,242,233,236,239,241,3,2,-1,-1
317,4933417A18Rik,9,6,2,0,10,9,3,0,242,223,227,237,242,-1,-3,-1,0
3934,Csgalnact2,44,24,5,2,64,39,6,4,242,134,179,231,236,-20,-15,-1,-2
13914,Olfr96,21,15,1,0,30,24,2,0,242,191,203,239,242,-9,-9,-1,0
4545,Depdc1a,52,23,5,2,58,35,6,3,242,132,184,231,237,-6,-12,-1,-1
13922,Olfr97,14,7,0,0,19,14,1,0,242,209,221,241,242,-5,-7,-1,0
13925,Olfr972,3,3,0,0,13,11,1,0,242,226,228,241,242,-10,-8,-1,0
3945,Csnk1a1,26,14,5,3,51,24,6,2,242,165,204,231,237,-25,-10,-1,1
21925,Zfp672,42,22,4,2,52,29,5,1,242,148,191,233,239,-10,-7,-1,1
13932,Olfr980,17,9,1,0,35,22,2,0,242,190,211,239,242,-18,-13,-1,0
19767,Togaram1,42,18,2,2,52,29,3,0,242,148,195,237,240,-10,-11,-1,2
15323,Prkacb,42,28,4,2,55,21,5,1,242,145,193,233,239,-13,7,-1,1
4525,Dek,38,19,4,2,35,23,5,2,242,169,200,233,238,3,-4,-1,0
13958,Onecut1,21,10,0,0,22,10,1,0,242,199,222,241,242,-1,0,-1,0
13960,Onecut3,34,19,0,0,34,14,1,0,242,174,209,241,242,0,5,-1,0
3941,Csn1s2a,11,9,4,3,13,12,5,1,242,218,221,233,238,-2,-3,-1,2
4515,Defb47,25,25,19,12,23,22,20,17,242,194,195,203,213,2,3,-1,-5
13965,Oog4,13,5,1,0,17,7,2,0,242,212,230,239,242,-4,-2,-1,0
19643,Tmem9b,42,29,4,2,52,28,5,3,242,148,185,233,237,-10,1,-1,-1
20015,Trav7-5,3,2,2,1,4,3,3,2,242,235,237,237,239,-1,-1,-1,-1
19638,Tmem92,39,27,0,0,36,23,1,0,242,167,192,241,242,3,4,-1,0
4734,Dnaja2,37,20,3,2,37,18,4,1,242,168,204,235,239,0,2,-1,1
19510,Tmem203,29,11,4,3,63,35,5,1,242,150,196,233,238,-34,-24,-1,2
4935,Dus1l,34,10,2,2,54,24,3,2,242,154,208,237,238,-20,-14,-1,0
15434,Prps1,44,28,4,3,35,16,5,2,242,163,198,233,237,9,12,-1,1
3767,Cox8c,23,18,14,2,22,21,15,10,242,197,203,213,230,1,-3,-1,-8
19513,Tmem207,9,7,3,2,12,12,4,2,242,221,223,235,238,-3,-5,-1,0
4927,Dtx3l,48,34,5,2,56,29,6,2,242,138,179,231,238,-8,5,-1,0
19521,Tmem215,18,7,1,0,28,13,2,2,242,196,222,239,240,-10,-6,-1,-2
20042,Trbj1-3,0,0,0,0,1,1,1,1,242,241,241,241,241,-1,-1,-1,-1
4917,Dthd1,17,12,2,0,12,6,3,2,242,213,224,237,240,5,6,-1,-2
4912,Dst,36,19,2,2,53,22,3,1,242,153,201,237,239,-17,-3,-1,1
413,A730046J19Rik,18,12,1,0,31,19,2,0,242,193,211,239,242,-13,-7,-1,0
3779,Cpeb1,58,30,3,3,46,25,4,1,242,138,187,235,238,12,5,-1,2
13451,Olfr419,5,2,1,0,17,9,2,0,242,220,231,239,242,-12,-7,-1,0
4906,Dsg2,28,12,3,1,47,21,4,0,242,167,209,235,241,-19,-9,-1,1
19533,Tmem230,40,19,4,2,37,17,5,1,242,165,206,233,239,3,2,-1,1
19534,Tmem231,33,18,3,2,58,28,4,1,242,151,196,235,239,-25,-10,-1,1
19539,Tmem236,53,31,5,2,41,26,6,1,242,148,185,231,239,12,5,-1,1
3781,Cpeb3,40,26,8,3,66,40,9,5,242,136,176,225,234,-26,-14,-1,-2
3785,Cplane1,56,34,18,8,68,54,19,12,242,118,154,205,222,-12,-20,-1,-4
13469,Olfr449,2,2,0,0,1,1,1,0,242,239,239,241,242,1,1,-1,0
3790,Cplx4,16,6,0,0,27,16,1,0,242,199,220,241,242,-11,-10,-1,0
21844,Zfp51,36,17,5,1,53,34,6,2,242,153,191,231,239,-17,-17,-1,-1
13478,Olfr459,46,24,4,0,51,30,5,3,242,145,188,233,239,-5,-6,-1,-3
4938,Dus4l,41,19,4,0,50,29,5,2,242,151,194,233,240,-9,-10,-1,-2
4941,Dusp11,39,20,6,3,37,22,7,1,242,166,200,229,238,2,-2,-1,2
15438,Prpsap1,37,20,3,3,35,20,4,1,242,170,202,235,238,2,0,-1,2
19496,Tmem189,40,18,2,2,57,30,3,1,242,145,194,237,239,-17,-12,-1,1
13325,Olfr250,37,16,1,0,49,23,2,0,242,156,203,239,242,-12,-7,-1,0
4998,Dyrk1a,47,22,2,2,41,24,3,0,242,154,196,237,240,6,-2,-1,2
20052,Trbj2-7,0,0,0,0,2,1,1,1,242,240,241,241,241,-2,-1,-1,-1
3745,Cox17,42,20,8,7,40,22,9,6,242,160,200,225,229,2,-2,-1,1
4995,Dynlt3,48,27,5,4,35,19,6,1,242,159,196,231,237,13,8,-1,3
439,Aadacl4fm1,2,2,0,0,2,2,1,1,242,238,238,241,241,0,0,-1,-1
19488,Tmem182,40,25,4,0,36,14,5,1,242,166,203,233,241,4,11,-1,-1
13348,Olfr290,12,7,0,0,31,13,1,0,242,199,222,241,242,-19,-6,-1,0
434,Aadacl2fm1,22,11,0,0,37,18,1,0,242,183,213,241,242,-15,-7,-1,0
13352,Olfr294,0,0,0,0,2,2,1,0,242,240,240,241,242,-2,-2,-1,0
4973,Dynap,21,19,3,1,24,22,4,2,242,197,201,235,239,-3,-3,-1,-1
420,A930003A15Rik,20,17,2,1,25,16,3,0,242,197,209,237,241,-5,1,-1,1
13370,Olfr313,17,5,0,0,17,5,1,1,242,208,232,241,241,0,0,-1,-1
15449,Prr19,54,42,8,5,35,27,9,4,242,153,173,225,233,19,15,-1,1
13377,Olfr32,13,7,1,1,14,7,2,0,242,215,228,239,241,-1,0,-1,1
21829,Zfp456,51,37,15,2,68,47,16,8,242,123,158,211,232,-17,-10,-1,-6
4965,Duxf3,42,26,5,1,43,30,6,1,242,157,186,231,240,-1,-4,-1,0
4963,Dut,40,18,3,3,53,27,4,2,242,149,197,235,237,-13,-9,-1,1
423,A930009A15Rik,19,15,2,1,19,15,3,0,242,204,212,237,241,0,0,-1,1
15440,Prr11,56,35,7,2,58,30,8,4,242,128,177,227,236,-2,5,-1,-2
13398,Olfr347,5,4,0,0,1,1,1,0,242,236,237,241,242,4,3,-1,0
20043,Trbj1-4,0,0,0,0,1,1,1,1,242,241,241,241,241,-1,-1,-1,-1
13481,Olfr461,54,36,4,1,37,20,5,2,242,151,186,233,239,17,16,-1,-1
19549,Tmem247,5,3,1,1,8,7,2,2,242,229,232,239,239,-3,-4,-1,-1
13493,Olfr474,3,3,1,0,4,4,2,0,242,235,235,239,242,-1,-1,-1,0
375,9830107B12Rik,47,27,2,0,59,32,3,1,242,136,183,237,241,-12,-5,-1,-1
19601,Tmem52,42,34,5,0,41,28,6,3,242,159,180,231,239,1,6,-1,-3
13602,Olfr596,49,23,4,0,47,23,5,0,242,146,196,233,242,2,0,-1,0
20021,Trav7d-6,0,0,0,0,1,1,1,1,242,241,241,241,241,-1,-1,-1,-1
13606,Olfr6,14,9,0,0,29,14,1,0,242,199,219,241,242,-15,-5,-1,0
380,9930111J21Rik1,76,50,15,5,59,42,16,2,242,107,150,211,235,17,8,-1,3
3839,Crcp,31,18,2,2,47,25,3,1,242,164,199,237,239,-16,-7,-1,1
13616,Olfr61,5,5,1,1,5,5,2,0,242,232,232,239,241,0,0,-1,1
13620,Olfr613,43,24,4,0,62,36,5,3,242,137,182,233,239,-19,-12,-1,-3
19613,Tmem64,37,20,3,2,62,32,4,0,242,143,190,235,240,-25,-12,-1,2
378,9930022D16Rik,31,14,0,0,18,6,1,0,242,193,222,241,242,13,8,-1,0
3844,Creb3l2,38,22,5,3,49,23,6,1,242,155,197,231,238,-11,-1,-1,2
13593,Olfr586,35,11,1,0,48,22,2,0,242,159,209,239,242,-13,-11,-1,0
4749,Dnajb9,56,32,8,5,55,28,9,2,242,131,182,225,235,1,4,-1,3
21874,Zfp58,46,25,5,3,67,44,6,3,242,129,173,231,236,-21,-19,-1,0
20017,Trav7d-2,4,4,3,3,4,4,4,4,242,234,234,235,235,0,0,-1,-1
13641,Olfr638,6,6,1,0,7,7,2,0,242,229,229,239,242,-1,-1,-1,0
13648,Olfr644,4,3,0,0,7,5,1,0,242,231,234,241,242,-3,-2,-1,0
13649,Olfr645,39,18,2,0,49,25,3,0,242,154,199,237,242,-10,-7,-1,0
4742,Dnajb2,72,35,6,2,31,15,7,1,242,139,192,229,239,41,20,-1,1
15400,Prok1,42,32,8,5,72,42,9,2,242,128,168,225,235,-30,-10,-1,3
13660,Olfr657,5,2,0,0,10,6,1,0,242,227,234,241,242,-5,-4,-1,0
13661,Olfr658,30,15,1,0,28,19,2,0,242,184,208,239,242,2,-4,-1,0
13595,Olfr588-ps1,25,10,1,0,35,19,2,0,242,182,213,239,242,-10,-9,-1,0
21871,Zfp574,44,20,3,2,51,32,4,0,242,147,190,235,240,-7,-12,-1,2
3795,Cpne2,58,36,8,4,60,37,9,3,242,124,169,225,235,-2,-1,-1,1
13528,Olfr512,3,3,0,0,7,7,1,0,242,232,232,241,242,-4,-4,-1,0
15420,Prpf3,47,27,4,3,31,14,5,1,242,164,201,233,238,16,13,-1,2
3796,Cpne3,40,28,6,3,64,32,7,2,242,138,182,229,237,-24,-4,-1,1
13498,Olfr48,3,0,0,0,12,8,1,0,242,227,234,241,242,-9,-8,-1,0
13500,Olfr481,25,13,0,0,27,11,1,0,242,190,218,241,242,-2,2,-1,0
4866,Dpy19l1,29,20,2,1,64,29,3,0,242,149,193,237,241,-35,-9,-1,1
3798,Cpne5,36,20,5,2,35,20,6,1,242,171,202,231,239,1,0,-1,1
13508,Olfr49,36,17,2,0,38,22,3,0,242,168,203,237,242,-2,-5,-1,0
3799,Cpne6,23,8,1,0,19,9,2,0,242,200,225,239,242,4,-1,-1,0
4860,Dppa1,25,17,3,1,22,16,4,0,242,195,209,235,241,3,1,-1,1
13517,Olfr5,23,16,1,0,24,12,2,0,242,195,214,239,242,-1,4,-1,0
19568,Tmem266,30,17,0,0,48,31,1,0,242,164,194,241,242,-18,-14,-1,0
4797,Dnmt3a,49,26,5,3,52,27,6,5,242,141,189,231,234,-3,-1,-1,-2
3807,Cpsf1,34,19,4,3,58,28,5,2,242,150,195,233,237,-24,-9,-1,1
19575,Tmem28,20,12,1,0,31,12,2,1,242,191,218,239,241,-11,0,-1,-1
13544,Olfr530,2,0,0,0,2,1,1,1,242,238,241,241,241,0,-1,-1,-1
13546,Olfr532,23,12,2,0,38,23,3,1,242,181,207,237,241,-15,-11,-1,-1
13549,Olfr536,15,9,0,0,37,9,1,0,242,190,224,241,242,-22,0,-1,0
13553,Olfr541,2,2,1,0,10,8,2,0,242,230,232,239,242,-8,-6,-1,0
385,A030005L19Rik,64,47,13,2,64,51,14,3,242,114,144,215,237,0,-4,-1,-1
13570,Olfr559,3,3,0,0,6,6,1,0,242,233,233,241,242,-3,-3,-1,0
19585,Tmem38b,57,37,8,5,51,32,9,6,242,134,173,225,231,6,5,-1,-1
13579,Olfr570,1,1,0,0,7,6,1,0,242,234,235,241,242,-6,-5,-1,0
14085,P2ry12,41,28,6,3,43,31,7,2,242,158,183,229,237,-2,-3,-1,1
21991,Zfp820,52,30,4,1,58,37,5,1,242,132,175,233,240,-6,-7,-1,0
11893,Mylip,58,35,4,2,47,34,5,4,242,137,173,233,236,11,1,-1,-2
14688,Pik3ip1,37,25,6,3,84,57,7,3,242,121,160,229,236,-47,-32,-1,0
14588,Phf12,41,22,4,1,60,32,5,2,242,141,188,233,239,-19,-10,-1,-1
15009,Polr1d,29,20,2,2,36,19,3,1,242,177,203,237,239,-7,1,-1,1
14592,Phf2,31,21,2,2,48,32,3,0,242,163,189,237,240,-17,-11,-1,2
4248,Cysltr1,56,34,4,2,45,28,5,4,242,141,180,233,236,11,6,-1,-2
14601,Phf6,47,28,4,2,49,27,5,1,242,146,187,233,239,-2,1,-1,1
19879,Traj25,2,2,2,2,3,3,3,3,242,237,237,237,237,-1,-1,-1,-1
4244,Cyren,53,33,4,1,50,29,5,0,242,139,180,233,241,3,4,-1,1
15001,Polk,49,32,5,2,46,25,6,1,242,147,185,231,239,3,7,-1,1
4241,Cypt2,12,10,3,0,9,7,4,3,242,221,225,235,239,3,3,-1,-3
94,1700034I23Rik,34,15,6,4,40,27,7,0,242,168,200,229,238,-6,-12,-1,4
4234,Cyp7a1,10,6,2,1,30,9,3,0,242,202,227,237,241,-20,-3,-1,1
14990,Pold4,50,26,6,4,38,19,7,5,242,154,197,229,233,12,7,-1,-1
14636,Pi4k2a,35,13,3,3,53,29,4,2,242,154,200,235,237,-18,-16,-1,1
14639,Pi4kb,38,19,4,2,52,26,5,4,242,152,197,233,236,-14,-7,-1,-2
14646,Picalm,42,17,5,3,34,18,6,2,242,166,207,231,237,8,-1,-1,1
14648,Pid1,55,29,6,1,59,34,7,3,242,128,179,229,238,-4,-5,-1,-2
14970,Poc1b,41,19,3,2,47,19,4,2,242,154,204,235,238,-6,0,-1,0
14966,Pnpt1,32,17,5,2,42,24,6,2,242,168,201,231,238,-10,-7,-1,0
14665,Pigo,23,12,2,2,54,30,3,0,242,165,200,237,240,-31,-18,-1,2
14668,Pigr,46,26,4,4,47,27,5,1,242,149,189,233,237,-1,-1,-1,3
14958,Pnpla1,34,16,1,0,49,23,2,1,242,159,203,239,241,-15,-7,-1,-1
4070,Cul9,44,27,3,2,55,28,4,0,242,143,187,235,240,-11,-1,-1,2
14684,Pik3ca,31,17,2,2,55,33,3,1,242,156,192,237,239,-24,-16,-1,1
19933,Trappc4,31,16,7,4,53,29,8,4,242,158,197,227,234,-22,-13,-1,0
15021,Polr2h,45,29,3,2,40,18,4,1,242,157,195,235,239,5,11,-1,1
4255,Cyth4,53,38,5,2,66,43,6,2,242,123,161,231,238,-13,-5,-1,0
22127,Zkscan3,46,21,3,2,44,29,4,2,242,152,192,235,238,2,-8,-1,0
19857,Traf3ip2,44,27,5,0,68,36,6,2,242,130,179,231,240,-24,-9,-1,-2
19937,Trappc8,26,19,5,3,47,24,6,2,242,169,199,231,237,-21,-5,-1,1
22116,Zic2,32,22,3,0,55,36,4,0,242,155,184,235,242,-23,-14,-1,0
4046,Ctso,50,19,5,2,57,36,6,0,242,135,187,231,240,-7,-17,-1,2
4299,Daglb,45,27,5,0,58,30,6,2,242,139,185,231,240,-13,-3,-1,-2
14479,Peli1,57,24,4,2,39,22,5,1,242,146,196,233,239,18,2,-1,1
15071,Pou3f3,28,12,5,3,43,24,6,1,242,171,206,231,238,-15,-12,-1,2
4293,Dact1,52,32,4,1,54,31,5,1,242,136,179,233,240,-2,1,-1,0
14498,Pex11a,33,22,3,2,58,26,4,1,242,151,194,235,239,-25,-4,-1,1
19861,Traf6,50,30,4,2,36,21,5,2,242,156,191,233,238,14,9,-1,0
14511,Pex6,52,20,2,2,27,14,3,0,242,163,208,237,240,25,6,-1,2
15025,Polr2l,45,24,4,3,37,16,5,0,242,160,202,233,239,8,8,-1,3
14524,Pfkl,41,26,8,2,52,30,9,4,242,149,186,225,236,-11,-4,-1,-2
15046,Pomt1,40,22,5,2,50,31,6,4,242,152,189,231,236,-10,-9,-1,-2
14528,Pfn2,34,16,3,2,67,30,4,1,242,141,196,235,239,-33,-14,-1,1
4280,D6Wsu163e,42,23,7,5,47,25,8,4,242,153,194,227,233,-5,-2,-1,1
14539,Pgap3,32,19,4,2,58,26,5,1,242,152,197,233,239,-26,-7,-1,1
4272,D430019H16Rik,32,16,2,0,52,29,3,0,242,158,197,237,242,-20,-13,-1,0
15031,Polr3e,39,20,2,2,53,24,3,1,242,150,198,237,239,-14,-4,-1,1
19934,Trappc5,46,21,2,2,44,19,3,2,242,152,202,237,238,2,2,-1,0
4260,D030056L22Rik,48,29,3,2,34,16,4,0,242,160,197,235,240,14,13,-1,2
14565,Pgr15l,16,9,0,0,8,3,1,0,242,218,230,241,242,8,6,-1,0
22155,Znhit2,31,15,5,2,66,28,6,0,242,145,199,231,240,-35,-13,-1,2
14689,Pik3r1,47,26,4,2,60,39,5,1,242,135,177,233,239,-13,-13,-1,1
15258,Pramel45,28,23,2,2,21,15,3,0,242,193,204,237,240,7,8,-1,2
14692,Pik3r4,42,24,4,2,56,31,5,2,242,144,187,233,238,-14,-7,-1,0
4159,Cyp2b13,9,5,0,0,16,7,1,0,242,217,230,241,242,-7,-2,-1,0
14900,Pls3,49,30,5,2,47,28,6,1,242,146,184,231,239,2,2,-1,1
22196,Zswim1,31,17,3,1,63,33,4,0,242,148,192,235,241,-32,-16,-1,1
14898,Plrg1,29,16,3,3,34,18,4,0,242,179,208,235,239,-5,-2,-1,3
14811,Plcb4,35,19,2,1,52,31,3,0,242,155,192,237,241,-17,-12,-1,1
14896,Plppr4,41,34,3,1,55,28,4,2,242,146,180,235,239,-14,6,-1,-1
14815,Plce1,50,25,3,0,43,28,4,0,242,149,189,235,242,7,-3,-1,0
4148,Cyp26a1,65,35,5,1,50,34,6,1,242,127,173,231,240,15,1,-1,0
4114,Cyb5b,41,23,2,2,45,19,3,2,242,156,200,237,238,-4,4,-1,0
14824,Plcxd3,38,19,2,1,28,13,3,0,242,176,210,237,241,10,6,-1,1
22201,Zswim6,34,16,3,1,53,27,4,0,242,155,199,235,241,-19,-11,-1,1
14828,Pld3,49,29,4,3,39,20,5,0,242,154,193,233,239,10,9,-1,3
14830,Pld5,32,18,2,0,38,19,3,2,242,172,205,237,240,-6,-1,-1,-2
14890,Plpp5,44,26,5,3,49,25,6,3,242,149,191,231,236,-5,1,-1,0
14832,Plec,47,26,3,2,42,29,4,2,242,153,187,235,238,5,-3,-1,0
14834,Plek2,56,32,6,4,57,37,7,6,242,129,173,229,232,-1,-5,-1,-2
15,1110057P08Rik,0,0,0,0,1,1,1,0,242,241,241,241,242,-1,-1,-1,0
22211,Zyg11a,27,9,1,0,35,16,2,0,242,180,217,239,242,-8,-7,-1,0
14857,Plekhj1,31,17,7,4,44,22,8,2,242,167,203,227,236,-13,-5,-1,2
14863,Plekho2,61,32,3,0,60,31,4,0,242,121,179,235,242,1,1,-1,0
4126,Cyc1,32,18,3,2,42,18,4,0,242,168,206,235,240,-10,0,-1,2
14867,Plgrkt,42,30,9,2,61,35,10,6,242,139,177,223,234,-19,-5,-1,-4
19901,Traj46,0,0,0,0,1,1,1,1,242,241,241,241,241,-1,-1,-1,-1
4161,Cyp2b23,17,8,0,0,24,12,1,0,242,201,222,241,242,-7,-4,-1,0
4106,Cxxc1,27,12,2,2,42,18,3,1,242,173,212,237,239,-15,-6,-1,1
14784,Pla2g4e,20,10,2,0,34,18,3,0,242,188,214,237,242,-14,-8,-1,0
14930,Pmm2,25,10,2,2,44,19,3,1,242,173,213,237,239,-19,-9,-1,1
14695,Pikfyve,47,25,4,2,46,26,5,2,242,149,191,233,238,1,-1,-1,0
14701,Pim3,68,43,4,2,39,24,5,1,242,135,175,233,239,29,19,-1,1
79,1700025B11Rik,6,6,3,0,9,7,4,4,242,227,229,235,238,-3,-1,-1,-4
14713,Pip4p1,46,23,4,3,52,30,5,0,242,144,189,233,239,-6,-7,-1,3
14715,Pip5k1a,39,20,2,2,49,21,3,2,242,154,201,237,238,-10,-1,-1,0
4074,Cux1,31,19,2,2,39,18,3,1,242,172,205,237,239,-8,1,-1,1
69,1700019N19Rik,30,26,6,1,29,24,7,0,242,183,192,229,241,1,2,-1,1
19922,Trap1,21,13,3,3,40,21,4,2,242,181,208,235,237,-19,-8,-1,1
19916,Trak1,42,27,3,2,55,24,4,1,242,145,191,235,239,-13,3,-1,1
4193,Cyp2j6,35,23,6,2,50,29,7,1,242,157,190,229,239,-15,-6,-1,1
22172,Zranb1,33,13,4,2,44,21,5,1,242,165,208,233,239,-11,-8,-1,1
14783,Pla2g4d,20,14,3,1,23,14,4,0,242,199,214,235,241,-3,0,-1,1
4191,Cyp2j13,34,19,4,3,56,33,5,2,242,152,190,233,237,-22,-14,-1,1
4187,Cyp2f2,46,30,3,2,38,21,4,2,242,158,191,235,238,8,9,-1,0
14920,Pm20d2,40,29,4,0,48,31,5,0,242,154,182,233,242,-8,-2,-1,0
14753,Pkia,58,42,15,4,56,38,16,12,242,128,162,211,226,2,4,-1,-8
14756,Pklr,45,26,6,4,29,23,7,5,242,168,193,229,233,16,3,-1,-1
19910,Traj57,0,0,0,0,1,1,1,0,242,241,241,241,242,-1,-1,-1,0
22185,Zscan26,42,29,4,2,50,31,5,1,242,150,182,233,239,-8,-2,-1,1
14779,Pla2g3,38,18,1,0,69,43,2,0,242,135,181,239,242,-31,-25,-1,0
4168,Cyp2c40,18,13,1,1,8,4,2,1,242,216,225,239,240,10,9,-1,0
22190,Zscan4b,11,7,2,2,20,17,3,1,242,211,218,237,239,-9,-10,-1,1
15088,Ppargc1b,51,24,3,0,73,41,4,0,242,118,177,235,242,-22,-17,-1,0
14463,Pdzk1,47,33,6,3,58,34,7,2,242,137,175,229,237,-11,-1,-1,1
14461,Pdzd8,38,20,4,2,41,21,5,1,242,163,201,233,239,-3,-1,-1,1
15092,Ppcs,34,23,6,2,72,37,7,1,242,136,182,229,239,-38,-14,-1,1
15215,Pqbp1,42,23,6,2,34,20,7,4,242,166,199,229,236,8,3,-1,-2
14196,Parp6,41,19,3,1,38,23,4,0,242,163,200,235,241,3,-4,-1,1
14198,Parp9,44,33,6,3,72,35,7,3,242,126,174,229,236,-28,-2,-1,0
4413,Ddx18,37,17,4,3,40,17,5,0,242,165,208,233,239,-3,0,-1,3
15209,Pprc1,50,24,4,1,48,28,5,1,242,144,190,233,240,2,-4,-1,0
4410,Ddx10,32,19,3,2,38,15,4,0,242,172,208,235,240,-6,4,-1,2
15208,Ppp6r3,32,17,3,3,60,35,4,0,242,150,190,235,239,-28,-18,-1,3
215,4833420G17Rik,42,22,4,2,51,32,5,0,242,149,188,233,240,-9,-10,-1,2
4403,Ddo,38,22,2,2,55,32,3,1,242,149,188,237,239,-17,-10,-1,1
22054,Zfp961,43,27,7,3,53,28,8,4,242,146,187,227,235,-10,-1,-1,-1
211,3425401B19Rik,12,6,2,0,33,17,3,0,242,197,219,237,242,-21,-11,-1,0
210,3300002I08Rik,67,45,15,5,67,46,16,8,242,108,151,211,229,0,-1,-1,-3
14230,Pax7,23,9,1,1,25,14,2,1,242,194,219,239,240,-2,-5,-1,0
22058,Zfp966,70,38,9,4,54,33,10,2,242,118,171,223,236,16,5,-1,2
15188,Ppp2r5a,47,23,2,2,32,20,3,1,242,163,199,237,239,15,3,-1,1
15186,Ppp2r3c,30,14,4,2,47,25,5,1,242,165,203,233,239,-17,-11,-1,1
19952,Trav12d-3,5,5,5,5,6,6,6,6,242,231,231,231,231,-1,-1,-1,-1
204,3110009E18Rik,41,25,6,5,71,38,7,5,242,130,179,229,232,-30,-13,-1,0
4394,Ddhd1,27,13,4,2,76,30,5,1,242,139,199,233,239,-49,-17,-1,1
4393,Ddc,38,16,2,2,39,14,3,0,242,165,212,237,240,-1,2,-1,2
15177,Ppp2ca,40,23,3,2,31,16,4,1,242,171,203,235,239,9,7,-1,1
15175,Ppp1r9a,38,26,5,2,47,27,6,0,242,157,189,231,240,-9,-1,-1,2
4392,Ddb2,38,21,6,0,48,28,7,1,242,156,193,229,241,-10,-7,-1,-1
14191,Parp14,59,30,4,2,52,31,5,1,242,131,181,233,239,7,-1,-1,1
14190,Parp12,37,17,5,2,54,28,6,0,242,151,197,231,240,-17,-11,-1,2
15223,Pramel12,34,18,6,3,66,35,7,2,242,142,189,229,237,-32,-17,-1,1
14131,Paics,39,23,3,3,40,22,4,0,242,163,197,235,239,-1,1,-1,3
21994,Zfp827,33,19,3,0,65,34,4,1,242,144,189,235,241,-32,-15,-1,-1
4451,Def6,43,30,6,4,75,49,7,4,242,124,163,229,234,-32,-19,-1,0
4448,Decr2,38,22,5,5,50,25,6,2,242,154,195,231,235,-12,-3,-1,3
22007,Zfp869,51,25,4,2,49,19,5,2,242,142,198,233,238,2,6,-1,0
14112,Pacs1,29,14,4,0,56,31,5,1,242,157,197,233,241,-27,-17,-1,-1
22012,Zfp873,57,32,5,0,54,39,6,1,242,131,171,231,241,3,-7,-1,-1
14119,Padi3,40,23,1,0,44,24,2,0,242,158,195,239,242,-4,-1,-1,0
22014,Zfp874b,61,37,6,1,58,35,7,3,242,123,170,229,238,3,2,-1,-2
14124,Pafah1b2,34,22,5,3,50,26,6,1,242,158,194,231,238,-16,-4,-1,2
249,4930470P17Rik,11,10,2,0,28,21,3,2,242,203,211,237,240,-17,-11,-1,-2
19789,Top3a,40,22,6,2,63,34,7,3,242,139,186,229,237,-23,-12,-1,-1
19799,Tor2a,39,22,5,3,69,43,6,1,242,134,177,231,238,-30,-21,-1,2
15241,Pramel3,5,1,0,0,13,7,1,0,242,224,234,241,242,-8,-6,-1,0
4441,Ddx56,34,19,5,4,43,22,6,2,242,165,201,231,236,-9,-3,-1,2
22034,Zfp942,37,23,7,3,53,32,8,1,242,152,187,227,238,-16,-9,-1,2
14150,Pam16,48,27,9,7,64,39,10,5,242,130,176,223,230,-16,-12,-1,2
22035,Zfp943,26,17,5,3,67,31,6,2,242,149,194,231,237,-41,-14,-1,1
14154,Pank1,41,22,3,2,61,33,4,1,242,140,187,235,239,-20,-11,-1,1
14166,Pappa,38,21,1,0,38,22,2,0,242,166,199,239,242,0,-1,-1,0
4426,Ddx3x,35,24,6,2,45,25,7,3,242,162,193,229,237,-10,-1,-1,-1
19797,Tor1aip2,36,23,3,2,53,29,4,2,242,153,190,235,238,-17,-6,-1,0
14177,Pard3,55,27,3,2,43,15,4,1,242,144,200,235,239,12,12,-1,1
14259,Pcdh11x,10,5,0,0,30,17,1,0,242,202,220,241,242,-20,-12,-1,0
14266,Pcdh7,41,25,3,0,58,31,4,0,242,143,186,235,242,-17,-6,-1,0
4004,Ctdspl2,38,19,5,2,48,23,6,2,242,156,200,231,238,-10,-4,-1,0
4029,Cts3,8,7,1,0,4,4,2,2,242,230,231,239,240,4,3,-1,-2
19835,Tprg,29,26,3,0,30,28,4,0,242,183,188,235,242,-1,-2,-1,0
19836,Tprgl,24,13,4,2,44,18,5,2,242,174,211,233,238,-20,-5,-1,0
14374,Pdcd11,26,13,3,2,50,26,4,0,242,166,203,235,240,-24,-13,-1,2
156,2310009B15Rik,48,23,3,2,46,27,4,2,242,148,192,235,238,2,-4,-1,0
14377,Pdcd2l,22,8,4,2,56,25,5,4,242,164,209,233,236,-34,-17,-1,-2
19945,Trav11,3,3,2,1,3,3,3,3,242,236,236,237,238,0,0,-1,-2
14381,Pdcd6ip,43,22,3,2,29,15,4,0,242,170,205,235,240,14,7,-1,2
14386,Pde10a,57,34,3,0,58,35,4,0,242,127,173,235,242,-1,-1,-1,0
14388,Pde12,47,22,2,1,39,15,3,1,242,156,205,237,240,8,7,-1,0
14390,Pde1b,34,22,0,0,49,25,1,1,242,159,195,241,241,-15,-3,-1,-1
14411,Pde9a,40,27,7,3,66,45,8,2,242,136,170,227,237,-26,-18,-1,1
22103,Zfyve21,46,26,6,2,62,40,7,2,242,134,176,229,238,-16,-14,-1,0
4318,Dbh,20,8,1,1,34,18,2,0,242,188,216,239,241,-14,-10,-1,1
19940,Trat1,44,24,6,4,57,27,7,3,242,141,191,229,235,-13,-3,-1,1
14421,Pdha2,13,4,0,0,25,19,1,0,242,204,219,241,242,-12,-15,-1,0
15110,Ppih,42,28,6,5,62,26,7,5,242,138,188,229,232,-20,2,-1,0
22110,Zgpat,46,21,4,2,37,18,5,2,242,159,203,233,238,9,3,-1,0
14439,Pdlim5,59,34,5,2,37,16,6,1,242,146,192,231,239,22,18,-1,1
14442,Pdp2,38,24,6,3,76,45,7,1,242,128,173,229,238,-38,-21,-1,2
15096,Ppfia1,28,13,2,2,53,23,3,1,242,161,206,237,239,-25,-10,-1,1
22112,Zhx1,22,13,4,3,66,32,5,2,242,154,197,233,237,-44,-19,-1,1
14457,Pdzd2,56,36,7,4,61,36,8,1,242,125,170,227,237,-5,0,-1,3
15138,Ppp1r12a,34,18,3,2,49,28,4,1,242,159,196,235,239,-15,-10,-1,1
4347,Dcbld2,38,23,3,0,48,19,4,1,242,156,200,235,241,-10,4,-1,-1
14271,Pcdha12,27,12,2,0,23,12,3,1,242,192,218,237,241,4,0,-1,-1
19819,Tpi1,42,21,2,2,34,20,3,1,242,166,201,237,239,8,1,-1,1
14279,Pcdha9,23,10,2,1,39,22,3,3,242,180,210,237,238,-16,-12,-1,-2
194,2700081O15Rik,54,30,5,2,50,32,6,3,242,138,180,231,237,4,-2,-1,-1
15165,Ppp1r3a,2,0,0,0,15,7,1,0,242,225,235,241,242,-13,-7,-1,0
22074,Zfp980,43,26,9,3,61,37,10,6,242,138,179,223,233,-18,-11,-1,-3
14288,Pcdhb15,44,24,3,0,43,25,4,3,242,155,193,235,239,1,-1,-1,-3
14291,Pcdhb18,34,19,0,0,46,22,1,1,242,162,201,241,241,-12,-3,-1,-1
14301,Pcdhb7,34,18,1,0,36,18,2,0,242,172,206,239,242,-2,0,-1,0
22083,Zfp989,36,20,6,4,45,31,7,1,242,161,191,229,237,-9,-11,-1,3
4376,Dctn3,38,22,6,3,35,17,7,4,242,169,203,229,235,3,5,-1,-1
179,2510039O18Rik,33,18,2,2,46,23,3,0,242,163,201,237,240,-13,-5,-1,2
14317,Pcdhgb2,35,14,0,0,63,36,1,0,242,144,192,241,242,-28,-22,-1,0
14349,Pcnx4,40,19,3,0,62,32,4,0,242,140,191,235,242,-22,-13,-1,0
172,2310079G19Rik,2,2,0,0,2,2,1,0,242,238,238,241,242,0,0,-1,0
4367,Dcpp3,6,6,3,0,5,5,4,2,242,231,231,235,240,1,1,-1,-2
14325,Pced1a,26,13,2,1,53,27,3,1,242,163,202,237,240,-27,-14,-1,0
22099,Zfy2,13,9,0,0,5,2,1,0,242,224,231,241,242,8,7,-1,0
4358,Dclre1a,34,19,3,0,65,29,4,1,242,143,194,235,241,-31,-10,-1,-1
14330,Pcgf3,45,23,6,2,58,32,7,2,242,139,187,229,238,-13,-9,-1,0
4356,Dclk2,45,26,0,0,44,23,1,0,242,153,193,241,242,1,3,-1,0
15153,Ppp1r18,54,27,3,2,39,22,4,1,242,149,193,235,239,15,5,-1,1
15149,Ppp1r15b,53,27,2,2,27,14,3,0,242,162,201,237,240,26,13,-1,2
14346,Pcnx,35,21,3,2,63,33,4,0,242,144,188,235,240,-28,-12,-1,2
15468,Prrc2c,38,23,4,2,42,19,5,1,242,162,200,233,239,-4,4,-1,1
15469,Prrg1,62,39,10,3,83,58,11,2,242,97,145,221,237,-21,-19,-1,1
13313,Olfr228,22,18,2,1,28,23,3,0,242,192,201,237,241,-6,-5,-1,1
12454,Npc1,52,31,3,2,41,14,4,0,242,149,197,235,240,11,17,-1,2
12380,Nmnat2,40,22,4,1,54,33,5,1,242,148,187,233,240,-14,-11,-1,0
12386,Nmt1,31,16,3,2,43,19,4,1,242,168,207,235,239,-12,-3,-1,1
3528,Cmc2,37,24,4,2,40,14,5,5,242,165,204,233,235,-3,10,-1,-3
15778,Qser1,25,13,5,4,52,28,6,0,242,165,201,231,238,-27,-15,-1,4
12403,Nodal,43,28,3,1,36,17,4,0,242,163,197,235,241,7,11,-1,1
695,Adam17,41,19,2,2,44,20,3,0,242,157,203,237,240,-3,-1,-1,2
12408,Nol3,57,33,10,3,57,30,11,1,242,128,179,221,238,0,3,-1,2
15774,Qrfprl,22,10,2,1,20,9,3,0,242,200,223,237,241,2,1,-1,1
12412,Nol7,41,25,3,2,31,13,4,1,242,170,204,235,239,10,12,-1,1
5545,Evi5,37,22,4,2,55,26,5,1,242,150,194,233,239,-18,-4,-1,1
12420,Nop14,40,13,2,2,36,25,3,1,242,166,204,237,239,4,-12,-1,1
12421,Nop16,51,24,4,3,24,16,5,0,242,167,202,233,239,27,8,-1,3
5540,Evc,61,30,6,3,57,34,7,1,242,124,178,229,238,4,-4,-1,2
5539,Eva1c,62,42,6,2,76,46,7,3,242,104,154,229,237,-14,-4,-1,-1
3532,Cmpk1,45,31,9,4,56,32,10,2,242,141,179,223,236,-11,-1,-1,2
5536,Etv6,55,31,5,2,50,24,6,3,242,137,187,231,237,5,7,-1,-1
12432,Nostrin,55,35,5,1,67,45,6,2,242,120,162,231,239,-12,-10,-1,-1
15767,Qdpr,35,21,6,2,44,26,7,2,242,163,195,229,238,-9,-5,-1,0
21639,Zcchc14,36,24,2,2,57,30,3,0,242,149,188,237,240,-21,-6,-1,2
5534,Etv4,48,27,4,1,58,31,5,1,242,136,184,233,240,-10,-4,-1,0
12441,Nox1,64,47,13,4,68,49,14,3,242,110,146,215,235,-4,-2,-1,1
684,Acy3,53,29,2,2,61,27,3,2,242,128,186,237,238,-8,2,-1,0
21648,Zcchc9,53,34,7,6,41,22,8,7,242,148,186,227,229,12,12,-1,-1
15789,Rab10,35,20,2,2,32,17,3,1,242,175,205,237,239,3,3,-1,1
5557,Exoc2,27,19,2,2,57,32,3,0,242,158,191,237,240,-30,-13,-1,2
3527,Cmc1,33,21,7,2,60,34,8,3,242,149,187,227,237,-27,-13,-1,-1
12327,Nkx2-1,37,23,5,2,63,45,6,2,242,142,174,231,238,-26,-22,-1,0
728,Adamts12,27,11,0,0,50,29,1,0,242,165,202,241,242,-23,-18,-1,0
15835,Rab3gap1,25,13,3,2,41,19,4,1,242,176,210,235,239,-16,-6,-1,1
12295,Nip7,48,25,2,2,45,20,3,2,242,149,197,237,238,3,5,-1,0
15833,Rab3c,43,25,2,0,33,16,3,1,242,166,201,237,241,10,9,-1,-1
5597,F13a1,47,29,3,0,35,19,4,1,242,160,194,235,241,12,10,-1,-1
5596,F12,44,22,6,4,40,23,7,5,242,158,197,229,233,4,-1,-1,-1
5594,F11,12,7,3,1,22,13,4,3,242,208,222,235,238,-10,-6,-1,-2
12300,Nipal3,38,20,3,3,57,33,4,2,242,147,189,235,237,-19,-13,-1,1
12314,Nkap,36,24,5,2,63,27,6,2,242,143,191,231,238,-27,-3,-1,0
5582,Extl1,50,27,1,0,50,26,2,2,242,142,189,239,240,0,1,-1,-2
12328,Nkx2-2,27,18,1,0,16,10,2,0,242,199,214,239,242,11,8,-1,0
21622,Zc3h13,35,20,2,2,45,19,3,1,242,162,203,237,239,-10,1,-1,1
12329,Nkx2-3,31,18,1,0,14,8,2,0,242,197,216,239,242,17,10,-1,0
21607,Zbtb7b,57,34,8,2,61,44,9,5,242,124,164,225,235,-4,-10,-1,-3
3521,Clybl,40,24,5,2,51,34,6,3,242,151,184,231,237,-11,-10,-1,-1
12336,Nkx6-1,35,18,3,1,44,31,4,0,242,163,193,235,241,-9,-13,-1,1
15807,Rab21,58,25,3,2,28,14,4,2,242,156,203,235,238,30,11,-1,0
12340,Nlgn1,30,10,2,1,29,20,3,0,242,183,212,237,241,1,-10,-1,1
12351,Nlrp1a,29,11,0,0,29,11,1,1,242,184,220,241,241,0,0,-1,-1
3523,Cma2,14,14,2,1,14,14,3,1,242,214,214,237,240,0,0,-1,0
15798,Rab13,65,40,10,3,44,27,11,5,242,133,175,221,234,21,13,-1,-2
5564,Exoc6,32,16,3,2,71,38,4,0,242,139,188,235,240,-39,-22,-1,2
15761,Pyroxd1,27,12,2,2,55,31,3,0,242,160,199,237,240,-28,-19,-1,2
680,Acvr2a,36,15,3,2,54,29,4,0,242,152,198,235,240,-18,-14,-1,2
19477,Tmem174,18,9,2,2,33,13,3,2,242,191,220,237,238,-15,-4,-1,0
12462,Npffr1,41,22,4,1,53,24,5,3,242,148,196,233,238,-12,-2,-1,-2
5484,Esp15,3,3,0,0,2,2,1,0,242,237,237,241,242,1,1,-1,0
21676,Zdhhc9,39,23,7,2,61,25,8,2,242,142,194,227,238,-22,-2,-1,0
21678,Zeb2,65,41,8,3,63,33,9,3,242,114,168,225,236,2,8,-1,0
12553,Nrsn1,30,19,0,0,20,11,1,0,242,192,212,241,242,10,8,-1,0
19219,Thbd,61,34,4,3,48,27,5,1,242,133,181,233,238,13,7,-1,2
12563,Nsd3,45,25,4,3,44,24,5,1,242,153,193,233,238,1,1,-1,2
15695,Ptprk,46,25,5,2,47,22,6,1,242,149,195,231,239,-1,3,-1,1
15690,Ptprd,40,24,4,2,54,35,5,1,242,148,183,233,239,-14,-11,-1,1
21683,Zfand3,41,21,2,2,36,12,3,2,242,165,209,237,238,5,9,-1,0
624,Acpp,39,20,6,1,58,35,7,0,242,145,187,229,241,-19,-15,-1,1
15688,Ptprc,48,22,6,0,44,31,7,2,242,150,189,229,240,4,-9,-1,-2
15687,Ptprb,36,15,2,2,26,13,3,1,242,180,214,237,239,10,2,-1,1
21687,Zfat,40,17,2,0,50,25,3,2,242,152,200,237,240,-10,-8,-1,-2
5474,Erp44,41,22,5,3,36,20,6,3,242,165,200,231,236,5,2,-1,0
12594,Nt5m,24,9,4,2,65,38,5,3,242,153,195,233,237,-41,-29,-1,-1
15677,Ptpn21,51,25,2,2,39,15,3,0,242,152,202,237,240,12,10,-1,2
15673,Ptpn14,54,29,3,2,43,28,4,1,242,145,185,235,239,11,1,-1,1
21690,Zfhx3,45,22,1,0,53,35,2,0,242,144,185,239,242,-8,-13,-1,0
15671,Ptpn12,57,25,4,2,36,23,5,1,242,149,194,233,239,21,2,-1,1
15670,Ptpn11,37,23,5,2,34,19,6,1,242,171,200,231,239,3,4,-1,1
19229,Them7,46,34,7,3,57,37,8,1,242,139,171,227,238,-11,-3,-1,2
3563,Cnih3,48,30,6,3,41,24,7,1,242,153,188,229,238,7,6,-1,2
15658,Ptk7,47,22,3,1,47,26,4,0,242,148,194,235,241,0,-4,-1,1
5485,Esp16,1,1,0,0,2,2,1,1,242,239,239,241,241,-1,-1,-1,-1
642,Acsm5,23,15,2,2,22,12,3,0,242,197,215,237,240,1,3,-1,2
15706,Ptprz1,30,19,1,0,29,14,2,0,242,183,209,239,242,1,5,-1,0
15743,Pxdc1,56,30,6,0,59,34,7,0,242,127,178,229,242,-3,-4,-1,0
5522,Etfrf1,38,24,5,2,55,24,6,1,242,149,194,231,239,-17,0,-1,1
15754,Pycrl,50,27,3,2,28,19,4,1,242,164,196,235,239,22,8,-1,1
19203,Tgm6,21,11,1,1,26,15,2,1,242,195,216,239,240,-5,-4,-1,0
21661,Zdhhc18,52,28,3,2,39,19,4,0,242,151,195,235,240,13,9,-1,2
17013,Sec13,33,23,4,3,31,17,5,2,242,178,202,233,237,2,6,-1,1
669,Actr3,49,28,5,3,42,25,6,1,242,151,189,231,238,7,3,-1,2
12478,Npr1,61,36,7,3,37,22,8,3,242,144,184,227,236,24,14,-1,0
19205,Tgoln1,50,28,3,2,34,21,4,1,242,158,193,235,239,16,7,-1,1
21664,Zdhhc20,36,20,5,2,45,21,6,2,242,161,201,231,238,-9,-1,-1,0
19207,Tgtp1,64,49,17,10,61,41,18,12,242,117,152,207,220,3,8,-1,-2
5512,Esyt2,35,13,3,2,49,25,4,2,242,158,204,235,238,-14,-12,-1,0
647,Acta2,77,44,9,3,57,30,10,2,242,108,168,223,237,20,14,-1,1
5508,Esrrg,39,19,5,3,42,26,6,2,242,161,197,231,237,-3,-7,-1,1
21669,Zdhhc25,12,8,0,0,15,12,1,0,242,215,222,241,242,-3,-4,-1,0
15734,Pwp2,48,26,4,0,45,27,5,0,242,149,189,233,242,3,-1,-1,0
15733,Pwp1,39,20,3,2,45,21,4,0,242,158,201,235,240,-6,-1,-1,2
12511,Nr2c2ap,46,29,6,4,40,20,7,4,242,156,193,229,234,6,9,-1,0
12512,Nr2e1,28,13,2,0,37,25,3,0,242,177,204,237,242,-9,-12,-1,0
5498,Esp8,7,7,3,0,8,7,4,0,242,227,228,235,242,-1,0,-1,0
19213,Thap11,61,30,4,2,29,14,5,1,242,152,198,233,239,32,16,-1,1
12531,Nrbp2,52,30,3,2,61,37,4,0,242,129,175,235,240,-9,-7,-1,2
19215,Thap2,67,34,5,2,38,30,6,2,242,137,178,231,238,29,4,-1,0
731,Adamts15,38,29,3,1,46,30,4,0,242,158,183,235,241,-8,-1,-1,1
20166,Trim52,19,9,0,0,14,7,1,0,242,209,226,241,242,5,2,-1,0
735,Adamts19,18,5,0,0,33,19,1,0,242,191,218,241,242,-15,-14,-1,0
12269,Ngp,42,35,10,7,53,45,11,5,242,147,162,221,230,-11,-10,-1,2
11984,Nacc2,47,28,5,3,71,44,6,2,242,124,170,231,237,-24,-16,-1,1
11987,Nadsyn1,47,24,4,2,51,27,5,1,242,144,191,233,239,-4,-3,-1,1
16004,Rbbp8nl,38,17,3,0,38,21,4,1,242,166,204,235,241,0,-4,-1,-1
11993,Nagpa,44,24,5,2,45,26,6,3,242,153,192,231,237,-1,-2,-1,-1
15997,Rb1cc1,40,18,5,2,53,30,6,3,242,149,194,231,237,-13,-12,-1,-1
12000,Nalcn,30,9,0,0,27,15,1,0,242,185,218,241,242,3,-6,-1,0
12002,Nanog,71,47,9,6,69,44,10,4,242,102,151,223,232,2,3,-1,2
19098,Terf1,38,16,2,2,47,27,3,2,242,157,199,237,238,-9,-11,-1,0
5727,Fam199x,41,19,5,0,61,29,6,0,242,140,194,231,242,-20,-10,-1,0
5726,Fam193b,46,13,4,2,46,24,5,1,242,150,205,233,239,0,-11,-1,1
21558,Ywhaq,33,18,4,4,40,18,5,2,242,169,206,233,236,-7,0,-1,2
12020,Nars,59,34,3,2,26,14,4,2,242,157,194,235,238,33,20,-1,0
15983,Rassf1,50,25,4,2,40,23,5,0,242,152,194,233,240,10,2,-1,2
20186,Trim8,51,33,4,2,34,14,5,1,242,157,195,233,239,17,19,-1,1
15976,Rasip1,45,22,2,2,34,12,3,1,242,163,208,237,239,11,10,-1,1
815,Adipor2,42,22,3,2,42,20,4,1,242,158,200,235,239,0,2,-1,1
12037,Nat9,30,12,2,2,47,25,3,1,242,165,205,237,239,-17,-13,-1,1
811,Adi1,48,31,7,2,45,28,8,4,242,149,183,227,236,3,3,-1,-2
20185,Trim75,35,19,5,1,33,22,6,2,242,174,201,231,239,2,-3,-1,-1
5709,Fam177a2,20,17,7,7,13,11,8,6,242,209,214,227,229,7,6,-1,1
12054,Ncam2,36,12,1,1,31,14,2,0,242,175,216,239,241,5,-2,-1,1
15965,Rasd2,55,26,2,0,49,21,3,0,242,138,195,237,242,6,5,-1,0
802,Adgrl4,44,31,9,4,43,30,10,2,242,155,181,223,236,1,1,-1,2
11981,Naca,34,19,5,3,36,24,6,3,242,172,199,231,236,-2,-5,-1,0
11980,Nabp2,40,21,2,2,29,14,3,0,242,173,207,237,240,11,7,-1,2
19093,Tep1,33,16,4,3,65,37,5,1,242,144,189,233,238,-32,-21,-1,2
11938,Myoz1,37,26,8,3,64,48,9,1,242,141,168,225,238,-27,-22,-1,2
11902,Myo10,53,25,3,2,48,25,4,1,242,141,192,235,239,5,0,-1,1
11907,Myo18b,25,14,2,1,32,16,3,3,242,185,212,237,238,-7,-2,-1,-2
11911,Myo1c,31,14,3,2,53,23,4,0,242,158,205,235,240,-22,-9,-1,2
3453,Clec2i,46,30,10,3,64,43,11,5,242,132,169,221,234,-18,-13,-1,-2
19070,Teddm2,56,34,5,1,59,39,6,3,242,127,169,231,238,-3,-5,-1,-2
19071,Teddm3,22,16,1,0,34,25,2,1,242,186,201,239,241,-12,-9,-1,-1
19074,Tek,34,22,3,2,46,19,4,2,242,162,201,235,238,-12,3,-1,0
21549,Ythdc1,40,16,3,2,37,17,4,0,242,165,209,235,240,3,-1,-1,2
5752,Fam222a,44,24,3,0,55,31,4,1,242,143,187,235,241,-11,-7,-1,-1
16030,Rbm26,26,14,5,3,51,29,6,1,242,165,199,231,238,-25,-15,-1,2
11941,Mypn,32,16,2,0,35,15,3,0,242,175,211,237,242,-3,1,-1,0
11976,Naaladl2,24,12,0,0,32,9,1,1,242,186,221,241,241,-8,3,-1,-1
11944,Myrfl,37,20,1,0,44,18,2,1,242,161,204,239,241,-7,2,-1,-1
16025,Rbm19,31,11,2,2,35,17,3,0,242,176,214,237,240,-4,-6,-1,2
16021,Rbm15,55,28,2,1,39,22,3,1,242,148,192,237,240,16,6,-1,0
21551,Ythdf1,43,25,3,2,27,11,4,0,242,172,206,235,240,16,14,-1,2
11962,Naa15,30,16,2,2,44,21,3,1,242,168,205,237,239,-14,-5,-1,1
843,Adssl1,66,38,2,1,40,19,3,0,242,136,185,237,241,26,19,-1,1
842,Adss,31,13,2,2,44,18,3,1,242,167,211,237,239,-13,-5,-1,1
21552,Ythdf2,49,20,4,4,37,16,5,1,242,156,206,233,237,12,4,-1,3
16009,Rbfox2,42,21,2,1,52,25,3,1,242,148,196,237,240,-10,-4,-1,0
5738,Fam20c,51,29,2,2,50,28,3,0,242,141,185,237,240,1,1,-1,2
21566,Zar1l,20,17,4,1,18,16,5,0,242,204,209,233,241,2,1,-1,1
5704,Fam172a,45,27,5,3,50,21,6,3,242,147,194,231,236,-5,6,-1,0
12074,Nckap1l,30,14,5,2,46,25,6,1,242,166,203,231,239,-16,-11,-1,1
15861,Rabepk,36,17,3,2,40,19,4,3,242,166,206,235,237,-4,-2,-1,-1
19142,Tex37,9,7,2,0,8,7,3,0,242,225,228,237,242,1,0,-1,0
3486,Clk3,39,16,3,2,32,17,4,1,242,171,209,235,239,7,-1,-1,1
12197,Nell1,28,14,2,2,28,17,3,2,242,186,211,237,238,0,-3,-1,0
15876,Rad1,32,11,2,2,50,33,3,1,242,160,198,237,239,-18,-22,-1,1
20171,Trim59,48,26,7,1,57,38,8,2,242,137,178,227,239,-9,-12,-1,-1
12208,Neto1,19,9,1,0,16,8,2,0,242,207,225,239,242,3,1,-1,0
5636,Fahd2a,21,10,3,2,59,31,4,1,242,162,201,235,239,-38,-21,-1,1
12214,Neurl1a,45,18,2,0,46,25,3,0,242,151,199,237,242,-1,-7,-1,0
15870,Rabl6,27,13,2,2,49,24,3,2,242,166,205,237,238,-22,-11,-1,0
12222,Neurod6,24,12,1,0,28,17,2,0,242,190,213,239,242,-4,-5,-1,0
5634,Fah,43,27,7,5,62,31,8,1,242,137,184,227,236,-19,-4,-1,4
763,Adcy2,29,10,0,0,16,5,1,0,242,197,227,241,242,13,5,-1,0
15859,Rabep1,41,23,2,2,29,19,3,0,242,172,200,237,240,12,4,-1,2
5631,Fads6,38,23,5,3,68,37,6,3,242,136,182,231,236,-30,-14,-1,0
12242,Nfia,50,37,9,3,53,30,10,3,242,139,175,223,236,-3,7,-1,0
747,Adamtsl3,37,24,4,0,50,31,5,0,242,155,187,233,242,-13,-7,-1,0
20167,Trim54,38,25,2,0,48,31,3,1,242,156,186,237,241,-10,-6,-1,-1
12254,Nfkbiz,78,44,4,1,26,14,5,1,242,138,184,233,240,52,30,-1,0
5610,F8a,41,15,2,1,63,29,3,1,242,138,198,237,240,-22,-14,-1,0
15849,Rab5if,36,18,3,2,33,16,4,1,242,173,208,235,239,3,2,-1,1
5607,F8,62,46,11,3,69,45,12,3,242,111,151,219,236,-7,1,-1,0
21595,Zbtb40,66,33,4,2,50,33,5,0,242,126,176,233,240,16,0,-1,2
762,Adcy10,28,10,0,0,41,20,1,0,242,173,212,241,242,-13,-10,-1,0
12177,Nefm,41,19,1,0,32,14,2,0,242,169,209,239,242,9,5,-1,0
791,Adgrf5,59,31,5,2,46,34,6,0,242,137,177,231,240,13,-3,-1,2
21572,Zbtb1,44,27,3,0,42,19,4,1,242,156,196,235,241,2,8,-1,-1
19115,Tex10,37,20,2,2,53,27,3,1,242,152,195,237,239,-16,-7,-1,1
3470,Clec7a,46,33,12,4,63,47,13,4,242,133,162,217,234,-17,-14,-1,0
12096,Ndel1,41,18,2,2,41,16,3,1,242,160,208,237,239,0,2,-1,1
785,Adgre4,39,20,4,1,35,18,5,5,242,168,204,233,236,4,2,-1,-4
15942,Rapgef2,48,26,2,2,39,27,3,1,242,155,189,237,239,9,-1,-1,1
3473,Clhc1,44,27,6,1,67,46,7,0,242,131,169,229,241,-23,-19,-1,1
780,Adgrb1,31,15,1,0,36,19,2,0,242,175,208,239,242,-5,-4,-1,0
12104,Ndrg2,50,35,9,4,34,22,10,1,242,158,185,223,237,16,13,-1,3
12105,Ndrg3,33,23,3,2,43,17,4,1,242,166,202,235,239,-10,6,-1,1
5687,Fam162b,8,7,1,1,14,9,2,0,242,220,226,239,241,-6,-2,-1,1
15937,Rap1gds1,39,28,6,2,44,28,7,2,242,159,186,229,238,-5,0,-1,0
12169,Nectin4,53,33,5,1,66,41,6,1,242,123,168,231,240,-13,-8,-1,0
5677,Fam151a,37,14,2,2,27,20,3,0,242,178,208,237,240,10,-6,-1,2
12131,Ndufaf6,40,23,5,2,42,27,6,3,242,160,192,231,237,-2,-4,-1,-1
12134,Ndufb1,36,22,5,5,54,30,6,4,242,152,190,231,233,-18,-8,-1,1
772,Adcyap1r1,34,17,0,0,38,19,1,1,242,170,206,241,241,-4,-2,-1,-1
771,Adcyap1,27,16,2,1,19,13,3,1,242,196,213,237,240,8,3,-1,0
12140,Ndufb4,34,20,6,5,40,21,7,6,242,168,201,229,231,-6,-1,-1,-1
15909,Ralbp1,36,19,2,2,41,17,3,1,242,165,206,237,239,-5,2,-1,1
5665,Fam131a,46,36,11,1,66,42,12,6,242,130,164,219,235,-20,-6,-1,-5
769,Adcy8,20,10,1,1,28,17,2,1,242,194,215,239,240,-8,-7,-1,0
12159,Neb,55,42,6,2,53,37,7,1,242,134,163,229,239,2,5,-1,1
5454,Erich1,36,16,3,2,47,23,4,2,242,159,203,235,238,-11,-7,-1,0
603,Acot11,42,25,3,2,62,37,4,1,242,138,180,235,239,-20,-12,-1,1
12638,Nudt18,47,28,3,1,58,24,4,1,242,137,190,235,240,-11,4,-1,0
15536,Psen2,44,28,12,4,72,42,13,7,242,126,172,217,231,-28,-14,-1,-3
13087,Olfr1325,16,8,0,0,11,8,1,0,242,215,226,241,242,5,0,-1,0
13089,Olfr1328,29,14,2,1,43,22,3,0,242,170,206,237,241,-14,-8,-1,1
5172,Eif1ad,29,16,2,2,40,17,3,1,242,173,209,237,239,-11,-1,-1,1
5169,Eid3,82,58,14,7,58,34,15,7,242,102,150,213,228,24,24,-1,0
13097,Olfr1337,4,4,1,0,3,3,2,0,242,235,235,239,242,1,1,-1,0
13098,Olfr1338,32,17,1,0,27,11,2,1,242,183,214,239,241,5,6,-1,-1
13106,Olfr1347,5,4,0,0,7,7,1,1,242,230,231,241,241,-2,-3,-1,-1
5158,Ehd2,52,30,5,2,57,30,6,1,242,133,182,231,239,-5,0,-1,1
5153,Egr3,66,39,9,2,60,39,10,1,242,116,164,223,239,6,0,-1,1
3684,Colgalt2,27,16,2,1,49,21,3,0,242,166,205,237,241,-22,-5,-1,1
21783,Zfp358,52,25,7,2,37,23,8,3,242,153,194,227,237,15,2,-1,-1
13135,Olfr1378,20,8,0,0,22,8,1,0,242,200,226,241,242,-2,0,-1,0
13136,Olfr138,2,2,0,0,3,3,1,0,242,237,237,241,242,-1,-1,-1,0
13138,Olfr1381,49,19,4,1,55,28,5,2,242,138,195,233,239,-6,-9,-1,-1
499,Abcd2,44,24,3,0,61,35,4,1,242,137,183,235,241,-17,-11,-1,-1
497,Abcc9,59,34,5,2,44,27,6,1,242,139,181,231,239,15,7,-1,1
495,Abcc6,26,16,2,0,40,17,3,1,242,176,209,237,241,-14,-1,-1,-1
3686,Commd1,33,18,3,2,51,37,4,2,242,158,187,235,238,-18,-19,-1,0
13145,Olfr1388,52,35,4,1,59,35,5,1,242,131,172,233,240,-7,0,-1,0
3691,Commd4,38,21,6,3,54,26,7,5,242,150,195,229,234,-16,-5,-1,-2
493,Abcc4,40,19,2,2,54,20,3,0,242,148,203,237,240,-14,-1,-1,2
13151,Olfr1393,47,22,2,1,73,37,3,2,242,122,183,237,239,-26,-15,-1,-1
5125,Efhc2,23,13,1,0,65,30,2,0,242,154,199,239,242,-42,-17,-1,0
13083,Olfr1321,19,6,0,0,23,10,1,0,242,200,226,241,242,-4,-4,-1,0
13080,Olfr1318,59,27,2,0,43,24,3,1,242,140,191,237,241,16,3,-1,-1
13076,Olfr1314,13,8,1,1,10,2,2,1,242,219,232,239,240,3,6,-1,0
15522,Prune2,55,41,5,2,55,32,6,0,242,132,169,231,240,0,9,-1,2
5208,Eif3c,32,19,3,3,36,19,4,2,242,174,204,235,237,-4,0,-1,1
5207,Eif3b,33,16,3,3,36,16,4,2,242,173,210,235,237,-3,0,-1,1
5204,Eif2s3x,43,25,7,2,46,25,8,1,242,153,192,227,239,-3,0,-1,1
3657,Col3a1,60,46,10,2,58,40,11,5,242,124,156,221,235,2,6,-1,-3
19359,Tm4sf5,31,24,6,3,43,32,7,3,242,168,186,229,236,-12,-8,-1,0
3659,Col4a2,60,31,3,2,37,17,4,0,242,145,194,235,240,23,14,-1,2
5197,Eif2b2,42,20,4,2,30,15,5,2,242,170,207,233,238,12,5,-1,0
15526,Prxl2c,31,17,3,2,45,19,4,2,242,166,206,235,238,-14,-2,-1,0
13040,Olfr1278,26,13,0,0,30,12,1,0,242,186,217,241,242,-4,1,-1,0
522,Abhd16b,47,30,5,0,51,29,6,2,242,144,183,231,240,-4,1,-1,-2
13049,Olfr1287,0,0,0,0,5,5,1,1,242,237,237,241,241,-5,-5,-1,-1
13074,Olfr1312,41,18,2,0,61,33,3,0,242,140,191,237,242,-20,-15,-1,0
13050,Olfr1288,0,0,0,0,8,8,1,1,242,234,234,241,241,-8,-8,-1,-1
13051,Olfr1289,2,2,0,0,7,6,1,1,242,233,234,241,241,-5,-4,-1,-1
20086,Trdv5,16,15,14,3,17,15,15,3,242,209,212,213,236,-1,0,-1,0
19366,Tm9sf3,27,15,4,2,61,26,5,1,242,154,201,233,239,-34,-11,-1,1
13057,Olfr1295,26,9,1,0,32,19,2,0,242,184,214,239,242,-6,-10,-1,0
13058,Olfr1297,14,5,0,0,25,12,1,0,242,203,225,241,242,-11,-7,-1,0
3661,Col4a4,22,11,3,2,37,19,4,0,242,183,212,235,240,-15,-8,-1,2
19373,Tmbim6,28,10,4,3,44,22,5,1,242,170,210,233,238,-16,-12,-1,2
3665,Col5a2,42,24,3,2,49,30,4,2,242,151,188,235,238,-7,-6,-1,0
517,Abhd13,36,16,4,2,58,29,5,2,242,148,197,233,238,-22,-13,-1,0
19397,Tmed2,44,24,4,2,38,22,5,1,242,160,196,233,239,6,2,-1,1
19400,Tmed5,47,22,5,2,37,13,6,1,242,158,207,231,239,10,9,-1,1
19407,Tmem100,40,22,3,0,58,41,4,2,242,144,179,235,240,-18,-19,-1,-2
13273,Olfr173,34,16,2,0,55,37,3,1,242,153,189,237,241,-21,-21,-1,-1
13244,Olfr1511,8,5,1,0,12,10,2,2,242,222,227,239,240,-4,-5,-1,-2
13246,Olfr1513,8,6,0,0,7,6,1,1,242,227,230,241,241,1,0,-1,-1
5055,Ech1,40,22,5,2,45,20,6,4,242,157,200,231,236,-5,2,-1,-2
13259,Olfr159,3,2,0,0,6,3,1,1,242,233,237,241,241,-3,-1,-1,-1
13260,Olfr16,1,1,0,0,9,7,1,0,242,232,234,241,242,-8,-6,-1,0
5040,Ear6,7,6,3,0,15,15,4,1,242,220,221,235,241,-8,-9,-1,-1
5039,Ear2,35,30,14,5,37,31,15,6,242,170,181,213,231,-2,-1,-1,-1
5038,Ear14,4,3,0,0,5,5,1,0,242,233,234,241,242,-1,-2,-1,0
13269,Olfr17,24,16,3,2,43,26,4,0,242,175,200,235,240,-19,-10,-1,2
13272,Olfr172,20,12,3,1,25,18,4,0,242,197,212,235,241,-5,-6,-1,1
15480,Prss1,6,6,1,0,8,6,2,0,242,228,230,239,242,-2,0,-1,0
3718,Copz2,49,27,6,2,47,31,7,5,242,146,184,229,235,2,-4,-1,-3
13280,Olfr183,29,22,5,1,34,25,6,3,242,179,195,231,238,-5,-3,-1,-2
13282,Olfr187,2,2,0,0,2,2,1,0,242,238,238,241,242,0,0,-1,0
15476,Prrt4,22,8,1,0,44,20,2,0,242,176,214,239,242,-22,-12,-1,0
13284,Olfr190,28,12,1,0,31,12,2,0,242,183,218,239,242,-3,0,-1,0
3725,Coq6,31,15,5,2,39,23,6,2,242,172,204,231,238,-8,-8,-1,0
5028,E330014E10Rik,5,5,0,0,4,3,1,1,242,233,234,241,241,1,2,-1,-1
13288,Olfr195,7,5,1,0,19,14,2,1,242,216,223,239,241,-12,-9,-1,-1
20060,Trbv15,7,5,3,3,4,4,4,2,242,231,233,235,237,3,1,-1,1
13305,Olfr215,15,5,2,1,23,11,3,1,242,204,226,237,240,-8,-6,-1,0
13306,Olfr218,4,3,0,0,2,2,1,0,242,236,237,241,242,2,1,-1,0
5060,Eci1,41,29,3,2,32,18,4,3,242,169,195,235,237,9,11,-1,-1
13234,Olfr1500,11,5,0,0,26,9,1,0,242,205,228,241,242,-15,-4,-1,0
13169,Olfr1418,8,2,0,0,10,6,1,0,242,224,234,241,242,-2,-4,-1,0
5081,Edf1,37,21,4,3,37,26,5,4,242,168,195,233,235,0,-5,-1,-1
19412,Tmem106b,44,22,4,2,59,30,5,1,242,139,190,233,239,-15,-8,-1,1
13174,Olfr1424,4,3,0,0,6,4,1,0,242,232,235,241,242,-2,-1,-1,0
13175,Olfr1425,13,5,0,0,8,4,1,0,242,221,233,241,242,5,1,-1,0
13176,Olfr1426,23,11,0,0,17,12,1,1,242,202,219,241,241,6,-1,-1,-1
3700,Cop1,35,18,4,3,48,23,5,0,242,159,201,233,239,-13,-5,-1,3
5099,Eef1d,34,17,5,4,37,23,6,1,242,171,202,231,237,-3,-6,-1,3
5097,Eef1aknmt,49,20,2,1,47,22,3,2,242,146,200,237,239,2,-2,-1,-1
13194,Olfr1448,23,15,1,0,28,11,2,1,242,191,216,239,241,-5,4,-1,-1
477,Abca9,33,19,3,2,37,20,4,1,242,172,203,235,239,-4,-1,-1,1
3705,Copg1,30,16,3,3,32,18,4,1,242,180,208,235,238,-2,-2,-1,2
472,Abca5,40,20,5,0,75,39,6,2,242,127,183,231,240,-35,-19,-1,-2
5065,Ecpas,35,17,2,2,39,19,3,1,242,168,206,237,239,-4,-2,-1,1
5078,Edem1,46,20,3,2,53,30,4,0,242,143,192,235,240,-7,-10,-1,2
13209,Olfr1466,2,2,0,0,2,2,1,0,242,238,238,241,242,0,0,-1,0
13211,Olfr1469,29,12,1,0,40,26,2,0,242,173,204,239,242,-11,-14,-1,0
5076,Edc4,25,14,2,2,40,22,3,1,242,177,206,237,239,-15,-8,-1,1
13218,Olfr148,3,3,0,0,5,4,1,0,242,234,235,241,242,-2,-1,-1,0
5070,Ect2l,41,17,0,0,35,14,1,0,242,166,211,241,242,6,3,-1,0
3713,Cops7a,31,17,4,4,46,29,5,1,242,165,196,233,237,-15,-12,-1,3
15490,Prss3,4,3,1,0,3,3,2,0,242,235,236,239,242,1,0,-1,0
19441,Tmem132e,16,4,0,0,23,12,1,0,242,203,226,241,242,-7,-8,-1,0
13226,Olfr1493-ps1,1,0,0,0,10,10,1,1,242,231,232,241,241,-9,-10,-1,-1
529,Abhd4,52,27,4,3,49,18,5,3,242,141,197,233,236,3,9,-1,0
21750,Zfp277,28,15,2,2,43,18,3,1,242,171,209,237,239,-15,-3,-1,1
12640,Nudt2,29,16,6,2,46,29,7,2,242,167,197,229,238,-17,-13,-1,0
13008,Olfr1245,48,22,3,0,53,24,4,2,242,141,196,235,240,-5,-2,-1,-2
575,Acbd4,44,24,7,2,48,26,8,3,242,150,192,227,237,-4,-2,-1,-1
12747,Ocel1,46,25,3,2,55,26,4,1,242,141,191,235,239,-9,-1,-1,1
15598,Psme4,29,23,4,2,63,40,5,2,242,150,179,233,238,-34,-17,-1,0
15597,Psme3ip1,41,22,4,2,40,18,5,3,242,161,202,233,237,1,4,-1,-1
15593,Psme1,37,24,6,2,39,29,7,6,242,166,189,229,234,-2,-5,-1,-4
15592,Psmd9,34,14,4,2,60,29,5,3,242,148,199,233,237,-26,-15,-1,-1
12762,Odf2,39,20,9,6,68,33,10,6,242,135,189,223,230,-29,-13,-1,0
15591,Psmd8,34,18,4,2,38,17,5,1,242,170,207,233,239,-4,1,-1,1
5384,Epha1,46,23,6,2,61,35,7,3,242,135,184,229,237,-15,-12,-1,-1
12769,Odr4,38,19,4,2,31,16,5,1,242,173,207,233,239,7,3,-1,1
12770,Ofcc1,13,8,0,0,21,13,1,0,242,208,221,241,242,-8,-5,-1,0
19284,Timm22,41,21,5,3,40,22,6,3,242,161,199,231,236,1,-1,-1,0
3588,Cnppd1,50,26,5,2,41,20,6,2,242,151,196,231,238,9,6,-1,0
15575,Psmc3ip,54,38,8,3,55,37,9,3,242,133,167,225,236,-1,1,-1,0
12803,Olfr1009,24,10,0,0,53,26,1,0,242,165,206,241,242,-29,-16,-1,0
5365,Eola1,43,25,7,3,56,31,8,1,242,143,186,227,238,-13,-6,-1,2
21734,Zfp235,60,35,3,0,43,19,4,1,242,139,188,235,241,17,16,-1,-1
19290,Timm8a2,45,37,12,1,49,37,13,3,242,148,168,217,238,-4,0,-1,-2
552,Acaa1a,39,20,2,2,30,12,3,2,242,173,210,237,238,9,8,-1,0
12812,Olfr102,40,20,5,0,62,30,6,2,242,140,192,231,240,-22,-10,-1,-2
19291,Timm8b,28,14,4,2,42,24,5,1,242,172,204,233,239,-14,-10,-1,1
19292,Timm9,34,15,3,3,47,25,4,1,242,161,202,235,238,-13,-10,-1,2
5356,Entpd3,32,18,5,0,45,16,6,4,242,165,208,231,238,-13,2,-1,-4
19276,Timd4,30,18,4,4,25,11,5,2,242,187,213,233,236,5,7,-1,2
12735,Obox5,18,14,5,2,22,18,6,4,242,202,210,231,236,-4,-4,-1,-2
12728,Oaz1,40,24,3,3,31,15,4,3,242,171,203,235,236,9,9,-1,0
15626,Ptdss1,25,13,4,2,56,31,5,0,242,161,198,233,240,-31,-18,-1,2
12644,Nudt4,43,21,4,2,53,24,5,1,242,146,197,233,239,-10,-3,-1,1
15645,Ptgis,50,33,2,0,45,19,3,1,242,147,190,237,241,5,14,-1,-1
12647,Nudt7,39,30,10,4,85,53,11,4,242,118,159,221,234,-46,-23,-1,0
19246,Thrap3,26,14,3,2,53,32,4,2,242,163,196,235,238,-27,-18,-1,0
12658,Nup133,31,18,3,1,49,28,4,1,242,162,196,235,240,-18,-10,-1,0
12660,Nup155,28,15,2,1,51,21,3,0,242,163,206,237,241,-23,-6,-1,1
21692,Zfp1,41,21,2,2,43,22,3,1,242,158,199,237,239,-2,-1,-1,1
20137,Trim28,34,11,4,3,41,20,5,2,242,167,211,233,237,-7,-9,-1,1
19256,Thumpd3,37,15,4,3,55,29,5,3,242,150,198,233,236,-18,-14,-1,0
12675,Nup88,32,17,4,2,32,15,5,2,242,178,210,233,238,0,2,-1,0
19257,Thy1,58,29,8,2,54,36,9,5,242,130,177,225,235,4,-7,-1,-3
12726,Oasl2,65,52,10,2,61,41,11,1,242,116,149,221,239,4,11,-1,1
15622,Ptchd1,48,28,1,0,47,29,2,0,242,147,185,239,242,1,-1,-1,0
12689,Nwd1,21,10,1,0,36,22,2,0,242,185,210,239,242,-15,-12,-1,0
15618,Ptcd2,34,16,3,2,43,21,4,2,242,165,205,235,238,-9,-5,-1,0
12696,Nxnl1,47,18,2,0,50,25,3,1,242,145,199,237,241,-3,-7,-1,-1
15614,Ptbp1,43,18,5,4,34,18,6,1,242,165,206,231,237,9,0,-1,3
19261,Tiam1,43,21,3,0,66,31,4,2,242,133,190,235,240,-23,-10,-1,-2
12703,Nxph2,14,7,0,0,14,8,1,0,242,214,227,241,242,0,-1,-1,0
19262,Tiam2,47,26,4,0,53,35,5,1,242,142,181,233,241,-6,-9,-1,-1
12706,Nxt1,38,19,4,2,57,37,5,2,242,147,186,233,238,-19,-18,-1,0
3577,Cnot10,37,17,3,3,31,16,4,0,242,174,209,235,239,6,1,-1,3
3604,Cntn4,23,16,3,0,30,17,4,2,242,189,209,235,240,-7,-1,-1,-2
12843,Olfr1052,1,1,0,0,3,2,1,1,242,238,239,241,241,-2,-1,-1,-1
12846,Olfr1055,25,24,4,1,19,18,5,0,242,198,200,233,241,6,6,-1,1
3651,Col24a1,20,14,4,1,34,23,5,0,242,188,205,233,241,-14,-9,-1,1
12945,Olfr1179,1,1,0,0,1,1,1,1,242,240,240,241,241,0,0,-1,-1
15550,Psg29,35,15,2,0,39,22,3,1,242,168,205,237,241,-4,-7,-1,-1
5256,Elf4,61,34,4,0,54,35,5,2,242,127,173,233,240,7,-1,-1,-2
12954,Olfr1188,9,7,0,0,16,15,1,0,242,217,220,241,242,-7,-8,-1,0
12958,Olfr1192-ps1,26,10,0,0,34,21,1,1,242,182,211,241,241,-8,-11,-1,-1
5249,Elavl1,39,18,4,2,31,16,5,2,242,172,208,233,238,8,2,-1,0
20093,Treml4,45,28,4,3,41,30,5,2,242,156,184,233,237,4,-2,-1,1
12968,Olfr1201,2,2,0,0,1,1,1,0,242,239,239,241,242,1,1,-1,0
12971,Olfr1205,27,14,2,1,35,24,3,1,242,180,204,237,240,-8,-10,-1,0
12978,Olfr1213,29,15,1,0,31,17,2,0,242,182,210,239,242,-2,-2,-1,0
12985,Olfr122,30,13,0,0,32,21,1,0,242,180,208,241,242,-2,-8,-1,0
12934,Olfr1166,0,0,0,0,1,1,1,1,242,241,241,241,241,-1,-1,-1,-1
5229,Eif4e3,51,26,2,2,37,14,3,0,242,154,202,237,240,14,12,-1,2
5226,Eif4e,36,23,9,4,49,24,10,7,242,157,195,223,231,-13,-1,-1,-3
21749,Zfp276,52,26,5,1,47,24,6,2,242,143,192,231,239,5,2,-1,-1
3654,Col27a1,52,29,3,2,57,26,4,1,242,133,187,235,239,-5,3,-1,1
12999,Olfr1233,1,1,0,0,6,6,1,0,242,235,235,241,242,-5,-5,-1,0
3655,Col28a1,34,17,5,1,37,28,6,0,242,171,197,231,241,-3,-11,-1,1
15540,Psg18,17,11,3,0,13,10,4,2,242,212,221,235,240,4,1,-1,-2
13002,Olfr1239,1,1,0,0,5,5,1,0,242,236,236,241,242,-4,-4,-1,0
20087,Treh,44,27,6,2,35,27,7,2,242,163,188,229,238,9,0,-1,0
5218,Eif3l,39,26,6,5,35,21,7,3,242,168,195,229,234,4,5,-1,2
5260,Elk1,43,28,4,0,55,31,5,0,242,144,183,233,242,-12,-3,-1,0
12930,Olfr1161,16,10,1,0,21,14,2,0,242,205,218,239,242,-5,-4,-1,0
5338,Eno2,54,36,4,2,48,21,5,0,242,140,185,233,240,6,15,-1,2
12882,Olfr1106,43,24,1,0,54,33,2,1,242,145,185,239,241,-11,-9,-1,-1
5337,Eno1b,43,28,12,7,59,37,13,6,242,140,177,217,229,-16,-9,-1,1
12852,Olfr1062,37,25,7,3,49,27,8,3,242,156,190,227,236,-12,-2,-1,0
545,Abra,55,29,3,0,48,27,4,1,242,139,186,235,241,7,2,-1,-1
5329,Endou,55,37,9,5,57,33,10,2,242,130,172,223,235,-2,4,-1,3
5328,Endog,36,28,5,3,50,25,6,1,242,156,189,231,238,-14,3,-1,2
5323,En2,33,8,1,0,29,17,2,2,242,180,217,239,240,4,-9,-1,-2
20111,Trgv7,2,2,1,1,2,2,2,2,242,238,238,239,239,0,0,-1,-1
5310,Eml1,46,25,2,2,46,22,3,0,242,150,195,237,240,0,3,-1,2
21743,Zfp266,42,23,4,2,54,33,5,2,242,146,186,233,238,-12,-10,-1,0
19315,Tktl2,8,2,0,0,16,9,1,0,242,218,231,241,242,-8,-7,-1,0
19317,Tlcd2,39,28,7,2,63,34,8,2,242,140,180,227,238,-24,-6,-1,0
20102,Trgj1,1,0,0,0,1,1,1,1,242,240,241,241,241,0,-1,-1,-1
542,Ablim3,43,20,2,0,34,21,3,0,242,165,201,237,242,9,-1,-1,0
19319,Tlcd3b,56,25,4,1,44,21,5,3,242,142,196,233,238,12,4,-1,-2
12890,Olfr1115,8,3,0,0,25,13,1,0,242,209,226,241,242,-17,-10,-1,0
19320,Tlcd4,38,19,4,1,68,42,5,0,242,136,181,233,241,-30,-23,-1,1
5298,Emc7,39,24,2,2,34,20,3,1,242,169,198,237,239,5,4,-1,1
3624,Cobll1,44,29,3,2,46,29,4,1,242,152,184,235,239,-2,0,-1,1
21748,Zfp275,42,25,4,1,60,36,5,1,242,140,181,233,240,-18,-11,-1,0
5288,Elp4,33,18,5,2,72,40,6,4,242,137,184,231,236,-39,-22,-1,-2
20103,Trgj2,0,0,0,0,1,1,1,1,242,241,241,241,241,-1,-1,-1,-1
12921,Olfr1152,47,22,5,0,54,30,6,2,242,141,190,231,240,-7,-8,-1,-2
17009,Sebox,37,25,5,2,39,24,6,0,242,166,193,231,240,-2,1,-1,2
1138,Angptl6,47,26,6,4,53,25,7,2,242,142,191,229,236,-6,1,-1,2
9496,Ins2,24,20,11,6,21,19,12,3,242,197,203,219,233,3,1,-1,3
9575,Irf2bp1,54,22,3,3,37,22,4,1,242,151,198,235,238,17,0,-1,2
8187,Grk5,45,23,5,0,61,34,6,1,242,136,185,231,241,-16,-11,-1,-1
17413,Skint11,7,5,2,0,10,10,3,0,242,225,227,237,242,-3,-5,-1,0
18343,Srd5a3,36,16,4,2,62,28,5,2,242,144,198,233,238,-26,-12,-1,0
20630,Ugt1a6b,44,38,12,5,64,49,13,7,242,134,155,217,230,-20,-11,-1,-2
2183,Btaf1,35,19,4,2,57,35,5,1,242,150,188,233,239,-22,-16,-1,1
21016,Vmn1r28,20,6,0,0,30,17,1,0,242,192,219,241,242,-10,-11,-1,0
9281,Igkv4-79,9,9,5,3,13,11,6,3,242,220,222,231,236,-4,-2,-1,0
20805,Uty,40,25,8,5,43,31,9,4,242,159,186,225,233,-3,-6,-1,1
8779,Hoxd4,46,35,2,0,40,25,3,1,242,156,182,237,241,6,10,-1,-1
7505,Gm44805,11,11,9,8,12,12,10,6,242,219,219,223,228,-1,-1,-1,2
17694,Slc39a2,76,48,3,1,40,29,4,2,242,126,165,235,239,36,19,-1,-1
18595,Styx,32,20,6,2,70,43,7,1,242,140,179,229,239,-38,-23,-1,1
8778,Hoxd3,57,36,7,3,37,24,8,3,242,148,182,227,236,20,12,-1,0
7502,Gm44579,5,5,0,0,12,5,1,0,242,225,232,241,242,-7,0,-1,0
17150,Serpinb1a,69,51,17,3,71,45,18,2,242,102,146,207,237,-2,6,-1,1
17689,Slc39a10,30,16,4,3,72,34,5,0,242,140,192,233,239,-42,-18,-1,3
1791,Avpi1,51,31,3,2,40,18,4,1,242,151,193,235,239,11,13,-1,1
20487,Tysnd1,32,17,5,2,62,35,6,1,242,148,190,231,239,-30,-18,-1,1
18599,Suclg1,32,16,2,2,43,21,3,1,242,167,205,237,239,-11,-5,-1,1
2188,Btbd17,35,18,4,1,42,24,5,0,242,165,200,233,241,-7,-6,-1,1
8214,Gsdmc,30,12,2,0,20,11,3,0,242,192,219,237,242,10,1,-1,0
8222,Gsg1l,37,24,2,0,49,22,3,0,242,156,196,237,242,-12,2,-1,0
7227,Gm21974,25,21,6,3,28,24,7,3,242,189,197,229,236,-3,-3,-1,0
9274,Igkv4-68,10,8,6,1,11,11,7,4,242,221,223,229,237,-1,-3,-1,-3
6995,Gm17402,46,43,27,26,33,33,28,26,242,163,166,187,190,13,10,-1,0
17700,Slc39a8,38,17,2,2,45,21,3,0,242,159,204,237,240,-7,-4,-1,2
8164,Grid2,26,12,0,0,28,17,1,1,242,188,213,241,241,-2,-5,-1,-1
3010,Cdkn2aipnl,46,23,4,2,42,24,5,2,242,154,195,233,238,4,-1,-1,0
8165,Grid2ip,22,9,0,0,45,24,1,1,242,175,209,241,241,-23,-15,-1,-1
17259,Sgo2a,51,20,4,1,64,34,5,1,242,127,188,233,240,-13,-14,-1,0
17711,Slc44a1,37,30,5,2,54,23,6,1,242,151,189,231,239,-17,7,-1,1
1771,Atxn7l3b,29,11,2,2,58,30,3,1,242,155,201,237,239,-29,-19,-1,1
8812,Hrnr,4,2,1,1,4,4,2,0,242,234,236,239,241,0,-2,-1,1
8173,Grin2a,25,12,2,1,26,13,3,1,242,191,217,237,240,-1,-1,-1,0
18611,Sult1a1,58,47,16,4,56,41,17,2,242,128,154,209,236,2,6,-1,2
21087,Vmn1r93,1,1,0,0,1,1,1,0,242,240,240,241,242,0,0,-1,0
18610,Sulf2,48,28,6,3,61,34,7,3,242,133,180,229,236,-13,-6,-1,0
2445,Capzb,39,22,4,4,43,23,5,1,242,160,197,233,237,-4,-1,-1,3
9263,Igkv4-51,7,6,4,4,8,8,5,0,242,227,228,233,238,-1,-2,-1,4
18608,Sugt1,34,15,2,2,32,15,3,0,242,176,212,237,240,2,0,-1,2
20922,Vmn1r160,0,0,0,0,1,1,1,1,242,241,241,241,241,-1,-1,-1,-1
1775,AU022252,42,18,6,2,43,23,7,3,242,157,201,229,237,-1,-5,-1,-1
21084,Vmn1r9,38,21,2,0,53,27,3,0,242,151,194,237,242,-15,-6,-1,0
8804,Hrc,60,35,4,0,53,37,5,0,242,129,170,233,242,7,-2,-1,0
18603,Suds3,30,13,2,2,35,17,3,2,242,177,212,237,238,-5,-4,-1,0
8796,Hps4,36,16,3,2,62,43,4,1,242,144,183,235,239,-26,-27,-1,1
8795,Hps3,41,24,5,2,71,35,6,2,242,130,183,231,238,-30,-11,-1,0
1793,Avpr1b,18,10,1,0,28,20,2,0,242,196,212,239,242,-10,-10,-1,0
18341,Srd5a1,41,20,2,2,56,25,3,0,242,145,197,237,240,-15,-5,-1,2
20759,Usp32,30,15,6,3,63,40,7,2,242,149,187,229,237,-33,-25,-1,1
7249,Gm26897,1,1,1,1,2,2,2,2,242,239,239,239,239,-1,-1,-1,-1
17657,Slc35e2,65,34,3,1,32,16,4,1,242,145,192,235,240,33,18,-1,0
8273,Gtf2ird1,41,17,4,3,62,32,5,1,242,139,193,233,238,-21,-15,-1,2
7468,Gm42543,2,2,2,0,3,3,3,1,242,237,237,237,241,-1,-1,-1,-1
2853,Cd38,50,38,8,5,70,50,9,5,242,122,154,225,232,-20,-12,-1,0
7246,Gm2663,5,5,2,0,7,6,3,0,242,230,231,237,242,-2,-1,-1,0
9538,Ipo9,34,20,4,2,51,21,5,3,242,157,201,233,237,-17,-1,-1,-1
9533,Ipo13,33,18,2,2,43,24,3,1,242,166,200,237,239,-10,-6,-1,1
17645,Slc35a4,47,23,4,2,69,40,5,1,242,126,179,233,239,-22,-17,-1,1
18149,Spag9,45,22,2,2,43,20,3,0,242,154,200,237,240,2,2,-1,2
8290,Gtsf1,35,29,13,4,46,35,14,7,242,161,178,215,231,-11,-6,-1,-3
17639,Slc34a1,23,14,4,2,24,16,5,0,242,195,212,233,240,-1,-2,-1,2
8768,Hoxc4,40,25,4,0,71,45,5,0,242,131,172,233,242,-31,-20,-1,0
18332,Sqle,33,20,2,2,60,31,3,0,242,149,191,237,240,-27,-11,-1,2
20607,Ucn,41,37,23,10,31,31,24,6,242,170,174,195,226,10,6,-1,4
8734,Homer2,47,25,1,0,38,21,2,0,242,157,196,239,242,9,4,-1,0
6883,Gm13547,62,49,25,7,53,44,26,10,242,127,149,191,225,9,5,-1,-3
17637,Slc32a1,23,7,1,0,27,13,2,0,242,192,222,239,242,-4,-6,-1,0
17636,Slc31a2,47,26,5,4,49,24,6,1,242,146,192,231,237,-2,2,-1,3
17165,Serpinb8,60,40,7,2,66,41,8,4,242,116,161,227,236,-6,-1,-1,-2
20573,Ubp1,34,16,3,2,40,21,4,2,242,168,205,235,238,-6,-5,-1,0
9525,Intu,37,17,2,0,51,30,3,1,242,154,195,237,241,-14,-13,-1,-1
18519,Stk24,44,27,5,3,50,21,6,1,242,148,194,231,238,-6,6,-1,2
20907,Vmn1r131,0,0,0,0,5,2,1,0,242,237,240,241,242,-5,-2,-1,0
18137,Spaca9,53,36,13,3,62,45,14,2,242,127,161,215,237,-9,-9,-1,1
17159,Serpinb6a,46,22,3,2,27,13,4,0,242,169,207,235,240,19,9,-1,2
8265,Gtf2f1,43,19,2,2,33,16,3,0,242,166,207,237,240,10,3,-1,2
18125,Sp6,38,21,5,2,75,40,6,1,242,129,181,231,239,-37,-19,-1,1
8767,Hoxc13,29,21,1,0,17,8,2,0,242,196,213,239,242,12,13,-1,0
9287,Igkv4-92,4,4,4,4,9,9,5,3,242,229,229,233,235,-5,-5,-1,1
20813,Vac14,39,20,2,2,32,16,3,0,242,171,206,237,240,7,4,-1,2
9554,Iqcj,11,7,1,0,19,12,2,0,242,212,223,239,242,-8,-5,-1,0
18128,Sp9,29,9,0,0,15,8,1,1,242,198,225,241,241,14,1,-1,-1
7488,Gm43517,38,20,2,0,26,16,3,0,242,178,206,237,242,12,4,-1,0
6872,Gm13287,2,2,1,0,3,2,2,1,242,237,238,239,241,-1,0,-1,-1
8766,Hoxc12,22,19,3,0,31,21,4,1,242,189,202,235,241,-9,-2,-1,-1
21019,Vmn1r30,63,44,7,1,48,31,8,2,242,131,167,227,239,15,13,-1,-1
2192,Btbd3,39,25,5,2,64,35,6,1,242,139,182,231,239,-25,-10,-1,1
20613,Uevld,29,21,7,1,72,38,8,4,242,141,183,227,237,-43,-17,-1,-3
7481,Gm4302,25,23,8,4,25,19,9,2,242,192,200,225,236,0,4,-1,2
17157,Serpinb3d,4,4,0,0,12,10,1,0,242,226,228,241,242,-8,-6,-1,0
20911,Vmn1r14,7,1,0,0,10,4,1,0,242,225,237,241,242,-3,-3,-1,0
20910,Vmn1r139,13,12,4,2,24,18,5,2,242,205,212,233,238,-11,-6,-1,0
8757,Hoxb3,53,35,8,3,75,48,9,3,242,114,159,225,236,-22,-13,-1,0
9291,Igkv5-45,8,8,8,5,14,12,9,4,242,220,222,225,233,-6,-4,-1,1
2422,Capg,64,44,10,6,45,33,11,3,242,133,165,221,233,19,11,-1,3
20825,Vars,42,26,7,4,45,25,8,0,242,155,191,227,238,-3,1,-1,4
20609,Ucn3,12,10,2,1,11,9,3,1,242,219,223,237,240,1,1,-1,0
17713,Slc44a3,36,23,5,2,61,38,6,1,242,145,181,231,239,-25,-15,-1,1
8161,Gria3,63,35,7,2,54,37,8,3,242,125,170,227,237,9,-2,-1,-1
2710,Ccl17,52,35,20,9,48,41,21,6,242,142,166,201,227,4,-6,-1,3
17124,Serpina12,18,11,0,0,6,4,1,0,242,218,227,241,242,12,7,-1,0
17758,Slc6a1,24,11,0,0,31,18,1,1,242,187,213,241,241,-7,-7,-1,-1
8047,Gpr137b,45,27,7,4,64,37,8,3,242,133,178,227,235,-19,-10,-1,1
17120,Serp1,47,26,2,2,25,15,3,1,242,170,201,237,239,22,11,-1,1
18075,Sod3,47,29,2,2,42,20,3,0,242,153,193,237,240,5,9,-1,2
7576,Gm49322,56,30,5,1,52,30,6,4,242,134,182,231,237,4,0,-1,-3
8053,Gpr143,35,19,2,2,35,22,3,1,242,172,201,237,239,0,-3,-1,1
2149,Brdt,34,21,0,0,59,30,1,0,242,149,191,241,242,-25,-9,-1,0
8057,Gpr150,48,21,2,1,41,20,3,0,242,153,201,237,241,7,1,-1,1
8059,Gpr152,60,32,4,1,33,21,5,1,242,149,189,233,240,27,11,-1,0
8060,Gpr153,56,27,2,0,44,24,3,0,242,142,191,237,242,12,3,-1,0
1949,Bcan,44,28,3,1,38,14,4,0,242,160,200,235,241,6,14,-1,1
20800,Utp6,42,22,2,2,29,18,3,1,242,171,202,237,239,13,4,-1,1
8861,Hsp90b1,56,32,6,3,40,20,7,3,242,146,190,229,236,16,12,-1,0
9664,Itpka,59,29,1,1,44,25,2,2,242,139,188,239,239,15,4,-1,-1
2151,Brf2,33,16,3,1,69,38,4,2,242,140,188,235,239,-36,-22,-1,-1
1726,Atp6v1a,47,24,5,3,51,26,6,2,242,144,192,231,237,-4,-2,-1,1
17378,Sinhcaf,61,34,6,3,48,26,7,3,242,133,182,229,236,13,8,-1,0
8068,Gpr165,25,13,0,0,33,17,1,0,242,184,212,241,242,-8,-4,-1,0
7025,Gm19345,49,37,10,1,49,33,11,1,242,144,172,221,240,0,4,-1,0
20643,Ugt2b5,13,8,2,1,24,18,3,1,242,205,216,237,240,-11,-10,-1,0
20511,Ubap1l,78,56,14,5,60,44,15,5,242,104,142,213,232,18,12,-1,0
2946,Cdh15,49,36,5,0,30,14,6,0,242,163,192,231,242,19,22,-1,0
9674,Itpripl2,54,33,5,2,60,41,6,0,242,128,168,231,240,-6,-8,-1,2
17762,Slc6a14,40,27,5,1,26,15,6,2,242,176,200,231,239,14,12,-1,-1
20934,Vmn1r177,2,2,0,0,1,1,1,1,242,239,239,241,241,1,1,-1,-1
8874,Hspa9,35,18,3,3,34,17,4,2,242,173,207,235,237,1,1,-1,1
18372,Srpx2,47,33,6,2,44,29,7,3,242,151,180,229,237,3,4,-1,-1
2521,Cav3,38,30,3,1,27,24,4,3,242,177,188,235,238,11,6,-1,-2
2667,Ccdc70,10,8,2,1,8,6,3,0,242,224,228,237,241,2,2,-1,1
7183,Gm21760,3,3,3,3,5,4,4,4,242,234,235,235,235,-2,-1,-1,-1
6781,Gm11060,1,1,1,1,2,2,2,2,242,239,239,239,239,-1,-1,-1,-1
17365,Siglecg,56,31,4,0,58,31,5,3,242,128,180,233,239,-2,0,-1,-3
1955,Bcas2,41,20,3,2,31,17,4,1,242,170,205,235,239,10,3,-1,1
17266,Sgsm2,36,18,2,2,41,21,3,0,242,165,203,237,240,-5,-3,-1,2
2942,Cdh10,29,17,4,0,33,16,5,1,242,180,209,233,241,-4,1,-1,-1
6782,Gm11077,0,0,0,0,1,1,1,1,242,241,241,241,241,-1,-1,-1,-1
17768,Slc6a2,41,21,1,0,35,20,2,0,242,166,201,239,242,6,1,-1,0
2669,Ccdc71l,51,27,2,0,45,23,3,0,242,146,192,237,242,6,4,-1,0
17265,Sgsm1,40,21,2,0,48,27,3,0,242,154,194,237,242,-8,-6,-1,0
8893,Htr1b,54,34,3,0,50,38,4,1,242,138,170,235,241,4,-4,-1,-1
8888,Hspg2,65,31,5,3,45,21,6,1,242,132,190,231,238,20,10,-1,2
20766,Usp39,31,18,3,2,37,18,4,0,242,174,206,235,240,-6,0,-1,2
9677,Ivd,44,22,3,2,51,23,4,2,242,147,197,235,238,-7,-1,-1,0
8036,Gpn3,38,16,3,1,41,21,4,2,242,163,205,235,239,-3,-5,-1,-1
2511,Catsper4,68,51,15,2,53,36,16,7,242,121,155,211,233,15,15,-1,-5
20935,Vmn1r178,7,6,1,0,7,5,2,0,242,228,231,239,242,0,1,-1,0
7197,Gm21833,48,28,7,5,68,40,8,4,242,126,174,227,233,-20,-12,-1,1
20781,Usp54,43,21,4,1,55,30,5,0,242,144,191,233,241,-12,-9,-1,1
6799,Gm1123,59,38,7,2,59,44,8,2,242,124,160,227,238,0,-6,-1,0
7560,Gm47995,29,25,8,5,31,30,9,3,242,182,187,225,234,-2,-5,-1,2
9239,Igkv14-100,11,8,7,6,16,15,8,2,242,215,219,227,234,-5,-7,-1,4
21095,Vmn2r102,30,14,2,0,32,15,3,0,242,180,213,237,242,-2,-1,-1,0
8123,Gps1,32,16,2,2,40,17,3,0,242,170,209,237,240,-8,-1,-1,2
2696,Ccdc93,38,18,3,2,48,22,4,1,242,156,202,235,239,-10,-4,-1,1
6833,Gm11939,3,3,3,3,6,6,4,1,242,233,233,235,238,-3,-3,-1,2
9241,Igkv14-126,12,10,9,7,15,14,10,6,242,215,218,223,229,-3,-4,-1,1
9619,Itfg1,30,17,5,2,39,23,6,2,242,173,202,231,238,-9,-6,-1,0
20925,Vmn1r169,27,13,1,0,33,22,2,0,242,182,207,239,242,-6,-9,-1,0
20633,Ugt1a9,28,21,7,3,25,16,8,6,242,189,205,227,233,3,5,-1,-3
2465,Card19,52,27,7,4,30,20,8,5,242,160,195,227,233,22,7,-1,-1
18101,Sox12,45,29,5,0,73,36,6,1,242,124,177,231,241,-28,-7,-1,-1
2162,Brms1,42,17,4,3,60,28,5,2,242,140,197,233,237,-18,-11,-1,1
9247,Igkv18-36,8,8,7,5,11,11,8,5,242,223,223,227,232,-3,-3,-1,0
8139,Gramd1b,41,23,5,2,70,45,6,1,242,131,174,231,239,-29,-22,-1,1
17719,Slc45a4,47,27,4,2,60,39,5,0,242,135,176,233,240,-13,-12,-1,2
20560,Ube4b,41,22,3,2,42,17,4,1,242,159,203,235,239,-1,5,-1,1
9252,Igkv20-101-2,0,0,0,0,3,2,1,0,242,239,240,241,242,-3,-2,-1,0
1926,BC029722,45,28,3,2,48,20,4,0,242,149,194,235,240,-3,8,-1,2
2706,Cckbr,26,16,4,0,29,20,5,2,242,187,206,233,240,-3,-4,-1,-2
1925,BC028528,67,46,11,5,49,27,12,7,242,126,169,219,230,18,19,-1,-2
8153,Grem1,60,43,5,2,38,20,6,3,242,144,179,231,237,22,23,-1,-1
9605,Isl1,22,9,0,0,31,17,1,0,242,189,216,241,242,-9,-8,-1,0
9625,Itga2b,48,24,0,0,53,21,1,0,242,141,197,241,242,-5,3,-1,0
8119,Gprc6a,11,3,0,0,17,11,1,0,242,214,228,241,242,-6,-8,-1,0
18620,Sult2a4,9,8,2,0,16,12,3,2,242,217,222,237,240,-7,-4,-1,-2
20795,Utp20,52,31,3,2,37,17,4,1,242,153,194,235,239,15,14,-1,1
8080,Gpr20,37,18,1,0,40,20,2,1,242,165,204,239,241,-3,-2,-1,-1
6809,Gm11487,19,19,11,2,16,16,12,5,242,207,207,219,235,3,3,-1,-3
8083,Gpr25,40,32,10,0,36,22,11,4,242,166,188,221,238,4,10,-1,-4
18090,Sos1,39,22,5,2,54,25,6,1,242,149,195,231,239,-15,-3,-1,1
17131,Serpina1f,15,9,3,3,19,12,4,2,242,208,221,235,237,-4,-3,-1,1
6814,Gm11562,18,16,6,2,18,12,7,2,242,206,214,229,238,0,4,-1,0
8846,Hsd3b5,18,11,1,0,21,12,2,0,242,203,219,239,242,-3,-1,-1,0
8095,Gpr45,16,11,0,0,20,8,1,0,242,206,223,241,242,-4,3,-1,0
8096,Gpr50,36,14,1,1,24,10,2,1,242,182,218,239,240,12,4,-1,0
2491,Casp3,50,30,5,2,57,26,6,5,242,135,186,231,235,-7,4,-1,-3
2156,Brinp2,25,13,1,0,30,15,2,0,242,187,214,239,242,-5,-2,-1,0
20640,Ugt2b36,9,8,2,1,20,13,3,0,242,213,221,237,241,-11,-5,-1,1
20637,Ugt2b1,13,7,0,0,3,3,1,0,242,226,232,241,242,10,4,-1,0
21102,Vmn2r109,2,0,0,0,3,2,1,0,242,237,240,241,242,-1,-2,-1,0
8106,Gpr82,35,18,3,2,32,17,4,0,242,175,207,235,240,3,1,-1,2
7541,Gm45902,68,40,2,1,38,27,3,1,242,136,175,237,240,30,13,-1,0
3022,Cdrt4,41,31,10,1,42,35,11,3,242,159,176,221,238,-1,-4,-1,-2
20790,Utp11,45,24,5,2,25,15,6,2,242,172,203,231,238,20,9,-1,0
9237,Igkv13-84,7,6,3,1,12,10,4,2,242,223,226,235,239,-5,-4,-1,-1
20794,Utp18,39,18,2,2,49,22,3,0,242,154,202,237,240,-10,-4,-1,2
2471,Carm1,31,14,4,2,48,27,5,1,242,163,201,233,239,-17,-13,-1,1
2406,Camkk2,42,26,5,2,55,32,6,3,242,145,184,231,237,-13,-6,-1,-1
17166,Serpinb9,54,27,3,2,49,26,4,1,242,139,189,235,239,5,1,-1,1
18153,Spast,39,17,3,3,46,19,4,2,242,157,206,235,237,-7,-2,-1,1
8533,Hcfc1,38,21,5,3,56,24,6,0,242,148,197,231,239,-18,-3,-1,3
8628,Hgsnat,40,25,7,4,53,26,8,5,242,149,191,227,233,-13,-1,-1,-1
17216,Sf3b2,29,13,5,3,45,21,6,1,242,168,208,231,238,-16,-8,-1,2
17228,Sfrp2,38,21,7,2,60,36,8,3,242,144,185,227,237,-22,-15,-1,-1
2293,C2cd4c,49,21,2,0,34,18,3,1,242,159,203,237,241,15,3,-1,-1
17540,Slc24a5,48,33,15,10,67,42,16,5,242,127,167,211,227,-19,-9,-1,5
2289,C2cd2l,43,21,3,2,47,26,4,0,242,152,195,235,240,-4,-5,-1,2
18250,Spink6,6,6,3,1,8,6,4,2,242,228,230,235,239,-2,0,-1,-1
8528,Hbs1l,30,19,3,2,37,20,4,2,242,175,203,235,238,-7,-1,-1,0
20876,Vmac,37,24,4,2,78,33,5,0,242,127,185,233,240,-41,-9,-1,2
17538,Slc24a3,51,27,3,0,41,18,4,0,242,150,197,235,242,10,9,-1,0
2975,Cdk11b,40,17,3,2,31,12,4,1,242,171,213,235,239,9,5,-1,1
17570,Slc25a36,46,27,4,3,58,21,5,2,242,138,194,233,237,-12,6,-1,1
17217,Sf3b3,30,14,3,2,43,17,4,1,242,169,211,235,239,-13,-3,-1,1
8624,Hgf,49,26,2,0,47,18,3,1,242,146,198,237,241,2,8,-1,-1
17536,Slc24a1,32,14,1,0,38,23,2,1,242,172,205,239,241,-6,-9,-1,-1
2283,C1rb,56,40,12,8,52,36,13,9,242,134,166,217,225,4,4,-1,-1
9428,Il5,27,20,3,1,31,23,4,1,242,184,199,235,240,-4,-3,-1,0
18260,Spire2,42,20,4,0,54,27,5,1,242,146,195,233,241,-12,-7,-1,-1
7300,Gm28919,2,2,1,0,10,9,2,1,242,230,231,239,241,-8,-7,-1,-1
8543,Hcrtr1,42,27,3,0,46,25,4,2,242,154,190,235,240,-4,2,-1,-2
9424,Il3ra,49,24,4,1,52,27,5,1,242,141,191,233,240,-3,-3,-1,0
17219,Sf3b5,40,18,2,2,31,14,3,1,242,171,210,237,239,9,4,-1,1
17542,Slc25a10,35,17,4,4,62,24,5,2,242,145,201,233,236,-27,-7,-1,2
21041,Vmn1r50,41,22,3,1,43,25,4,0,242,158,195,235,241,-2,-3,-1,1
9371,Il17a,11,11,3,0,10,10,4,0,242,221,221,235,242,1,1,-1,0
18304,Sprr3,3,3,0,0,7,6,1,0,242,232,233,241,242,-4,-3,-1,0
20862,Vil1,58,37,5,3,39,28,6,1,242,145,177,231,238,19,9,-1,2
2229,Btf3l4,29,17,4,4,53,25,5,1,242,160,200,233,237,-24,-8,-1,3
17566,Slc25a32,43,24,4,2,55,24,5,1,242,144,194,233,239,-12,0,-1,1
9361,Il12a,30,23,5,3,28,22,6,3,242,184,197,231,236,2,1,-1,0
17201,Setd5,39,23,2,2,39,20,3,1,242,164,199,237,239,0,3,-1,1
2307,C77080,63,35,3,3,50,30,4,3,242,129,177,235,236,13,5,-1,0
17553,Slc25a20,35,21,4,2,35,23,5,3,242,172,198,233,237,0,-2,-1,-1
9449,Imp3,39,20,3,2,46,21,4,0,242,157,201,235,240,-7,-1,-1,2
17203,Setd7,42,29,4,2,53,28,5,1,242,147,185,233,239,-11,1,-1,1
17207,Setx,38,18,4,2,58,31,5,0,242,146,193,233,240,-20,-13,-1,2
2232,Btg1c,11,9,3,1,13,10,4,3,242,218,223,235,238,-2,-1,-1,-2
6953,Gm15446,49,37,17,11,57,43,18,8,242,136,162,207,223,-8,-6,-1,3
20870,Virma,32,18,3,2,41,20,4,2,242,169,204,235,238,-9,-2,-1,0
18560,Strbp,44,22,4,2,46,22,5,0,242,152,198,233,240,-2,0,-1,2
2963,Cdh9,18,8,0,0,24,11,1,0,242,200,223,241,242,-6,-3,-1,0
2234,Btg3,61,40,6,2,27,16,7,1,242,154,186,229,239,34,24,-1,1
17550,Slc25a18,60,35,7,1,56,37,8,3,242,126,170,227,238,4,-2,-1,-2
20581,Ubr2,50,23,2,2,30,12,3,1,242,162,207,237,239,20,11,-1,1
18558,Stradb,28,14,3,2,50,31,4,2,242,164,197,235,238,-22,-17,-1,0
9436,Il9r,41,21,4,2,58,29,5,1,242,143,192,233,239,-17,-8,-1,1
2790,Cct6a,46,22,2,2,31,14,3,0,242,165,206,237,240,15,8,-1,2
21042,Vmn1r51,28,11,1,0,40,20,2,0,242,174,211,239,242,-12,-9,-1,0
8547,Hdac10,42,27,6,2,55,23,7,1,242,145,192,229,239,-13,4,-1,1
20879,Vmn1r100,0,0,0,0,1,1,1,0,242,241,241,241,242,-1,-1,-1,0
9407,Il22,19,17,3,0,16,14,4,4,242,207,211,235,238,3,3,-1,-4
7324,Gm29776,59,36,4,0,46,23,5,1,242,137,183,233,241,13,13,-1,-1
18291,Sprr1b,8,8,1,0,10,9,2,0,242,224,225,239,242,-2,-1,-1,0
20884,Vmn1r11,0,0,0,0,3,3,1,0,242,239,239,241,242,-3,-3,-1,0
18297,Sprr2e,11,10,4,1,10,9,5,3,242,221,223,233,238,1,1,-1,-2
2252,Bud31,38,24,5,2,33,17,6,4,242,171,201,231,236,5,7,-1,-2
2812,Cd200r2,37,19,2,0,41,22,3,0,242,164,201,237,242,-4,-3,-1,0
17508,Slc22a12,33,16,4,2,40,30,5,1,242,169,196,233,239,-7,-14,-1,1
2971,Cdipt,36,15,2,2,50,23,3,1,242,156,204,237,239,-14,-8,-1,1
21048,Vmn1r57,26,14,1,0,26,11,2,0,242,190,217,239,242,0,3,-1,0
8588,Helq,36,21,4,1,53,22,5,3,242,153,199,233,238,-17,-1,-1,-2
1849,B4galt3,60,36,6,2,49,28,7,4,242,133,178,229,236,11,8,-1,-2
21047,Vmn1r56,5,4,0,0,7,1,1,1,242,230,237,241,241,-2,3,-1,-1
18296,Sprr2d,8,8,2,1,9,7,3,1,242,225,227,237,240,-1,1,-1,0
9398,Il1rl1,40,22,9,3,64,37,10,4,242,138,183,223,235,-24,-15,-1,-1
2970,Cdip1,34,20,4,2,35,19,5,0,242,173,203,233,240,-1,1,-1,2
9393,Il1r1,63,40,5,2,49,26,6,1,242,130,176,231,239,14,14,-1,1
7317,Gm29582,1,1,0,0,1,1,1,1,242,240,240,241,241,0,0,-1,-1
17506,Slc20a2,31,22,5,2,79,48,6,2,242,132,172,231,238,-48,-26,-1,0
8599,Herc1,24,14,2,2,61,38,3,0,242,157,190,237,240,-37,-24,-1,2
7314,Gm29554,6,6,3,1,15,13,4,2,242,221,223,235,239,-9,-7,-1,-1
21044,Vmn1r53,26,15,2,0,32,26,3,2,242,184,201,237,240,-6,-11,-1,-2
9405,Il21,32,16,3,1,36,18,4,0,242,174,208,235,241,-4,-2,-1,1
8578,Heca,39,19,3,2,50,22,4,1,242,153,201,235,239,-11,-3,-1,1
21057,Vmn1r65,47,22,5,0,56,26,6,1,242,139,194,231,241,-9,-4,-1,-1
2818,Cd209c,53,32,6,2,54,34,7,3,242,135,176,229,237,-1,-2,-1,-1
20889,Vmn1r115,1,1,0,0,2,2,1,0,242,239,239,241,242,-1,-1,-1,0
9421,Il31ra,47,30,3,0,58,31,4,0,242,137,181,235,242,-11,-1,-1,0
2801,Cd163,61,36,6,1,41,24,7,5,242,140,182,229,236,20,12,-1,-4
8617,Hexim2,42,26,6,2,79,43,7,3,242,121,173,229,237,-37,-17,-1,-1
17493,Slc18a3,11,4,0,0,18,10,1,1,242,213,228,241,241,-7,-6,-1,-1
9379,Il17rd,35,17,2,0,63,40,3,0,242,144,185,237,242,-28,-23,-1,0
8613,Hexa,49,24,2,2,32,17,3,1,242,161,201,237,239,17,7,-1,1
18274,Spopfm2,26,15,1,1,40,20,2,0,242,176,207,239,241,-14,-5,-1,1
18276,Spopl,53,20,5,2,54,32,6,3,242,135,190,231,237,-1,-12,-1,-1
21055,Vmn1r63,17,9,1,0,21,13,2,0,242,204,220,239,242,-4,-4,-1,0
9416,Il2ra,46,29,3,2,64,30,4,1,242,132,183,235,239,-18,-1,-1,1
18282,Sppl2c,8,4,0,0,8,6,1,0,242,226,232,241,242,0,-2,-1,0
17519,Slc22a22,21,11,5,2,33,19,6,1,242,188,212,231,239,-12,-8,-1,1
2972,Cdiptos,59,38,6,0,58,31,7,2,242,125,173,229,240,1,7,-1,-2
17516,Slc22a2,37,19,3,3,38,20,4,1,242,167,203,235,238,-1,-1,-1,2
9382,Il18bp,47,25,5,2,39,22,6,2,242,156,195,231,238,8,3,-1,0
18288,Spring1,51,27,2,1,35,23,3,1,242,156,192,237,240,16,4,-1,0
8610,Hes6,39,17,3,2,51,26,4,2,242,152,199,235,238,-12,-9,-1,0
7308,Gm2916,57,45,10,1,50,40,11,4,242,135,157,221,237,7,5,-1,-3
18289,Sprn,34,22,6,1,49,34,7,1,242,159,186,229,240,-15,-12,-1,0
21043,Vmn1r52,7,1,1,1,13,8,2,0,242,222,233,239,241,-6,-7,-1,1
9360,Il11ra2,27,20,12,10,25,22,13,12,242,190,200,217,220,2,-2,-1,-2
2787,Cct3,44,19,3,2,30,19,4,1,242,168,204,235,239,14,0,-1,1
18582,Stx4a,46,24,4,2,42,21,5,3,242,154,197,233,237,4,3,-1,-1
8383,H2ab2,0,0,0,0,1,1,1,0,242,241,241,241,242,-1,-1,-1,0
18173,Spata32,37,30,5,1,44,37,6,0,242,161,175,231,241,-7,-7,-1,1
2384,Calm3,32,15,4,4,50,24,5,0,242,160,203,233,238,-18,-9,-1,4
8706,Hnf1a,48,30,4,3,51,31,5,1,242,143,181,233,238,-3,-1,-1,2
17607,Slc28a2b,23,10,3,1,27,12,4,1,242,192,220,235,240,-4,-2,-1,0
6970,Gm1673,46,31,17,6,63,46,18,9,242,133,165,207,227,-17,-15,-1,-3
9504,Insm2,26,10,1,0,33,21,2,0,242,183,211,239,242,-7,-11,-1,0
9501,Insl5,40,35,21,8,38,33,22,5,242,164,174,199,229,2,2,-1,3
2373,Calcr,34,12,0,0,21,8,1,0,242,187,222,241,242,13,4,-1,0
17604,Slc27a6,42,23,4,1,37,17,5,3,242,163,202,233,238,5,6,-1,-2
9500,Insl3,59,46,23,13,50,38,24,13,242,133,158,195,216,9,8,-1,0
18328,Sptssb,33,26,4,2,21,15,5,2,242,188,201,233,238,12,11,-1,0
9458,Ina,25,11,2,0,28,13,3,0,242,189,218,237,242,-3,-2,-1,0
9498,Insig1,47,24,2,2,59,28,3,0,242,136,190,237,240,-12,-4,-1,2
6900,Gm14295,47,36,16,10,78,56,17,10,242,117,150,209,222,-31,-20,-1,0
4123,Cybb,46,34,13,5,61,39,14,5,242,135,169,215,232,-15,-5,-1,0
9495,Ins1,4,3,0,0,5,4,1,1,242,233,235,241,241,-1,-1,-1,-1
9493,Inpp5k,26,14,2,2,60,27,3,1,242,156,201,237,239,-34,-13,-1,1
17446,Slc11a2,39,26,4,2,78,38,5,2,242,125,178,233,238,-39,-12,-1,0
17447,Slc12a1,17,6,3,2,39,28,4,1,242,186,208,235,239,-22,-22,-1,1
8399,H2ac6,85,61,7,2,50,35,8,3,242,107,146,227,237,35,26,-1,-1
18572,Stx11,65,43,9,1,67,39,10,8,242,110,160,223,233,-2,4,-1,-7
8402,H2aj,45,18,3,3,36,17,4,1,242,161,207,235,238,9,1,-1,2
18172,Spata31d1d,26,16,3,1,36,19,4,3,242,180,207,235,238,-10,-3,-1,-2
18528,Stk35,50,20,2,2,38,24,3,0,242,154,198,237,240,12,-4,-1,2
2839,Cd300lb,43,28,8,2,61,44,9,3,242,138,170,225,237,-18,-16,-1,-1
17612,Slc29a4,49,29,5,2,52,24,6,3,242,141,189,231,237,-3,5,-1,-1
8311,Gusb,35,23,5,2,46,24,6,2,242,161,195,231,238,-11,-1,-1,0
8728,Hnrnpu,28,16,4,3,45,27,5,4,242,169,199,233,235,-17,-11,-1,-1
8722,Hnrnph3,42,21,4,2,39,25,5,4,242,161,196,233,236,3,-4,-1,-2
8319,Gypc,55,30,4,1,66,37,5,2,242,121,175,233,239,-11,-7,-1,-1
9306,Igkv8-21,10,6,5,2,11,9,6,2,242,221,227,231,238,-1,-3,-1,0
8721,Hnrnph2,40,23,3,2,33,15,4,2,242,169,204,235,238,7,8,-1,0
8322,Gzf1,33,16,3,2,57,32,4,2,242,152,194,235,238,-24,-16,-1,0
2398,Camk2a,53,36,7,0,46,27,8,5,242,143,179,227,237,7,9,-1,-5
18521,Stk26,43,16,1,1,27,10,2,2,242,172,216,239,239,16,6,-1,-1
14870,Plin3,49,21,2,2,45,23,3,1,242,148,198,237,239,4,-2,-1,1
8719,Hnrnpf,36,18,3,3,49,22,4,1,242,157,202,235,238,-13,-4,-1,2
1898,Baz1a,57,39,3,1,45,27,4,1,242,140,176,235,240,12,12,-1,0
9314,Igkv9-123,7,6,6,2,11,11,7,5,242,224,225,229,235,-4,-5,-1,-3
2768,Ccpg1,36,23,3,3,42,21,4,0,242,164,198,235,239,-6,2,-1,3
2389,Caln1,37,19,6,1,40,24,7,2,242,165,199,229,239,-3,-5,-1,-1
8349,H2-DMa,48,25,9,3,50,35,10,2,242,144,182,223,237,-2,-10,-1,1
20601,Uchl4,37,25,7,5,53,43,8,4,242,152,174,227,233,-16,-18,-1,1
9508,Insyn2a,36,24,2,0,45,26,3,0,242,161,192,237,242,-9,-2,-1,0
8353,H2-Eb1,51,41,12,8,51,36,13,7,242,140,165,217,227,0,5,-1,1
8357,H2-M1,6,4,0,0,5,5,1,1,242,231,233,241,241,1,-1,-1,-1
8358,H2-M10.1,27,26,3,2,20,16,4,0,242,195,200,235,240,7,10,-1,2
18531,Stk38l,38,17,3,2,52,22,4,1,242,152,203,235,239,-14,-5,-1,1
18200,Specc1,42,25,3,2,66,31,4,2,242,134,186,235,238,-24,-6,-1,0
21067,Vmn1r74,37,13,2,1,48,25,3,2,242,157,204,237,239,-11,-12,-1,-1
17465,Slc15a3,59,33,9,1,62,42,10,4,242,121,167,223,237,-3,-9,-1,-3
9471,Inhba,58,31,2,0,50,26,3,2,242,134,185,237,240,8,5,-1,-2
18568,Stt3a,50,27,7,3,51,25,8,4,242,141,190,227,235,-1,2,-1,-1
9468,Ing4,39,18,3,2,46,23,4,3,242,157,201,235,237,-7,-5,-1,-1
8445,H3c14,74,48,16,10,61,40,17,4,242,107,154,209,228,13,8,-1,6
2335,Cacna1f,19,7,0,0,16,8,1,0,242,207,227,241,242,3,-1,-1,0
18564,Strit1,12,10,4,4,14,10,5,3,242,216,222,233,235,-2,0,-1,1
9356,Il10ra,52,24,5,3,30,21,6,3,242,160,197,231,236,22,3,-1,0
8657,Hipk2,36,17,2,2,60,23,3,1,242,146,202,237,239,-24,-6,-1,1
8455,H4c1,75,50,17,9,47,35,18,12,242,120,157,207,221,28,15,-1,-3
9460,Inafm2,39,22,3,2,62,29,4,1,242,141,191,235,239,-23,-7,-1,1
2962,Cdh8,20,10,1,0,34,13,2,1,242,188,219,239,241,-14,-3,-1,-1
7287,Gm28539,32,25,14,11,36,30,15,8,242,174,187,213,223,-4,-5,-1,3
8655,Hip1r,51,22,4,3,55,29,5,1,242,136,191,233,238,-4,-7,-1,2
18236,Spin2e,23,21,5,2,17,16,6,4,242,202,205,231,236,6,5,-1,-2
8654,Hip1,54,30,3,1,57,30,4,2,242,131,182,235,239,-3,0,-1,-1
2326,Cabs1,15,9,0,0,8,3,1,0,242,219,230,241,242,7,6,-1,0
17472,Slc16a13,56,39,12,3,67,41,13,3,242,119,162,217,236,-11,-2,-1,0
7288,Gm28551,52,26,7,2,60,42,8,1,242,130,174,227,239,-8,-16,-1,1
8467,H4f16,47,20,3,0,63,39,4,0,242,132,183,235,242,-16,-19,-1,0
2784,Ccser1,41,25,3,2,64,34,4,0,242,137,183,235,240,-23,-9,-1,2
20597,Ubxn7,53,23,4,2,34,19,5,1,242,155,200,233,239,19,4,-1,1
9093,Ighj3,0,0,0,0,2,2,1,1,242,240,240,241,241,-2,-2,-1,-1
6959,Gm1604b,16,11,2,0,16,13,3,0,242,210,218,237,242,0,-2,-1,0
2353,Cacng6,36,23,2,0,40,26,3,0,242,166,193,237,242,-4,-3,-1,0
6906,Gm14326,42,18,9,2,65,45,10,4,242,135,179,223,236,-23,-27,-1,-2
8689,Hmgcl,43,29,6,2,43,23,7,3,242,156,190,229,237,0,6,-1,-1
8411,H2al1n,6,5,1,0,8,5,2,0,242,228,232,239,242,-2,0,-1,0
9486,Inpp4b,35,17,4,1,56,33,5,0,242,151,192,233,241,-21,-16,-1,1
20498,Uba1,38,16,3,2,28,16,4,1,242,176,210,235,239,10,0,-1,1
18326,Sptlc3,14,8,2,0,36,17,3,1,242,192,217,237,241,-22,-9,-1,-1
1818,B230219D22Rik,36,15,5,2,68,45,6,2,242,138,182,231,238,-32,-30,-1,0
18213,Spef1l,56,36,9,1,55,42,10,3,242,131,164,223,238,1,-6,-1,-2
8414,H2al2c,4,4,2,1,5,4,3,2,242,233,234,237,239,-1,0,-1,-1
8682,Hmga1,50,33,5,4,50,20,6,0,242,142,189,231,238,0,13,-1,4
21066,Vmn1r73,34,18,3,0,31,13,4,1,242,177,211,235,241,3,5,-1,-1
17454,Slc12a8,56,30,5,1,46,24,6,2,242,140,188,231,239,10,6,-1,-1
2780,Ccr9,44,30,3,0,45,24,4,0,242,153,188,235,242,-1,6,-1,0
2346,Cacnb3,56,31,4,1,42,21,5,2,242,144,190,233,239,14,10,-1,-1
9475,Inip,59,32,3,1,41,25,4,2,242,142,185,235,239,18,7,-1,-1
17584,Slc25a5,42,26,6,3,39,22,7,1,242,161,194,229,238,3,4,-1,2
7276,Gm28269,8,7,5,2,14,13,6,3,242,220,222,231,237,-6,-6,-1,-1
18320,Sptbn1,45,22,2,2,43,19,3,1,242,154,201,237,239,2,3,-1,1
17582,Slc25a47,51,34,2,0,51,25,3,1,242,140,183,237,241,0,9,-1,-1
8433,H2bc4,45,30,6,2,51,30,7,4,242,146,182,229,236,-6,0,-1,-2
9473,Inhbc,20,11,0,0,29,18,1,0,242,193,213,241,242,-9,-7,-1,0
18223,Spg21,43,30,3,2,34,16,4,2,242,165,196,235,238,9,14,-1,0
8012,Gpbp1,39,20,4,2,46,25,5,2,242,157,197,233,238,-7,-5,-1,0
18546,Ston1,61,32,5,3,64,40,6,3,242,117,170,231,236,-3,-8,-1,0
2568,Ccdc110,36,23,6,0,29,19,7,4,242,177,200,229,238,7,4,-1,-4
2007,Bend4,66,34,4,2,28,13,5,1,242,148,195,233,239,38,21,-1,1
17289,Sh3bp4,54,22,4,2,47,26,5,2,242,141,194,233,238,7,-4,-1,0
17926,Smim3,56,33,7,1,56,38,8,3,242,130,171,227,238,0,-5,-1,-2
21134,Vmn2r25,22,11,2,0,40,18,3,0,242,180,213,237,242,-18,-7,-1,0
17927,Smim31,44,33,3,1,53,33,4,0,242,145,176,235,241,-9,0,-1,1
2586,Ccdc137,50,27,4,4,52,23,5,2,242,140,192,233,236,-2,4,-1,2
17931,Smim40-ps,10,10,10,9,17,15,11,10,242,215,217,221,223,-7,-5,-1,-1
20946,Vmn1r191,36,13,1,1,36,15,2,0,242,170,214,239,241,0,-2,-1,1
17309,Shank2,42,13,3,2,66,37,4,4,242,134,192,235,236,-24,-24,-1,-2
9179,Ighv5-12-4,2,2,2,2,3,3,3,3,242,237,237,237,237,-1,-1,-1,-1
1687,Atp2a2,38,19,2,2,42,20,3,2,242,162,203,237,238,-4,-1,-1,0
17817,Slco1b2,20,10,0,0,28,15,1,0,242,194,217,241,242,-8,-5,-1,0
17816,Slco1a6,45,39,11,5,64,40,12,9,242,133,163,219,228,-19,-1,-1,-4
2100,Boc,47,19,3,0,46,25,4,1,242,149,198,235,241,1,-6,-1,-1
2587,Ccdc138,42,24,4,0,45,29,5,1,242,155,189,233,241,-3,-5,-1,-1
17925,Smim27,39,18,5,2,40,19,6,1,242,163,205,231,239,-1,-1,-1,1
17300,Sh3pxd2a,53,27,2,2,47,24,3,0,242,142,191,237,240,6,3,-1,2
9174,Ighv3-5,3,3,3,3,4,4,4,3,242,235,235,235,236,-1,-1,-1,0
17923,Smim24,63,48,11,8,69,46,12,2,242,110,148,219,232,-6,2,-1,6
2635,Ccdc22,46,31,3,2,24,16,4,3,242,172,195,235,237,22,15,-1,-1
17821,Slco3a1,34,20,3,2,56,22,4,3,242,152,200,235,237,-22,-2,-1,-1
9042,Ift57,44,31,7,2,48,31,8,0,242,150,180,227,240,-4,0,-1,2
7915,Gna11,38,22,7,6,59,31,8,5,242,145,189,227,231,-21,-9,-1,1
18392,Srxn1,59,36,5,2,55,23,6,3,242,128,183,231,237,4,13,-1,-1
17833,Slfn4,54,33,6,2,55,35,7,1,242,133,174,229,239,-1,-2,-1,1
17305,Sh3tc1,46,22,3,2,54,34,4,2,242,142,186,235,238,-8,-12,-1,0
1973,Bcl2l1,59,35,3,3,39,19,4,0,242,144,188,235,239,20,16,-1,3
17058,Selenos,36,17,2,2,36,19,3,1,242,170,206,237,239,0,-2,-1,1
9768,Kbtbd8,46,29,4,2,73,49,5,2,242,123,164,233,238,-27,-20,-1,0
17905,Smg7,28,15,3,2,42,22,4,1,242,172,205,235,239,-14,-7,-1,1
18022,Snrpn,41,20,3,2,42,22,4,3,242,159,200,235,237,-1,-2,-1,-1
9770,Kcna1,21,9,1,0,33,16,2,0,242,188,217,239,242,-12,-7,-1,0
7793,Gm7879,45,42,27,18,53,45,28,16,242,144,155,187,208,-8,-3,-1,2
7930,Gnaz,49,24,5,1,53,25,6,1,242,140,193,231,240,-4,-1,-1,0
9050,Igdcc3,29,17,3,0,41,19,4,1,242,172,206,235,241,-12,-2,-1,-1
17078,Sema4g,41,21,4,2,68,38,5,1,242,133,183,233,239,-27,-17,-1,1
20750,Usp24,24,9,2,2,49,25,3,0,242,169,208,237,240,-25,-16,-1,2
6755,Gm10722,34,31,26,17,46,41,27,14,242,162,170,189,211,-12,-10,-1,3
17942,Smo,45,23,5,2,59,24,6,1,242,138,195,231,239,-14,-1,-1,1
9064,Igfbp5,33,21,5,3,47,23,6,2,242,162,198,231,237,-14,-2,-1,1
2108,Bop1,37,12,3,2,33,17,4,1,242,172,213,235,239,4,-5,-1,1
20709,Uqcrh,37,22,4,3,38,26,5,0,242,167,194,233,239,-1,-4,-1,3
21137,Vmn2r28,39,19,4,0,36,18,5,4,242,167,205,233,238,3,1,-1,-4
20544,Ube2o,31,13,2,2,47,19,3,0,242,164,210,237,240,-16,-6,-1,2
7047,Gm20441,19,18,12,4,24,24,13,5,242,199,200,217,233,-5,-6,-1,-1
17342,Shoc1,16,5,0,0,46,18,1,0,242,180,219,241,242,-30,-13,-1,0
8947,Icosl,72,42,7,1,48,30,8,3,242,122,170,227,238,24,12,-1,-2
9059,Igfals,55,40,8,3,62,39,9,1,242,125,163,225,238,-7,1,-1,2
20965,Vmn1r208,43,20,3,0,54,30,4,2,242,145,192,235,240,-11,-10,-1,-2
18015,Snrpc,34,15,4,3,39,24,5,3,242,169,203,233,236,-5,-9,-1,0
17297,Sh3glb1,32,16,5,4,47,27,6,3,242,163,199,231,235,-15,-11,-1,1
20662,Unc119,43,22,7,1,52,29,8,4,242,147,191,227,237,-9,-7,-1,-3
7116,Gm20883,2,2,1,1,2,2,2,2,242,238,238,239,239,0,0,-1,-1
9054,Igf2,59,38,3,0,33,19,4,0,242,150,185,235,242,26,19,-1,0
7676,Gm5431,55,25,4,1,67,34,5,1,242,120,183,233,240,-12,-9,-1,0
2047,Bin2,51,28,3,0,71,32,4,0,242,120,182,235,242,-20,-4,-1,0
8949,Id2,63,50,10,5,57,41,11,1,242,122,151,221,236,6,9,-1,4
18465,Stac2,62,26,3,2,44,18,4,1,242,136,198,235,239,18,8,-1,1
9747,Kat5,24,16,5,3,69,36,6,2,242,149,190,231,237,-45,-20,-1,1
17074,Sema4b,42,25,4,2,58,34,5,1,242,142,183,233,239,-16,-9,-1,1
7938,Gng10,44,25,8,5,52,32,9,6,242,146,185,225,231,-8,-7,-1,-1
17340,Shmt1,46,25,3,2,43,22,4,0,242,153,195,235,240,3,3,-1,2
7937,Gne,40,29,6,2,51,31,7,4,242,151,182,229,236,-11,-2,-1,-2
17071,Sema3f,57,29,5,3,57,28,6,3,242,128,185,231,236,0,1,-1,0
20661,Umps,47,22,3,2,34,20,4,1,242,161,200,235,239,13,2,-1,1
9051,Igdcc4,48,30,1,0,31,11,2,0,242,163,201,239,242,17,19,-1,0
7818,Gm815,2,2,1,0,8,7,2,0,242,232,233,239,242,-6,-5,-1,0
9771,Kcna10,13,8,2,0,29,17,3,0,242,200,217,237,242,-16,-9,-1,0
20942,Vmn1r185,30,16,1,0,34,23,2,0,242,178,203,239,242,-4,-7,-1,0
9794,Kcne4,56,31,3,0,41,22,4,3,242,145,189,235,239,15,9,-1,-3
6720,Gm10337,28,21,18,16,23,23,19,17,242,191,198,205,209,5,-2,-1,-1
2074,Bmp15,33,19,1,0,32,15,2,0,242,177,208,239,242,1,4,-1,0
17871,Smap1,26,16,4,2,52,28,5,3,242,164,198,233,237,-26,-12,-1,-1
21131,Vmn2r22,2,1,0,0,3,2,1,0,242,237,239,241,242,-1,-1,-1,0
18406,Ssh3,52,25,7,2,44,30,8,3,242,146,187,227,237,8,-5,-1,-1
20954,Vmn1r199,11,6,0,0,6,3,1,0,242,225,233,241,242,5,3,-1,0
17317,Shc4,51,24,2,0,67,43,3,0,242,124,175,237,242,-16,-19,-1,0
20665,Unc13b,40,19,3,0,45,24,4,0,242,157,199,235,242,-5,-5,-1,0
7643,Gm50457,20,19,2,1,13,12,3,1,242,209,211,237,240,7,7,-1,0
9139,Ighv1-74,9,9,4,4,9,7,5,0,242,224,226,233,238,0,2,-1,4
8998,Ifitm1,49,33,11,8,44,34,12,5,242,149,175,219,229,5,-1,-1,3
20464,Txndc11,41,18,3,3,38,22,4,3,242,163,202,235,236,3,-4,-1,0
9020,Ifnar2,42,28,6,2,40,23,7,3,242,160,191,229,237,2,5,-1,-1
17847,Slitrk6,23,12,3,1,30,22,4,1,242,189,208,235,240,-7,-10,-1,0
9142,Ighv1-77,10,8,7,6,18,16,8,5,242,214,218,227,231,-8,-8,-1,1
1990,Bclaf3,52,26,5,0,48,29,6,3,242,142,187,231,239,4,-3,-1,-3
1672,Atp13a1,36,15,3,2,35,21,4,2,242,171,206,235,238,1,-6,-1,0
1991,Bco1,76,54,9,2,48,31,10,2,242,118,157,223,238,28,23,-1,0
2641,Ccdc3,54,29,2,0,30,12,3,1,242,158,201,237,241,24,17,-1,-1
2072,Bmp1,59,27,3,0,36,21,4,0,242,147,194,235,242,23,6,-1,0
7862,Gm9,11,7,2,0,11,7,3,0,242,220,228,237,242,0,0,-1,0
7651,Gm5127,31,22,1,0,29,20,2,2,242,182,200,239,240,2,2,-1,-2
2065,Bloc1s6,39,22,2,2,46,21,3,1,242,157,199,237,239,-7,1,-1,1
9800,Kcnh1,49,26,0,0,32,13,1,1,242,161,203,241,241,17,13,-1,-1
7853,Gm8882,5,5,0,0,3,2,1,0,242,234,235,241,242,2,3,-1,0
2071,Bmi1,48,30,5,2,48,24,6,4,242,146,188,231,236,0,6,-1,-2
18654,Susd1,47,27,5,0,43,25,6,3,242,152,190,231,239,4,2,-1,-3
18474,Stap1,54,37,6,0,73,48,7,1,242,115,157,229,241,-19,-11,-1,-1
1992,Bco2,30,18,3,2,57,42,4,1,242,155,182,235,239,-27,-24,-1,1
18408,Ssna1,33,20,3,2,51,20,4,0,242,158,202,235,240,-18,0,-1,2
2895,Cda,47,33,11,5,52,35,12,7,242,143,174,219,230,-5,-2,-1,-2
7140,Gm21119,44,35,13,4,40,31,14,9,242,158,176,215,229,4,4,-1,-5
17844,Slitrk3,10,3,1,1,21,17,2,0,242,211,222,239,241,-11,-14,-1,1
17875,Smarca4,32,14,3,2,42,18,4,0,242,168,210,235,240,-10,-4,-1,2
6735,Gm10439,29,16,3,0,16,13,4,2,242,197,213,235,240,13,3,-1,-2
17899,Smcp,17,13,6,3,23,17,7,3,242,202,212,229,236,-6,-4,-1,0
9819,Kcnj16,38,22,5,3,56,34,6,2,242,148,186,231,237,-18,-12,-1,1
18642,Supt16,39,14,5,5,54,24,6,1,242,149,204,231,236,-15,-10,-1,4
17331,Shisa8,47,36,7,4,43,35,8,3,242,152,171,227,235,4,1,-1,1
20994,Vmn1r234,34,17,1,0,37,18,2,0,242,171,207,239,242,-3,-1,-1,0
2092,Bnc1,24,8,0,0,12,6,1,0,242,206,228,241,242,12,2,-1,0
7896,Gm9925,26,21,15,7,32,26,16,8,242,184,195,211,227,-6,-5,-1,-1
7895,Gm9918,51,24,3,0,47,24,4,0,242,144,194,235,242,4,0,-1,0
1683,Atp1b3,40,19,3,2,40,19,4,1,242,162,204,235,239,0,0,-1,1
7154,Gm21366,0,0,0,0,1,1,1,1,242,241,241,241,241,-1,-1,-1,-1
17329,Shisa6,35,17,1,0,21,10,2,1,242,186,215,239,241,14,7,-1,-1
2060,Bloc1s1,30,17,4,4,37,17,5,3,242,175,208,233,235,-7,0,-1,1
20991,Vmn1r231,8,5,0,0,5,4,1,0,242,229,233,241,242,3,1,-1,0
17056,Selenoo,33,16,2,2,41,13,3,2,242,168,213,237,238,-8,3,-1,0
2890,Cd8b1,61,36,9,6,62,41,10,2,242,119,165,223,234,-1,-5,-1,4
20729,Ushbp1,54,32,4,1,40,20,5,2,242,148,190,233,239,14,12,-1,-1
17886,Smbd1,19,18,7,1,24,19,8,1,242,199,205,227,240,-5,-1,-1,0
18412,Ssr2,42,23,5,3,49,27,6,4,242,151,192,231,235,-7,-4,-1,-1
3071,Cemip2,41,22,6,3,69,41,7,2,242,132,179,229,237,-28,-19,-1,1
20717,Urm1,34,17,2,2,28,14,3,1,242,180,211,237,239,6,3,-1,1
9161,Ighv16-1,0,0,0,0,1,1,1,1,242,241,241,241,241,-1,-1,-1,-1
17884,Smarcd3,52,31,6,3,54,32,7,2,242,136,179,229,237,-2,-1,-1,1
9133,Ighv1-66,9,7,4,2,14,12,5,4,242,219,223,233,236,-5,-5,-1,-2
7147,Gm21256,2,2,2,0,8,6,3,3,242,232,234,237,239,-6,-4,-1,-3
2891,Cd9,54,30,5,4,31,20,6,2,242,157,192,231,236,23,10,-1,2
7885,Gm9736,3,3,0,0,4,4,1,0,242,235,235,241,242,-1,-1,-1,0
18649,Supv3l1,25,15,3,3,42,23,4,1,242,175,204,235,238,-17,-8,-1,2
20987,Vmn1r228,32,14,2,1,40,22,3,0,242,170,206,237,241,-8,-8,-1,1
7076,Gm20730,8,8,5,4,6,6,6,5,242,228,228,231,233,2,2,-1,-1
9813,Kcnj10,49,28,6,2,52,27,7,0,242,141,187,229,240,-3,1,-1,2
9115,Ighv1-43,5,5,5,3,10,9,6,6,242,227,228,231,233,-5,-4,-1,-3
17040,Secisbp2l,36,18,4,2,63,39,5,2,242,143,185,233,238,-27,-21,-1,0
9856,Kcns1,43,19,3,1,54,26,4,2,242,145,197,235,239,-11,-7,-1,-1
18379,Srrt,35,11,2,2,40,13,3,1,242,167,218,237,239,-5,-2,-1,1
9851,Kcnq2,27,12,5,3,27,17,6,4,242,188,213,231,235,0,-5,-1,-1
21000,Vmn1r24,26,13,1,0,42,28,2,0,242,174,201,239,242,-16,-15,-1,0
18443,St3gal4,42,30,9,4,71,40,10,6,242,129,172,223,232,-29,-10,-1,-2
7980,Gon7,59,29,5,2,31,17,6,1,242,152,196,231,239,28,12,-1,1
2531,Cblb,52,23,3,1,46,29,4,2,242,144,190,235,239,6,-6,-1,-1
17994,Snd1,43,24,3,2,49,19,4,1,242,150,199,235,239,-6,5,-1,1
17016,Sec14l3,33,14,4,3,52,33,5,2,242,157,195,233,237,-19,-19,-1,1
2603,Ccdc160,34,19,4,1,46,27,5,1,242,162,196,233,240,-12,-8,-1,0
20542,Ube2m,30,16,5,2,46,24,6,2,242,166,202,231,238,-16,-8,-1,0
2533,Cblif,30,23,2,0,16,14,3,2,242,196,205,237,240,14,9,-1,-2
2916,Cdc42bpa,37,21,5,2,53,29,6,1,242,152,192,231,239,-16,-8,-1,1
20756,Usp3,44,21,3,2,47,20,4,2,242,151,201,235,238,-3,1,-1,0
9722,Jpt2,31,15,4,2,51,24,5,1,242,160,203,233,239,-20,-9,-1,1
17083,Sema6c,47,32,8,2,79,50,9,4,242,116,160,225,236,-32,-18,-1,-2
9100,Ighv1-16,0,0,0,0,1,1,1,1,242,241,241,241,241,-1,-1,-1,-1
17785,Slc7a15,32,18,1,0,29,19,2,1,242,181,205,239,241,3,-1,-1,-1
20969,Vmn1r211,16,5,0,0,17,8,1,0,242,209,229,241,242,-1,-3,-1,0
9845,Kcnmb4,53,33,9,1,55,29,10,2,242,134,180,223,239,-2,4,-1,-1
9194,Ighv7-2,0,0,0,0,2,1,1,1,242,240,241,241,241,-2,-1,-1,-1
9099,Ighv1-15,12,12,8,5,16,15,9,5,242,214,215,225,232,-4,-3,-1,0
20687,Upf1,33,15,3,3,44,13,4,0,242,165,214,235,239,-11,2,-1,3
9203,Ighv8-6,2,1,0,0,2,1,1,0,242,238,240,241,242,0,0,-1,0
17969,Smurf2,32,17,3,2,44,23,4,1,242,166,202,235,239,-12,-6,-1,1
2912,Cdc37,37,18,3,2,30,17,4,0,242,175,207,235,240,7,1,-1,2
9853,Kcnq4,30,15,0,0,28,14,1,0,242,184,213,241,242,2,1,-1,0
2022,Bfsp1,49,33,4,0,51,20,5,2,242,142,189,233,240,-2,13,-1,-2
21121,Vmn2r130,13,4,0,0,15,5,1,1,242,214,233,241,241,-2,-1,-1,-1
17098,Septin11,58,33,6,3,41,19,7,3,242,143,190,229,236,17,14,-1,0
3040,Ceacam16,58,39,4,1,27,14,5,1,242,157,189,233,240,31,25,-1,0
17965,Smtnl2,42,19,2,1,66,32,3,1,242,134,191,237,240,-24,-13,-1,0
9857,Kcns2,12,7,1,1,21,12,2,0,242,209,223,239,241,-9,-5,-1,1
6774,Gm11011,12,12,12,12,13,13,13,12,242,217,217,217,218,-1,-1,-1,0
9105,Ighv1-23,8,8,5,3,15,12,6,3,242,219,222,231,236,-7,-4,-1,0
1706,Atp5j,33,19,4,3,41,20,5,4,242,168,203,233,235,-8,-1,-1,-1
2528,Cbfa2t3,50,27,4,1,37,23,5,3,242,155,192,233,238,13,4,-1,-2
8938,Ica1l,42,23,0,0,54,38,1,0,242,146,181,241,242,-12,-15,-1,0
2120,Bpifa5,7,5,2,0,27,19,3,0,242,208,218,237,242,-20,-14,-1,0
8914,Huwe1,36,19,6,4,57,27,7,2,242,149,196,229,236,-21,-8,-1,2
17101,Septin2,43,22,2,2,49,24,3,1,242,150,196,237,239,-6,-2,-1,1
7174,Gm21708,5,5,1,0,9,7,2,1,242,228,230,239,241,-4,-2,-1,-1
9858,Kcns3,31,18,3,1,48,27,4,1,242,163,197,235,240,-17,-9,-1,0
9715,Josd1,34,15,2,2,45,31,3,0,242,163,196,237,240,-11,-16,-1,2
9196,Ighv7-4,6,6,3,2,5,4,4,1,242,231,232,235,239,1,2,-1,1
17966,Smu1,30,17,4,2,35,13,5,1,242,177,212,233,239,-5,4,-1,1
18447,St6gal2,18,7,0,0,11,5,1,0,242,213,230,241,242,7,2,-1,0
20557,Ube3b,31,13,2,2,49,25,3,0,242,162,204,237,240,-18,-12,-1,2
17793,Slc7a8,46,33,7,2,54,31,8,2,242,142,178,227,238,-8,2,-1,0
9699,Jam2,45,31,6,2,41,26,7,3,242,156,185,229,237,4,5,-1,-1
7607,Gm49394,25,16,1,0,28,18,2,1,242,189,208,239,241,-3,-2,-1,-1
18452,St6galnac5,27,13,1,1,47,17,2,0,242,168,212,239,241,-20,-4,-1,1
18381,Srsf10,36,13,4,2,50,25,5,4,242,156,204,233,236,-14,-12,-1,-2
2623,Ccdc184,59,37,10,6,50,26,11,8,242,133,179,221,228,9,11,-1,-2
3039,Ceacam15,17,13,0,0,19,10,1,0,242,206,219,241,242,-2,3,-1,0
18488,Stat2,46,29,4,1,64,35,5,0,242,132,178,233,241,-18,-6,-1,1
9068,Igfl3,2,2,0,0,2,2,1,0,242,238,238,241,242,0,0,-1,0
18495,Stau2,54,29,6,3,45,23,7,2,242,143,190,229,237,9,6,-1,1
18011,Snrpa,41,19,5,2,31,18,6,0,242,170,205,231,240,10,1,-1,2
18460,St8sia5,36,19,3,0,32,19,4,2,242,174,204,235,240,4,0,-1,-2
3046,Ceacam5,7,4,1,0,7,2,2,2,242,228,236,239,240,0,2,-1,-2
2032,Bhlhe23,23,12,0,0,13,9,1,0,242,206,221,241,242,10,3,-1,0
20975,Vmn1r217,24,10,1,0,27,13,2,0,242,191,219,239,242,-3,-3,-1,0
9735,Kank4,37,22,2,0,29,11,3,0,242,176,209,237,242,8,11,-1,0
17105,Septin6,53,33,4,0,51,32,5,0,242,138,177,233,242,2,1,-1,0
7719,Gm5965,5,5,1,0,5,4,2,2,242,232,233,239,240,0,1,-1,-2
9191,Ighv6-6,6,6,3,3,8,6,4,2,242,228,230,235,237,-2,0,-1,1
9730,Jup,45,21,4,3,45,22,5,0,242,152,199,233,239,0,-1,-1,3
2536,Cbln2,20,8,1,0,20,11,2,1,242,202,223,239,241,0,-3,-1,-1
20703,Uqcr10,34,22,3,2,30,21,4,2,242,178,199,235,238,4,1,-1,0
17021,Sec22a,23,10,5,2,87,49,6,1,242,132,183,231,239,-64,-39,-1,1
9863,Kcnv2,16,8,1,0,34,14,2,0,242,192,220,239,242,-18,-6,-1,0
7712,Gm5926,9,9,4,2,13,13,5,2,242,220,220,233,238,-4,-4,-1,0
7964,Golga1,32,13,2,2,57,32,3,0,242,153,197,237,240,-25,-19,-1,2
20535,Ube2h,52,27,3,2,35,20,4,1,242,155,195,235,239,17,7,-1,1
9866,Kctd10,37,15,2,2,43,23,3,0,242,162,204,237,240,-6,-8,-1,2
9111,Ighv1-37,5,5,5,4,12,10,6,4,242,225,227,231,234,-7,-5,-1,0
8686,Hmgb2,45,29,6,4,79,52,8,1,242,118,161,228,237,-34,-23,-2,3
16032,Rbm28,39,19,2,2,38,22,4,0,242,165,201,236,240,1,-3,-2,2
15606,Psph,47,25,3,2,39,19,5,5,242,156,198,234,235,8,6,-2,-3
5277,Elof1,42,21,3,2,47,22,5,0,242,153,199,234,240,-5,-1,-2,2
3580,Cnot3,41,20,3,2,50,22,5,2,242,151,200,234,238,-9,-2,-2,0
19271,Tigd3,51,27,2,0,45,27,4,1,242,146,188,236,241,6,0,-2,-1
11733,Mterf4,38,20,2,2,52,27,4,0,242,152,195,236,240,-14,-7,-2,2
20955,Vmn1r2,8,7,2,2,16,16,4,0,242,218,219,236,240,-8,-9,-2,2
5433,Ercc2,25,12,3,2,60,35,5,1,242,157,195,234,239,-35,-23,-2,1
21712,Zfp141,36,21,4,0,63,37,6,3,242,143,184,232,239,-27,-16,-2,-3
933,Aifm3,35,16,3,3,45,29,5,1,242,162,197,234,238,-10,-13,-2,2
12732,Obox1,30,18,4,1,33,21,6,0,242,179,203,232,241,-3,-3,-2,1
7131,Gm20937,3,3,3,1,9,8,5,5,242,230,231,234,236,-6,-5,-2,-4
12734,Obox3,42,24,6,1,37,29,8,3,242,163,189,228,238,5,-5,-2,-2
16031,Rbm27,39,22,4,2,49,26,6,1,242,154,194,232,239,-10,-4,-2,1
8674,Hlx,83,61,12,3,62,41,14,7,242,97,140,216,232,21,20,-2,-4
18321,Sptbn2,30,13,2,2,59,32,4,1,242,153,197,236,239,-29,-19,-2,1
20551,Ube2u,51,37,12,4,78,60,14,5,242,113,145,216,233,-27,-23,-2,-1
2840,Cd300ld,48,32,5,2,61,40,7,3,242,133,170,230,237,-13,-8,-2,-1
2068,Blzf1,40,21,5,3,50,24,7,2,242,152,197,230,237,-10,-3,-2,1
20200,Trir,29,15,2,2,32,15,4,0,242,181,212,236,240,-3,0,-2,2
8681,Hmg20b,42,20,2,2,35,22,4,2,242,165,200,236,238,7,-2,-2,0
572,Acat2,33,18,2,2,55,23,4,2,242,154,201,236,238,-22,-5,-2,0
15600,Psmg1,35,15,3,3,34,21,5,1,242,173,206,234,238,1,-6,-2,2
573,Acat3,76,51,8,2,57,33,10,8,242,109,158,224,232,19,18,-2,-6
7307,Gm29133,7,7,2,0,20,19,4,2,242,215,216,236,240,-13,-12,-2,-2
20195,Trip12,37,22,5,4,39,25,7,4,242,166,195,230,234,-2,-3,-2,0
17453,Slc12a7,43,19,4,2,46,20,6,1,242,153,203,232,239,-3,-1,-2,1
17452,Slc12a6,29,14,3,2,48,29,5,2,242,165,199,234,238,-19,-15,-2,0
21722,Zfp182,35,21,7,0,63,39,9,3,242,144,182,226,239,-28,-18,-2,-3
5276,Eloc,24,16,4,3,50,27,6,3,242,168,199,232,236,-26,-11,-2,0
11928,Myocd,40,19,1,0,26,13,3,0,242,176,210,238,242,14,6,-2,0
11735,Mtf2,31,13,4,3,66,30,6,2,242,145,199,232,237,-35,-17,-2,1
7101,Gm20830,5,5,3,0,10,10,5,4,242,227,227,234,238,-5,-5,-2,-4
11888,Myl4,45,26,6,1,68,40,8,1,242,129,176,228,240,-23,-14,-2,0
16117,Recql4,46,22,3,3,42,25,5,1,242,154,195,234,238,4,-3,-2,2
3633,Cog8,28,15,2,2,59,35,4,0,242,155,192,236,240,-31,-20,-2,2
21541,Yme1l1,24,12,4,2,43,22,6,2,242,175,208,232,238,-19,-10,-2,0
2217,Btbd35f5,2,1,1,0,8,5,3,2,242,232,236,238,240,-6,-4,-2,-2
2038,Bicd1,39,17,4,1,64,32,6,0,242,139,193,232,241,-25,-15,-2,1
11918,Myo3b,37,20,2,1,45,32,4,2,242,160,190,236,239,-8,-12,-2,-1
11720,Mtap,49,30,7,2,49,28,9,4,242,144,184,226,236,0,2,-2,-2
3573,Cnnm2,40,23,4,2,49,23,6,2,242,153,196,232,238,-9,0,-2,0
2037,Bicc1,44,25,4,2,59,32,6,1,242,139,185,232,239,-15,-7,-2,1
11909,Myo1a,50,27,2,0,52,32,4,1,242,140,183,236,241,-2,-5,-2,-1
5420,Epx,29,17,3,0,44,18,5,0,242,169,207,234,242,-15,-1,-2,0
870,Agbl1,18,9,0,0,35,14,2,0,242,189,219,240,242,-17,-5,-2,0
15620,Ptch1,48,23,6,3,64,34,8,1,242,130,185,228,238,-16,-11,-2,2
20133,Trim24,30,10,4,2,49,29,6,1,242,163,203,232,239,-19,-19,-2,1
585,Acer1,43,23,7,3,59,36,9,2,242,140,183,226,237,-16,-13,-2,1
15615,Ptbp2,51,29,5,2,59,35,7,5,242,132,178,230,235,-8,-6,-2,-3
17436,Slbp,40,23,2,2,36,14,4,1,242,166,205,236,239,4,9,-2,1
15616,Ptbp3,36,20,2,2,56,25,4,2,242,150,197,236,238,-20,-5,-2,0
15617,Ptcd1,45,27,7,3,48,33,9,5,242,149,182,226,234,-3,-6,-2,-2
12693,Nxf3,37,30,10,1,45,34,12,4,242,160,178,220,237,-8,-4,-2,-3
8602,Herc4,27,14,3,2,47,24,5,2,242,168,204,234,238,-20,-10,-2,0
19260,Tial1,28,12,4,2,41,22,6,4,242,173,208,232,236,-13,-10,-2,-2
20552,Ube2v1,37,22,2,2,45,17,4,2,242,160,203,236,238,-8,5,-2,0
5285,Elp1,28,14,2,1,57,27,4,1,242,157,201,236,240,-29,-13,-2,0
5428,Erbb4,25,12,3,1,22,12,5,2,242,195,218,234,239,3,0,-2,-1
2254,Bysl,34,13,2,2,56,27,4,3,242,152,202,236,237,-22,-14,-2,-1
2036,Bhmt2,32,17,4,2,65,36,6,3,242,145,189,232,237,-33,-19,-2,-1
12725,Oasl1,60,41,3,2,59,37,5,2,242,123,164,234,238,1,4,-2,0
2062,Bloc1s3,41,22,3,0,44,24,5,1,242,157,196,234,241,-3,-2,-2,-1
15608,Psrc1,59,40,14,3,68,44,16,8,242,115,158,212,231,-9,-4,-2,-5
16039,Rbm4,48,26,3,2,37,19,5,1,242,157,197,234,239,11,7,-2,1
19067,Tedc2,62,29,1,0,42,19,3,1,242,138,194,238,241,20,10,-2,-1
12926,Olfr1157,14,6,1,0,32,17,3,0,242,196,219,238,242,-18,-11,-2,0
2914,Cdc40,39,21,3,2,41,22,5,0,242,162,199,234,240,-2,-1,-2,2
5431,Erc2,33,18,2,2,62,37,4,0,242,147,187,236,240,-29,-19,-2,2
5274,Elob,33,17,5,5,41,18,7,2,242,168,207,230,235,-8,-1,-2,3
19270,Tigd2,26,10,2,2,51,25,4,1,242,165,207,236,239,-25,-15,-2,1
5763,Fam240b,4,4,0,0,10,7,2,1,242,228,231,240,241,-6,-3,-2,-1
3399,Clcn3,33,22,2,2,54,21,4,1,242,155,199,236,239,-21,1,-2,1
863,Afmid,38,25,7,3,60,38,9,2,242,144,179,226,237,-22,-13,-2,1
19268,Tifab,35,22,8,1,50,36,10,6,242,157,184,224,235,-15,-14,-2,-5
11901,Mynn,32,18,4,2,45,24,6,2,242,165,200,232,238,-13,-6,-2,0
18450,St6galnac3,39,29,10,3,64,48,12,3,242,139,165,220,236,-25,-19,-2,0
19267,Tifa,40,28,5,1,61,42,7,1,242,141,172,230,240,-21,-14,-2,0
12935,Olfr1167,65,36,3,0,50,28,5,2,242,127,178,234,240,15,8,-2,-2
21713,Zfp142,50,26,2,0,40,18,4,0,242,152,198,236,242,10,8,-2,0
12713,Oaf,43,29,9,3,75,45,11,4,242,124,168,222,235,-32,-16,-2,-1
5270,Elmod2,53,29,5,4,51,23,7,5,242,138,190,230,233,2,6,-2,-1
3616,Coa3,33,19,4,3,50,24,6,3,242,159,199,232,236,-17,-5,-2,0
5287,Elp3,25,11,3,2,43,22,5,2,242,174,209,234,238,-18,-11,-2,0
21728,Zfp207,34,19,5,3,41,21,7,3,242,167,202,230,236,-7,-2,-2,0
20580,Ubr1,24,10,2,2,59,24,4,0,242,159,208,236,240,-35,-14,-2,2
5343,Enox2,39,24,8,3,64,33,10,4,242,139,185,224,235,-25,-9,-2,-1
9070,Igfn1,31,19,3,1,22,11,5,1,242,189,212,234,240,9,8,-2,0
11764,Mtmr7,41,26,6,0,65,39,8,4,242,136,177,228,238,-24,-13,-2,-4
18302,Sprr2j-ps,6,6,3,0,18,16,5,0,242,218,220,234,242,-12,-10,-2,0
12839,Olfr1048,47,18,0,0,56,34,2,0,242,139,190,240,242,-9,-16,-2,0
18310,Spryd3,34,20,3,2,38,18,5,1,242,170,204,234,239,-4,2,-2,1
19016,Tcp1,39,15,4,2,35,26,6,1,242,168,201,232,239,4,-11,-2,1
2829,Cd27,65,43,8,1,67,44,10,1,242,110,155,224,240,-2,-1,-2,0
3603,Cntn3,18,8,0,0,43,15,2,0,242,181,219,240,242,-25,-7,-2,0
16096,Rd3l,8,6,1,0,19,15,3,0,242,215,221,238,242,-11,-9,-2,0
8645,Higd1b,55,37,15,3,49,34,17,5,242,138,171,210,234,6,3,-2,-2
11816,Mup20,26,23,5,2,23,22,7,2,242,193,197,230,238,3,1,-2,0
5352,Ensa,36,16,2,2,38,19,4,1,242,168,207,236,239,-2,-3,-2,1
15567,Psmb5,29,14,2,2,27,13,4,1,242,186,215,236,239,2,1,-2,1
3601,Cntn1,15,8,0,0,36,21,2,1,242,191,213,240,241,-21,-13,-2,-1
17298,Sh3glb2,39,18,3,2,42,16,5,2,242,161,208,234,238,-3,2,-2,0
7260,Gm28036,55,32,12,10,62,43,14,5,242,125,167,216,227,-7,-11,-2,5
16104,Rdh16f1,22,20,11,4,25,21,13,9,242,195,201,218,229,-3,-1,-2,-5
11821,Mup5,12,11,3,1,14,14,5,1,242,216,217,234,240,-2,-3,-2,0
20543,Ube2n,26,16,4,4,38,19,6,3,242,178,207,232,235,-12,-3,-2,1
19295,Timp2,53,28,5,2,39,22,7,4,242,150,192,230,236,14,6,-2,-2
12821,Olfr103,4,3,2,0,11,7,4,0,242,227,232,236,242,-7,-4,-2,0
12820,Olfr1029,45,26,4,0,35,17,6,2,242,162,199,232,240,10,9,-2,-2
3598,Cntf,69,55,22,11,50,40,24,17,242,123,147,196,214,19,15,-2,-6
5833,Farsa,34,15,3,3,33,17,5,1,242,175,210,234,238,1,-2,-2,2
2243,Btnl4,32,16,4,0,40,24,6,1,242,170,202,232,241,-8,-8,-2,-1
5312,Eml3,31,21,3,2,45,20,5,0,242,166,201,234,240,-14,1,-2,2
9067,Igfbpl1,34,16,0,0,31,11,2,0,242,177,215,240,242,3,5,-2,0
5825,Fancm,46,30,4,0,71,36,6,1,242,125,176,232,241,-25,-6,-2,-1
12869,Olfr1094,19,13,0,0,16,15,2,1,242,207,214,240,241,3,-2,-2,-1
11781,Mturn,43,17,3,2,52,27,5,0,242,147,198,234,240,-9,-10,-2,2
11779,Mtss2,54,35,4,0,57,30,6,1,242,131,177,232,241,-3,5,-2,-1
2905,Cdc25a,35,19,4,2,56,29,6,3,242,151,194,232,237,-21,-10,-2,-1
17486,Slc17a5,31,21,5,2,62,35,7,3,242,149,186,230,237,-31,-14,-2,-1
11792,Muc20,36,17,3,1,32,15,5,2,242,174,210,234,239,4,2,-2,-1
20116,Triap1,42,25,3,2,55,33,5,3,242,145,184,234,237,-13,-8,-2,-1
19307,Tjp1,36,17,3,2,54,32,5,2,242,152,193,234,238,-18,-15,-2,0
19018,Tcp10b,54,36,5,3,66,56,7,2,242,122,150,230,237,-12,-20,-2,1
19026,Tcta,30,12,3,3,56,30,5,2,242,156,200,234,237,-26,-18,-2,1
2239,Btn2a2,48,29,6,0,57,28,8,2,242,137,185,228,240,-9,1,-2,-2
5313,Eml4,32,13,2,2,50,27,4,1,242,160,202,236,239,-18,-14,-2,1
546,Abracl,50,28,6,3,56,27,8,4,242,136,187,228,235,-6,1,-2,-1
11797,Muc5b,11,5,0,0,26,14,2,0,242,205,223,240,242,-15,-9,-2,0
17484,Slc17a3,15,9,3,3,23,16,5,2,242,204,217,234,237,-8,-7,-2,1
16073,Rc3h1,38,21,4,2,57,34,6,0,242,147,187,232,240,-19,-13,-2,2
2041,Bicdl2,62,41,8,2,51,31,10,6,242,129,170,224,234,11,10,-2,-4
5339,Eno3,40,19,3,2,61,40,5,2,242,141,183,234,238,-21,-21,-2,0
19299,Tinagl1,65,39,5,2,45,23,7,0,242,132,180,230,240,20,16,-2,2
11770,Mtpap,29,18,4,2,51,24,6,2,242,162,200,232,238,-22,-6,-2,0
17482,Slc17a1,15,6,4,2,20,11,6,0,242,207,225,232,240,-5,-5,-2,2
5832,Fars2,26,15,3,3,51,27,5,2,242,165,200,234,237,-25,-12,-2,1
908,Ahcyl2,41,20,2,2,43,17,4,0,242,158,205,236,240,-2,3,-2,2
5305,Emg1,39,21,3,3,34,15,5,2,242,169,206,234,237,5,6,-2,1
907,Ahcyl1,34,18,2,2,44,20,4,1,242,164,204,236,239,-10,-2,-2,1
19293,Timmdc1,36,16,3,2,36,14,5,2,242,170,212,234,238,0,2,-2,0
5789,Fam71f2,58,39,9,3,65,50,11,4,242,119,153,222,235,-7,-11,-2,-1
19285,Timm23,43,19,3,3,34,15,5,3,242,165,208,234,236,9,4,-2,0
5295,Emc3,35,22,4,2,34,14,6,2,242,173,206,232,238,1,8,-2,0
2834,Cd2bp2,26,11,3,2,43,22,5,2,242,173,209,234,238,-17,-11,-2,0
895,Agrn,42,23,2,2,53,29,4,0,242,147,190,236,240,-11,-6,-2,2
5382,Epg5,39,22,3,1,55,31,5,1,242,148,189,234,240,-16,-9,-2,0
15586,Psmd3,34,15,2,2,35,16,4,2,242,173,211,236,238,-1,-1,-2,0
12902,Olfr113,48,35,5,0,61,39,7,3,242,133,168,230,239,-13,-4,-2,-3
17311,Sharpin,30,20,2,2,56,24,4,1,242,156,198,236,239,-26,-4,-2,1
12903,Olfr1130,24,8,0,0,40,15,2,1,242,178,219,240,241,-16,-7,-2,-1
5293,Emc10,26,11,2,2,50,26,4,2,242,166,205,236,238,-24,-15,-2,0
16049,Rbm5,36,20,3,3,50,30,5,1,242,156,192,234,238,-14,-10,-2,2
11738,Mtfr1,34,18,2,2,43,26,4,2,242,165,198,236,238,-9,-8,-2,0
5800,Fam83d,50,18,4,1,70,41,6,5,242,122,183,232,236,-20,-23,-2,-4
2821,Cd209f,33,29,4,0,30,25,6,2,242,179,188,232,240,3,4,-2,-2
12771,Ofd1,33,17,2,0,52,28,4,0,242,157,197,236,242,-19,-11,-2,0
8666,Hjv,18,8,0,0,29,13,2,0,242,195,221,240,242,-11,-5,-2,0
18416,Sst,15,13,2,0,9,8,4,2,242,218,221,236,240,6,5,-2,-2
16112,Rdx,31,13,3,3,51,24,5,1,242,160,205,234,238,-20,-11,-2,2
17314,Shc1,38,20,3,3,47,34,5,1,242,157,188,234,238,-9,-14,-2,2
12912,Olfr114,2,2,0,0,6,6,2,0,242,234,234,240,242,-4,-4,-2,0
17461,Slc14a1,46,24,2,0,57,38,4,0,242,139,180,236,242,-11,-14,-2,0
18415,Ssrp1,34,16,4,3,38,19,6,1,242,170,207,232,238,-4,-3,-2,2
11869,Myh10,39,22,3,2,63,39,5,2,242,140,181,234,238,-24,-17,-2,0
19048,Tdrd3,28,15,3,2,45,25,5,0,242,169,202,234,240,-17,-10,-2,2
8662,Hivep1,45,25,5,2,62,33,7,2,242,135,184,230,238,-17,-8,-2,0
12787,Olah,26,18,5,0,32,25,7,3,242,184,199,230,239,-6,-7,-2,-3
3623,Cobl,29,16,3,2,48,25,5,0,242,165,201,234,240,-19,-9,-2,2
11842,Mxra8,34,19,3,2,67,42,5,3,242,141,181,234,237,-33,-23,-2,-1
12815,Olfr1023,39,15,1,0,39,20,3,2,242,164,207,238,240,0,-5,-2,-2
12893,Olfr112,4,2,1,0,8,7,3,2,242,230,233,238,240,-4,-5,-2,-2
12896,Olfr1122,39,20,2,1,60,30,4,2,242,143,192,236,239,-21,-10,-2,-1
18440,St3gal1,49,28,6,0,48,25,8,1,242,145,189,228,241,1,3,-2,-1
21509,Xrn2,31,14,2,2,50,25,4,1,242,161,203,236,239,-19,-11,-2,1
18424,Ssu2,30,16,1,1,47,29,3,0,242,165,197,238,241,-17,-13,-2,1
901,Agtr2,32,17,1,0,16,8,3,2,242,194,217,238,240,16,9,-2,-2
21510,Xrra1,40,20,2,0,69,40,4,0,242,133,182,236,242,-29,-20,-2,0
11836,Mx2,76,48,5,0,45,24,7,2,242,121,170,230,240,31,24,-2,-2
5366,Eomes,45,24,3,2,61,35,5,1,242,136,183,234,239,-16,-11,-2,1
21732,Zfp219,51,19,4,2,47,18,6,3,242,144,205,232,237,4,1,-2,-1
12805,Olfr1012,41,22,1,0,43,25,3,0,242,158,195,238,242,-2,-3,-2,0
5296,Emc4,25,14,4,3,34,15,6,4,242,183,213,232,235,-9,-1,-2,-1
7285,Gm28490,7,7,3,3,5,5,5,5,242,230,230,234,234,2,2,-2,-2
5801,Fam83e,63,44,9,1,55,36,11,6,242,124,162,222,235,8,8,-2,-5
3596,Cnst,43,22,2,2,44,25,4,1,242,155,195,236,239,-1,-3,-2,1
11740,Mtfr2,76,46,6,0,41,28,8,3,242,125,168,228,239,35,18,-2,-3
5297,Emc6,37,16,2,2,40,15,4,0,242,165,211,236,240,-3,1,-2,2
557,Acad10,35,23,3,3,55,26,5,1,242,152,193,234,238,-20,-3,-2,2
5373,Epb41l3,39,20,3,2,59,32,5,1,242,144,190,234,239,-20,-12,-2,1
18317,Spta1,14,6,0,0,33,19,2,0,242,195,217,240,242,-19,-13,-2,0
16054,Rbms1,27,11,4,2,62,34,6,1,242,153,197,232,239,-35,-23,-2,1
560,Acad8,40,21,3,2,45,22,5,2,242,157,199,234,238,-5,-1,-2,0
3592,Cnpy4,61,32,2,1,30,18,4,2,242,151,192,236,239,31,14,-2,-1
2228,Btf3,34,17,3,3,39,24,5,1,242,169,201,234,238,-5,-7,-2,2
15879,Rad21,34,14,2,2,45,22,4,0,242,163,206,236,240,-11,-8,-2,2
2896,Cdadc1,33,16,2,2,46,18,4,1,242,163,208,236,239,-13,-2,-2,1
5570,Exosc10,22,13,5,2,55,35,7,3,242,165,194,230,237,-33,-22,-2,-1
21620,Zc3h12c,49,20,3,2,53,32,5,0,242,140,190,234,240,-4,-12,-2,2
8836,Hsd17b14,60,37,5,2,48,33,7,1,242,134,172,230,239,12,4,-2,1
8936,Ibtk,32,17,2,2,56,31,4,0,242,154,194,236,240,-24,-14,-2,2
15941,Rapgef1,36,17,2,2,48,18,4,2,242,158,207,236,238,-12,-1,-2,0
2111,Borcs6,49,22,3,2,44,19,5,0,242,149,201,234,240,5,3,-2,2
12360,Nlrp5,33,13,0,0,36,19,2,0,242,173,210,240,242,-3,-6,-2,0
5563,Exoc5,46,29,5,2,44,19,7,4,242,152,194,230,236,2,10,-2,-2
18352,Srgap3,50,22,7,0,55,35,9,5,242,137,185,226,237,-5,-13,-2,-5
2110,Borcs5,38,24,2,2,60,34,4,0,242,144,184,236,240,-22,-10,-2,2
8944,Ice2,46,23,4,2,40,23,6,3,242,156,196,232,237,6,0,-2,-1
8945,Icmt,31,15,2,2,54,24,4,1,242,157,203,236,239,-23,-9,-2,1
12093,Ndc1,29,11,4,1,58,30,6,4,242,155,201,232,237,-29,-19,-2,-3
6702,Gm10228,11,11,8,4,11,11,10,3,242,220,220,224,235,0,0,-2,1
19332,Tll1,43,20,1,0,69,36,3,1,242,130,186,238,241,-26,-16,-2,-1
15947,Rapgefl1,39,14,0,0,77,34,2,0,242,126,194,240,242,-38,-20,-2,0
2159,Brix1,51,25,6,3,46,23,8,3,242,145,194,228,236,5,2,-2,0
20941,Vmn1r184,29,17,2,1,45,25,4,2,242,168,200,236,239,-16,-8,-2,-1
5440,Ercc8,45,19,3,2,44,24,5,1,242,153,199,234,239,1,-5,-2,1
12348,Nlrp10,46,26,4,3,56,28,6,3,242,140,188,232,236,-10,-2,-2,0
17385,Sirpb1b,27,22,6,2,29,24,8,3,242,186,196,228,237,-2,-2,-2,-1
12114,Ndufa12,30,14,4,4,42,25,6,3,242,170,203,232,235,-12,-11,-2,1
2155,Brinp1,35,21,5,2,36,18,7,3,242,171,203,230,237,-1,3,-2,-1
5685,Fam161b,55,25,2,0,45,24,4,1,242,142,193,236,241,10,1,-2,-1
17387,Sirt1,42,21,4,2,41,30,6,2,242,159,191,232,238,1,-9,-2,0
2114,Bpgm,37,19,5,3,67,31,7,3,242,138,192,230,236,-30,-12,-2,0
17388,Sirt2,37,23,3,2,25,12,5,3,242,180,207,234,237,12,11,-2,-1
12339,Nle1,43,24,6,0,53,24,8,4,242,146,194,228,238,-10,0,-2,-4
5686,Fam162a,36,23,5,3,46,24,7,6,242,160,195,230,233,-10,-1,-2,-3
18354,Sri,36,26,7,3,43,22,9,4,242,163,194,226,235,-7,4,-2,-1
5573,Exosc4,26,11,4,4,57,29,6,3,242,159,202,232,235,-31,-18,-2,1
18380,Srsf1,34,16,3,3,34,21,5,1,242,174,205,234,238,0,-5,-2,2
12343,Nlk,34,17,2,2,58,35,4,1,242,150,190,236,239,-24,-18,-2,1
15804,Rab1a,37,19,4,2,34,22,6,3,242,171,201,232,237,3,-3,-2,-1
19178,Tfpt,30,17,3,3,41,18,5,2,242,171,207,234,237,-11,-1,-2,1
5696,Fam168b,37,25,2,2,47,27,4,2,242,158,190,236,238,-10,-2,-2,0
12375,Nme7,34,22,3,2,68,43,5,0,242,140,177,234,240,-34,-21,-2,2
21623,Zc3h14,29,17,4,2,48,31,6,1,242,165,194,232,239,-19,-14,-2,1
15950,Rara,49,25,2,2,54,29,4,0,242,139,188,236,240,-5,-4,-2,2
2165,Brpf1,37,12,3,2,35,20,5,0,242,170,210,234,240,2,-8,-2,2
12413,Nol8,45,25,5,2,50,28,7,3,242,147,189,230,237,-5,-3,-2,-1
12416,Nom1,40,13,2,1,43,22,4,2,242,159,207,236,239,-3,-9,-2,-1
5703,Fam171b,46,26,2,0,60,34,4,0,242,136,182,236,242,-14,-8,-2,0
797,Adgrg6,54,36,2,2,46,23,4,1,242,142,183,236,239,8,13,-2,1
12069,Ncf2,51,38,7,0,67,37,9,3,242,124,167,226,239,-16,1,-2,-3
5541,Evc2,50,25,4,2,37,23,6,1,242,155,194,232,239,13,2,-2,1
12425,Nop58,48,22,2,2,33,18,4,2,242,161,202,236,238,15,4,-2,0
12064,Ncbp3,32,15,3,0,33,15,5,1,242,177,212,234,241,-1,0,-2,-1
18348,Srf,61,30,5,3,55,28,7,1,242,126,184,230,238,6,2,-2,2
7218,Gm21953,2,2,2,2,4,4,4,4,242,236,236,236,236,-2,-2,-2,-2
15967,Rasgef1a,37,23,3,3,51,27,5,2,242,154,192,234,237,-14,-4,-2,1
5708,Fam177a,38,22,11,10,51,31,13,7,242,153,189,218,225,-13,-9,-2,3
12429,Nos2,37,20,4,1,51,23,6,0,242,154,199,232,241,-14,-3,-2,1
18387,Srsf5,21,10,4,3,91,52,6,3,242,130,180,232,236,-70,-42,-2,0
3530,Cmip,54,26,2,2,42,16,4,1,242,146,200,236,239,12,10,-2,1
2105,Bola2,40,21,4,2,28,16,6,3,242,174,205,232,237,12,5,-2,-1
20561,Ubfd1,62,39,3,2,29,19,5,3,242,151,184,234,237,33,20,-2,-1
5552,Exd1,49,23,3,0,62,40,5,0,242,131,179,234,242,-13,-17,-2,0
15782,Qtrt2,47,26,2,2,41,26,4,2,242,154,190,236,238,6,0,-2,0
21625,Zc3h18,36,17,3,2,50,21,5,2,242,156,204,234,238,-14,-4,-2,0
5553,Exd2,31,15,4,2,61,33,6,5,242,150,194,232,235,-30,-18,-2,-3
17391,Sirt5,39,20,3,2,41,23,5,2,242,162,199,234,238,-2,-3,-2,0
12387,Nmt2,52,29,4,2,39,17,6,1,242,151,196,232,239,13,12,-2,1
15954,Rarres2,50,35,10,5,45,33,12,7,242,147,174,220,230,5,2,-2,-2
698,Adam1a,66,40,6,1,49,32,8,3,242,127,170,228,238,17,8,-2,-2
12083,Ncoa3,39,18,2,2,59,27,4,1,242,144,197,236,239,-20,-9,-2,1
12391,Nnat,81,55,9,2,47,34,11,3,242,114,153,222,237,34,21,-2,-1
12393,Nnt,28,16,3,2,56,29,5,0,242,158,197,234,240,-28,-13,-2,2
15779,Qsox1,40,18,3,2,35,12,5,0,242,167,212,234,240,5,6,-2,2
12401,Nod1,67,38,8,0,44,30,10,2,242,131,174,224,240,23,8,-2,-2
8824,Hs6st2,37,16,1,0,48,20,3,1,242,157,206,238,241,-11,-4,-2,-1
8821,Hs3st5,20,13,4,3,45,24,6,2,242,177,205,232,237,-25,-11,-2,1
5580,Ext1,39,23,2,2,48,22,4,1,242,155,197,236,239,-9,1,-2,1
12320,Nkiras1,46,27,4,3,34,19,6,3,242,162,196,232,236,12,8,-2,0
5584,Extl3,33,22,5,2,68,37,7,2,242,141,183,230,238,-35,-15,-2,0
5614,Faap100,38,21,3,1,76,34,5,0,242,128,187,234,241,-38,-13,-2,1
5632,Faf1,27,16,3,2,34,16,5,1,242,181,210,234,239,-7,0,-2,1
12229,Nf2,28,16,2,2,49,22,4,1,242,165,204,236,239,-21,-6,-2,1
2132,Bpnt2,29,16,5,2,71,41,7,1,242,142,185,230,239,-42,-25,-2,1
2133,Bptf,35,22,3,2,49,23,5,2,242,158,197,234,238,-14,-1,-2,0
5628,Fads2,49,32,4,3,52,29,6,1,242,141,181,232,238,-3,3,-2,2
2134,Braf,33,15,4,2,57,25,6,4,242,152,202,232,236,-24,-10,-2,-2
21591,Zbtb37,43,22,5,1,68,39,7,3,242,131,181,230,238,-25,-17,-2,-2
2136,Brat1,37,17,2,2,59,35,4,1,242,146,190,236,239,-22,-18,-2,1
5658,Fam122a,36,20,3,2,57,32,5,2,242,149,190,234,238,-21,-12,-2,0
12244,Nfic,42,23,3,2,64,34,5,0,242,136,185,234,240,-22,-11,-2,2
15898,Rae1,31,13,2,2,39,21,4,3,242,172,208,236,237,-8,-8,-2,-1
5659,Fam122b,38,25,5,0,65,28,7,2,242,139,189,230,240,-27,-3,-2,-2
8879,Hspb6,49,25,3,2,56,33,5,1,242,137,184,234,239,-7,-8,-2,1
12246,Nfix,43,22,2,2,52,29,4,2,242,147,191,236,238,-9,-7,-2,0
8913,Hus1b,43,37,8,3,66,48,10,3,242,133,157,224,236,-23,-11,-2,0
3484,Clk1,76,37,6,2,34,24,8,4,242,132,181,228,236,42,13,-2,-2
7188,Gm21776,7,7,1,0,4,4,3,1,242,231,231,238,241,3,3,-2,-1
12167,Nectin2,47,27,4,2,52,20,6,2,242,143,195,232,238,-5,7,-2,0
12207,Net1,31,16,3,2,58,36,5,2,242,153,190,234,238,-27,-20,-2,0
3487,Clk4,72,45,5,2,32,21,7,2,242,138,176,230,238,40,24,-2,0
12193,Nelfa,27,11,3,2,55,31,5,4,242,160,200,234,236,-28,-20,-2,-2
15873,Rac3,60,37,5,1,46,30,7,0,242,136,175,230,241,14,7,-2,1
19150,Tex49,47,40,22,10,72,49,24,14,242,123,153,196,218,-25,-9,-2,-4
12192,Nek9,30,15,2,2,38,20,4,2,242,174,207,236,238,-8,-5,-2,0
8907,Htra2,34,13,4,4,50,27,6,2,242,158,202,232,236,-16,-14,-2,2
8910,Htt,30,9,2,2,55,27,4,0,242,157,206,236,240,-25,-18,-2,2
12220,Neurod2,23,13,0,0,21,10,2,1,242,198,219,240,241,2,3,-2,-1
765,Adcy4,59,41,8,5,47,32,10,4,242,136,169,224,233,12,9,-2,1
15890,Rad52,30,18,2,0,55,27,4,0,242,157,197,236,242,-25,-9,-2,0
15891,Rad54b,57,38,8,4,74,54,10,4,242,111,150,224,234,-17,-16,-2,0
21582,Zbtb21,70,34,4,2,51,28,6,2,242,121,180,232,238,19,6,-2,0
18369,Srpr,36,18,2,2,31,15,4,1,242,175,209,236,239,5,3,-2,1
753,Adarb1,35,17,1,0,49,23,3,0,242,158,202,238,242,-14,-6,-2,0
7195,Gm21820,6,6,3,1,16,15,5,3,242,220,221,234,238,-10,-9,-2,-2
5611,F9,33,17,2,0,42,23,4,0,242,167,202,236,242,-9,-6,-2,0
5585,Eya1,50,27,2,2,60,34,4,0,242,132,181,236,240,-10,-7,-2,2
12259,Nfxl1,31,13,2,2,41,24,4,2,242,170,205,236,238,-10,-11,-2,0
19161,Tfap4,47,26,6,1,73,42,8,2,242,122,174,228,239,-26,-16,-2,-1
5592,Ezr,50,30,2,2,45,23,4,1,242,147,189,236,239,5,7,-2,1
15827,Rab37,44,26,5,0,62,35,7,3,242,136,181,230,239,-18,-9,-2,-3
21576,Zbtb14,47,25,5,2,64,35,7,1,242,131,182,230,239,-17,-10,-2,1
2880,Cd74,62,42,11,3,55,47,13,4,242,125,153,218,235,7,-5,-2,-1
15924,Ranbp10,27,15,2,2,57,29,4,1,242,158,198,236,239,-30,-14,-2,1
12308,Nit1,31,19,3,2,56,24,5,2,242,155,199,234,238,-25,-5,-2,0
12309,Nit2,33,22,4,4,50,34,6,5,242,159,186,232,233,-17,-12,-2,-1
15931,Rangap1,38,21,5,4,31,17,7,1,242,173,204,230,237,7,4,-2,3
15822,Rab33a,58,39,6,3,59,40,8,0,242,125,163,228,239,-1,-1,-2,3
3512,Clta,44,30,4,3,28,14,6,1,242,170,198,232,238,16,16,-2,2
12117,Ndufa3,39,21,6,5,44,23,8,3,242,159,198,228,234,-5,-2,-2,2
3514,Cltc,43,21,3,3,29,15,5,0,242,170,206,234,239,14,6,-2,3
12115,Ndufa13,25,13,2,2,33,19,4,1,242,184,210,236,239,-8,-6,-2,1
12315,Nkapd1,40,12,3,2,50,24,5,1,242,152,206,234,239,-10,-12,-2,1
8853,Hsf2bp,46,33,5,3,73,51,7,2,242,123,158,230,237,-27,-18,-2,1
7201,Gm21858,5,5,5,1,12,9,7,4,242,225,228,230,237,-7,-4,-2,-3
2872,Cd5l,24,11,4,2,35,23,6,2,242,183,208,232,238,-11,-12,-2,0
17376,Sin3a,29,11,2,2,70,38,4,0,242,143,193,236,240,-41,-27,-2,2
17358,Sidt1,27,16,6,1,34,25,8,1,242,181,201,228,240,-7,-9,-2,0
742,Adamts7,50,24,1,0,60,26,3,1,242,132,192,238,241,-10,-2,-2,-1
20930,Vmn1r173,17,4,0,0,22,11,2,0,242,203,227,240,242,-5,-7,-2,0
15844,Rab4a,42,28,7,2,49,25,9,3,242,151,189,226,237,-7,3,-2,-1
15905,Rai14,43,20,2,2,44,25,4,1,242,155,197,236,239,-1,-5,-2,1
5606,F7,53,28,0,0,40,17,2,0,242,149,197,240,242,13,11,-2,0
12150,Ndufs3,29,16,4,2,34,21,6,1,242,179,205,232,239,-5,-5,-2,1
12285,Nicn1,37,21,5,3,60,31,7,1,242,145,190,230,238,-23,-10,-2,2
12276,Nhlrc3,34,18,2,2,58,28,4,0,242,150,196,236,240,-24,-10,-2,2
19126,Tex16,21,15,5,1,14,11,7,1,242,207,216,230,240,7,4,-2,0
17377,Sin3b,50,26,4,2,31,11,6,3,242,161,205,232,237,19,15,-2,-1
17355,Siah1b,44,20,4,0,60,28,6,2,242,138,194,232,240,-16,-8,-2,-2
3481,Clip2,37,11,2,2,42,18,4,1,242,163,213,236,239,-5,-7,-2,1
20175,Trim62,44,16,1,0,53,22,3,0,242,145,204,238,242,-9,-6,-2,0
12052,Ncald,41,30,10,3,74,44,12,2,242,127,168,220,237,-33,-14,-2,1
19111,Tespa1,38,28,8,3,26,20,10,0,242,178,194,224,239,12,8,-2,3
18390,Srsf9,36,16,2,2,40,16,4,1,242,166,210,236,239,-4,0,-2,1
11960,Naa10,44,31,3,2,33,18,5,2,242,165,193,234,238,11,13,-2,0
19222,Thbs3,51,25,3,1,55,35,5,3,242,136,182,234,238,-4,-10,-2,-2
12587,Nt5c3,40,29,7,3,54,35,9,6,242,148,178,226,233,-14,-6,-2,-3
5473,Erp29,37,15,2,2,38,24,4,0,242,167,203,236,240,-1,-9,-2,2
12591,Nt5dc3,52,28,2,1,45,32,4,0,242,145,182,236,241,7,-4,-2,1
5471,Ero1b,45,28,5,2,48,28,7,1,242,149,186,230,239,-3,0,-2,1
2078,Bmp4,70,43,9,2,50,30,11,5,242,122,169,222,235,20,13,-2,-3
3455,Clec2m,6,2,1,0,16,13,3,0,242,220,227,238,242,-10,-11,-2,0
15675,Ptpn2,34,21,4,2,42,21,6,2,242,166,200,232,238,-8,0,-2,0
16015,Rbm10,36,17,2,2,37,20,4,0,242,169,205,236,240,-1,-3,-2,2
616,Acox3,25,10,5,3,74,35,7,3,242,143,197,230,236,-49,-25,-2,0
2077,Bmp3,37,7,1,0,49,21,3,0,242,156,214,238,242,-12,-14,-2,0
8903,Htr5b,46,28,5,1,41,26,7,0,242,155,188,230,241,5,2,-2,1
12600,Ntmt1,32,15,2,2,51,25,4,2,242,159,202,236,238,-19,-10,-2,0
3454,Clec2l,53,34,4,1,50,27,6,3,242,139,181,232,238,3,7,-2,-2
8733,Homer1,54,23,4,2,40,22,6,2,242,148,197,232,238,14,1,-2,0
7247,Gm26657,18,12,3,0,29,25,5,0,242,195,205,234,242,-11,-13,-2,0
15686,Ptpra,36,18,4,2,49,25,6,1,242,157,199,232,239,-13,-7,-2,1
2205,Btbd35f20,0,0,0,0,6,5,2,2,242,236,237,240,240,-6,-5,-2,-2
3456,Clec3a,8,6,3,1,6,6,5,1,242,228,230,234,240,2,0,-2,0
8752,Hoxa7,40,27,5,3,67,41,7,3,242,135,174,230,236,-27,-14,-2,0
20145,Trim32,46,28,4,2,46,28,6,3,242,150,186,232,237,0,0,-2,-1
632,Acsf3,25,12,3,2,68,34,5,3,242,149,196,234,237,-43,-22,-2,-1
11983,Nacc1,43,24,3,2,47,25,5,1,242,152,193,234,239,-4,-1,-2,1
631,Acsf2,56,31,6,3,56,31,8,3,242,130,180,228,236,0,0,-2,0
12558,Nrxn3,15,5,1,0,28,14,3,0,242,199,223,238,242,-13,-9,-2,0
12562,Nsd2,33,18,2,2,53,30,4,0,242,156,194,236,240,-20,-12,-2,2
21553,Ythdf3,31,16,4,2,47,23,6,2,242,164,203,232,238,-16,-7,-2,0
20908,Vmn1r132,1,1,0,0,4,4,2,0,242,237,237,240,242,-3,-3,-2,0
11978,Nab2,63,33,5,2,36,21,7,2,242,143,188,230,238,27,12,-2,0
628,Acsbg1,59,40,9,2,54,34,11,2,242,129,168,222,238,5,6,-2,0
7141,Gm21149,21,16,9,8,27,21,11,9,242,194,205,222,225,-6,-5,-2,-1
15693,Ptprh,33,18,2,2,32,18,4,0,242,177,206,236,240,1,0,-2,2
12574,Nsmce4a,37,20,2,2,46,18,4,0,242,159,204,236,240,-9,2,-2,2
5745,Fam217a,36,24,6,1,68,40,8,0,242,138,178,228,241,-32,-16,-2,1
11958,N4bp3,51,20,5,2,43,20,7,2,242,148,202,230,238,8,0,-2,0
15702,Ptprs,41,17,2,0,54,21,4,1,242,147,204,236,241,-13,-4,-2,-1
3559,Cngb1,41,26,7,0,55,40,9,3,242,146,176,226,239,-14,-14,-2,-3
12642,Nudt22,35,25,4,3,53,29,6,3,242,154,188,232,236,-18,-4,-2,0
20574,Ubqln1,48,26,5,2,25,14,7,2,242,169,202,230,238,23,12,-2,0
7137,Gm21103,23,21,6,1,33,24,8,2,242,186,197,228,239,-10,-3,-2,-1
15646,Ptgr1,46,30,9,3,56,35,11,2,242,140,177,222,237,-10,-5,-2,1
17429,Slain1,40,23,2,1,35,19,4,3,242,167,200,236,238,5,4,-2,-2
5449,Ergic3,23,11,2,2,43,22,4,3,242,176,209,236,237,-20,-11,-2,-1
19239,Thoc3,30,12,2,2,40,16,4,1,242,172,214,236,239,-10,-4,-2,1
11943,Myrf,48,25,2,1,62,30,4,1,242,132,187,236,240,-14,-5,-2,0
8716,Hnrnpc,52,23,3,3,30,17,5,2,242,160,202,234,237,22,6,-2,1
12654,Numa1,38,17,2,2,49,27,4,1,242,155,198,236,239,-11,-10,-2,1
8714,Hnrnpa3,32,17,4,3,44,22,6,0,242,166,203,232,239,-12,-5,-2,3
5441,Ereg,36,18,2,0,35,26,4,0,242,171,198,236,242,1,-8,-2,0
12659,Nup153,32,17,4,3,57,31,6,3,242,153,194,232,236,-25,-14,-2,0
17430,Slain2,30,15,4,2,55,28,6,3,242,157,199,232,237,-25,-13,-2,-1
15639,Ptges2,49,23,4,2,48,31,6,1,242,145,188,232,239,1,-8,-2,1
12641,Nudt21,31,16,5,4,51,25,7,2,242,160,201,230,236,-20,-9,-2,2
19083,Tenm2,12,4,0,0,22,9,2,0,242,208,229,240,242,-10,-5,-2,0
19086,Tent2,35,26,2,2,42,23,4,2,242,165,193,236,238,-7,3,-2,0
15659,Ptma,43,19,4,2,43,23,6,0,242,156,200,232,240,0,-4,-2,2
846,Aebp2,38,18,2,2,53,25,4,2,242,151,199,236,238,-15,-7,-2,0
3561,Cnih1,45,25,5,2,40,26,7,2,242,157,191,230,238,5,-1,-2,0
12615,Nuak2,68,46,4,2,57,32,6,1,242,117,164,232,239,11,14,-2,1
16020,Rbm14,56,23,4,3,39,25,6,2,242,147,194,232,237,17,-2,-2,1
15664,Ptp4a2,40,20,3,2,33,21,5,3,242,169,201,234,237,7,-1,-2,-1
12620,Nucb1,43,28,2,2,32,17,4,1,242,167,197,236,239,11,11,-2,1
11952,Mzt1,36,23,4,2,51,25,6,3,242,155,194,232,237,-15,-2,-2,-1
8723,Hnrnpk,32,15,4,3,41,18,6,0,242,169,209,232,239,-9,-3,-2,3
16024,Rbm18,44,17,2,2,33,15,4,3,242,165,210,236,237,11,2,-2,-1
12626,Nudcd3,30,16,2,2,48,20,4,1,242,164,206,236,239,-18,-4,-2,1
3564,Cnih4,40,20,5,3,43,22,7,2,242,159,200,230,237,-3,-2,-2,1
12628,Nudt10,33,20,2,0,30,18,4,3,242,179,204,236,239,3,2,-2,-3
19235,Thnsl2,46,28,6,3,69,37,8,2,242,127,177,228,237,-23,-9,-2,1
17424,Skor2,9,6,0,0,22,17,2,0,242,211,219,240,242,-13,-11,-2,0
5482,Esm1,53,30,7,4,59,26,9,5,242,130,186,226,233,-6,4,-2,-1
8753,Hoxa9,28,18,4,2,63,45,6,1,242,151,179,232,239,-35,-27,-2,1
12434,Notch2,53,24,4,2,45,23,6,3,242,144,195,232,237,8,1,-2,-1
12029,Nat8f1,42,27,8,3,62,40,10,6,242,138,175,224,233,-20,-13,-2,-3
2863,Cd47,47,26,5,2,48,25,7,4,242,147,191,230,236,-1,1,-2,-2
12472,Npm2,60,45,12,4,72,54,14,5,242,110,143,216,233,-12,-9,-2,-1
814,Adipor1,39,19,2,2,31,13,4,1,242,172,210,236,239,8,6,-2,1
668,Actr2,43,21,3,2,48,25,5,3,242,151,196,234,237,-5,-4,-2,-1
12036,Nat8l,36,15,2,0,37,18,4,3,242,169,209,236,239,-1,-3,-2,-3
2176,Bsnd,29,19,3,3,32,18,5,2,242,181,205,234,237,-3,1,-2,1
5717,Fam185a,29,16,2,1,52,26,4,0,242,161,200,236,241,-23,-10,-2,1
2860,Cd40lg,15,10,2,2,21,10,4,0,242,206,222,236,240,-6,0,-2,2
12484,Npsr1,20,15,1,0,22,15,3,1,242,200,212,238,241,-2,0,-2,-1
21560,Yy1,35,21,3,2,47,25,5,1,242,160,196,234,239,-12,-4,-2,1
2184,Btbd1,31,20,3,2,43,27,5,3,242,168,195,234,237,-12,-7,-2,-1
5511,Esyt1,50,31,7,1,53,30,9,4,242,139,181,226,237,-3,1,-2,-3
12494,Npy4r,39,18,0,0,31,16,2,1,242,172,208,240,241,8,2,-2,-1
8780,Hoxd8,44,27,5,2,64,41,7,0,242,134,174,230,240,-20,-14,-2,2
12032,Nat8f4,32,21,3,1,88,41,5,0,242,122,180,234,241,-56,-20,-2,1
18345,Srebf2,43,22,2,2,42,18,4,1,242,157,202,236,239,1,4,-2,1
671,Actr5,38,21,3,2,53,31,5,2,242,151,190,234,238,-15,-10,-2,0
12466,Nphp4,53,21,2,0,50,26,4,0,242,139,195,236,242,3,-5,-2,0
5524,Etl4,55,31,8,3,64,35,10,3,242,123,176,224,236,-9,-4,-2,0
12045,Nbdy,51,25,6,2,41,27,8,6,242,150,190,228,234,10,-2,-2,-4
15763,Pyurf,34,20,5,2,48,25,7,1,242,160,197,230,239,-14,-5,-2,1
21645,Zcchc4,39,23,3,2,57,36,5,2,242,146,183,234,238,-18,-13,-2,0
17405,Ska3,57,29,3,0,44,24,5,2,242,141,189,234,240,13,5,-2,-2
681,Acvr2b,38,17,2,0,64,43,4,0,242,140,182,236,242,-26,-26,-2,0
17408,Ski,52,29,3,3,43,23,5,1,242,147,190,234,238,9,6,-2,2
12460,Npepps,35,17,2,2,34,24,4,0,242,173,201,236,240,1,-7,-2,2
20921,Vmn1r16,52,31,2,0,50,26,4,3,242,140,185,236,239,2,5,-2,-3
15756,Pygl,42,22,2,2,42,23,4,1,242,158,197,236,239,0,-1,-2,1
7224,Gm21970,31,31,19,13,28,26,21,15,242,183,185,202,214,3,5,-2,-2
12044,Nbas,21,11,2,2,54,29,4,1,242,167,202,236,239,-33,-18,-2,1
12042,Naxd,28,14,2,2,32,16,4,3,242,182,212,236,237,-4,-2,-2,-1
12041,Nav3,33,14,0,0,55,29,2,0,242,154,199,240,242,-22,-15,-2,0
12040,Nav2,29,16,3,1,60,35,5,2,242,153,191,234,239,-31,-19,-2,-1
15735,Pwwp2a,42,20,2,2,39,26,4,0,242,161,196,236,240,3,-6,-2,2
2095,Bnip2,47,20,2,1,35,21,4,1,242,160,201,236,240,12,-1,-2,0
16006,Rbck1,41,16,2,2,34,21,4,0,242,167,205,236,240,7,-5,-2,2
15980,Rasl11b,57,41,8,3,65,40,10,2,242,120,161,224,237,-8,1,-2,1
5495,Esp4,5,5,3,1,7,7,5,1,242,230,230,234,240,-2,-2,-2,0
15993,Raver1,25,13,4,3,67,39,6,4,242,150,190,232,235,-42,-26,-2,-1
648,Actb,55,29,8,7,53,37,10,3,242,134,176,224,232,2,-8,-2,4
12527,Nrarp,40,14,2,0,55,30,4,2,242,147,198,236,240,-15,-16,-2,-2
8980,Ifi211,76,53,8,2,54,41,10,4,242,112,148,224,236,22,12,-2,-2
8982,Ifi214,49,33,5,0,53,39,7,2,242,140,170,230,240,-4,-6,-2,-2
15999,Rbbp4,49,27,2,2,24,16,4,1,242,169,199,236,239,25,11,-2,1
8765,Hoxc11,26,16,3,1,40,30,5,1,242,176,196,234,240,-14,-14,-2,0
11994,Nags,47,31,2,0,41,26,4,1,242,154,185,236,241,6,5,-2,-1
19216,Thap3,51,32,6,5,47,26,8,3,242,144,184,228,234,4,6,-2,2
8983,Ifi27,43,27,8,2,49,35,10,7,242,150,180,224,233,-6,-8,-2,-5
7240,Gm2381,34,16,5,2,57,37,7,2,242,151,189,230,238,-23,-21,-2,0
21554,Ywhab,46,25,5,2,41,18,7,3,242,155,199,230,237,5,7,-2,-1
2086,Bmpr1b,40,22,3,1,49,38,5,1,242,153,182,234,240,-9,-16,-2,0
17328,Shisa5,47,30,6,2,44,24,8,2,242,151,188,228,238,3,6,-2,0
652,Actg1,36,22,4,4,62,34,6,2,242,144,186,232,236,-26,-12,-2,2
18340,Srcin1,38,17,4,1,53,24,6,3,242,151,201,232,238,-15,-7,-2,-2
15987,Rassf4,32,22,5,1,56,28,7,1,242,154,192,230,240,-24,-6,-2,0
2094,Bnip1,30,15,4,2,54,31,6,5,242,158,196,232,235,-24,-16,-2,-3
20563,Ubl3,38,24,3,3,31,13,5,1,242,173,205,234,238,7,11,-2,2
12503,Nr1h2,45,24,4,3,42,18,6,2,242,155,200,232,237,3,6,-2,1
12021,Nars2,47,21,3,1,50,28,5,2,242,145,193,234,239,-3,-7,-2,-1
3545,Cmtr2,61,35,4,1,53,25,6,2,242,128,182,232,239,8,10,-2,-1
2186,Btbd11,44,28,2,0,60,39,4,0,242,138,175,236,242,-16,-11,-2,0
2858,Cd4,54,34,4,4,53,33,6,1,242,135,175,232,237,1,1,-2,3
15730,Pvalb,22,18,5,2,39,30,7,3,242,181,194,230,237,-17,-12,-2,-1
19212,Thap1,48,19,4,1,42,28,6,2,242,152,195,232,239,6,-9,-2,-1
5722,Fam189a1,30,13,1,0,36,22,3,0,242,176,207,238,242,-6,-9,-2,0
3460,Clec4a3,53,37,11,5,52,39,13,4,242,137,166,218,233,1,-2,-2,1
2857,Cd3g,39,32,13,5,44,32,15,7,242,159,178,214,230,-5,0,-2,-2
12016,Napg,41,19,4,2,50,19,6,0,242,151,204,232,240,-9,0,-2,2
21670,Zdhhc3,38,26,2,2,48,17,4,2,242,156,199,236,238,-10,9,-2,0
2189,Btbd18,43,28,1,0,44,26,3,2,242,155,188,238,240,-1,2,-2,-2
8833,Hsd17b11,37,26,7,3,62,31,9,0,242,143,185,226,239,-25,-5,-2,3
19445,Tmem139,39,30,10,5,71,55,12,4,242,132,157,220,233,-32,-25,-2,1
2815,Cd207,32,19,1,0,28,20,3,0,242,182,203,238,242,4,-1,-2,0
7972,Golim4,42,28,5,2,61,36,7,1,242,139,178,230,239,-19,-8,-2,1
4001,Ctdsp1,39,26,5,2,63,29,7,2,242,140,187,230,238,-24,-3,-2,0
4396,Ddi1,4,1,0,0,34,16,2,0,242,204,225,240,242,-30,-15,-2,0
15179,Ppp2r1a,39,30,5,4,43,27,7,4,242,160,185,230,234,-4,3,-2,0
15178,Ppp2cb,36,15,2,2,46,23,4,0,242,160,204,236,240,-10,-8,-2,2
7965,Golga2,37,16,2,2,40,25,4,1,242,165,201,236,239,-3,-9,-2,1
14257,Pcdh1,37,21,4,2,61,31,6,0,242,144,190,232,240,-24,-10,-2,2
20660,Umodl1,28,12,0,0,24,16,2,0,242,190,214,240,242,4,-4,-2,0
201,2900026A02Rik,42,24,4,2,63,30,6,1,242,137,188,232,239,-21,-6,-2,1
15171,Ppp1r3g,35,22,3,1,53,27,5,3,242,154,193,234,238,-18,-5,-2,-2
14264,Pcdh19,48,30,3,1,52,32,5,0,242,142,180,234,241,-4,-2,-2,1
2655,Ccdc57,29,14,2,0,53,26,4,1,242,160,202,236,241,-24,-12,-2,-1
17798,Slc8b1,47,28,6,5,68,41,8,2,242,127,173,228,235,-21,-13,-2,3
15170,Ppp1r3f,50,23,2,0,55,22,4,0,242,137,197,236,242,-5,1,-2,0
15168,Ppp1r3d,46,24,3,0,63,39,5,0,242,133,179,234,242,-17,-15,-2,0
14286,Pcdhb13,25,6,0,0,46,25,2,0,242,171,211,240,242,-21,-19,-2,0
7615,Gm49450,31,25,17,13,29,26,19,16,242,182,191,206,213,2,-1,-2,-3
7950,Gnl1,38,13,2,2,52,24,4,1,242,152,205,236,239,-14,-11,-2,1
4382,Dcun1d2,48,24,3,2,49,31,5,1,242,145,187,234,239,-1,-7,-2,1
7949,Gngt2,51,38,8,4,51,30,10,2,242,140,174,224,236,0,8,-2,2
15187,Ppp2r3d,39,22,5,2,53,27,7,4,242,150,193,230,236,-14,-5,-2,-2
14235,Paxx,45,25,5,4,41,21,7,5,242,156,196,230,233,4,4,-2,-1
3994,Ctbp2,37,16,4,3,55,29,6,2,242,150,197,232,237,-18,-13,-2,1
15190,Ppp2r5c,28,13,2,2,50,29,4,1,242,164,200,236,239,-22,-16,-2,1
17786,Slc7a2,53,27,2,0,44,29,4,1,242,145,186,236,241,9,-2,-2,-1
14186,Parn,29,14,3,2,46,27,5,4,242,167,201,234,236,-17,-13,-2,-2
3996,Ctc1,32,15,2,2,44,15,4,1,242,166,212,236,239,-12,0,-2,1
2527,Cbfa2t2,53,19,2,2,37,18,4,1,242,152,205,236,239,16,1,-2,1
221,4921517D22Rik,22,11,1,0,19,10,3,3,242,201,221,238,239,3,1,-2,-3
15212,Pptc7,29,11,3,2,57,28,5,2,242,156,203,234,238,-28,-17,-2,0
4414,Ddx19a,41,26,3,2,35,18,5,1,242,166,198,234,239,6,8,-2,1
14201,Parva,40,16,3,2,43,22,5,2,242,159,204,234,238,-3,-6,-2,0
2529,Cbfb,39,22,5,2,48,24,7,1,242,155,196,230,239,-9,-2,-2,1
20757,Usp30,32,13,5,2,48,25,7,1,242,162,204,230,239,-16,-12,-2,1
218,4921507P07Rik,40,19,2,0,53,24,4,1,242,149,199,236,241,-13,-5,-2,-1
19806,Tpbg,50,30,1,0,38,17,3,1,242,154,195,238,241,12,13,-2,-1
22051,Zfp958,39,20,4,2,62,35,6,2,242,141,187,232,238,-23,-15,-2,0
4404,Ddost,30,18,3,3,45,25,5,1,242,167,199,234,238,-15,-7,-2,2
14216,Pate7,2,2,1,0,3,3,3,3,242,237,237,238,239,-1,-1,-2,-3
3999,Ctdnep1,37,19,3,2,26,14,5,0,242,179,209,234,240,11,5,-2,2
14225,Pax2,30,15,2,2,39,23,4,0,242,173,204,236,240,-9,-8,-2,2
7976,Golph3l,41,17,3,2,49,28,5,1,242,152,197,234,239,-8,-11,-2,1
14231,Pax8,57,40,8,4,51,37,10,2,242,134,165,224,236,6,3,-2,2
14293,Pcdhb2,36,19,4,2,52,33,6,2,242,154,190,232,238,-16,-14,-2,0
19816,Tpgs2,30,14,4,0,55,26,6,4,242,157,202,232,238,-25,-12,-2,-4
14299,Pcdhb5,40,23,1,0,57,33,3,1,242,145,186,238,241,-17,-10,-2,-1
4380,Dctpp1,36,17,3,2,60,24,5,2,242,146,201,234,238,-24,-7,-2,0
7627,Gm49721,22,18,4,0,32,25,6,1,242,188,199,232,241,-10,-7,-2,-1
17820,Slco2b1,43,25,7,2,38,28,9,4,242,161,189,226,236,5,-3,-2,-2
14370,Pdap1,35,19,2,2,28,14,4,1,242,179,209,236,239,7,5,-2,1
4339,Dcaf4,46,28,6,1,57,31,8,3,242,139,183,228,238,-11,-3,-2,-2
19839,Tpsab1,32,25,4,1,19,13,6,1,242,191,204,232,240,13,12,-2,0
7917,Gna13,54,28,3,2,35,19,5,2,242,153,195,234,238,19,9,-2,0
7913,Gmpr2,40,20,3,2,41,23,5,2,242,161,199,234,238,-1,-3,-2,0
15131,Ppme1,39,20,4,2,34,17,6,2,242,169,205,232,238,5,3,-2,0
14383,Pdcl,47,22,4,2,66,29,6,2,242,129,191,232,238,-19,-7,-2,0
4028,Ctrl,72,55,11,3,51,38,13,5,242,119,149,218,234,21,17,-2,-2
154,2310002L09Rik,6,5,0,0,9,8,2,1,242,227,229,240,241,-3,-3,-2,-1
20737,Usp15,30,14,4,2,58,36,6,2,242,154,192,232,238,-28,-22,-2,0
15128,Ppm1l,41,23,2,1,49,25,4,0,242,152,194,236,241,-8,-2,-2,1
20736,Usp14,36,19,2,2,45,24,4,1,242,161,199,236,239,-9,-5,-2,1
150,2210418O10Rik,56,24,4,3,64,39,6,1,242,122,179,232,238,-8,-15,-2,2
14407,Pde7a,42,21,4,3,60,39,6,1,242,140,182,232,238,-18,-18,-2,2
14408,Pde7b,41,23,6,5,48,28,8,4,242,153,191,228,233,-7,-5,-2,1
15116,Ppip5k1,39,15,4,2,66,33,6,3,242,137,194,232,237,-27,-18,-2,-1
15114,Ppil4,29,17,4,3,46,23,6,2,242,167,202,232,237,-17,-6,-2,1
19946,Trav11d,4,4,4,4,7,7,6,5,242,231,231,232,233,-3,-3,-2,-1
2552,Cbx8,52,34,3,0,65,41,5,0,242,125,167,234,242,-13,-7,-2,0
17818,Slco1c1,21,10,1,1,21,9,3,2,242,200,223,238,239,0,1,-2,-1
2549,Cbx5,40,26,3,2,40,23,5,2,242,162,193,234,238,0,3,-2,0
14302,Pcdhb8,42,32,9,2,47,34,11,5,242,153,176,222,235,-5,-2,-2,-3
184,2610028H24Rik,54,38,6,2,68,39,8,3,242,120,165,228,237,-14,-1,-2,-1
20745,Usp19,37,14,3,2,36,27,5,1,242,169,201,234,239,1,-13,-2,1
17809,Slc9a9,40,18,0,0,53,26,2,1,242,149,198,240,241,-13,-8,-2,-1
4010,Ctla2a,64,38,11,3,48,32,13,10,242,130,172,218,229,16,6,-2,-7
2547,Cbx3,43,18,3,2,48,23,5,2,242,151,201,234,238,-5,-5,-2,0
19824,Tpm3-rs7,64,46,12,10,67,55,14,7,242,111,141,216,225,-3,-9,-2,3
19829,Tpp2,28,17,3,2,43,26,5,1,242,171,199,234,239,-15,-9,-2,1
14333,Pcid2,29,19,3,3,58,37,5,2,242,155,186,234,237,-29,-18,-2,1
15139,Ppp1r12b,39,22,2,1,52,31,4,1,242,151,189,236,240,-13,-9,-2,0
4353,Dchs2,15,5,1,0,33,11,3,0,242,194,226,238,242,-18,-6,-2,0
4016,Ctnnal1,45,23,6,4,41,19,8,3,242,156,200,228,235,4,4,-2,1
7928,Gnat2,62,41,5,0,57,39,7,2,242,123,162,230,240,5,2,-2,-2
22102,Zfyve19,28,19,2,2,42,20,4,1,242,172,203,236,239,-14,-1,-2,1
18053,Snx30,41,27,4,2,59,35,6,0,242,142,180,232,240,-18,-8,-2,2
2551,Cbx7,36,14,5,3,68,41,7,0,242,138,187,230,239,-32,-27,-2,3
15140,Ppp1r12c,34,13,2,2,32,16,4,0,242,176,213,236,240,2,-3,-2,2
14360,Pcsk6,36,18,4,2,46,28,6,1,242,160,196,232,239,-10,-10,-2,1
7997,Gpaa1,38,14,3,2,49,22,5,2,242,155,206,234,238,-11,-8,-2,0
7998,Gpalpp1,37,21,2,2,48,19,4,1,242,157,202,236,239,-11,2,-2,1
17502,Slc1a5,50,22,4,3,57,34,6,2,242,135,186,232,237,-7,-12,-2,1
13999,Ormdl2,33,17,6,2,57,29,8,3,242,152,196,228,237,-24,-12,-2,-1
14004,Osbpl10,27,13,4,2,54,23,6,0,242,161,206,232,240,-27,-10,-2,2
14005,Osbpl11,39,21,5,2,51,31,7,1,242,152,190,230,239,-12,-10,-2,1
14007,Osbpl2,46,24,4,2,38,19,6,2,242,158,199,232,238,8,5,-2,0
293,4931422A03Rik,45,38,12,1,57,45,14,4,242,140,159,216,237,-12,-7,-2,-3
15299,Prelid3b,35,18,4,3,36,19,6,3,242,171,205,232,236,-1,-1,-2,0
14016,Oser1,52,29,5,2,35,20,7,5,242,155,193,230,235,17,9,-2,-3
3963,Csrp2,42,22,8,4,56,34,10,2,242,144,186,224,236,-14,-12,-2,2
15292,Prdx5,27,15,2,2,46,22,4,1,242,169,205,236,239,-19,-7,-2,1
14025,Ost4,29,17,3,2,38,20,5,3,242,175,205,234,237,-9,-3,-2,-1
2678,Ccdc81,65,34,7,4,40,20,9,7,242,137,188,226,231,25,14,-2,-3
15284,Prdm5,48,25,3,2,55,33,5,1,242,139,184,234,239,-7,-8,-2,1
14037,Otop2,27,14,0,0,16,7,2,1,242,199,221,240,241,11,7,-2,-1
20647,Uhmk1,40,21,4,2,55,33,6,0,242,147,188,232,240,-15,-12,-2,2
15281,Prdm16,42,22,2,0,58,37,4,1,242,142,183,236,241,-16,-15,-2,-1
14048,Otud5,32,17,2,2,39,18,4,0,242,171,207,236,240,-7,-1,-2,2
21968,Zfp773,40,19,5,2,67,44,7,1,242,135,179,230,239,-27,-25,-2,1
20776,Usp49,41,22,4,2,62,34,6,0,242,139,186,232,240,-21,-12,-2,2
4467,Defa31,6,6,6,5,8,8,8,8,242,228,228,228,229,-2,-2,-2,-3
14062,Ovol3,53,47,15,5,47,40,17,8,242,142,155,210,229,6,7,-2,-3
3958,Cspp1,36,19,6,4,58,32,8,2,242,148,191,228,236,-22,-13,-2,2
19970,Trav14d-3-dv8,14,14,11,6,14,14,13,4,242,214,214,218,232,0,0,-2,2
225,4921539E11Rik,21,11,0,0,18,12,2,0,242,203,219,240,242,3,-1,-2,0
13990,Orc2,45,28,3,2,45,23,5,2,242,152,191,234,238,0,5,-2,0
4535,Dennd2d,48,32,5,1,48,30,7,1,242,146,180,230,240,0,2,-2,0
20785,Usp9x,46,24,4,2,44,25,6,2,242,152,193,232,238,2,-1,-2,0
13936,Olfr984,38,24,2,1,47,23,4,2,242,157,195,236,239,-9,1,-2,-1
311,4933407L21Rik,43,36,16,5,49,41,18,3,242,150,165,208,234,-6,-5,-2,2
7549,Gm4756,54,39,7,2,77,53,9,2,242,111,150,226,238,-23,-14,-2,0
17740,Slc51b,33,31,6,2,28,23,8,3,242,181,188,228,237,5,8,-2,-1
308,4933403O08Rik,8,7,0,0,23,18,2,0,242,211,217,240,242,-15,-11,-2,0
8089,Gpr34,44,33,6,0,59,51,8,2,242,139,158,228,240,-15,-18,-2,-2
8088,Gpr33,11,9,0,0,13,11,2,0,242,218,222,240,242,-2,-2,-2,0
4517,Defb5,1,1,1,1,3,3,3,3,242,238,238,238,238,-2,-2,-2,-2
20782,Usp6nl,38,16,2,2,58,30,4,1,242,146,196,236,239,-20,-14,-2,1
19975,Trav15d-2-dv6d-2,3,2,2,1,7,7,4,3,242,232,233,236,238,-4,-5,-2,-2
2496,Casp8ap2,39,18,5,2,43,31,7,1,242,160,193,230,239,-4,-13,-2,1
19972,Trav15-1-dv6-1,1,0,0,0,2,2,2,0,242,239,240,240,242,-1,-2,-2,0
13982,Oprl1,27,17,3,0,34,25,5,3,242,181,200,234,239,-7,-8,-2,-3
13985,Optn,36,20,2,2,50,24,4,2,242,156,198,236,238,-14,-4,-2,0
18086,Sorcs3,17,5,0,0,27,9,2,0,242,198,228,240,242,-10,-4,-2,0
4499,Defb3,0,0,0,0,2,2,2,2,242,240,240,240,240,-2,-2,-2,-2
13988,Orai3,38,20,4,2,49,32,6,0,242,155,190,232,240,-11,-12,-2,2
14063,Oxa1l,33,17,3,3,58,34,5,0,242,151,191,234,239,-25,-17,-2,3
18073,Sod1,46,23,3,3,28,17,5,3,242,168,202,234,236,18,6,-2,0
20770,Usp43,37,23,1,0,37,15,3,1,242,168,204,238,241,0,8,-2,-1
17765,Slc6a17,43,26,4,2,48,22,6,1,242,151,194,232,239,-5,4,-2,1
22017,Zfp9,74,41,2,1,26,14,4,2,242,142,187,236,239,48,27,-2,-1
14135,Pak1,48,27,3,2,49,27,5,1,242,145,188,234,239,-1,0,-2,1
14136,Pak1ip1,36,17,2,2,31,14,4,2,242,175,211,236,238,5,3,-2,0
245,4930453N24Rik,27,15,2,2,41,23,4,2,242,174,204,236,238,-14,-8,-2,0
14144,Pald1,42,20,7,2,67,37,9,2,242,133,185,226,238,-25,-17,-2,0
14145,Palld,56,32,3,2,47,22,5,0,242,139,188,234,240,9,10,-2,2
19795,Tor1a,35,17,3,3,43,23,5,1,242,164,202,234,238,-8,-6,-2,2
8011,Gpbar1,66,48,12,2,54,43,14,6,242,122,151,216,234,12,5,-2,-4
4437,Ddx51,36,20,3,2,60,28,5,3,242,146,194,234,237,-24,-8,-2,-1
4431,Ddx43,34,22,3,0,41,25,5,1,242,167,195,234,241,-7,-3,-2,-1
232,4930412O13Rik,30,22,5,0,50,37,7,1,242,162,183,230,241,-20,-15,-2,-1
17781,Slc7a11,51,29,3,1,55,39,5,0,242,136,174,234,241,-4,-10,-2,1
14167,Pappa2,21,5,1,0,36,18,3,0,242,185,219,238,242,-15,-13,-2,0
19958,Trav13d-1,6,3,2,1,6,6,4,2,242,230,233,236,239,0,-3,-2,-1
22039,Zfp947,46,25,2,0,69,36,4,3,242,127,181,236,239,-23,-11,-2,-3
3993,Ctbp1,52,20,4,3,46,23,6,2,242,144,199,232,237,6,-3,-2,1
227,4930402H24Rik,37,18,4,2,64,37,6,4,242,141,187,232,236,-27,-19,-2,-2
8002,Gpat3,70,45,8,2,60,41,10,5,242,112,156,224,235,10,4,-2,-3
4425,Ddx39b,30,10,3,3,35,19,5,2,242,177,213,234,237,-5,-9,-2,1
20654,Ulk1,49,24,4,4,48,25,6,1,242,145,193,232,237,1,-1,-2,3
22015,Zfp879,42,20,2,0,49,30,4,1,242,151,192,236,241,-7,-10,-2,-1
14126,Pafah2,36,20,4,2,71,41,6,1,242,135,181,232,239,-35,-21,-2,1
8030,Gpkow,49,31,5,2,50,25,7,1,242,143,186,230,239,-1,6,-2,1
14068,Oxld1,43,24,6,3,63,35,8,4,242,136,183,228,235,-20,-11,-2,-1
14069,Oxnad1,44,26,7,6,74,39,9,7,242,124,177,226,229,-30,-13,-2,-1
15266,Pramel7,16,12,2,1,15,10,4,1,242,211,220,236,240,1,2,-2,0
8035,Gpn2,32,10,2,2,41,23,4,2,242,169,209,236,238,-9,-13,-2,0
272,4930562C15Rik,72,40,5,0,37,26,7,2,242,133,176,230,240,35,14,-2,-2
3986,Cstf2t,31,17,2,2,45,19,4,0,242,166,206,236,240,-14,-2,-2,2
8034,Gpn1,57,28,5,5,32,19,7,3,242,153,195,230,234,25,9,-2,2
3987,Cstf3,41,19,2,2,37,20,4,0,242,164,203,236,240,4,-1,-2,2
14092,P3h2,45,22,4,2,49,27,6,2,242,148,193,232,238,-4,-5,-2,0
14125,Pafah1b3,35,15,2,1,42,19,4,2,242,165,208,236,239,-7,-4,-2,-1
14093,P3h3,65,29,3,1,37,26,5,1,242,140,187,234,240,28,3,-2,0
18070,Socs5,45,21,3,2,47,28,5,1,242,150,193,234,239,-2,-7,-2,1
21997,Zfp839,41,20,4,0,71,45,6,1,242,130,177,232,241,-30,-25,-2,-1
14105,Pabpc4l,46,35,10,1,64,45,12,1,242,132,162,220,240,-18,-10,-2,0
15251,Pramel39,16,15,5,3,9,8,7,3,242,217,219,230,236,7,7,-2,0
21998,Zfp84,47,24,3,2,45,26,5,2,242,150,192,234,238,2,-2,-2,0
14110,Pacc1,50,30,5,2,55,31,7,3,242,137,181,230,237,-5,-1,-2,-1
14122,Paf1,27,12,2,2,44,21,4,2,242,171,209,236,238,-17,-9,-2,0
4030,Cts6,3,2,0,0,2,2,2,2,242,237,238,240,240,1,0,-2,-2
7900,Gmds,41,22,2,2,36,18,4,3,242,165,202,236,237,5,4,-2,-1
14415,Pdgfc,51,27,4,3,56,32,6,1,242,135,183,232,238,-5,-5,-2,2
77,1700024B05Rik,45,29,6,0,53,37,8,4,242,144,176,228,238,-8,-8,-2,-4
18018,Snrpd3,45,21,8,4,47,29,10,6,242,150,192,224,232,-2,-8,-2,-2
22162,Znrf4,21,12,2,1,19,15,4,1,242,202,215,236,240,2,-3,-2,0
75,1700021F07Rik,9,8,2,1,11,10,4,3,242,222,224,236,238,-2,-2,-2,-2
14717,Pip5k1c,44,21,4,2,55,29,6,2,242,143,192,232,238,-11,-8,-2,0
7788,Gm7694,24,15,2,1,51,23,4,0,242,167,204,236,241,-27,-8,-2,1
4075,Cux2,44,19,5,2,59,31,7,2,242,139,192,230,238,-15,-12,-2,0
14937,Pmvk,40,19,3,2,38,20,5,0,242,164,203,234,240,2,-1,-2,2
14726,Pitpna,39,22,2,2,32,16,4,0,242,171,204,236,240,7,6,-2,2
14933,Pmpca,26,15,3,2,58,26,5,3,242,158,201,234,237,-32,-11,-2,-1
7783,Gm7544,18,17,2,0,24,23,4,0,242,200,202,236,242,-6,-6,-2,0
19918,Tram1,33,17,4,3,52,28,6,4,242,157,197,232,235,-19,-11,-2,-1
14730,Pitpnm2,46,25,3,2,55,33,5,0,242,141,184,234,240,-9,-8,-2,2
62,1700017B05Rik,55,36,5,2,60,30,7,1,242,127,176,230,239,-5,6,-2,1
17938,Smim9,19,18,13,5,36,35,15,3,242,187,189,214,234,-17,-17,-2,2
14738,Piwil4,36,20,1,0,43,26,3,0,242,163,196,238,242,-7,-6,-2,0
22173,Zranb2,37,13,5,2,56,27,7,2,242,149,202,230,238,-19,-14,-2,0
18013,Snrpb,36,18,3,3,30,11,5,2,242,176,213,234,237,6,7,-2,1
14925,Pmf1,38,20,3,2,39,20,5,2,242,165,202,234,238,-1,0,-2,0
14746,Pkd2,39,20,4,2,60,31,6,0,242,143,191,232,240,-21,-11,-2,2
14712,Pip4k2c,49,27,3,2,39,16,5,2,242,154,199,234,238,10,11,-2,0
14706,Pink1,31,12,3,2,42,20,5,3,242,169,210,234,237,-11,-8,-2,-1
7899,Gmcl1,26,13,4,3,57,41,6,1,242,159,188,232,238,-31,-28,-2,2
14700,Pim2,53,31,5,0,50,20,7,2,242,139,191,230,240,3,11,-2,-2
4064,Cul2,30,16,5,2,51,29,7,2,242,161,197,230,238,-21,-13,-2,0
19927,Trappc12,24,12,2,2,49,25,4,2,242,169,205,236,238,-25,-13,-2,0
17902,Smg1,39,21,3,2,41,27,5,2,242,162,194,234,238,-2,-6,-2,0
14661,Pigk,27,15,2,2,52,27,4,4,242,163,200,236,236,-25,-12,-2,-2
20715,Urgcp,42,27,4,2,57,37,6,2,242,143,178,232,238,-15,-10,-2,0
86,1700029H14Rik,38,30,2,0,29,24,4,0,242,175,188,236,242,9,6,-2,0
7665,Gm525,31,26,9,2,44,34,11,5,242,167,182,222,235,-13,-8,-2,-3
14670,Pigt,34,22,2,2,44,19,4,1,242,164,201,236,239,-10,3,-2,1
4215,Cyp4a12b,28,15,2,2,20,13,4,1,242,194,214,236,239,8,2,-2,1
14959,Pnpla2,52,25,4,3,43,24,6,0,242,147,193,232,239,9,1,-2,3
85,1700029F12Rik,18,16,2,0,34,30,4,1,242,190,196,236,241,-16,-14,-2,-1
2636,Ccdc24,66,47,17,7,74,53,19,7,242,102,142,206,228,-8,-6,-2,0
17914,Smim13,33,16,3,1,73,44,5,1,242,136,182,234,240,-40,-28,-2,0
14680,Pik3c2a,47,22,2,2,44,25,4,3,242,151,195,236,237,3,-3,-2,-1
14951,Pnmal2,28,8,2,0,33,13,4,0,242,181,221,236,242,-5,-5,-2,0
20713,Urb1,45,22,1,0,40,22,3,0,242,157,198,238,242,5,0,-2,0
22158,Znrd2,33,18,5,5,66,35,7,4,242,143,189,230,233,-33,-17,-2,1
14698,Pilrb2,44,37,16,5,52,45,18,8,242,146,160,208,229,-8,-8,-2,-3
81,1700025G04Rik,40,28,3,2,50,29,5,2,242,152,185,234,238,-10,-1,-2,0
20680,Unc93b1,40,26,8,2,74,40,10,2,242,128,176,224,238,-34,-14,-2,0
18008,Snrnp40,31,16,4,3,58,29,6,4,242,153,197,232,235,-27,-13,-2,-1
14754,Pkib,52,34,3,2,63,44,5,0,242,127,164,234,240,-11,-10,-2,2
14918,Plxnd1,50,26,2,2,55,24,4,1,242,137,192,236,239,-5,2,-2,1
22200,Zswim5,22,8,2,2,49,30,4,0,242,171,204,236,240,-27,-22,-2,2
4145,Cyp20a1,41,22,3,3,48,22,5,4,242,153,198,234,235,-7,0,-2,-1
20699,Uprt,56,33,7,3,51,30,9,3,242,135,179,226,236,5,3,-2,0
14826,Pld1,54,33,5,2,62,39,7,2,242,126,170,230,238,-8,-6,-2,0
14891,Plpp6,42,18,2,2,65,34,4,3,242,135,190,236,237,-23,-16,-2,-1
17995,Sned1,49,23,1,0,54,24,3,0,242,139,195,238,242,-5,-1,-2,0
17968,Smurf1,33,14,2,2,65,34,4,1,242,144,194,236,239,-32,-20,-2,1
7733,Gm6309,17,17,7,4,17,15,9,8,242,208,210,226,230,0,2,-2,-4
7732,Gm6268,15,9,0,0,7,4,2,0,242,220,229,240,242,8,5,-2,0
17973,Smyd4,44,20,2,1,42,22,4,0,242,156,200,236,241,2,-2,-2,1
7705,Gm5849,6,6,5,1,12,11,7,3,242,224,225,230,238,-6,-5,-2,-2
17974,Smyd5,42,21,2,1,47,26,4,0,242,153,195,236,241,-5,-5,-2,1
14849,Plekhg2,51,16,2,0,55,31,4,0,242,136,195,236,242,-4,-15,-2,0
22212,Zyg11b,41,16,2,2,56,26,4,0,242,145,200,236,240,-15,-10,-2,2
8,1110008P14Rik,40,25,4,2,38,19,6,3,242,164,198,232,237,2,6,-2,-1
7707,Gm5862,31,19,8,4,35,24,10,7,242,176,199,224,231,-4,-5,-2,-3
14862,Plekho1,44,26,4,2,49,28,6,1,242,149,188,232,239,-5,-2,-2,1
20690,Upf3b,41,20,4,2,41,24,6,1,242,160,198,232,239,0,-4,-2,1
14866,Plg,25,10,1,0,28,12,3,0,242,189,220,238,242,-3,-2,-2,0
22199,Zswim4,41,15,2,0,53,29,4,1,242,148,198,236,241,-12,-14,-2,-1
29,1700001C19Rik,49,23,7,2,58,33,9,3,242,135,186,226,237,-9,-10,-2,-1
7745,Gm648,48,36,5,0,43,32,7,1,242,151,174,230,241,5,4,-2,-1
17950,Smox,64,38,6,2,32,20,8,4,242,146,184,228,236,32,18,-2,-2
14917,Plxnc1,41,27,3,1,48,31,5,3,242,153,184,234,238,-7,-4,-2,-2
54,1700013H16Rik,15,11,1,0,22,17,3,2,242,205,214,238,240,-7,-6,-2,-2
53,1700013G24Rik,15,13,1,0,31,27,3,0,242,196,202,238,242,-16,-14,-2,0
18005,Snrnp25,37,24,6,4,51,36,8,2,242,154,182,228,236,-14,-12,-2,2
7765,Gm7072,41,19,5,4,50,28,7,4,242,151,195,230,234,-9,-9,-2,0
7690,Gm5698,27,23,6,1,27,22,8,2,242,188,197,228,239,0,1,-2,-1
4105,Cxcr6,43,28,8,2,68,46,10,1,242,131,168,224,239,-25,-18,-2,1
2598,Ccdc153,61,43,9,0,47,36,11,2,242,134,163,222,240,14,7,-2,-2
14787,Pla2g6,50,30,5,4,50,29,7,2,242,142,183,230,236,0,1,-2,2
4152,Cyp27b1,86,56,6,2,45,26,8,1,242,111,160,228,239,41,30,-2,1
20701,Uqcc2,34,20,3,3,41,23,5,3,242,167,199,234,236,-7,-3,-2,0
7753,Gm6614,20,8,0,0,18,11,2,0,242,204,223,240,242,2,-3,-2,0
14906,Pltp,60,38,9,4,48,26,11,8,242,134,178,222,230,12,12,-2,-4
4163,Cyp2c23,62,43,8,4,42,31,10,1,242,138,168,224,237,20,12,-2,3
20689,Upf3a,31,14,3,2,43,21,5,3,242,168,207,234,237,-12,-7,-2,-1
22198,Zswim3,44,23,4,1,69,41,6,1,242,129,178,232,240,-25,-18,-2,0
17999,Snip1,40,16,2,2,46,27,4,1,242,156,199,236,239,-6,-11,-2,1
19907,Traj52,2,2,1,1,4,4,3,3,242,236,236,238,238,-2,-2,-2,-2
14978,Pofut2,32,17,3,2,34,19,5,1,242,176,206,234,239,-2,-2,-2,1
89,1700030J22Rik,75,44,5,0,56,30,7,4,242,111,168,230,238,19,14,-2,-4
14987,Pold1,45,22,2,1,55,21,4,2,242,142,199,236,239,-10,1,-2,-1
4287,Daam2,46,27,6,2,58,28,8,3,242,138,187,228,237,-12,-1,-2,-1
7884,Gm9733,12,10,6,2,22,21,8,2,242,208,211,228,238,-10,-11,-2,0
18049,Snx25,33,17,3,2,64,34,5,1,242,145,191,234,239,-31,-17,-2,1
15085,Ppard,51,29,3,2,51,34,5,1,242,140,179,234,239,0,-5,-2,1
128,1810013L24Rik,42,21,3,2,36,18,5,1,242,164,203,234,239,6,3,-2,1
15083,Ppan,32,17,2,2,55,31,4,1,242,155,194,236,239,-23,-14,-2,1
4047,Ctsq,4,3,0,0,3,3,2,2,242,235,236,240,240,1,0,-2,-2
19860,Traf5,55,30,3,2,39,23,5,2,242,148,189,234,238,16,7,-2,0
14480,Peli2,40,19,6,2,48,29,8,2,242,154,194,228,238,-8,-10,-2,0
4296,Dad1,28,17,3,2,45,15,5,2,242,169,210,234,238,-17,2,-2,0
4295,Dact3,46,26,0,0,54,27,2,0,242,142,189,240,242,-8,-1,-2,0
14493,Pes1,24,11,2,2,33,14,4,0,242,185,217,236,240,-9,-3,-2,2
15069,Pou3f1,42,18,2,0,48,24,4,3,242,152,200,236,239,-6,-6,-2,-3
4048,Ctsr,8,3,0,0,7,6,2,2,242,227,233,240,240,1,-3,-2,-2
14503,Pex14,37,13,3,2,53,25,5,4,242,152,204,234,236,-16,-12,-2,-2
15060,Pot1a,40,25,6,0,55,34,8,3,242,147,183,228,239,-15,-9,-2,-3
14507,Pex26,48,31,5,2,55,28,7,1,242,139,183,230,239,-7,3,-2,1
4290,Dab2ip,32,13,2,2,69,42,4,0,242,141,187,236,240,-37,-29,-2,2
7648,Gm5105,25,14,1,1,33,23,3,0,242,184,205,238,241,-8,-9,-2,1
18037,Snx13,29,17,6,2,54,37,8,3,242,159,188,228,237,-25,-20,-2,-1
15089,Ppat,43,20,3,2,56,33,5,2,242,143,189,234,238,-13,-13,-2,0
20733,Usp11,56,34,2,0,40,15,4,0,242,146,193,236,242,16,19,-2,0
4306,Dapk2,59,37,5,4,47,32,7,2,242,136,173,230,236,12,5,-2,2
7893,Gm9844,48,42,30,21,47,42,32,16,242,147,158,180,205,1,0,-2,5
18050,Snx27,26,14,3,2,65,38,5,2,242,151,190,234,238,-39,-24,-2,0
14423,Pdhx,27,14,4,2,59,30,6,3,242,156,198,232,237,-32,-16,-2,-1
15108,Ppif,50,23,2,2,47,24,4,1,242,145,195,236,239,3,-1,-2,1
4315,Dazap2,30,16,4,2,38,16,6,2,242,174,210,232,238,-8,0,-2,0
15105,Ppic,43,28,7,2,52,29,9,4,242,147,185,226,236,-9,-1,-2,-2
14433,Pdk3,32,20,2,2,48,29,4,3,242,162,193,236,237,-16,-9,-2,-1
19850,Trabd2b,32,15,2,2,57,28,4,1,242,153,199,236,239,-25,-13,-2,1
4041,Ctsj,3,2,0,0,4,3,2,2,242,235,237,240,240,-1,-1,-2,-2
17838,Slirp,32,20,4,4,59,35,6,5,242,151,187,232,233,-27,-15,-2,-1
22114,Zhx3,37,18,4,2,57,36,6,1,242,148,188,232,239,-20,-18,-2,1
15101,Ppfibp2,41,24,3,1,38,17,5,0,242,163,201,234,241,3,7,-2,1
15100,Ppfibp1,49,23,2,2,34,20,4,1,242,159,199,236,239,15,3,-2,1
19852,Tradd,45,35,10,3,66,37,12,4,242,131,170,220,235,-21,-2,-2,-1
15098,Ppfia3,40,21,2,1,52,23,4,0,242,150,198,236,241,-12,-2,-2,1
14447,Pds5a,40,18,4,2,44,26,6,1,242,158,198,232,239,-4,-8,-2,1
14452,Pdxdc1,27,14,4,3,36,20,6,2,242,179,208,232,237,-9,-6,-2,1
14453,Pdxk,58,29,4,3,47,22,6,0,242,137,191,232,239,11,7,-2,3
14454,Pdxp,58,24,1,0,40,20,3,1,242,144,198,238,241,18,4,-2,-1
22132,Zkscan8,30,20,4,1,70,49,6,0,242,142,173,232,241,-40,-29,-2,1
14518,Pfdn5,35,14,4,4,40,25,6,1,242,167,203,232,237,-5,-11,-2,3
14626,Phtf1,34,15,2,2,65,40,4,1,242,143,187,236,239,-31,-25,-2,1
14523,Pfkfb4,44,19,2,0,63,44,4,1,242,135,179,236,241,-19,-25,-2,-1
15016,Polr2c,35,20,3,3,39,21,5,5,242,168,201,234,234,-4,-1,-2,-2
15011,Polr1f,38,19,3,1,47,25,5,0,242,157,198,234,241,-9,-6,-2,1
17872,Smap2,31,13,3,2,44,19,5,4,242,167,210,234,236,-13,-6,-2,-2
14583,Phf10,42,23,2,2,43,21,4,2,242,157,198,236,238,-1,2,-2,0
2581,Ccdc127,36,20,4,3,58,30,6,2,242,148,192,232,237,-22,-10,-2,1
17878,Smarcal1,40,26,4,3,59,21,6,3,242,143,195,232,236,-19,5,-2,0
17879,Smarcb1,31,14,3,3,39,22,5,0,242,172,206,234,239,-8,-8,-2,3
14593,Phf20,43,27,5,2,56,24,7,3,242,143,191,230,237,-13,3,-2,-1
15006,Polr1a,39,21,2,2,40,20,4,1,242,163,201,236,239,-1,1,-2,1
15005,Polq,33,17,2,0,57,32,4,0,242,152,193,236,242,-24,-15,-2,0
7833,Gm8265,13,13,12,5,16,16,14,8,242,213,213,216,229,-3,-3,-2,-3
22150,Zmynd15,57,36,8,3,70,53,10,3,242,115,153,224,236,-13,-17,-2,0
4239,Cypt14,3,3,1,1,5,4,3,1,242,234,235,238,240,-2,-1,-2,0
14617,Phldb3,48,29,3,0,61,27,5,1,242,133,186,234,241,-13,2,-2,-1
7661,Gm5157,19,16,4,0,26,22,6,2,242,197,204,232,240,-7,-6,-2,-2
14619,Phlpp2,38,18,2,1,55,24,4,0,242,149,200,236,241,-17,-6,-2,1
14620,Phospho1,74,50,9,2,51,36,11,2,242,117,156,222,238,23,14,-2,0
14999,Polh,34,15,2,0,61,33,4,2,242,147,194,236,240,-27,-18,-2,-2
14998,Polg2,53,30,6,1,47,23,8,3,242,142,189,228,238,6,7,-2,-2
14577,Phc2,52,21,2,2,45,27,4,2,242,145,194,236,238,7,-6,-2,0
15018,Polr2e,30,15,3,2,43,20,5,1,242,169,207,234,239,-13,-5,-2,1
14574,Phb,41,23,3,2,39,26,5,0,242,162,193,234,240,2,-3,-2,2
14544,Pgc,26,20,3,0,36,24,5,0,242,180,198,234,242,-10,-4,-2,0
14529,Pfn3,19,17,10,1,24,21,12,4,242,199,204,220,237,-5,-4,-2,-3
14531,Pfn5,4,3,1,0,4,4,3,0,242,234,235,238,242,0,-1,-2,0
4281,D7Ertd443e,43,27,5,2,67,43,7,2,242,132,172,230,238,-24,-16,-2,0
20723,Usf1,48,23,5,3,52,28,7,3,242,142,191,230,236,-4,-5,-2,0
20722,Use1,29,15,2,2,31,14,4,1,242,182,213,236,239,-2,1,-2,1
4275,D630003M21Rik,32,11,1,0,40,19,3,0,242,170,212,238,242,-8,-8,-2,0
15038,Pom121,32,14,3,2,42,21,5,0,242,168,207,234,240,-10,-7,-2,2
14542,Pgbd1,37,18,3,0,65,48,5,1,242,140,176,234,241,-28,-30,-2,-1
20721,Usb1,43,22,5,2,45,21,7,3,242,154,199,230,237,-2,1,-2,-1
22140,Zmpste24,32,19,5,3,64,33,7,3,242,146,190,230,236,-32,-14,-2,0
15034,Polr3gl,38,25,2,2,58,26,4,1,242,146,191,236,239,-20,-1,-2,1
17865,Smad4,37,15,2,2,31,18,4,2,242,174,209,236,238,6,-3,-2,0
15028,Polr3b,27,13,2,2,51,26,4,1,242,164,203,236,239,-24,-13,-2,1
15027,Polr3a,30,20,2,1,61,35,4,1,242,151,187,236,240,-31,-15,-2,0
19873,Traj2,3,3,2,2,5,4,4,4,242,234,235,236,236,-2,-1,-2,-2
20719,Urod,34,18,2,2,45,25,4,0,242,163,199,236,240,-11,-7,-2,2
18032,Snw1,34,15,2,2,45,26,4,2,242,163,201,236,238,-11,-11,-2,0
4055,Ctu1,39,23,6,0,65,50,8,1,242,138,169,228,241,-26,-27,-2,-1
2484,Caskin1,37,16,0,0,37,18,2,1,242,168,208,240,241,0,-2,-2,-1
4537,Dennd4a,36,18,3,0,69,33,5,0,242,137,191,234,242,-33,-15,-2,0
2481,Casc3,34,14,4,3,41,21,6,1,242,167,207,232,238,-7,-7,-2,2
13253,Olfr155,14,10,0,0,11,9,2,0,242,217,223,240,242,3,1,-2,0
5046,Ebf4,36,25,2,0,46,24,4,1,242,160,193,236,241,-10,1,-2,-1
13267,Olfr168,4,1,0,0,3,3,2,2,242,235,238,240,240,1,-2,-2,-2
2344,Cacnb1,32,21,2,1,53,33,4,2,242,157,188,236,239,-21,-12,-2,-1
20846,Vdac2,32,21,3,2,42,23,5,1,242,168,198,234,239,-10,-2,-2,1
19453,Tmem14c,49,31,4,2,31,15,6,2,242,162,196,232,238,18,16,-2,0
15477,Prrx1,46,23,2,0,58,35,4,1,242,138,184,236,241,-12,-12,-2,-1
2347,Cacnb4,25,8,1,0,53,26,3,0,242,164,208,238,242,-28,-18,-2,0
8419,H2az1,32,17,3,3,57,22,5,4,242,153,203,234,235,-25,-5,-2,-1
13287,Olfr194,7,6,1,0,7,5,3,3,242,228,231,238,239,0,1,-2,-3
8418,H2ax,38,18,5,5,75,42,7,2,242,129,182,230,235,-37,-24,-2,3
21809,Zfp410,62,30,4,3,27,17,6,3,242,153,195,232,236,35,13,-2,0
19456,Tmem150c,36,16,3,2,50,32,5,0,242,156,194,234,240,-14,-16,-2,2
3727,Coq8a,48,34,7,2,69,51,9,4,242,125,157,226,236,-21,-17,-2,-2
19459,Tmem154,51,27,4,0,59,39,6,3,242,132,176,232,239,-8,-12,-2,-3
19460,Tmem156,43,32,9,1,53,38,11,2,242,146,172,222,239,-10,-6,-2,-1
15473,Prrt1,57,36,3,1,44,29,5,0,242,141,177,234,241,13,7,-2,1
19469,Tmem167,35,18,4,3,55,23,6,4,242,152,201,232,235,-20,-5,-2,-1
5017,E130309D02Rik,35,16,2,2,46,28,4,0,242,161,198,236,240,-11,-12,-2,2
19479,Tmem176a,57,35,7,4,40,32,9,3,242,145,175,226,235,17,3,-2,1
15487,Prss27,43,32,4,1,44,30,6,2,242,155,180,232,239,-1,2,-2,-1
5051,Ecd,35,18,4,3,46,14,6,1,242,161,210,232,238,-11,4,-2,2
18160,Spata2,61,26,2,2,41,20,4,1,242,140,196,236,239,20,6,-2,1
20598,Ubxn8,36,16,4,2,42,18,6,2,242,164,208,232,238,-6,-2,-2,0
19436,Tmem131l,30,15,2,0,60,37,4,0,242,152,190,236,242,-30,-22,-2,0
20854,Vezf1,46,19,4,2,46,22,6,1,242,150,201,232,239,0,-3,-2,1
3710,Cops4,31,18,7,2,43,29,9,4,242,168,195,226,236,-12,-11,-2,-2
2331,Cacna1b,44,30,10,4,46,31,12,3,242,152,181,220,235,-2,-1,-2,1
5074,Edaradd,34,11,0,0,55,26,2,0,242,153,205,240,242,-21,-15,-2,0
5073,Edar,34,19,1,0,37,22,3,0,242,171,201,238,242,-3,-3,-2,0
17573,Slc25a39,35,16,3,3,42,21,5,3,242,165,205,234,236,-7,-5,-2,0
2332,Cacna1c,46,29,3,0,49,29,5,1,242,147,184,234,241,-3,0,-2,-1
13223,Olfr149,61,30,4,0,66,37,6,2,242,115,175,232,240,-5,-7,-2,-2
2333,Cacna1d,22,13,2,1,51,28,4,1,242,169,201,236,240,-29,-15,-2,0
13227,Olfr1494,3,1,1,1,8,6,3,1,242,231,235,238,240,-5,-5,-2,0
13230,Olfr1497,3,2,0,0,9,9,2,1,242,230,231,240,241,-6,-7,-2,-1
19442,Tmem134,33,14,3,3,39,20,5,2,242,170,208,234,237,-6,-6,-2,1
13232,Olfr15,27,16,2,1,34,15,4,1,242,181,211,236,240,-7,1,-2,0
3717,Copz1,33,22,3,2,37,16,5,0,242,172,204,234,240,-4,6,-2,2
5058,Echdc3,37,22,6,2,63,31,8,2,242,142,189,228,238,-26,-9,-2,0
2338,Cacna1i,43,28,6,0,32,21,8,4,242,167,193,228,238,11,7,-2,-4
2340,Cacna2d1,35,14,2,0,50,29,4,1,242,157,199,236,241,-15,-15,-2,-1
18230,Spic,55,37,8,3,55,38,10,1,242,132,167,224,238,0,-1,-2,2
8412,H2al1o,4,4,1,0,6,5,3,2,242,232,233,238,240,-2,-1,-2,-2
13314,Olfr229,6,0,0,0,12,5,2,1,242,224,237,240,241,-6,-5,-2,-1
19481,Tmem177,27,18,4,2,78,58,6,0,242,137,166,232,240,-51,-40,-2,2
5004,Dytn,19,8,2,1,33,14,4,1,242,190,220,236,240,-14,-6,-2,0
3752,Cox5b,32,19,5,5,41,20,7,6,242,169,203,230,231,-9,-1,-2,-1
2773,Ccr2,57,28,5,0,62,37,7,1,242,123,177,230,241,-5,-9,-2,-1
20836,Vax1,28,24,4,1,31,26,6,1,242,183,192,232,240,-3,-2,-2,0
15446,Prr15l,46,32,5,3,62,41,7,2,242,134,169,230,237,-16,-9,-2,1
15442,Prr13,49,32,6,2,45,24,8,4,242,148,186,228,236,4,8,-2,-2
4960,Dusp7,48,33,4,2,52,27,6,2,242,142,182,232,238,-4,6,-2,0
2382,Calm1,21,10,2,2,49,28,4,3,242,172,204,236,237,-28,-18,-2,-1
18179,Spata5,24,13,2,2,47,22,4,0,242,171,207,236,240,-23,-9,-2,2
13393,Olfr341,15,9,0,0,31,14,2,0,242,196,219,240,242,-16,-5,-2,0
17609,Slc29a1,52,31,6,4,49,25,8,1,242,141,186,228,237,3,6,-2,3
13401,Olfr351,37,20,3,1,60,36,5,3,242,145,186,234,238,-23,-16,-2,-2
421,A930004D18Rik,49,34,6,0,56,41,8,2,242,137,167,228,240,-7,-7,-2,-2
13413,Olfr365,37,18,2,0,45,28,4,1,242,160,196,236,241,-8,-10,-2,-1
2386,Calm5,5,5,2,0,10,9,4,0,242,227,228,236,242,-5,-4,-2,0
13421,Olfr376,14,11,1,1,13,13,3,0,242,215,218,238,241,1,-2,-2,1
2769,Ccpg1os,46,31,12,4,55,35,14,4,242,141,176,216,234,-9,-4,-2,0
20832,Vat1l,29,16,2,0,36,26,4,2,242,177,200,236,240,-7,-10,-2,-2
3771,Cpa3,25,16,2,1,32,17,4,2,242,185,209,236,239,-7,-1,-2,-1
13434,Olfr393,51,20,5,2,54,24,7,3,242,137,198,230,237,-3,-4,-2,-1
18182,Spata7,44,27,2,0,60,27,4,2,242,138,188,236,240,-16,0,-2,-2
4977,Dync1li1,47,22,2,2,39,20,4,1,242,156,200,236,239,8,2,-2,1
4981,Dync2i2,37,21,5,4,35,18,7,0,242,170,203,230,238,2,3,-2,4
13338,Olfr275,3,2,0,0,6,6,2,0,242,233,234,240,242,-3,-4,-2,0
2351,Cacng4,49,27,2,0,48,28,4,1,242,145,187,236,241,1,-1,-2,-1
3743,Cox15,41,22,4,2,59,33,6,1,242,142,187,232,239,-18,-11,-2,1
5002,Dyrk4,44,26,8,2,53,37,10,6,242,145,179,224,234,-9,-11,-2,-4
8404,H2al1b,4,3,1,0,5,4,3,3,242,233,235,238,239,-1,-1,-2,-3
13328,Olfr26,0,0,0,0,5,5,2,0,242,237,237,240,242,-5,-5,-2,0
13329,Olfr262,3,3,1,1,17,17,3,2,242,222,222,238,239,-14,-14,-2,-1
13331,Olfr266,16,9,1,1,16,11,3,1,242,210,222,238,240,0,-2,-2,0
2354,Cacng7,52,28,1,0,48,28,3,0,242,142,186,238,242,4,0,-2,0
19487,Tmem181a,35,19,3,0,54,24,5,1,242,153,199,234,241,-19,-5,-2,-1
8384,H2ab3,9,9,9,8,13,13,11,5,242,220,220,222,229,-4,-4,-2,3
13344,Olfr285,39,16,2,0,42,28,4,2,242,161,198,236,240,-3,-12,-2,-2
20843,Vcpip1,34,14,2,2,47,23,4,1,242,161,205,236,239,-13,-9,-2,1
436,Aadacl2fm3,10,8,1,0,11,9,3,2,242,221,225,238,240,-1,-1,-2,-2
7403,Gm3543,8,8,6,4,10,10,8,7,242,224,224,228,231,-2,-2,-2,-3
21823,Zfp445,42,22,4,3,53,25,6,3,242,147,195,232,236,-11,-3,-2,0
2362,Cadm3,34,17,1,0,30,15,3,1,242,178,210,238,241,4,2,-2,-1
2778,Ccr7,36,22,3,3,46,31,5,3,242,160,189,234,236,-10,-9,-2,0
15456,Prr3,32,18,4,3,48,23,6,5,242,162,201,232,234,-16,-5,-2,-2
20068,Trbv26,5,2,2,1,6,5,4,3,242,231,235,236,238,-1,-3,-2,-2
18237,Spin2f,12,12,4,3,12,12,6,5,242,218,218,232,234,0,0,-2,-2
18238,Spin2g,7,7,3,1,10,10,5,2,242,225,225,234,239,-3,-3,-2,-1
13052,Olfr129,33,15,1,0,61,38,3,0,242,148,189,238,242,-28,-23,-2,0
8572,Heatr5a,57,22,2,2,39,26,4,1,242,146,194,236,239,18,-4,-2,1
18286,Spred2,46,27,3,2,58,36,5,0,242,138,179,234,240,-12,-9,-2,2
2268,C1qc,28,21,7,4,36,26,9,5,242,178,195,226,233,-8,-5,-2,-1
18284,Spr,42,30,5,2,34,21,7,2,242,166,191,230,238,8,9,-2,0
19355,Tm4sf1,53,38,7,2,54,30,9,4,242,135,174,226,236,-1,8,-2,-2
17522,Slc22a27,15,4,0,0,14,6,2,0,242,213,232,240,242,1,-2,-2,0
8562,Hdgfl2,37,11,2,2,46,25,4,1,242,159,206,236,239,-9,-14,-2,1
18283,Sppl3,35,15,4,2,54,33,6,2,242,153,194,232,238,-19,-18,-2,0
5214,Eif3i,31,18,3,3,32,11,5,4,242,179,213,234,235,-1,7,-2,-1
13023,Olfr1259,13,8,1,0,10,8,3,2,242,219,226,238,240,3,0,-2,-2
15532,Psd2,43,20,1,0,29,12,3,1,242,170,210,238,241,14,8,-2,-1
8552,Hdac5,51,19,3,3,43,20,5,1,242,148,203,234,238,8,-1,-2,2
18272,Spop,31,15,2,2,53,23,4,0,242,158,204,236,240,-22,-8,-2,2
13029,Olfr1264,36,20,2,2,41,18,4,0,242,165,204,236,240,-5,2,-2,2
526,Abhd18,31,15,4,2,61,30,6,3,242,150,197,232,237,-30,-15,-2,-1
19360,Tm6sf1,59,31,4,2,51,29,6,1,242,132,182,232,239,8,2,-2,1
2802,Cd164,35,19,5,3,41,19,7,3,242,166,204,230,236,-6,0,-2,0
21753,Zfp280c,45,27,8,0,53,26,10,0,242,144,189,224,242,-8,1,-2,0
17533,Slc23a2,58,37,4,1,48,26,6,4,242,136,179,232,237,10,11,-2,-3
8574,Heatr6,23,7,2,1,45,19,4,0,242,174,216,236,241,-22,-12,-2,1
5225,Eif4b,40,17,2,2,31,16,4,1,242,171,209,236,239,9,1,-2,1
12992,Olfr1226,26,14,2,1,43,19,4,1,242,173,209,236,240,-17,-5,-2,0
5245,Elac2,25,12,2,2,53,21,4,0,242,164,209,236,240,-28,-9,-2,2
19333,Tll2,18,10,0,0,28,13,2,0,242,196,219,240,242,-10,-3,-2,0
2257,C030006K11Rik,36,23,5,2,56,29,7,1,242,150,190,230,239,-20,-6,-2,1
8591,Helz2,41,18,2,0,54,33,4,0,242,147,191,236,242,-13,-15,-2,0
3643,Col17a1,44,21,0,0,53,25,2,0,242,145,196,240,242,-9,-4,-2,0
8590,Helz,40,17,2,2,52,28,4,0,242,150,197,236,240,-12,-11,-2,2
15547,Psg26,3,0,0,0,9,3,2,2,242,230,239,240,240,-6,-3,-2,-2
8589,Helt,25,19,3,1,26,21,5,3,242,191,202,234,238,-1,-2,-2,-2
15546,Psg25,15,7,0,0,30,16,2,0,242,197,219,240,242,-15,-9,-2,0
12965,Olfr12,48,20,2,0,49,29,4,0,242,145,193,236,242,-1,-9,-2,0
5227,Eif4e1b,50,37,8,2,40,26,10,1,242,152,179,224,239,10,11,-2,1
20583,Ubr4,41,15,3,2,47,25,5,0,242,154,202,234,240,-6,-10,-2,2
5237,Eif4h,33,14,3,3,34,19,5,2,242,175,209,234,237,-1,-5,-2,1
19345,Tlr6,45,30,11,5,92,64,13,4,242,105,148,218,233,-47,-34,-2,1
5234,Eif4g1,30,11,4,4,54,23,6,2,242,158,208,232,236,-24,-12,-2,2
12982,Olfr1217,52,25,3,0,52,34,5,0,242,138,183,234,242,0,-9,-2,0
20090,Trem3,27,23,7,2,36,29,9,1,242,179,190,226,239,-9,-6,-2,1
5230,Eif4ebp1,69,40,5,3,40,22,7,3,242,133,180,230,236,29,18,-2,0
7327,Gm2a,39,23,4,2,38,25,6,2,242,165,194,232,238,1,-2,-2,0
5195,Eif2ak4,45,25,3,0,56,22,5,2,242,141,195,234,240,-11,3,-2,-2
8540,Hcn3,46,23,2,1,54,26,4,0,242,142,193,236,241,-8,-3,-2,1
3701,Copa,35,18,3,2,29,18,5,1,242,178,206,234,239,6,0,-2,1
8538,Hcn1,20,13,1,0,43,19,3,1,242,179,210,238,241,-23,-6,-2,-1
21776,Zfp345,45,24,2,0,57,37,4,0,242,140,181,236,242,-12,-13,-2,0
21779,Zfp352,27,16,3,0,20,15,5,1,242,195,211,234,241,7,1,-2,-1
502,Abce1,32,15,5,2,44,25,7,3,242,166,202,230,237,-12,-10,-2,-1
17554,Slc25a21,55,31,7,3,57,32,9,2,242,130,179,226,237,-2,-1,-2,1
8497,Harbi1,40,20,7,2,57,35,9,5,242,145,187,226,235,-17,-15,-2,-3
17562,Slc25a29,55,29,3,1,54,32,5,1,242,133,181,234,240,1,-3,-2,0
17563,Slc25a3,35,15,3,3,36,20,5,0,242,171,207,234,239,-1,-5,-2,3
8487,Hamp2,24,21,17,9,25,22,19,6,242,193,199,206,227,-1,-1,-2,3
5129,Efna1,53,37,5,2,64,51,7,3,242,125,154,230,237,-11,-14,-2,-1
15497,Prss37,15,13,3,1,17,16,5,3,242,210,213,234,238,-2,-3,-2,-2
5128,Efl1,23,11,3,2,52,26,5,0,242,167,205,234,240,-29,-15,-2,2
7371,Gm3298,50,43,24,11,49,39,26,12,242,143,160,192,219,1,4,-2,-1
3695,Commd8,54,31,3,2,51,30,5,0,242,137,181,234,240,3,1,-2,2
13164,Olfr1413,6,5,0,0,8,4,2,2,242,228,233,240,240,-2,1,-2,-2
8481,Hadha,30,13,2,2,43,21,4,0,242,169,208,236,240,-13,-8,-2,2
19408,Tmem101,33,16,3,1,55,30,5,1,242,154,196,234,240,-22,-14,-2,0
8474,Hacd1,34,16,4,2,47,28,6,4,242,161,198,232,236,-13,-12,-2,-2
8473,Habp4,40,21,2,2,41,17,4,0,242,161,204,236,240,-1,4,-2,2
2786,Cct2,35,18,5,4,34,17,7,4,242,173,207,230,234,1,1,-2,0
19394,Tmed1,34,14,2,2,55,23,4,2,242,153,205,236,238,-21,-9,-2,0
15504,Prss44,21,18,2,0,33,20,4,0,242,188,204,236,242,-12,-2,-2,0
19390,Tmco5,16,14,2,0,23,18,4,0,242,203,210,236,242,-7,-4,-2,0
5168,Eid2b,37,18,2,2,60,31,4,0,242,145,193,236,240,-23,-13,-2,2
19367,Tm9sf4,30,14,4,2,53,22,6,2,242,159,206,232,238,-23,-8,-2,0
19370,Tma7,35,21,6,4,39,22,8,6,242,168,199,228,232,-4,-1,-2,-2
2792,Cct7,53,28,8,5,43,27,10,4,242,146,187,224,233,10,1,-2,1
21762,Zfp30,49,23,4,0,65,29,6,0,242,128,190,232,242,-16,-6,-2,0
20596,Ubxn6,41,24,3,2,36,17,5,3,242,165,201,234,237,5,7,-2,-1
3670,Col6a4,43,27,5,1,49,30,7,1,242,150,185,230,240,-6,-3,-2,0
19383,Tmcc1,35,17,3,1,46,25,5,3,242,161,200,234,238,-11,-8,-2,-2
5170,Eif1,42,17,3,2,27,16,5,1,242,173,209,234,239,15,1,-2,1
510,Abcg5,46,17,0,0,39,22,2,0,242,157,203,240,242,7,-5,-2,0
3682,Colec12,45,28,2,2,52,25,4,3,242,145,189,236,237,-7,3,-2,-1
19385,Tmcc3,68,40,5,2,51,29,7,3,242,123,173,230,237,17,11,-2,-1
20871,Vit,46,22,1,0,48,24,3,2,242,148,196,238,240,-2,-2,-2,-2
13104,Olfr1344,37,21,3,1,43,24,5,0,242,162,197,234,241,-6,-3,-2,1
5157,Ehd1,33,19,2,2,45,25,4,0,242,164,198,236,240,-12,-6,-2,2
5155,Ehbp1,23,14,3,0,81,46,5,0,242,138,182,234,242,-58,-32,-2,0
17549,Slc25a17,47,31,3,2,47,26,5,1,242,148,185,234,239,0,5,-2,1
3678,Col9a3,48,24,0,0,43,23,2,2,242,151,195,240,240,5,1,-2,-2
3680,Colec10,26,14,0,0,16,11,2,0,242,200,217,240,242,10,3,-2,0
21838,Zfp473,54,30,3,1,51,23,5,1,242,137,189,234,240,3,7,-2,0
17615,Slc2a12,38,26,7,2,59,33,9,3,242,145,183,226,237,-21,-7,-2,-1
19758,Tnrc6c,33,18,2,2,70,45,4,0,242,139,179,236,240,-37,-27,-2,2
4672,Dlx1,47,29,2,0,56,34,4,2,242,139,179,236,240,-9,-5,-2,-2
15367,Prl7a1,15,10,1,1,14,13,3,0,242,213,219,238,241,1,-3,-2,1
4671,Dlst,36,20,3,3,39,18,5,1,242,167,204,234,238,-3,2,-2,2
4669,Dll3,45,25,3,1,51,25,5,0,242,146,192,234,241,-6,0,-2,1
21893,Zfp612,17,9,2,1,63,23,4,0,242,162,210,236,241,-46,-14,-2,1
15366,Prl6a1,13,11,0,0,13,13,2,1,242,216,218,240,241,0,-2,-2,-1
13754,Olfr761,2,2,1,1,10,9,3,3,242,230,231,238,238,-8,-7,-2,-2
4665,Dlgap5,63,39,5,2,58,34,7,1,242,121,169,230,239,5,5,-2,1
4664,Dlgap4,48,23,4,3,48,20,6,4,242,146,199,232,235,0,3,-2,-1
13757,Olfr765,19,8,0,0,29,16,2,1,242,194,218,240,241,-10,-8,-2,-1
19686,Tmx4,34,19,3,3,51,27,5,1,242,157,196,234,238,-17,-8,-2,2
8180,Grip1,46,21,1,0,48,27,3,1,242,148,194,238,241,-2,-6,-2,-1
17705,Slc41a1,38,21,3,2,59,28,5,2,242,145,193,234,238,-21,-7,-2,0
4654,Dlec1,53,25,6,2,50,34,8,3,242,139,183,228,237,3,-9,-2,-1
15359,Prl3b1,4,3,0,0,3,3,2,2,242,235,236,240,240,1,0,-2,-2
17708,Slc43a1,60,38,3,0,59,30,5,0,242,123,174,234,242,1,8,-2,0
13776,Olfr784,45,26,4,1,41,21,6,3,242,156,195,232,238,4,5,-2,-2
13787,Olfr798,19,12,2,0,28,13,4,0,242,195,217,236,242,-9,-1,-2,0
15353,Prl2b1,5,0,0,0,3,3,2,2,242,234,239,240,240,2,-3,-2,-2
18109,Sox3,21,14,1,0,26,17,3,0,242,195,211,238,242,-5,-3,-2,0
352,8030462N17Rik,56,32,5,4,44,25,7,5,242,142,185,230,233,12,7,-2,-1
21890,Zfp608,31,15,2,0,80,47,4,0,242,131,180,236,242,-49,-32,-2,0
17616,Slc2a13,49,21,2,0,39,18,4,0,242,154,203,236,242,10,3,-2,0
21888,Zfp607a,54,30,2,0,55,30,4,1,242,133,182,236,241,-1,0,-2,-1
13701,Olfr70,18,5,1,1,26,14,3,0,242,198,223,238,241,-8,-9,-2,1
3875,Crlf2,50,22,2,1,46,31,4,1,242,146,189,236,240,4,-9,-2,0
19669,Tmprss7,37,23,6,2,36,18,8,3,242,169,201,228,237,1,5,-2,-1
359,9130230L23Rik,53,35,7,1,50,32,9,1,242,139,175,226,240,3,3,-2,0
13712,Olfr710,1,0,0,0,7,6,2,0,242,234,236,240,242,-6,-6,-2,0
2719,Ccl25,42,28,4,1,47,26,6,0,242,153,188,232,241,-5,2,-2,1
4690,Dmrt1,22,13,1,0,13,10,3,3,242,207,219,238,239,9,3,-2,-3
13717,Olfr715b,46,27,3,0,62,34,5,1,242,134,181,234,241,-16,-7,-2,-1
13719,Olfr718-ps1,59,29,2,0,38,20,4,1,242,145,193,236,241,21,9,-2,-1
2442,Capza1,37,24,6,4,59,30,8,6,242,146,188,228,232,-22,-6,-2,-2
8191,Grm3,19,7,1,0,16,14,3,0,242,207,221,238,242,3,-7,-2,0
17698,Slc39a6,33,19,3,0,46,21,5,2,242,163,202,234,240,-13,-2,-2,-2
8188,Grk6,38,20,5,2,67,37,7,2,242,137,185,230,238,-29,-17,-2,0
13729,Olfr729,58,34,5,4,38,28,7,3,242,146,180,230,235,20,6,-2,1
19681,Tmub1,38,25,5,2,55,30,7,1,242,149,187,230,239,-17,-5,-2,1
19683,Tmx1,45,23,3,2,32,21,5,3,242,165,198,234,237,13,2,-2,-1
15375,Prl8a8,3,3,0,0,5,5,2,2,242,234,234,240,240,-2,-2,-2,-2
13735,Olfr734,39,14,1,0,48,30,3,0,242,155,198,238,242,-9,-16,-2,0
13737,Olfr736,10,5,0,0,17,6,2,0,242,215,231,240,242,-7,-1,-2,0
19705,Tnfrsf18,49,33,7,3,66,40,9,4,242,127,169,226,235,-17,-7,-2,-1
4622,Dido1,37,19,3,3,57,31,5,1,242,148,192,234,238,-20,-12,-2,2
3901,Crybb1,39,30,6,3,49,36,8,3,242,154,176,228,236,-10,-6,-2,0
4619,Diaph2,53,32,7,3,52,33,9,0,242,137,177,226,239,1,-1,-2,3
330,5430403G16Rik,37,18,1,0,70,42,3,2,242,135,182,238,240,-33,-24,-2,-2
2698,Ccdc97,40,14,2,2,42,20,4,2,242,160,208,236,238,-2,-6,-2,0
2464,Card14,40,19,2,1,65,33,4,0,242,137,190,236,241,-25,-14,-2,1
4571,Dgkb,49,27,7,2,34,26,9,1,242,159,189,226,239,15,1,-2,1
13879,Olfr912,37,18,1,0,45,29,3,1,242,160,195,238,241,-8,-11,-2,-1
19743,Tnni2,61,49,26,8,53,47,28,12,242,128,146,188,222,8,2,-2,-4
19751,Tnpo1,35,14,4,3,41,22,6,1,242,166,206,232,238,-6,-8,-2,2
15333,Prkcd,42,21,2,2,66,34,4,2,242,134,187,236,238,-24,-13,-2,0
4559,Det1,34,17,5,0,46,22,7,2,242,162,203,230,240,-12,-5,-2,-2
19753,Tnpo3,34,18,2,2,39,21,4,2,242,169,203,236,238,-5,-3,-2,0
17730,Slc4a1ap,39,16,3,2,41,19,5,1,242,162,207,234,239,-2,-3,-2,1
13895,Olfr933,4,2,0,0,9,9,2,1,242,229,231,240,241,-5,-7,-2,-1
20791,Utp14a,42,25,3,3,29,17,5,0,242,171,200,234,239,13,8,-2,3
2475,Carnmt1,33,18,4,2,44,22,6,1,242,165,202,232,239,-11,-4,-2,1
4552,Derl1,46,23,2,2,46,16,4,1,242,150,203,236,239,0,7,-2,1
8112,Gpr89,31,18,5,3,61,35,7,1,242,150,189,230,238,-30,-17,-2,2
4551,Dera,46,30,6,3,53,30,8,4,242,143,182,228,235,-7,0,-2,-1
4549,Depp1,59,46,16,9,70,56,18,11,242,113,140,208,222,-11,-10,-2,-2
18097,Sowahd,32,22,2,0,22,15,4,1,242,188,205,236,241,10,7,-2,-1
3924,Cse1l,29,11,4,2,48,23,6,1,242,165,208,232,239,-19,-12,-2,1
17724,Slc47a2,40,21,2,1,56,31,4,0,242,146,190,236,241,-16,-10,-2,1
13864,Olfr894,0,0,0,0,8,7,2,0,242,234,235,240,242,-8,-7,-2,0
13839,Olfr860,2,2,0,0,6,6,2,0,242,234,234,240,242,-4,-4,-2,0
19715,Tnfrsf8,35,17,1,0,40,21,3,1,242,167,204,238,241,-5,-4,-2,-1
13820,Olfr832,9,5,0,0,14,9,2,0,242,219,228,240,242,-5,-4,-2,0
4607,Dhx34,25,12,3,0,68,35,5,2,242,149,195,234,240,-43,-23,-2,-2
19719,Tnfsf12,52,37,10,4,64,40,12,9,242,126,165,220,229,-12,-3,-2,-5
19723,Tnfsf15,55,33,5,0,51,30,7,0,242,136,179,230,242,4,3,-2,0
4601,Dhx15,39,18,3,2,33,16,5,2,242,170,208,234,238,6,2,-2,0
15347,Prkn,42,32,11,6,60,42,13,6,242,140,168,218,230,-18,-10,-2,0
8149,Grb7,60,32,6,4,54,38,8,3,242,128,172,228,235,6,-6,-2,1
21902,Zfp628,26,12,3,1,60,25,5,0,242,156,205,234,241,-34,-13,-2,1
15343,Prkd3,29,16,4,2,61,33,6,1,242,152,193,232,239,-32,-17,-2,1
19982,Trav19,9,8,5,2,12,10,7,2,242,221,224,230,238,-3,-2,-2,0
18107,Sox2,30,18,3,0,36,27,5,0,242,176,197,234,242,-6,-9,-2,0
19733,Tnk1,57,36,7,3,62,36,9,2,242,123,170,226,237,-5,0,-2,1
13849,Olfr874,5,2,0,0,14,13,2,0,242,223,227,240,242,-9,-11,-2,0
13852,Olfr877,53,25,2,0,45,26,4,0,242,144,191,236,242,8,-1,-2,0
4584,Dhdds,26,15,4,3,48,27,6,4,242,168,200,232,235,-22,-12,-2,-1
19737,Tnks2,38,24,6,3,53,28,8,3,242,151,190,228,236,-15,-4,-2,0
13862,Olfr891,0,0,0,0,2,2,2,0,242,240,240,240,242,-2,-2,-2,0
19660,Tmprss11g,25,7,1,0,42,21,3,0,242,175,214,238,242,-17,-14,-2,0
20629,Ugt1a6a,60,49,14,7,68,43,16,7,242,114,150,212,228,-8,6,-2,0
17692,Slc39a13,46,23,3,2,47,20,5,1,242,149,199,234,239,-1,3,-2,1
13559,Olfr549,14,11,2,0,30,20,4,0,242,198,211,236,242,-16,-9,-2,0
2405,Camkk1,46,21,4,0,53,33,6,0,242,143,188,232,242,-7,-12,-2,0
17635,Slc31a1,33,21,5,2,54,25,7,4,242,155,196,230,236,-21,-4,-2,-2
8304,Gucy2e,16,7,0,0,24,14,2,2,242,202,221,240,240,-8,-7,-2,-2
2758,Ccnk,38,24,5,2,45,30,7,1,242,159,188,230,239,-7,-6,-2,1
13503,Olfr484,35,20,0,0,40,11,2,0,242,167,211,240,242,-5,9,-2,0
3797,Cpne4,44,27,8,2,56,36,10,2,242,142,179,224,238,-12,-9,-2,0
21852,Zfp52,74,40,6,2,50,33,8,3,242,118,169,228,237,24,7,-2,-1
7457,Gm40460,7,7,0,0,3,3,2,0,242,232,232,240,242,4,4,-2,0
3803,Cpox,44,24,2,2,49,30,4,2,242,149,188,236,238,-5,-6,-2,0
4852,Dpm3,45,30,3,2,36,20,5,1,242,161,192,234,239,9,10,-2,1
21853,Zfp521,60,34,5,0,59,42,7,1,242,123,166,230,241,1,-8,-2,-1
4845,Dph2,62,35,2,0,37,18,4,2,242,143,189,236,240,25,17,-2,-2
13533,Olfr518,36,23,3,1,44,24,5,0,242,162,195,234,241,-8,-1,-2,1
3808,Cpsf2,24,8,2,2,53,29,4,0,242,165,205,236,240,-29,-21,-2,2
13541,Olfr525,37,15,3,0,42,20,5,0,242,163,207,234,242,-5,-5,-2,0
8286,Gtpbp4,44,18,4,2,37,17,6,1,242,161,207,232,239,7,1,-2,1
7461,Gm4181,11,11,2,1,14,13,4,3,242,217,218,236,238,-3,-2,-2,-2
19576,Tmem29,43,28,7,2,63,40,9,3,242,136,174,226,237,-20,-12,-2,-1
7463,Gm42416,17,11,1,1,24,17,3,2,242,201,214,238,239,-7,-6,-2,-1
15421,Prpf31,23,11,2,2,46,25,4,1,242,173,206,236,239,-23,-14,-2,1
2761,Ccno,59,35,2,0,71,34,4,2,242,112,173,236,240,-12,1,-2,-2
15423,Prpf38b,47,27,3,2,29,14,5,1,242,166,201,234,239,18,13,-2,1
3788,Cplx2,42,23,4,2,60,38,6,1,242,140,181,232,239,-18,-15,-2,1
15432,Prph2,48,25,0,0,34,17,2,0,242,160,200,240,242,14,8,-2,0
13443,Olfr403,34,17,1,0,42,26,3,1,242,166,199,238,241,-8,-9,-2,-1
3777,Cpd,34,18,4,2,60,30,6,1,242,148,194,232,239,-26,-12,-2,1
18159,Spata19,14,13,6,1,17,14,8,5,242,211,215,228,236,-3,-1,-2,-4
15431,Prph,62,40,7,4,36,23,9,2,242,144,179,226,236,26,17,-2,2
8333,H13,27,15,2,2,34,15,4,1,242,181,212,236,239,-7,0,-2,1
8328,Gzmf,7,5,1,0,10,10,3,0,242,225,227,238,242,-3,-5,-2,0
15428,Prpf4b,32,14,3,2,43,22,5,1,242,167,206,234,239,-11,-8,-2,1
13467,Olfr447,26,12,1,0,23,15,3,2,242,193,215,238,240,3,-3,-2,-2
4876,Dpysl5,38,15,0,0,28,13,2,2,242,176,214,240,240,10,2,-2,-2
2399,Camk2b,57,24,2,0,46,22,4,0,242,139,196,236,242,11,2,-2,0
2764,Ccnt2,40,21,4,2,42,26,6,1,242,160,195,232,239,-2,-5,-2,1
19548,Tmem245,46,26,2,2,50,21,4,1,242,146,195,236,239,-4,5,-2,1
18154,Spata1,61,39,7,4,64,46,9,4,242,117,157,226,234,-3,-7,-2,0
7446,Gm38431,66,40,5,1,51,23,7,1,242,125,179,230,240,15,17,-2,0
4880,Dram2,36,19,7,2,55,34,9,6,242,151,189,226,234,-19,-15,-2,-4
8314,Gxylt1,30,18,2,2,54,26,4,1,242,158,198,236,239,-24,-8,-2,1
7448,Gm3858,19,8,3,1,14,9,5,3,242,209,225,234,238,5,-1,-2,-2
4827,Dok7,52,32,6,2,68,39,8,2,242,122,171,228,238,-16,-7,-2,0
13560,Olfr55,13,7,0,0,16,14,2,1,242,213,221,240,241,-3,-7,-2,-1
19654,Tmprss11a,15,3,0,0,19,10,2,0,242,208,229,240,242,-4,-7,-2,0
19583,Tmem37,39,26,5,2,65,41,7,1,242,138,175,230,239,-26,-15,-2,1
4762,Dnajc21,31,14,2,2,49,27,4,2,242,162,201,236,238,-18,-13,-2,0
13630,Olfr624,43,21,2,1,42,21,4,2,242,157,200,236,239,1,0,-2,-1
8227,Gsn,52,33,6,2,41,25,8,5,242,149,184,228,235,11,8,-2,-3
19631,Tmem87b,33,20,6,2,70,41,8,1,242,139,181,228,239,-37,-21,-2,1
8226,Gskip,38,19,3,2,51,26,5,2,242,153,197,234,238,-13,-7,-2,0
13647,Olfr643,2,2,0,0,8,8,2,2,242,232,232,240,240,-6,-6,-2,-2
8224,Gsk3a,33,17,2,2,30,12,4,1,242,179,213,236,239,3,5,-2,1
8223,Gsg1l2,13,12,0,0,5,5,2,0,242,224,225,240,242,8,7,-2,0
3853,Creg2,24,8,1,0,30,13,3,0,242,188,221,238,242,-6,-5,-2,0
19632,Tmem88,55,32,6,2,70,48,8,2,242,117,162,228,238,-15,-16,-2,0
4739,Dnajb12,23,9,2,2,56,25,4,2,242,163,208,236,238,-33,-16,-2,0
2435,Capn9,41,19,0,0,53,19,2,0,242,148,204,240,242,-12,0,-2,0
19641,Tmem97,31,19,7,2,59,34,9,0,242,152,189,226,240,-28,-15,-2,2
17683,Slc38a5,44,28,5,3,48,30,7,5,242,150,184,230,234,-4,-2,-2,-2
13670,Olfr668,24,15,0,0,27,15,2,0,242,191,212,240,242,-3,0,-2,0
8213,Gsdma3,9,5,2,0,21,17,4,1,242,212,220,236,241,-12,-12,-2,-1
20806,Uvrag,44,22,2,2,38,22,4,1,242,160,198,236,239,6,0,-2,1
19652,Tmpo,37,17,3,3,48,21,5,0,242,157,204,234,239,-11,-4,-2,3
13679,Olfr678,51,33,6,1,60,34,8,2,242,131,175,228,239,-9,-1,-2,-1
20614,Ufc1,33,18,4,2,31,14,6,4,242,178,210,232,236,2,4,-2,-2
8239,Gstm1,59,29,5,2,43,26,7,0,242,140,187,230,240,16,3,-2,2
19608,Tmem61,29,27,5,1,24,18,7,2,242,189,197,230,239,5,9,-2,-1
17669,Slc36a1,53,30,4,3,53,30,6,1,242,136,182,232,238,0,0,-2,2
19584,Tmem38a,49,26,5,3,48,26,7,6,242,145,190,230,233,1,0,-2,-3
4811,Dock11,50,32,1,0,47,29,3,2,242,145,181,238,240,3,3,-2,-2
13575,Olfr566,22,12,0,0,27,17,2,0,242,193,213,240,242,-5,-5,-2,0
17662,Slc35f3,34,18,5,2,70,38,7,0,242,138,186,230,240,-36,-20,-2,2
13580,Olfr571,37,20,2,0,44,31,4,1,242,161,191,236,241,-7,-11,-2,-1
19593,Tmem44,63,35,5,2,62,41,7,2,242,117,166,230,238,1,-6,-2,0
17665,Slc35f6,39,16,4,2,56,24,6,1,242,147,202,232,239,-17,-8,-2,1
4793,Dnm2,35,20,4,3,43,21,6,1,242,164,201,232,238,-8,-1,-2,2
20823,Vapa,41,26,3,2,26,14,5,2,242,175,202,234,238,15,12,-2,0
19606,Tmem59l,47,27,2,0,54,32,4,2,242,141,183,236,240,-7,-5,-2,-2
17671,Slc36a3,28,15,4,2,36,24,6,4,242,178,203,232,236,-8,-9,-2,-2
3831,Cracr2b,42,21,5,2,54,33,7,2,242,146,188,230,238,-12,-12,-2,0
8251,Gstt1,72,51,9,2,42,29,11,2,242,128,162,222,238,30,22,-2,0
4783,Dnase1l2,75,42,9,1,62,34,11,4,242,105,166,222,237,13,8,-2,-3
15410,Pros1,50,29,7,3,47,29,9,3,242,145,184,226,236,3,0,-2,0
19604,Tmem54,49,42,7,0,43,35,9,3,242,150,165,226,239,6,7,-2,-3
4774,Dnajc6,26,14,2,2,56,29,4,1,242,160,199,236,239,-30,-15,-2,1
17677,Slc38a1,47,24,2,0,52,23,4,0,242,143,195,236,242,-5,1,-2,0
21493,Xpnpep2,54,35,6,2,48,34,8,3,242,140,173,228,237,6,1,-2,-1
9867,Kctd11,59,39,5,0,58,34,7,1,242,125,169,230,241,1,5,-2,-1
12368,Nmd3,34,24,9,5,61,36,11,5,242,147,182,222,232,-27,-12,-2,0
10358,Lclat1,40,24,7,4,67,45,9,8,242,135,173,226,230,-27,-21,-2,-4
21221,Vps11,39,19,2,2,36,18,4,1,242,167,205,236,239,3,1,-2,1
3036,Ceacam12,39,23,3,0,31,20,5,1,242,172,199,234,241,8,3,-2,-1
11202,Mesp2,40,25,9,3,65,40,11,5,242,137,177,222,234,-25,-15,-2,-2
10348,Lce1l,6,6,3,1,7,7,5,2,242,229,229,234,239,-1,-1,-2,-1
9298,Igkv6-23,12,11,8,5,17,15,10,6,242,213,216,224,231,-5,-4,-2,-1
9299,Igkv6-25,10,7,7,5,13,12,9,6,242,219,223,226,231,-3,-5,-2,-1
3035,Ceacam11,2,1,0,0,4,4,2,2,242,236,237,240,240,-2,-3,-2,-2
6096,Flnc,60,27,0,0,32,15,2,0,242,150,200,240,242,28,12,-2,0
11192,Men1,49,30,4,2,52,27,6,1,242,141,185,232,239,-3,3,-2,1
10353,Lce3d,8,6,5,3,9,8,7,2,242,225,228,230,237,-1,-2,-2,1
10355,Lce3f,5,5,4,3,9,8,6,6,242,228,229,232,233,-4,-3,-2,-3
6098,Flot2,41,13,2,2,46,23,4,1,242,155,206,236,239,-5,-10,-2,1
20266,Trub2,29,14,3,2,71,33,5,1,242,142,195,234,239,-42,-19,-2,1
16839,Sart1,41,25,2,2,37,14,4,2,242,164,203,236,238,4,11,-2,0
9763,Kbtbd2,34,15,3,2,50,33,5,3,242,158,194,234,237,-16,-18,-2,-1
1730,Atp6v1c2,52,41,11,5,61,41,13,0,242,129,160,218,237,-9,0,-2,5
16412,Rnf152,29,10,2,1,49,26,4,0,242,164,206,236,241,-20,-16,-2,1
6442,Gatad2b,35,17,3,2,48,26,5,1,242,159,199,234,239,-13,-9,-2,1
1458,Arid4a,51,27,3,2,42,24,5,3,242,149,191,234,237,9,3,-2,-1
6103,Flt3,26,15,2,0,29,16,4,1,242,187,211,236,241,-3,-1,-2,-1
6105,Flt4,40,16,2,0,40,17,4,1,242,162,209,236,241,0,-1,-2,-1
1899,Baz1b,40,20,2,2,36,20,4,1,242,166,202,236,239,4,0,-2,1
3031,Cdyl,28,11,3,0,59,30,5,0,242,155,201,234,242,-31,-19,-2,0
11177,Megf8,38,20,2,2,55,27,4,1,242,149,195,236,239,-17,-7,-2,1
11173,Mefv,31,13,2,0,18,6,4,1,242,193,223,236,241,13,7,-2,-1
11172,Mef2d,42,19,2,2,52,26,4,1,242,148,197,236,239,-10,-7,-2,1
10372,Lcorl,41,26,5,1,75,47,7,1,242,126,169,230,240,-34,-21,-2,0
9308,Igkv8-26,4,4,4,2,7,7,6,4,242,231,231,232,236,-3,-3,-2,-2
9295,Igkv6-15,13,10,9,5,18,17,11,7,242,211,215,222,230,-5,-7,-2,-2
16404,Rnf144a,49,29,2,0,62,41,4,1,242,131,172,236,241,-13,-12,-2,-1
10338,Lce1b,10,8,3,1,7,7,5,1,242,225,227,234,240,3,1,-2,0
18518,Stk19,26,14,2,2,35,19,4,1,242,181,209,236,239,-9,-5,-2,1
6073,Fkbp15,35,17,4,2,51,22,6,1,242,156,203,232,239,-16,-5,-2,1
6074,Fkbp1a,38,19,2,2,39,15,4,0,242,165,208,236,240,-1,4,-2,2
17117,Serinc3,39,22,5,2,30,14,7,2,242,173,206,230,238,9,8,-2,0
16378,Rnd2,44,27,6,1,53,26,8,6,242,145,189,228,235,-9,1,-2,-5
10309,Large2,49,31,7,2,85,52,9,2,242,108,159,226,238,-36,-21,-2,0
18899,Tax1bp1,34,14,4,2,37,20,6,3,242,171,208,232,237,-3,-6,-2,-1
9286,Igkv4-91,13,9,5,3,18,15,7,7,242,211,218,230,232,-5,-6,-2,-4
6462,Gbp8,46,25,4,1,43,26,6,2,242,153,191,232,239,3,-1,-2,-1
1481,Arl5b,61,31,5,2,41,23,7,1,242,140,188,230,239,20,8,-2,1
11232,Mettl7a1,43,24,7,3,68,48,9,2,242,131,170,226,237,-25,-24,-2,1
6459,Gbp5,53,26,2,1,54,30,4,1,242,135,186,236,240,-1,-4,-2,0
1476,Arl3,32,19,2,2,41,25,4,1,242,169,198,236,239,-9,-6,-2,1
6081,Fkbp7,42,22,7,2,50,24,9,6,242,150,196,226,234,-8,-2,-2,-4
2953,Cdh22,28,12,2,1,35,20,4,1,242,179,210,236,240,-7,-8,-2,0
21217,Vopp1,49,34,4,1,46,27,6,2,242,147,181,232,239,3,7,-2,-1
16850,Saxo1,23,14,2,0,21,11,4,3,242,198,217,236,239,2,3,-2,-3
20360,Ttc29,18,9,3,0,29,19,5,3,242,195,214,234,239,-11,-10,-2,-3
16391,Rnf123,41,19,3,2,61,28,5,2,242,140,195,234,238,-20,-9,-2,0
9292,Igkv5-48,7,7,6,4,12,11,8,5,242,223,224,228,233,-5,-4,-2,-1
1173,Ankrd26,42,21,2,0,45,23,4,1,242,155,198,236,241,-3,-2,-2,-1
11218,Mettl2,34,17,3,1,31,19,5,1,242,177,206,234,240,3,-2,-2,0
16395,Rnf13,48,27,6,4,45,22,8,3,242,149,193,228,235,3,5,-2,1
16396,Rnf130,44,22,5,3,42,24,7,3,242,156,196,230,236,2,-2,-2,0
6792,Gm11127,45,25,8,4,57,33,10,4,242,140,184,224,234,-12,-8,-2,0
11214,Mettl15,42,25,6,2,59,36,8,4,242,141,181,228,236,-17,-11,-2,-2
16397,Rnf133,13,10,1,1,26,23,3,1,242,203,209,238,240,-13,-13,-2,0
18894,Tasp1,33,17,2,1,55,20,4,2,242,154,205,236,239,-22,-3,-2,-1
3030,Cdx4,20,8,0,0,17,7,2,0,242,205,227,240,242,3,1,-2,0
1897,Bax,52,33,5,4,44,26,7,3,242,146,183,230,235,8,7,-2,1
21227,Vps18,51,23,4,2,41,23,6,1,242,150,196,232,239,10,0,-2,1
9333,Igsf21,30,14,0,0,18,10,2,0,242,194,218,240,242,12,4,-2,0
17241,Sfxn2,27,18,5,2,66,30,7,1,242,149,194,230,239,-39,-12,-2,1
20480,Tyk2,42,20,2,2,46,29,4,1,242,154,193,236,239,-4,-9,-2,1
1449,Arhgef6,41,24,2,0,58,34,4,0,242,143,184,236,242,-17,-10,-2,0
1757,Atrip,33,11,4,2,58,29,6,2,242,151,202,232,238,-25,-18,-2,0
17239,Sftpd,22,16,3,1,23,16,5,2,242,197,210,234,239,-1,0,-2,-1
1197,Ankrd55,62,39,10,6,66,47,12,7,242,114,156,220,229,-4,-8,-2,-1
11113,Mcur1,38,24,5,3,62,30,7,2,242,142,188,230,237,-24,-6,-2,1
1199,Ankrd60,23,22,5,0,30,23,7,1,242,189,197,230,241,-7,-1,-2,-1
9616,Isy1,44,20,4,2,47,25,6,2,242,151,197,232,238,-3,-5,-2,0
10431,Lgi4,54,39,11,2,54,39,13,3,242,134,164,218,237,0,0,-2,-1
3013,Cdkn2d,33,14,3,3,62,29,5,2,242,147,199,234,237,-29,-15,-2,1
11106,Mcrs1,36,24,5,4,72,46,7,2,242,134,172,230,236,-36,-22,-2,2
10434,Lgr5,51,26,5,2,59,36,7,2,242,132,180,230,238,-8,-10,-2,0
20342,Ttbk1,44,25,3,0,62,29,5,2,242,136,188,234,240,-18,-4,-2,-2
21032,Vmn1r42,22,13,1,0,30,17,3,0,242,190,212,238,242,-8,-4,-2,0
1759,Atrnl1,39,25,2,2,47,28,4,0,242,156,189,236,240,-8,-3,-2,2
6836,Gm12117,56,45,28,11,56,46,30,13,242,130,151,184,218,0,-1,-2,-2
11101,Mcpt4,23,18,4,1,26,25,6,3,242,193,199,232,238,-3,-7,-2,-2
6138,Fndc3c1,22,10,4,1,28,14,6,2,242,192,218,232,239,-6,-4,-2,-1
9611,Isoc1,37,25,6,2,60,32,8,4,242,145,185,228,236,-23,-7,-2,-2
20482,Tyms,45,25,5,2,47,25,7,1,242,150,192,230,239,-2,0,-2,1
16797,Sall4,26,14,2,1,29,18,4,1,242,187,210,236,240,-3,-4,-2,0
6407,Gamt,47,31,9,4,58,36,11,3,242,137,175,222,235,-11,-5,-2,1
10446,Lhx1,34,23,8,5,51,37,10,4,242,157,182,224,233,-17,-14,-2,1
18535,Stkld1,45,28,12,4,63,39,14,6,242,134,175,216,232,-18,-11,-2,-2
1764,Atxn2,42,24,5,3,47,27,7,4,242,153,191,230,235,-5,-3,-2,-1
10449,Lhx4,25,12,0,0,40,22,2,0,242,177,208,240,242,-15,-10,-2,0
18875,Tas2r123,1,1,0,0,4,4,2,0,242,237,237,240,242,-3,-3,-2,0
1882,Bambi,45,17,0,0,43,26,2,0,242,154,199,240,242,2,-9,-2,0
1743,Atp8a2,43,24,6,0,44,27,8,2,242,155,191,228,240,-1,-3,-2,-2
21360,Wdr61,36,18,2,2,31,18,4,3,242,175,206,236,237,5,0,-2,-1
6977,Gm17067,35,20,6,3,62,40,8,6,242,145,182,228,233,-27,-20,-2,-3
11157,Med26,44,27,3,0,51,33,5,0,242,147,182,234,242,-7,-6,-2,0
17243,Sfxn4,48,24,5,3,43,25,7,1,242,151,193,230,238,5,-1,-2,2
18526,Stk32c,62,31,3,2,37,19,5,0,242,143,192,234,240,25,12,-2,2
21368,Wdr74,30,13,5,3,40,20,7,3,242,172,209,230,236,-10,-7,-2,0
6435,Gata2,59,34,7,2,61,37,9,2,242,122,171,226,238,-2,-3,-2,0
3024,Cds2,47,27,6,3,53,26,8,4,242,142,189,228,235,-6,1,-2,-1
20351,Ttc21a,37,16,2,0,35,20,4,0,242,170,206,236,242,2,-4,-2,0
16428,Rnf19a,37,20,2,2,54,23,4,0,242,151,199,236,240,-17,-3,-2,2
11150,Med19,50,26,2,2,28,14,4,1,242,164,202,236,239,22,12,-2,1
20269,Try5,22,21,6,1,22,20,8,3,242,198,201,228,238,0,1,-2,-2
10388,Ldlrad1,43,38,8,1,47,38,10,3,242,152,166,224,238,-4,0,-2,-2
16825,Sap25,46,37,24,14,64,55,26,16,242,132,150,192,212,-18,-18,-2,-2
11146,Med15,37,24,4,3,48,26,6,1,242,157,192,232,238,-11,-2,-2,2
10393,Ldoc1,16,7,0,0,28,19,2,0,242,198,216,240,242,-12,-12,-2,0
11145,Med14,36,17,4,2,60,30,6,3,242,146,195,232,237,-24,-13,-2,-1
11143,Med13,41,20,3,2,50,24,5,1,242,151,198,234,239,-9,-4,-2,1
6427,Gas2l3,39,21,4,1,57,29,6,1,242,146,192,232,240,-18,-8,-2,0
9328,Iglv1,21,20,18,10,27,25,20,10,242,194,197,204,222,-6,-5,-2,0
10402,Lemd2,42,19,3,3,38,17,5,1,242,162,206,234,238,4,2,-2,2
6827,Gm11756,20,17,5,0,29,25,7,3,242,193,200,230,239,-9,-8,-2,-3
11136,Mecp2,49,27,7,2,48,26,9,3,242,145,189,226,237,1,1,-2,-1
20276,Tsc22d4,49,27,3,2,65,29,5,0,242,128,186,234,240,-16,-2,-2,2
16813,Samm50,24,13,3,2,38,21,5,1,242,180,208,234,239,-14,-8,-2,1
20476,Txnl4b,38,23,3,2,54,32,5,2,242,150,187,234,238,-16,-9,-2,0
16807,Samd4b,44,19,3,2,35,18,5,3,242,163,205,234,237,9,1,-2,-1
11129,Me1,41,21,3,2,38,19,5,2,242,163,202,234,238,3,2,-2,0
6468,Gcat,38,17,2,2,58,37,4,2,242,146,188,236,238,-20,-20,-2,0
21214,Vmp1,44,27,4,2,44,21,6,2,242,154,194,232,238,0,6,-2,0
6994,Gm17387,11,10,7,6,10,10,9,9,242,221,222,226,227,1,0,-2,-3
21190,Vmn2r79,43,26,5,2,53,31,7,3,242,146,185,230,237,-10,-5,-2,-1
16317,Rims1,40,19,1,1,36,15,3,0,242,166,208,238,241,4,4,-2,1
1532,Arrdc4,76,35,5,2,30,14,7,3,242,136,193,230,237,46,21,-2,-1
18732,Sypl2,43,27,3,2,35,21,5,0,242,164,194,234,240,8,6,-2,2
20393,Ttll11,32,19,5,1,83,48,7,1,242,127,175,230,240,-51,-29,-2,0
1946,BC107364,30,26,7,1,61,52,9,4,242,151,164,226,237,-31,-26,-2,-3
21195,Vmn2r83,39,20,0,0,31,17,2,0,242,172,205,240,242,8,3,-2,0
11360,Mknk1,40,24,3,2,52,23,5,3,242,150,195,234,237,-12,1,-2,-1
21196,Vmn2r84,30,15,2,1,38,23,4,1,242,174,204,236,240,-8,-8,-2,0
18505,Stfa2l1,17,17,16,5,20,19,18,10,242,205,206,208,227,-3,-2,-2,-5
1694,Atp2c2,47,26,2,0,54,26,4,1,242,141,190,236,241,-7,0,-2,-1
2947,Cdh16,53,40,16,8,75,62,18,7,242,114,140,208,227,-22,-22,-2,1
20249,Trpm2,46,25,2,0,30,19,4,4,242,166,198,236,238,16,6,-2,-4
2948,Cdh17,40,18,2,0,52,32,4,0,242,150,192,236,242,-12,-14,-2,0
1936,BC048679,16,12,5,4,18,14,7,2,242,208,216,230,236,-2,-2,-2,2
21413,Wipf1,47,27,4,0,69,41,6,2,242,126,174,232,240,-22,-14,-2,-2
6529,Gfi1b,32,16,3,0,28,22,5,2,242,182,204,234,240,4,-6,-2,-2
10200,Krtap13,7,5,2,1,13,12,4,3,242,222,225,236,238,-6,-7,-2,-2
1114,Anapc10,33,17,3,0,57,36,5,1,242,152,189,234,241,-24,-19,-2,-1
16890,Scd3,45,28,3,2,49,27,5,2,242,148,187,234,238,-4,1,-2,0
18931,Tbc1d9,43,24,2,0,64,37,4,1,242,135,181,236,241,-21,-13,-2,-1
18637,Sun1,36,18,3,2,46,28,5,1,242,160,196,234,239,-10,-10,-2,1
10205,Krtap16-3,0,0,0,0,2,2,2,0,242,240,240,240,242,-2,-2,-2,0
1697,Atp5a1,30,14,4,4,34,16,6,1,242,178,212,232,237,-4,-2,-2,3
1115,Anapc11,36,16,2,2,43,23,4,1,242,163,203,236,239,-7,-7,-2,1
16328,Riok2,44,20,3,2,53,29,5,2,242,145,193,234,238,-9,-9,-2,0
16329,Riok3,46,23,3,3,30,13,5,1,242,166,206,234,238,16,10,-2,2
16332,Ripk1,47,23,3,3,47,28,5,2,242,148,191,234,237,0,-5,-2,1
20394,Ttll12,48,21,5,2,46,25,7,3,242,148,196,230,237,2,-4,-2,-1
6540,Gfral,13,7,0,0,17,13,2,0,242,212,222,240,242,-4,-6,-2,0
20470,Txndc5,37,21,4,2,60,33,6,1,242,145,188,232,239,-23,-12,-2,1
10182,Krt8,53,28,7,4,46,22,9,4,242,143,192,226,234,7,6,-2,0
18947,Tbp,40,23,4,2,54,37,6,3,242,148,182,232,237,-14,-14,-2,-1
21177,Vmn2r67,19,10,0,0,32,16,2,0,242,191,216,240,242,-13,-6,-2,0
2940,Cdcp3,28,13,0,0,17,13,2,0,242,197,216,240,242,11,0,-2,0
9213,Igkj2,3,3,2,2,5,5,4,3,242,234,234,236,237,-2,-2,-2,-1
9762,Kbtbd13,43,21,1,1,33,18,3,1,242,166,203,238,240,10,3,-2,0
6570,Gigyf2,37,19,2,2,54,32,4,1,242,151,191,236,239,-17,-13,-2,1
9214,Igkj3,0,0,0,0,2,2,2,2,242,240,240,240,240,-2,-2,-2,-2
9215,Igkj4,1,1,1,1,5,4,3,3,242,236,237,238,238,-4,-3,-2,-2
21428,Wnt11,62,43,5,1,69,43,7,3,242,111,156,230,238,-7,0,-2,-2
11404,Mmp16,60,27,2,0,47,27,4,1,242,135,188,236,241,13,0,-2,-1
21180,Vmn2r7,47,29,4,1,42,23,6,1,242,153,190,232,240,5,6,-2,0
5998,Ffar4,55,37,6,3,40,23,8,2,242,147,182,228,237,15,14,-2,1
1091,Amigo1,48,19,3,2,59,37,5,1,242,135,186,234,239,-11,-18,-2,1
20513,Ubap2l,31,17,5,3,57,29,7,1,242,154,196,230,238,-26,-12,-2,2
6561,Ghitm,35,23,3,3,33,14,5,2,242,174,205,234,237,2,9,-2,1
1688,Atp2a3,57,30,4,1,37,19,6,0,242,148,193,232,241,20,11,-2,1
6559,Gh,33,30,13,6,37,33,15,11,242,172,179,214,225,-4,-3,-2,-5
9756,Katnbl1,47,33,7,5,51,35,9,5,242,144,174,226,232,-4,-2,-2,0
1095,Ammecr1l,36,17,2,2,58,39,4,1,242,148,186,236,239,-22,-22,-2,1
18940,Tbck,42,20,4,2,58,31,6,1,242,142,191,232,239,-16,-11,-2,1
18939,Tbcel,30,13,2,2,63,34,4,0,242,149,195,236,240,-33,-21,-2,2
7031,Gm1979,29,22,12,7,43,36,14,3,242,170,184,216,232,-14,-14,-2,4
16309,Riiad1,51,36,14,7,67,53,16,10,242,124,153,212,225,-16,-17,-2,-3
1550,As3mt,27,10,2,2,37,16,4,0,242,178,216,236,240,-10,-6,-2,2
6746,Gm10668,15,11,3,1,17,13,5,4,242,210,218,234,237,-2,-2,-2,-3
20512,Ubap2,40,21,3,3,47,22,5,0,242,155,199,234,239,-7,-1,-2,3
9746,Kat2b,35,21,3,3,55,31,5,0,242,152,190,234,239,-20,-10,-2,3
18736,Syt11,43,25,5,4,63,37,7,1,242,136,180,230,237,-20,-12,-2,3
6519,Gemin6,48,21,5,2,47,23,7,4,242,147,198,230,236,1,-2,-2,-2
10299,Lamtor5,32,15,3,2,30,22,5,5,242,180,205,234,235,2,-7,-2,-3
3038,Ceacam14,2,2,0,0,5,4,2,2,242,235,236,240,240,-3,-2,-2,-2
10267,L3mbtl2,27,12,4,2,76,45,6,5,242,139,185,232,235,-49,-33,-2,-3
7002,Gm17535,34,31,20,7,38,32,22,14,242,170,179,200,221,-4,-1,-2,-7
3161,Ces4a,21,8,0,0,23,11,2,1,242,198,223,240,241,-2,-3,-2,-1
9695,Jak3,44,20,2,0,39,24,4,2,242,159,198,236,240,5,-4,-2,-2
6483,Gcn1,31,12,2,2,45,18,4,1,242,166,212,236,239,-14,-6,-2,1
1504,Armcx4,33,12,0,0,62,35,2,0,242,147,195,240,242,-29,-23,-2,0
1710,Atp5md,36,18,5,3,43,25,7,3,242,163,199,230,236,-7,-7,-2,0
11286,Mgat4c,41,30,7,4,62,44,9,6,242,139,168,226,232,-21,-14,-2,-2
1140,Angptl8,48,43,16,3,46,39,18,3,242,148,160,208,236,2,4,-2,0
20382,Ttc9,26,10,0,0,62,25,2,0,242,154,207,240,242,-36,-15,-2,0
11284,Mgat4a,41,26,5,2,60,39,7,2,242,141,177,230,238,-19,-13,-2,0
3166,Cetn4,61,31,11,4,60,39,13,5,242,121,172,218,233,1,-8,-2,-1
18753,Sytl3,47,34,4,2,72,42,6,2,242,123,166,232,238,-25,-8,-2,0
16869,Scaf8,37,16,2,2,48,25,4,3,242,157,201,236,237,-11,-9,-2,-1
6056,Ficd,39,17,3,2,50,23,5,0,242,153,202,234,240,-11,-6,-2,2
20379,Ttc7,42,22,3,2,50,28,5,2,242,150,192,234,238,-8,-6,-2,0
11274,Mfsd7a,55,28,4,2,53,39,6,3,242,134,175,232,237,2,-11,-2,-1
16361,Rnase11,4,4,1,1,10,9,3,1,242,228,229,238,240,-6,-5,-2,0
1917,BC004004,31,16,3,2,41,24,5,3,242,170,202,234,237,-10,-8,-2,-1
6061,Fignl2,39,24,6,3,63,31,8,2,242,140,187,228,237,-24,-7,-2,1
11267,Mfsd4a,47,28,7,3,59,35,9,3,242,136,179,226,236,-12,-7,-2,0
1915,Bbx,46,23,2,2,48,24,4,1,242,148,195,236,239,-2,-1,-2,1
10292,Lamp3,35,14,1,0,36,15,3,1,242,171,213,238,241,-1,-1,-2,-1
1496,Armc5,31,11,2,2,54,26,4,1,242,157,205,236,239,-23,-15,-2,1
1914,Bbs9,41,25,4,2,58,27,6,2,242,143,190,232,238,-17,-2,-2,0
6787,Gm11100,57,32,5,1,53,38,7,1,242,132,172,230,240,4,-6,-2,0
10298,Lamtor4,42,24,3,2,36,23,5,3,242,164,195,234,237,6,1,-2,-1
18912,Tbc1d17,40,24,5,5,57,28,7,2,242,145,190,230,235,-17,-4,-2,3
6048,Fhl3,66,36,8,6,55,30,10,3,242,121,176,224,233,11,6,-2,3
18923,Tbc1d30,49,26,2,0,50,27,4,0,242,143,189,236,242,-1,-1,-2,0
16880,Scara5,53,28,6,0,46,26,8,5,242,143,188,228,237,7,2,-2,-5
6518,Gemin5,35,8,2,2,55,29,4,0,242,152,205,236,240,-20,-21,-2,2
10214,Krtap20-2,4,2,1,0,8,7,3,3,242,230,233,238,239,-4,-5,-2,-3
10219,Krtap27-1,4,4,2,0,7,7,4,1,242,231,231,236,241,-3,-3,-2,-1
6033,Fgfr2,54,32,5,2,55,36,7,2,242,133,174,230,238,-1,-4,-2,0
20256,Trps1,48,26,7,3,57,38,9,3,242,137,178,226,236,-9,-12,-2,0
10222,Krtap29-1,3,3,0,0,8,6,2,1,242,231,233,240,241,-5,-3,-2,-1
10223,Krtap3-1,6,5,4,3,7,7,6,0,242,229,230,232,239,-1,-2,-2,3
20472,Txndc9,32,16,3,2,53,27,5,1,242,157,199,234,239,-21,-11,-2,1
18508,Stim1,46,24,3,2,46,27,5,1,242,150,191,234,239,0,-3,-2,1
21011,Vmn1r25,4,3,0,0,2,2,2,0,242,236,237,240,242,2,1,-2,0
18744,Syt3,33,15,2,0,51,26,4,0,242,158,201,236,242,-18,-11,-2,0
3041,Ceacam18,36,18,0,0,31,18,2,0,242,175,206,240,242,5,0,-2,0
1122,Anapc5,37,20,4,3,46,29,6,2,242,159,193,232,237,-9,-9,-2,1
16339,Ripply1,39,32,9,1,36,33,11,4,242,167,177,222,237,3,-1,-2,-3
10228,Krtap4-1,5,3,0,0,6,6,2,0,242,231,233,240,242,-1,-3,-2,0
6042,Fh1,34,17,3,2,55,30,5,0,242,153,195,234,240,-21,-13,-2,2
1126,Ang4,25,25,11,4,21,18,13,7,242,196,199,218,231,4,7,-2,-3
21122,Vmn2r14,34,16,1,0,52,26,3,0,242,156,200,238,242,-18,-10,-2,0
10234,Krtap4-8,6,6,2,1,6,6,4,0,242,230,230,236,241,0,0,-2,1
9710,Jmjd4,35,17,3,0,54,35,5,2,242,153,190,234,240,-19,-18,-2,-2
16345,Rlbp1,44,30,4,1,51,36,6,2,242,147,176,232,239,-7,-6,-2,-1
9704,Jcad,55,33,2,2,43,25,4,1,242,144,184,236,239,12,8,-2,1
6497,Gdf10,41,21,3,0,38,21,5,2,242,163,200,234,240,3,0,-2,-2
11302,Mia2,48,28,3,2,42,20,5,1,242,152,194,234,239,6,8,-2,1
17261,Sgpl1,52,30,5,2,51,25,7,4,242,139,187,230,236,1,5,-2,-2
10255,Kti12,35,18,4,4,43,23,6,2,242,164,201,232,236,-8,-5,-2,2
7009,Gm17606,17,13,10,10,21,20,12,10,242,204,209,220,222,-4,-7,-2,0
16795,Sall2,35,18,7,3,68,43,9,1,242,139,181,226,238,-33,-25,-2,2
21232,Vps28,36,18,3,2,39,19,5,0,242,167,205,234,240,-3,-1,-2,2
6141,Fndc7,65,35,3,0,39,24,5,1,242,138,183,234,241,26,11,-2,-1
2992,Cdk5rap1,32,14,2,1,54,25,4,1,242,156,203,236,240,-22,-11,-2,0
17164,Serpinb7,28,20,4,2,28,17,6,3,242,186,205,232,237,0,3,-2,-1
21262,Vsig10l,34,17,3,0,83,49,5,1,242,125,176,234,241,-49,-32,-2,-1
18559,Strap,37,16,2,2,37,19,4,1,242,168,207,236,239,0,-3,-2,1
9442,Ilkap,43,16,2,2,42,22,4,1,242,157,204,236,239,1,-6,-2,1
9444,Iltifb,5,4,0,0,9,9,2,0,242,228,229,240,242,-4,-5,-2,0
6242,Fscn1,52,24,3,2,68,37,5,1,242,122,181,234,239,-16,-13,-2,1
6331,Gab1,42,19,2,2,54,26,4,1,242,146,197,236,239,-12,-7,-2,1
9526,Invs,39,19,2,1,47,20,4,1,242,156,203,236,240,-8,-1,-2,0
6884,Gm136,35,32,5,1,24,23,7,3,242,183,187,230,238,11,9,-2,-2
18563,Strip2,68,37,3,0,37,23,5,0,242,137,182,234,242,31,14,-2,0
2989,Cdk5,38,21,6,2,49,22,8,4,242,155,199,228,236,-11,-1,-2,-2
3264,Chil5,22,15,4,1,31,25,6,0,242,189,202,232,241,-9,-10,-2,1
10838,Madd,29,17,2,2,54,31,4,1,242,159,194,236,239,-25,-14,-2,1
6322,G3bp2,40,19,2,2,47,23,4,1,242,155,200,236,239,-7,-4,-2,1
16684,Rspo4,27,14,1,0,43,22,3,0,242,172,206,238,242,-16,-8,-2,0
17175,Serpind1,51,28,4,1,51,37,6,2,242,140,177,232,239,0,-9,-2,-1
9457,Impg2,54,32,0,0,50,31,2,0,242,138,179,240,242,4,1,-2,0
18819,Tafa2,18,7,3,1,25,13,5,2,242,199,222,234,239,-7,-6,-2,-1
10829,Macrod1,28,14,3,2,44,22,5,1,242,170,206,234,239,-16,-8,-2,1
9513,Ints12,42,22,3,3,43,19,5,2,242,157,201,234,237,-1,3,-2,1
16678,Rsph4a,31,19,2,0,66,40,4,0,242,145,183,236,242,-35,-21,-2,0
6257,Fstl5,16,7,1,0,18,12,3,0,242,208,223,238,242,-2,-5,-2,0
10658,Lrrc55,21,3,0,0,49,26,2,0,242,172,213,240,242,-28,-23,-2,0
16573,Rpp14,41,23,4,2,49,31,6,1,242,152,188,232,239,-8,-8,-2,1
10662,Lrrc59,29,16,4,2,35,18,6,1,242,178,208,232,239,-6,-2,-2,1
1276,Ap4m1,34,19,4,3,72,40,6,5,242,136,183,232,234,-38,-21,-2,-2
18820,Tafa3,33,18,3,0,39,18,5,0,242,170,206,234,242,-6,0,-2,0
1804,Axin1,36,16,2,2,42,22,4,2,242,164,204,236,238,-6,-6,-2,0
9535,Ipo5,33,15,3,3,40,21,5,0,242,169,206,234,239,-7,-6,-2,3
1809,AY761185,2,2,2,2,4,4,4,1,242,236,236,236,239,-2,-2,-2,1
10869,Mageb6b1,18,16,1,0,13,13,3,2,242,211,213,238,240,5,3,-2,-2
1248,Aopep,46,25,4,3,53,25,6,3,242,143,192,232,236,-7,0,-2,0
10579,Lrba,38,20,2,2,55,23,4,0,242,149,199,236,240,-17,-3,-2,2
10582,Lrch3,34,14,3,3,64,35,5,2,242,144,193,234,237,-30,-21,-2,1
3222,Cgrrf1,34,17,3,3,53,29,5,2,242,155,196,234,237,-19,-12,-2,1
10587,Lrfn3,36,18,3,0,74,49,5,0,242,132,175,234,242,-38,-31,-2,0
6929,Gm14698,43,33,20,11,65,56,22,14,242,134,153,200,217,-22,-23,-2,-3
6927,Gm14548,40,23,7,1,33,20,9,4,242,169,199,226,237,7,3,-2,-3
16723,Rubcnl,44,21,5,0,72,27,7,3,242,126,194,230,239,-28,-6,-2,-3
20492,U2af1l4,22,15,6,3,45,19,8,6,242,175,208,228,233,-23,-4,-2,-3
10896,Maml1,50,27,2,2,39,21,4,1,242,153,194,236,239,11,6,-2,1
10893,Malt1,29,16,2,2,48,22,4,0,242,165,204,236,240,-19,-6,-2,2
18802,Taf1c,43,21,1,0,46,29,3,2,242,153,192,238,240,-3,-8,-2,-2
18850,Tars,50,29,3,2,20,13,5,1,242,172,200,234,239,30,16,-2,1
16721,Rttn,32,17,1,1,66,34,3,0,242,144,191,238,241,-34,-17,-2,1
1254,Ap1b1,34,15,3,2,37,20,5,1,242,171,207,234,239,-3,-5,-2,1
10593,Lrig1,44,27,3,2,40,27,5,2,242,158,188,234,238,4,0,-2,0
21313,Wbp2,44,24,5,4,51,24,7,1,242,147,194,230,237,-7,0,-2,3
3225,Chac2,40,19,2,2,48,27,4,2,242,154,196,236,238,-8,-8,-2,0
18805,Taf3,35,18,2,1,47,25,4,0,242,160,199,236,241,-12,-7,-2,1
10602,Lrp10,42,26,7,3,55,24,9,4,242,145,192,226,235,-13,2,-2,-1
10603,Lrp11,49,30,3,2,56,33,5,1,242,137,179,234,239,-7,-3,-2,1
10877,Magi1,51,27,3,2,42,26,5,2,242,149,189,234,238,9,1,-2,0
9433,Il7,38,31,8,1,79,49,10,3,242,125,162,224,238,-41,-18,-2,-2
10875,Mageh1,35,26,6,1,42,24,8,3,242,165,192,228,238,-7,2,-2,-2
1380,Arfgef1,26,15,5,2,55,28,7,2,242,161,199,230,238,-29,-13,-2,0
21259,Vrtn,19,10,0,0,18,8,2,1,242,205,224,240,241,1,2,-2,-1
6234,Frrs1l,31,15,0,0,46,30,2,0,242,165,197,240,242,-15,-15,-2,0
10820,M6pr,36,24,4,2,39,24,6,2,242,167,194,232,238,-3,0,-2,0
3232,Chchd1,35,19,4,3,33,19,6,3,242,174,204,232,236,2,0,-2,0
18800,Taf1a,34,18,5,0,39,18,7,3,242,169,206,230,239,-5,0,-2,-3
1344,App,48,24,4,2,42,22,6,1,242,152,196,232,239,6,2,-2,1
18833,Tanc1,43,20,2,2,60,37,4,1,242,139,185,236,239,-17,-17,-2,1
1342,Apoo,30,15,6,2,53,28,8,1,242,159,199,228,239,-23,-13,-2,1
6271,Fto,26,13,2,2,49,22,4,0,242,167,207,236,240,-23,-9,-2,2
6273,Ftsj3,28,10,2,2,37,18,4,0,242,177,214,236,240,-9,-8,-2,2
3240,Chd1,45,21,3,3,51,27,5,1,242,146,194,234,238,-6,-6,-2,2
18569,Stt3b,26,16,3,2,51,28,5,2,242,165,198,234,238,-25,-12,-2,0
16650,Rrn3,41,18,2,2,32,17,4,1,242,169,207,236,239,9,1,-2,1
10766,Ly6g6g,35,27,6,0,36,24,8,2,242,171,191,228,240,-1,3,-2,-2
21280,Vwa1,55,28,7,2,50,31,9,3,242,137,183,226,237,5,-3,-2,-1
6277,Fuca2,46,37,9,6,53,34,11,10,242,143,171,222,226,-7,3,-2,-4
6278,Fundc1,38,28,6,4,57,32,8,6,242,147,182,228,232,-19,-4,-2,-2
3252,Chek2,55,31,3,2,61,33,5,2,242,126,178,234,238,-6,-2,-2,0
20314,Tspan6,56,28,4,1,50,31,6,1,242,136,183,232,240,6,-3,-2,0
10723,Lss,32,20,4,2,56,36,6,4,242,154,186,232,236,-24,-16,-2,-2
17179,Serpinf1,67,44,6,1,53,34,8,2,242,122,164,228,239,14,10,-2,-1
16622,Rps6ka6,32,10,2,2,53,33,4,0,242,157,199,236,240,-21,-23,-2,2
9483,Ino80e,30,18,3,2,42,27,5,1,242,170,197,234,239,-12,-9,-2,1
1320,Apoc2,46,37,14,6,42,33,16,8,242,154,172,212,228,4,4,-2,-2
10731,Ltbp2,74,49,7,1,43,24,9,0,242,125,169,226,241,31,25,-2,1
6284,Fut10,37,21,3,1,73,42,5,2,242,132,179,234,239,-36,-21,-2,-1
10744,Lum,54,30,3,2,41,17,5,1,242,147,195,234,239,13,13,-2,1
6287,Fut4,30,20,5,2,63,33,7,5,242,149,189,230,235,-33,-13,-2,-3
1318,Apobr,73,51,8,0,57,44,10,4,242,112,147,224,238,16,7,-2,-4
10741,Luc7l,56,30,4,2,29,18,6,2,242,157,194,232,238,27,12,-2,0
21288,Vwa8,27,15,2,2,46,23,4,1,242,169,204,236,239,-19,-8,-2,1
21289,Vwc2,29,18,1,1,22,15,3,0,242,191,209,238,241,7,3,-2,1
9489,Inpp5d,38,24,4,0,57,33,6,1,242,147,185,232,241,-19,-9,-2,-1
18827,Tagln3,59,42,7,3,58,42,9,4,242,125,158,226,235,1,0,-2,-1
6894,Gm14151,12,7,2,0,19,17,4,3,242,211,218,236,239,-7,-10,-2,-3
16579,Rpp40,44,34,5,4,79,43,7,1,242,119,165,230,237,-35,-9,-2,3
1293,Apcs,10,9,0,0,14,11,2,1,242,218,222,240,241,-4,-2,-2,-1
1277,Ap4s1,36,20,2,2,39,17,4,0,242,167,205,236,240,-3,3,-2,2
3235,Chchd3,30,17,2,2,35,22,4,0,242,177,203,236,240,-5,-5,-2,2
10671,Lrrc73,70,41,7,0,46,27,9,3,242,126,174,226,239,24,14,-2,-3
16581,Rprd1b,45,18,3,2,38,21,5,2,242,159,203,234,238,7,-3,-2,0
10673,Lrrc74b,47,25,3,0,46,29,5,3,242,149,188,234,239,1,-4,-2,-3
10813,Lzic,38,16,4,2,64,42,6,3,242,140,184,232,237,-26,-26,-2,-1
10811,Lyzl4,46,37,12,5,39,34,14,5,242,157,171,216,232,7,3,-2,0
1282,Apaf1,37,18,2,0,51,30,4,0,242,154,194,236,242,-14,-12,-2,0
21299,Wars2,48,20,3,2,50,28,5,3,242,144,194,234,237,-2,-8,-2,-1
6311,Fzd3,40,19,2,0,46,20,4,0,242,156,203,236,242,-6,-1,-2,0
21298,Wars,43,19,2,2,33,16,4,0,242,166,207,236,240,10,3,-2,2
9461,Inava,44,26,6,2,67,39,8,5,242,131,177,228,235,-23,-13,-2,-3
9509,Insyn2b,18,7,0,0,29,16,2,0,242,195,219,240,242,-11,-9,-2,0
16665,Rsbn1l,39,17,5,2,60,33,7,2,242,143,192,230,238,-21,-16,-2,0
3259,Chic2,30,12,1,0,46,24,3,1,242,166,206,238,241,-16,-12,-2,-1
17193,Sestd1,30,15,3,2,62,27,5,2,242,150,200,234,238,-32,-12,-2,0
16593,Rps17,30,18,6,4,38,24,8,4,242,174,200,228,234,-8,-6,-2,0
16599,Rps2,40,24,3,3,34,22,5,2,242,168,196,234,237,6,2,-2,1
9507,Insyn1,68,42,0,0,41,17,2,0,242,133,183,240,242,27,25,-2,0
3237,Chchd5,42,18,4,2,34,21,6,2,242,166,203,232,238,8,-3,-2,0
10794,Lypla1,37,29,6,3,56,31,8,4,242,149,182,228,235,-19,-2,-2,-1
6305,Fyco1,17,7,2,2,79,44,4,1,242,146,191,236,239,-62,-37,-2,1
10790,Lypd6b,40,23,4,0,43,29,6,2,242,159,190,232,240,-3,-6,-2,-2
10787,Lypd4,17,12,3,0,16,12,5,4,242,209,218,234,238,1,0,-2,-4
21294,Vxn,32,20,4,1,28,17,6,2,242,182,205,232,239,4,3,-2,-1
10784,Lypd11,5,5,1,0,17,15,3,0,242,220,222,238,242,-12,-10,-2,0
10692,Lrrn2,33,15,2,0,36,23,4,2,242,173,204,236,240,-3,-8,-2,-2
10911,Manbal,35,17,2,2,38,18,4,2,242,169,207,236,238,-3,-1,-2,0
16536,Rpl28,40,21,3,3,32,20,5,2,242,170,201,234,237,8,1,-2,1
11092,Mcm9,32,15,4,0,59,32,6,1,242,151,195,232,241,-27,-17,-2,-1
21083,Vmn1r89,27,16,2,0,39,30,4,0,242,176,196,236,242,-12,-14,-2,0
6392,Galnt2,55,38,11,5,58,36,13,9,242,129,168,218,228,-3,2,-2,-4
16475,Robo1,38,21,1,0,53,24,3,0,242,151,197,238,242,-15,-3,-2,0
6391,Galnt18,55,26,4,2,42,20,6,1,242,145,196,232,239,13,6,-2,1
10490,Lipf,8,7,2,1,16,15,4,2,242,218,220,236,239,-8,-8,-2,-1
1862,Babam1,29,16,2,2,36,15,4,1,242,177,211,236,239,-7,1,-2,1
1778,Auh,47,27,3,2,47,24,5,1,242,148,191,234,239,0,3,-2,1
3286,Chp1,56,31,4,2,34,17,6,3,242,152,194,232,237,22,14,-2,-1
20484,Tyro3,45,27,4,0,60,33,6,0,242,137,182,232,242,-15,-6,-2,0
21080,Vmn1r86,49,25,3,1,46,25,5,2,242,147,192,234,239,3,0,-2,-1
11030,Matn1,25,12,2,2,33,16,4,1,242,184,214,236,239,-8,-4,-2,1
10499,Lipo3,26,13,4,2,56,35,6,3,242,160,194,232,237,-30,-22,-2,-1
1417,Arhgap42,44,25,3,2,54,32,5,0,242,144,185,234,240,-10,-7,-2,2
1858,B9d1,45,25,11,7,62,39,13,6,242,135,178,218,229,-17,-14,-2,1
11028,Mat2b,38,20,3,2,56,29,5,3,242,148,193,234,237,-18,-9,-2,-1
16479,Rock1,36,14,3,2,46,20,5,0,242,160,208,234,240,-10,-6,-2,2
11026,Mat1a,33,21,5,2,29,20,7,2,242,180,201,230,238,4,1,-2,0
21246,Vps4a,36,18,2,2,41,22,4,3,242,165,202,236,237,-5,-4,-2,-1
16480,Rock2,50,29,7,3,40,27,9,3,242,152,186,226,236,10,2,-2,0
20295,Tsn,33,20,5,5,45,17,7,2,242,164,205,230,235,-12,3,-2,3
11022,Mast2,42,22,2,2,39,18,4,0,242,161,202,236,240,3,4,-2,2
9581,Irf6,33,13,2,2,52,28,4,1,242,157,201,236,239,-19,-15,-2,1
16482,Rom1,35,21,2,1,60,26,4,2,242,147,195,236,239,-25,-5,-2,-1
18787,Tacr2,50,27,5,0,44,28,7,0,242,148,187,230,242,6,-1,-2,0
1856,B830017H08Rik,61,44,7,1,57,37,9,2,242,124,161,226,239,4,7,-2,-1
6382,Galnt1,30,23,5,3,68,37,7,2,242,144,182,230,237,-38,-14,-2,1
3208,Cfhr2,23,18,3,0,26,21,5,1,242,193,203,234,241,-3,-3,-2,-1
1217,Ano3,28,13,1,0,39,26,3,0,242,175,203,238,242,-11,-13,-2,0
6850,Gm12728,43,40,32,32,53,47,34,33,242,146,155,176,177,-10,-7,-2,-1
1425,Arhgdib,50,33,8,2,55,40,10,5,242,137,169,224,235,-5,-7,-2,-3
16487,Ror2,34,18,0,0,47,26,2,1,242,161,198,240,241,-13,-8,-2,-1
11044,Mbd3l1,4,4,2,0,13,12,4,3,242,225,226,236,239,-9,-8,-2,-3
10455,Lif,67,36,7,2,58,36,9,2,242,117,170,226,238,9,0,-2,0
11091,Mcm8,62,39,2,0,31,14,4,1,242,149,189,236,241,31,25,-2,-1
9349,Ikbkg,48,31,5,3,56,25,7,5,242,138,186,230,234,-8,6,-2,-2
21234,Vps33a,46,25,2,2,40,17,4,1,242,156,200,236,239,6,8,-2,1
11088,Mcm5,48,28,5,2,51,27,7,2,242,143,187,230,238,-3,1,-2,0
10461,Lilra5,40,20,3,1,35,21,5,3,242,167,201,234,238,5,-1,-2,-2
1767,Atxn7,37,17,2,2,43,22,4,1,242,162,203,236,239,-6,-5,-2,1
21239,Vps37a,39,15,4,2,52,23,6,2,242,151,204,232,238,-13,-8,-2,0
6957,Gm15557,21,17,0,0,35,27,2,0,242,186,198,240,242,-14,-10,-2,0
17236,Sftpa1,15,12,2,1,13,11,4,1,242,214,219,236,240,2,1,-2,0
1872,Bag4,29,14,4,2,53,34,6,2,242,160,194,232,238,-24,-20,-2,0
21351,Wdr48,40,20,5,3,53,27,7,0,242,149,195,230,239,-13,-7,-2,3
9599,Isca1,37,22,3,2,38,18,5,1,242,167,202,234,239,-1,4,-2,1
9598,Irx6,21,4,1,0,17,12,3,1,242,204,226,238,241,4,-8,-2,-1
16461,Rnf6,45,21,3,2,40,23,5,2,242,157,198,234,238,5,-2,-2,0
3300,Chrna1,59,30,5,0,47,27,7,3,242,136,185,230,239,12,3,-2,-3
21348,Wdr45b,35,20,2,2,31,17,4,2,242,176,205,236,238,4,3,-2,0
3299,Chrm5,18,10,1,0,25,20,3,0,242,199,212,238,242,-7,-10,-2,0
17234,Sft2d3,41,22,1,0,46,21,3,0,242,155,199,238,242,-5,1,-2,0
11062,Mbtd1,28,14,4,2,56,27,6,3,242,158,201,232,237,-28,-13,-2,-1
11057,Mboat1,46,27,6,2,57,37,8,4,242,139,178,228,236,-11,-10,-2,-2
10475,Lin28b,20,12,1,0,47,29,3,1,242,175,201,238,241,-27,-17,-2,-1
1210,Anks6,37,19,3,2,57,35,5,0,242,148,188,234,240,-20,-16,-2,2
16466,Rngtt,46,26,7,1,44,27,9,3,242,152,189,226,238,2,-1,-2,-2
21243,Vps39,37,17,2,2,44,17,4,1,242,161,208,236,239,-7,0,-2,1
11053,Mblac2,42,24,3,0,71,44,5,1,242,129,174,234,241,-29,-20,-2,-1
21341,Wdr37,35,18,3,2,61,22,5,2,242,146,202,234,238,-26,-4,-2,0
1412,Arhgap35,26,10,2,2,54,24,4,0,242,162,208,236,240,-28,-14,-2,2
18541,Stn1,34,17,2,0,51,20,4,3,242,157,205,236,239,-17,-3,-2,-3
1246,Aoc2,70,40,4,0,32,22,6,2,242,140,180,232,240,38,18,-2,-2
16747,Rxfp3,30,17,4,1,32,17,6,1,242,180,208,232,240,-2,0,-2,0
1398,Arhgap21,47,28,6,3,58,36,8,3,242,137,178,228,236,-11,-8,-2,0
16523,Rpl17,41,18,4,3,28,20,6,5,242,173,204,232,234,13,-2,-2,-2
10952,Map3k9,43,16,1,0,51,25,3,1,242,148,201,238,241,-8,-9,-2,-1
21252,Vps54,29,20,3,2,45,27,5,1,242,168,195,234,239,-16,-7,-2,1
16524,Rpl18,34,17,5,3,33,20,7,4,242,175,205,230,235,1,-3,-2,-1
16738,Ruvbl1,33,20,3,2,39,19,5,3,242,170,203,234,237,-6,1,-2,-1
10557,Lpar1,56,41,8,1,65,34,10,3,242,121,167,224,238,-9,7,-2,-2
10945,Map3k3,51,23,3,2,41,24,5,2,242,150,195,234,238,10,-1,-2,0
6937,Gm15080,10,8,3,1,10,9,5,2,242,222,225,234,239,0,-1,-2,-1
10943,Map3k20,57,33,4,2,43,17,6,2,242,142,192,232,238,14,16,-2,0
1845,B4galnt3,19,11,3,2,49,26,5,4,242,174,205,234,236,-30,-15,-2,-2
10941,Map3k19,42,16,0,0,49,28,2,0,242,151,198,240,242,-7,-12,-2,0
2998,Cdk9,36,20,2,2,41,23,4,2,242,165,199,236,238,-5,-3,-2,0
10935,Map3k10,37,20,4,3,48,21,6,1,242,157,201,232,238,-11,-1,-2,2
2997,Cdk8,34,12,3,2,51,27,5,1,242,157,203,234,239,-17,-15,-2,1
16531,Rpl23a,38,20,7,5,38,22,9,7,242,166,200,226,230,0,-2,-2,-2
17154,Serpinb3a,2,1,0,0,10,9,2,0,242,230,232,240,242,-8,-8,-2,0
18591,Stxbp5,35,20,3,1,42,25,5,0,242,165,197,234,241,-7,-5,-2,1
16729,Rundc3a,45,21,2,0,41,26,4,4,242,156,195,236,238,4,-5,-2,-4
1242,Anxa8,54,38,13,4,69,46,15,5,242,119,158,214,233,-15,-8,-2,-1
18549,Stox2,49,32,18,6,67,50,20,9,242,126,160,204,227,-18,-18,-2,-3
20502,Uba5,37,22,2,2,32,17,4,2,242,173,203,236,238,5,5,-2,0
21253,Vps72,37,15,5,4,37,18,7,3,242,168,209,230,235,0,-3,-2,1
6930,Gm14743,6,6,3,0,10,10,5,1,242,226,226,234,241,-4,-4,-2,-1
20299,Tspan10,43,29,4,1,37,24,6,2,242,162,189,232,239,6,5,-2,-1
1390,Arhgap10,43,17,2,2,35,14,4,1,242,164,211,236,239,8,3,-2,1
16535,Rpl27a,38,21,3,3,29,17,5,1,242,175,204,234,238,9,4,-2,2
20326,Tspyl5,18,11,0,0,56,31,2,0,242,168,200,240,242,-38,-20,-2,0
9404,Il20rb,38,22,2,1,75,39,4,1,242,129,181,236,240,-37,-17,-2,0
1855,B630019K06Rik,44,25,5,0,67,35,7,2,242,131,182,230,240,-23,-10,-2,-2
18794,Taf1,40,22,3,2,36,19,5,1,242,166,201,234,239,4,3,-2,1
11010,Mark3,39,19,2,2,50,23,4,2,242,153,200,236,238,-11,-4,-2,0
11008,Mark1,44,24,1,0,37,19,3,1,242,161,199,238,241,7,5,-2,-1
10517,Lmbrd1,38,20,3,2,54,27,5,1,242,150,195,234,239,-16,-7,-2,1
21248,Vps50,36,18,3,2,41,19,5,0,242,165,205,234,240,-5,-1,-2,2
9383,Il18r1,58,37,5,0,69,42,7,1,242,115,163,230,241,-11,-5,-2,-1
9384,Il18rap,37,17,3,1,33,20,5,1,242,172,205,234,240,4,-3,-2,0
21321,Wdhd1,47,27,3,0,54,26,5,4,242,141,189,234,238,-7,1,-2,-4
10521,Lmf2,34,16,3,2,49,25,5,2,242,159,201,234,238,-15,-9,-2,0
9578,Irf3,43,16,4,4,46,27,6,1,242,153,199,232,237,-3,-11,-2,3
10994,Marchf10,45,29,6,0,56,31,8,3,242,141,182,228,239,-11,-2,-2,-3
1786,AV320801,11,8,2,1,14,10,4,0,242,217,224,236,241,-3,-2,-2,1
21074,Vmn1r80,38,16,2,0,31,20,4,0,242,173,206,236,242,7,-4,-2,0
10989,Mapre1,41,23,3,2,42,20,5,1,242,159,199,234,239,-1,3,-2,1
20503,Uba52,33,16,7,4,31,20,9,4,242,178,206,226,234,2,-4,-2,0
17222,Sfmbt1,33,20,2,2,48,28,4,1,242,161,194,236,239,-15,-8,-2,1
10984,Mapkap1,31,15,3,2,58,25,5,2,242,153,202,234,238,-27,-10,-2,0
21249,Vps51,30,18,3,2,46,22,5,3,242,166,202,234,237,-16,-4,-2,-1
9395,Il1rap,42,17,4,0,61,27,6,1,242,139,198,232,241,-19,-10,-2,-1
10977,Mapk6,38,20,2,2,46,20,4,2,242,158,202,236,238,-8,0,-2,0
6373,Gal3st2c,44,11,0,0,26,10,2,0,242,172,221,240,242,18,1,-2,0
16503,Rpe,39,25,4,2,36,19,6,4,242,167,198,232,236,3,6,-2,-2
17149,Serpinb13,22,15,2,0,23,21,4,0,242,197,206,236,242,-1,-6,-2,0
16504,Rpe65,18,15,3,0,27,20,5,2,242,197,207,234,240,-9,-5,-2,-2
6862,Gm13057,0,0,0,0,3,2,2,0,242,239,240,240,242,-3,-2,-2,0
21318,Wdfy2,37,19,2,1,60,34,4,1,242,145,189,236,240,-23,-15,-2,0
1231,Antxrl,18,12,5,2,28,18,7,3,242,196,212,230,237,-10,-6,-2,-1
1233,Anxa10,16,12,7,2,30,28,9,2,242,196,202,226,238,-14,-16,-2,0
21431,Wnt2b,47,30,2,0,41,20,4,1,242,154,192,236,241,6,10,-2,-1
9487,Inpp5a,42,24,2,2,57,29,4,0,242,143,189,236,240,-15,-5,-2,2
1580,Ascl4,46,27,7,3,54,34,9,3,242,142,181,226,236,-8,-7,-2,0
1048,Alkbh4,45,24,10,4,64,41,12,7,242,133,177,220,231,-19,-17,-2,-3
9962,Kif5c,47,22,2,0,42,19,4,0,242,153,201,236,242,5,3,-2,0
6708,Gm10267,4,4,3,3,5,5,5,4,242,233,233,234,235,-1,-1,-2,-1
16922,Scgb2b20,5,4,3,1,8,5,5,3,242,229,233,234,238,-3,-1,-2,-2
9912,Keg1,21,15,3,2,25,15,5,2,242,196,212,234,238,-4,0,-2,0
11528,Mrgpra9,6,6,0,0,4,4,2,0,242,232,232,240,242,2,2,-2,0
9916,Khdc1b,22,8,1,0,32,15,3,1,242,188,219,238,241,-10,-7,-2,-1
1962,Bckdha,26,11,3,3,54,30,5,2,242,162,201,234,237,-28,-19,-2,1
3386,Clasrp,33,12,2,0,42,23,4,0,242,167,207,236,242,-9,-11,-2,0
16170,Rexo4,29,14,2,2,36,19,4,2,242,177,209,236,238,-7,-5,-2,0
1050,Alkbh6,39,23,3,3,32,22,5,2,242,171,197,234,237,7,1,-2,1
7058,Gm20521,48,41,25,9,60,52,27,14,242,134,149,190,219,-12,-11,-2,-5
20443,Tulp4,25,11,3,2,66,34,5,2,242,151,197,234,238,-41,-23,-2,0
16937,Scmh1,41,19,2,2,53,31,4,1,242,148,192,236,239,-12,-12,-2,1
11465,Morn5,51,38,11,2,45,34,13,7,242,146,170,218,233,6,4,-2,-5
11468,Mospd1,46,29,9,3,56,28,11,6,242,140,185,222,233,-10,1,-2,-3
7075,Gm20721,59,47,12,6,58,40,14,7,242,125,155,216,229,1,7,-2,-1
18650,Surf1,46,21,4,2,36,18,6,2,242,160,203,232,238,10,3,-2,0
17022,Sec22b,47,28,6,2,27,18,8,2,242,168,196,228,238,20,10,-2,0
9956,Kif3a,34,14,2,2,64,31,4,1,242,144,197,236,239,-30,-17,-2,1
9830,Kcnk13,42,25,9,3,43,24,11,6,242,157,193,222,233,-1,1,-2,-3
5934,Fbxw26,18,11,2,0,23,15,4,1,242,201,216,236,241,-5,-4,-2,-1
11469,Mospd2,53,34,5,2,46,27,7,2,242,143,181,230,238,7,7,-2,0
11522,Mrgpra1,3,3,1,0,6,5,3,0,242,233,234,238,242,-3,-2,-2,0
1047,Alkbh3,29,12,2,2,48,24,4,1,242,165,206,236,239,-19,-12,-2,1
11521,Mrgbp,28,10,4,2,60,30,6,2,242,154,202,232,238,-32,-20,-2,0
10077,Klk9,45,31,2,1,52,37,4,1,242,145,174,236,240,-7,-6,-2,0
11651,Ms4a20,5,5,0,0,7,5,2,0,242,230,232,240,242,-2,0,-2,0
3364,Cisd3,36,22,7,4,45,24,9,6,242,161,196,226,232,-9,-2,-2,-2
11520,Mrfap1,39,17,2,2,30,17,4,1,242,173,208,236,239,9,0,-2,1
976,Akr1a1,42,18,4,2,35,20,6,2,242,165,204,232,238,7,-2,-2,0
16202,Rgl3,56,28,7,3,58,33,9,3,242,128,181,226,236,-2,-5,-2,0
1636,Atg101,41,22,4,2,34,20,6,5,242,167,200,232,235,7,2,-2,-3
21132,Vmn2r23,34,16,0,0,44,18,2,0,242,164,208,240,242,-10,-2,-2,0
1018,Aldh3b3,33,22,6,2,37,22,8,0,242,172,198,228,240,-4,0,-2,2
20225,Trp53,47,22,3,2,34,17,5,1,242,161,203,234,239,13,5,-2,1
21142,Vmn2r32,17,7,0,0,32,20,2,0,242,193,215,240,242,-15,-13,-2,0
17055,Selenon,50,29,4,0,47,25,6,1,242,145,188,232,241,3,4,-2,-1
1984,Bcl7a,44,24,2,2,62,28,4,1,242,136,190,236,239,-18,-4,-2,1
18956,Tbx18,58,37,3,0,48,27,5,1,242,136,178,234,241,10,10,-2,-1
20981,Vmn1r222,3,1,0,0,17,12,2,1,242,222,229,240,241,-14,-11,-2,-1
3126,Cep83,37,21,6,2,48,23,8,1,242,157,198,228,239,-11,-2,-2,1
952,Ak8,44,26,3,0,51,31,5,3,242,147,185,234,239,-7,-5,-2,-3
21170,Vmn2r6,40,20,1,1,43,20,3,0,242,159,202,238,241,-3,0,-2,1
5877,Fbxl3,35,15,4,2,59,33,6,4,242,148,194,232,236,-24,-18,-2,-2
5930,Fbxw21,34,16,0,0,35,20,2,1,242,173,206,240,241,-1,-4,-2,-1
1656,Atl2,39,17,4,2,43,28,6,3,242,160,197,232,237,-4,-11,-2,-1
1657,Atl3,32,15,5,3,60,41,7,3,242,150,186,230,236,-28,-26,-2,0
7087,Gm20807,2,2,0,0,11,9,2,0,242,229,231,240,242,-9,-7,-2,0
10096,Klrc2,17,8,1,0,27,18,3,1,242,198,216,238,241,-10,-10,-2,-1
6734,Gm1043,23,11,0,0,30,21,2,0,242,189,210,240,242,-7,-10,-2,0
11453,Mon2,34,13,2,2,39,21,4,1,242,169,208,236,239,-5,-8,-2,1
9969,Kifc2,39,18,2,1,62,42,4,0,242,141,182,236,241,-23,-24,-2,1
1015,Aldh3a2,39,22,3,2,52,25,5,1,242,151,195,234,239,-13,-3,-2,1
21167,Vmn2r57,30,15,0,0,52,22,2,0,242,160,205,240,242,-22,-7,-2,0
3357,Cinp,38,23,3,3,50,23,5,3,242,154,196,234,236,-12,0,-2,0
17025,Sec23b,39,21,3,2,46,23,5,2,242,157,198,234,238,-7,-2,-2,0
11455,Morc2a,34,17,2,2,47,22,4,2,242,161,203,236,238,-13,-5,-2,0
10022,Klhl15,39,19,3,0,57,34,5,1,242,146,189,234,241,-18,-15,-2,-1
16921,Scgb2b2,12,12,11,5,14,13,13,2,242,216,217,218,235,-2,-1,-2,3
21477,Xkrx,55,41,10,0,65,42,12,2,242,122,159,220,240,-10,-1,-2,-2
11532,Mrgprb4,2,2,0,0,4,4,2,1,242,236,236,240,241,-2,-2,-2,-1
10085,Klra5,23,20,5,0,33,28,7,2,242,186,194,230,240,-10,-8,-2,-2
16968,Scrn3,49,25,5,3,47,25,7,4,242,146,192,230,235,2,0,-2,-1
5935,Fbxw27,9,6,4,0,11,10,6,3,242,222,226,232,239,-2,-4,-2,-3
11474,Moxd2,5,2,0,0,14,7,2,0,242,223,233,240,242,-9,-5,-2,0
6609,Gjd2,12,3,0,0,27,16,2,1,242,203,223,240,241,-15,-13,-2,-1
18987,Tcerg1,33,22,3,2,52,23,5,2,242,157,197,234,238,-19,-1,-2,0
11637,Mrrf,40,26,4,2,49,30,6,2,242,153,186,232,238,-9,-4,-2,0
9122,Ighv1-54,8,8,7,5,15,14,9,5,242,219,220,226,232,-7,-6,-2,0
18653,Surf6,42,22,3,2,46,26,5,1,242,154,194,234,239,-4,-4,-2,1
7052,Gm20489,16,13,1,0,21,21,3,0,242,205,208,238,242,-5,-8,-2,0
21456,Wwc2,40,19,2,2,58,29,4,2,242,144,194,236,238,-18,-10,-2,0
20458,Txk,58,34,5,1,46,24,7,1,242,138,184,230,240,12,10,-2,0
10060,Klk1b11,18,12,1,0,14,14,3,0,242,210,216,238,242,4,-2,-2,0
20979,Vmn1r220,38,14,1,0,33,22,3,0,242,171,206,238,242,5,-8,-2,0
10048,Klhl6,37,20,4,0,40,24,6,0,242,165,198,232,242,-3,-4,-2,0
10050,Klhl8,36,19,2,1,60,37,4,1,242,146,186,236,240,-24,-18,-2,0
1660,Atn1,44,21,5,4,36,25,7,2,242,162,196,230,236,8,-4,-2,2
1671,Atp12a,18,7,0,0,30,16,2,1,242,194,219,240,241,-12,-9,-2,-1
16265,Rhox10,11,8,1,1,10,8,3,0,242,221,226,238,241,1,0,-2,1
9838,Kcnk6,41,21,3,1,55,29,5,1,242,146,192,234,240,-14,-8,-2,0
969,Akap9,29,14,4,2,57,37,6,2,242,156,191,232,238,-28,-23,-2,0
11501,Mprip,35,17,2,2,43,23,4,1,242,164,202,236,239,-8,-6,-2,1
16931,Scgn,28,23,6,3,23,16,8,3,242,191,203,228,236,5,7,-2,0
9930,Kif13b,32,15,2,2,45,26,4,1,242,165,201,236,239,-13,-11,-2,1
6617,Gkn1,11,10,0,0,10,9,2,1,242,221,223,240,241,1,1,-2,-1
11493,Mpp3,63,35,6,0,49,29,8,2,242,130,178,228,240,14,6,-2,-2
9125,Ighv1-58,5,5,5,2,12,10,7,6,242,225,227,230,234,-7,-5,-2,-4
1630,Atf6,30,17,3,2,57,25,5,0,242,155,200,234,240,-27,-8,-2,2
2930,Cdc73,39,19,4,2,47,28,6,4,242,156,195,232,236,-8,-9,-2,-2
1031,Alg10b,32,16,4,2,65,45,6,1,242,145,181,232,239,-33,-29,-2,1
11497,Mpp7,42,17,3,2,55,22,5,2,242,145,203,234,238,-13,-5,-2,0
11626,Mrps28,26,13,3,2,39,21,5,0,242,177,208,234,240,-13,-8,-2,2
1971,Bcl2a1c,8,7,6,3,9,9,8,2,242,225,226,228,237,-1,-2,-2,1
20448,Tut4,42,25,4,2,64,31,6,2,242,136,186,232,238,-22,-6,-2,0
2006,Bend3,45,20,3,0,57,30,5,1,242,140,192,234,241,-12,-10,-2,-1
10046,Klhl42,49,23,5,3,57,32,7,2,242,136,187,230,237,-8,-9,-2,1
10064,Klk1b24,24,21,5,2,27,22,7,2,242,191,199,230,238,-3,-1,-2,0
1042,Alk,29,9,1,1,31,11,3,0,242,182,222,238,241,-2,-2,-2,1
11623,Mrps25,33,14,2,2,36,17,4,0,242,173,211,236,240,-3,-3,-2,2
9844,Kcnmb3,36,19,5,2,41,24,7,2,242,165,199,230,238,-5,-5,-2,0
17037,Sec62,39,25,2,2,41,24,4,1,242,162,193,236,239,-2,1,-2,1
3388,Clca1,24,13,2,2,21,10,4,0,242,197,219,236,240,3,3,-2,2
9920,Khdrbs1,31,15,2,2,39,19,4,0,242,172,208,236,240,-8,-4,-2,2
16174,Rfc3,40,20,4,3,45,20,6,2,242,157,202,232,237,-5,0,-2,1
6674,Glyr1,32,16,2,2,45,23,4,2,242,165,203,236,238,-13,-7,-2,0
11517,Mrc2,60,32,3,2,38,20,5,1,242,144,190,234,239,22,12,-2,1
11516,Mrc1,43,27,8,0,41,28,10,8,242,158,187,224,234,2,-1,-2,-8
16936,Scly,34,20,4,2,58,37,6,2,242,150,185,232,238,-24,-17,-2,0
3116,Cep44,33,18,4,2,61,37,6,3,242,148,187,232,237,-28,-19,-2,-1
20425,Tubb4b,28,14,3,3,69,36,5,1,242,145,192,234,238,-41,-22,-2,2
20422,Tubb2b,50,32,7,3,47,27,9,0,242,145,183,226,239,3,5,-2,3
20978,Vmn1r22,28,17,2,0,38,21,4,2,242,176,204,236,240,-10,-4,-2,-2
9945,Kif21b,51,27,0,0,60,33,2,0,242,131,182,240,242,-9,-6,-2,0
11486,Mpig6b,51,36,5,3,49,35,7,3,242,142,171,230,236,2,1,-2,0
6724,Gm10354,26,23,10,3,31,29,12,9,242,185,190,220,230,-5,-6,-2,-6
16981,Sdc1,52,30,2,2,50,23,4,1,242,140,189,236,239,2,7,-2,1
6624,Glb1l3,27,9,0,0,15,6,2,2,242,200,227,240,240,12,3,-2,-2
17291,Sh3bp5l,31,12,2,2,39,16,4,0,242,172,214,236,240,-8,-4,-2,2
9924,Khnyn,42,19,2,2,59,37,4,2,242,141,186,236,238,-17,-18,-2,0
11621,Mrps23,55,22,5,2,45,25,7,4,242,142,195,230,236,10,-3,-2,-2
1674,Atp13a3,50,31,3,2,58,33,5,0,242,134,178,234,240,-8,-2,-2,2
9925,Khsrp,44,21,3,2,35,16,5,1,242,163,205,234,239,9,5,-2,1
6621,Glb1,35,20,3,2,58,33,5,1,242,149,189,234,239,-23,-13,-2,1
2918,Cdc42bpg,27,11,2,2,57,31,4,0,242,158,200,236,240,-30,-20,-2,2
1036,Alg2,35,21,3,2,55,30,5,2,242,152,191,234,238,-20,-9,-2,0
17290,Sh3bp5,42,27,4,2,63,30,6,2,242,137,185,232,238,-21,-3,-2,0
9940,Kif1b,33,15,2,2,51,27,4,1,242,158,200,236,239,-18,-12,-2,1
1625,Atf1,38,21,3,2,51,27,5,2,242,153,194,234,238,-13,-6,-2,0
11445,Mocs3,41,23,4,2,58,37,6,0,242,143,182,232,240,-17,-14,-2,2
6683,Gm10128,7,7,7,5,10,10,9,6,242,225,225,226,231,-3,-3,-2,-1
5928,Fbxw2,40,24,2,2,29,19,4,2,242,173,199,236,238,11,5,-2,0
20982,Vmn1r223,10,5,0,0,12,4,2,0,242,220,233,240,242,-2,1,-2,0
5871,Fbxl18,39,20,4,2,59,34,6,2,242,144,188,232,238,-20,-14,-2,0
6656,Glrx2,30,19,3,2,44,19,5,2,242,168,204,234,238,-14,0,-2,0
6697,Gm10198,5,5,5,5,7,7,7,7,242,230,230,230,230,-2,-2,-2,-2
11679,Msl3,37,17,4,2,43,23,6,2,242,162,202,232,238,-6,-6,-2,0
16241,Rhbg,45,32,8,3,43,27,10,3,242,154,183,224,236,2,5,-2,0
21435,Wnt5a,35,17,2,1,67,36,4,0,242,140,189,236,241,-32,-19,-2,1
10125,Kpna3,37,20,4,3,47,24,6,2,242,158,198,232,237,-10,-4,-2,1
1604,Aspn,68,50,9,3,60,41,11,4,242,114,151,222,235,8,9,-2,-1
17029,Sec24c,31,17,4,2,54,23,6,2,242,157,202,232,238,-23,-6,-2,0
9155,Ighv13-2,7,6,6,5,11,10,8,7,242,224,226,228,230,-4,-4,-2,-2
11698,Msx2,49,27,4,1,43,25,6,0,242,150,190,232,241,6,2,-2,1
11432,Mnx1,29,14,1,0,27,15,3,1,242,186,213,238,241,2,-1,-2,-1
16910,Scgb1b3,8,8,7,5,11,11,9,5,242,223,223,226,232,-3,-3,-2,0
3383,Cks2,36,16,6,3,79,46,8,4,242,127,180,228,235,-43,-30,-2,-1
9888,Kdelr2,43,18,2,2,45,26,4,0,242,154,198,236,240,-2,-8,-2,2
16154,Rest,41,26,4,2,49,21,6,0,242,152,195,232,240,-8,5,-2,2
1614,Asxl2,32,10,2,2,58,24,4,1,242,152,208,236,239,-26,-14,-2,1
6660,Gls2,54,26,5,1,56,26,7,2,242,132,190,230,239,-2,0,-2,-1
21156,Vmn2r45,22,9,0,0,32,15,2,0,242,188,218,240,242,-10,-6,-2,0
20534,Ube2g2,72,32,5,3,29,16,7,3,242,141,194,230,236,43,16,-2,0
6585,Gins4,36,20,4,2,39,20,6,3,242,167,202,232,237,-3,0,-2,-1
5907,Fbxo42,36,21,2,2,40,20,4,1,242,166,201,236,239,-4,1,-2,1
947,Ak3,32,19,4,2,53,30,6,1,242,157,193,232,239,-21,-11,-2,1
11598,Mrpl49,40,18,3,2,28,16,5,2,242,174,208,234,238,12,2,-2,0
11581,Mrpl33,32,16,3,2,36,19,5,3,242,174,207,234,237,-4,-3,-2,-1
9103,Ighv1-20,6,6,4,4,11,10,6,3,242,225,226,232,235,-5,-4,-2,1
11562,Mrpl12,31,16,2,2,45,19,4,1,242,166,207,236,239,-14,-3,-2,1
11690,Msrb2,33,17,3,2,39,20,5,3,242,170,205,234,237,-6,-3,-2,-1
18971,Tcaf3,19,12,4,2,15,12,6,3,242,208,218,232,237,4,0,-2,-1
6654,Glrp1,31,14,2,0,43,24,4,0,242,168,204,236,242,-12,-10,-2,0
16953,Scn9a,16,6,0,0,27,14,2,0,242,199,222,240,242,-11,-8,-2,0
9823,Kcnj5,42,22,0,0,32,17,2,1,242,168,203,240,241,10,5,-2,-1
18978,Tceal1,47,28,1,0,55,25,3,0,242,140,189,238,242,-8,3,-2,0
18977,Tcea3,42,26,6,2,50,28,8,4,242,150,188,228,236,-8,-2,-2,-2
6716,Gm10310,46,20,5,3,43,24,7,1,242,153,198,230,238,3,-4,-2,2
6655,Glrx,60,34,5,2,53,28,7,4,242,129,180,230,236,7,6,-2,-2
20973,Vmn1r215,26,12,1,0,53,33,3,1,242,163,197,238,241,-27,-21,-2,-1
16221,Rgs22,33,18,5,1,43,27,7,0,242,166,197,230,241,-10,-9,-2,1
10109,Kmt2c,41,20,2,2,42,24,4,0,242,159,198,236,240,-1,-4,-2,2
941,Ajap1,25,14,3,1,22,18,5,1,242,195,210,234,240,3,-4,-2,0
943,Ajuba,66,38,5,2,53,36,7,0,242,123,168,230,240,13,2,-2,2
21133,Vmn2r24,21,9,1,0,43,22,3,0,242,178,211,238,242,-22,-13,-2,0
9814,Kcnj11,26,16,1,1,35,21,3,0,242,181,205,238,241,-9,-5,-2,1
7041,Gm20379,48,33,10,1,65,46,12,0,242,129,163,220,241,-17,-13,-2,1
1612,Astn2,30,7,0,0,49,22,2,1,242,163,213,240,241,-19,-15,-2,-1
10000,Klf4,64,45,10,1,59,41,12,7,242,119,156,220,234,5,4,-2,-6
6662,Glt28d2,47,28,5,1,58,36,7,0,242,137,178,230,241,-11,-8,-2,1
9887,Kdelr1,32,20,4,2,41,22,6,3,242,169,200,232,237,-9,-2,-2,-1
18471,Stam2,27,15,3,2,56,25,5,2,242,159,202,234,238,-29,-10,-2,0
11577,Mrpl28,35,18,2,2,37,21,4,2,242,170,203,236,238,-2,-3,-2,0
7064,Gm20604,36,20,3,1,59,39,5,0,242,147,183,234,241,-23,-19,-2,1
18675,Svopl,47,31,8,2,79,50,10,3,242,116,161,224,237,-32,-19,-2,-1
9897,Kdm4a,41,16,2,2,42,21,4,2,242,159,205,236,238,-1,-5,-2,0
9777,Kcna7,37,15,3,0,49,31,5,3,242,156,196,234,239,-12,-16,-2,-3
21174,Vmn2r63,50,26,4,0,37,20,6,3,242,155,196,232,239,13,6,-2,-3
20531,Ube2e3,43,25,6,2,49,26,8,2,242,150,191,228,238,-6,-1,-2,0
9207,Ighv9-2,7,7,6,5,11,10,8,6,242,224,225,228,231,-4,-3,-2,-1
5920,Fbxw11,39,25,4,2,43,24,6,2,242,160,193,232,238,-4,1,-2,0
1650,Atg5,49,25,3,2,35,18,5,2,242,158,199,234,238,14,7,-2,0
20221,Trnp1,67,31,1,0,52,31,3,0,242,123,180,238,242,15,0,-2,0
17014,Sec14l1,53,25,2,2,43,18,4,1,242,146,199,236,239,10,7,-2,1
11575,Mrpl24,32,16,3,2,44,24,5,3,242,166,202,234,237,-12,-8,-2,-1
3353,Ciita,48,29,7,1,60,34,9,0,242,134,179,226,241,-12,-5,-2,1
18716,Syngap1,49,25,3,2,75,50,5,1,242,118,167,234,239,-26,-25,-2,1
9206,Ighv9-1,9,9,8,7,12,12,10,9,242,221,221,224,226,-3,-3,-2,-2
6651,Glra3,13,9,1,0,22,13,3,0,242,207,220,238,242,-9,-4,-2,0
9198,Ighv8-12,7,5,5,3,14,14,7,6,242,221,223,230,233,-7,-9,-2,-3
6592,Git2,44,20,1,1,44,28,3,0,242,154,194,238,241,0,-8,-2,1
18648,Supt7l,47,23,3,2,35,14,5,1,242,160,205,234,239,12,9,-2,1
1564,Asb17,26,16,2,0,39,24,4,0,242,177,202,236,242,-13,-8,-2,0
17060,Selenov,47,38,19,10,41,38,21,11,242,154,166,202,221,6,0,-2,-1
5978,Fem1c,26,10,3,2,54,35,5,2,242,162,197,234,238,-28,-25,-2,0
1652,Atg9a,33,19,2,2,54,27,4,2,242,155,196,236,238,-21,-8,-2,0
16292,Rhox5,52,40,9,2,39,31,11,1,242,151,171,222,239,13,9,-2,1
936,Aimp1,29,16,6,3,48,29,8,4,242,165,197,228,235,-19,-13,-2,-1
14973,Podnl1,48,30,3,0,67,45,6,2,242,127,167,233,240,-19,-15,-3,-2
14734,Pitx2,28,17,5,1,66,36,8,6,242,148,189,229,235,-38,-19,-3,-5
6715,Gm10309,30,17,7,3,42,33,10,5,242,170,192,225,234,-12,-16,-3,-2
20018,Trav7d-3,9,7,6,3,10,10,9,6,242,223,225,227,233,-1,-3,-3,-3
4660,Dlg5,43,20,3,2,60,32,6,1,242,139,190,233,239,-17,-12,-3,1
8171,Grik5,33,14,2,0,56,34,5,1,242,153,194,235,241,-23,-20,-3,-1
9950,Kif26b,45,30,1,0,42,28,4,2,242,155,184,237,240,3,2,-3,-2
3851,Crebzf,38,19,3,2,44,21,6,3,242,160,202,233,237,-6,-2,-3,-1
6873,Gm13288,53,26,5,1,50,40,8,6,242,139,176,229,235,3,-14,-3,-5
16979,Scyl3,20,10,3,2,62,33,6,1,242,160,199,233,239,-42,-23,-3,1
2444,Capza3,3,2,0,0,5,4,3,0,242,234,236,239,242,-2,-2,-3,0
20490,Tyw5,47,22,5,2,41,24,8,5,242,154,196,229,235,6,-2,-3,-3
16740,Rwdd1,29,11,2,2,37,16,5,3,242,176,215,235,237,-8,-5,-3,-1
16978,Scyl2,45,19,3,2,40,19,6,3,242,157,204,233,237,5,0,-3,-1
9834,Kcnk2,36,16,1,0,67,40,4,2,242,139,186,237,240,-31,-24,-3,-2
14982,Poglut3,41,27,5,1,63,33,8,4,242,138,182,229,237,-22,-6,-3,-3
6867,Gm13272,18,17,6,2,33,32,9,3,242,191,193,227,237,-15,-15,-3,-1
14747,Pkd2l1,28,13,1,0,37,21,4,0,242,177,208,237,242,-9,-8,-3,0
13651,Olfr648,56,25,2,0,56,34,5,4,242,130,183,235,238,0,-9,-3,-4
22171,Zpr1,37,19,2,2,38,12,5,2,242,167,211,235,238,-1,7,-3,0
18606,Sugp1,24,12,2,2,72,33,5,1,242,146,197,235,239,-48,-21,-3,1
21241,Vps37c,44,27,2,2,51,26,5,4,242,147,189,235,236,-7,1,-3,-2
10571,Lpin3,48,28,3,1,65,35,6,1,242,129,179,233,240,-17,-7,-3,0
4763,Dnajc22,28,18,2,2,79,43,5,1,242,135,181,235,239,-51,-25,-3,1
20814,Vamp1,48,26,1,0,61,38,4,1,242,133,178,237,241,-13,-12,-3,-1
13645,Olfr641,34,17,1,0,33,20,4,1,242,175,205,237,241,1,-3,-3,-1
20621,Ugdh,52,37,6,2,47,25,9,5,242,143,180,227,235,5,12,-3,-3
14744,Pkd1l2,26,11,0,0,27,11,3,0,242,189,220,239,242,-1,0,-3,0
3217,Cgas,59,36,1,0,40,21,4,1,242,143,185,237,241,19,15,-3,-1
3086,Cenpp,56,30,6,2,56,33,9,4,242,130,179,227,236,0,-3,-3,-2
9996,Klf16,49,31,6,1,53,34,9,2,242,140,177,227,239,-4,-3,-3,-1
8230,Gsr,41,20,2,2,58,25,5,1,242,143,197,235,239,-17,-5,-3,1
13782,Olfr790,3,1,0,0,11,9,3,1,242,228,232,239,241,-8,-8,-3,-1
1431,Arhgef12,43,26,3,2,46,26,6,1,242,153,190,233,239,-3,0,-3,1
19698,Tnfrsf11a,48,33,2,0,50,22,5,0,242,144,187,235,242,-2,11,-3,0
10568,Lpgat1,30,19,6,2,79,51,9,3,242,133,172,227,237,-49,-32,-3,-1
14980,Poglut1,36,22,5,2,63,33,8,4,242,143,187,229,236,-27,-11,-3,-2
15354,Prl2c1,7,6,0,0,12,12,3,1,242,223,224,239,241,-5,-6,-3,-1
4646,Dkk1,49,27,4,0,53,31,7,0,242,140,184,231,242,-4,-4,-3,0
14742,Pkd1,54,35,11,3,64,36,14,4,242,124,171,217,235,-10,-1,-3,-1
1797,AW549877,35,17,5,2,58,39,8,4,242,149,186,229,236,-23,-22,-3,-2
14644,Pias4,41,31,8,6,61,46,11,5,242,140,165,223,231,-20,-15,-3,1
374,9630041A04Rik,14,11,2,1,10,9,5,1,242,218,222,235,240,4,2,-3,0
2738,Ccna1,24,21,9,3,31,25,12,9,242,187,196,221,230,-7,-4,-3,-6
17900,Smcr8,56,24,2,2,38,22,5,1,242,148,196,235,239,18,2,-3,1
2428,Capn15,33,17,2,0,57,30,5,0,242,152,195,235,242,-24,-13,-3,0
2446,Car1,32,25,7,4,19,17,10,6,242,191,200,225,232,13,8,-3,-2
19699,Tnfrsf11b,49,26,1,0,58,35,4,0,242,135,181,237,242,-9,-9,-3,0
13626,Olfr62,15,8,1,1,14,8,4,1,242,213,226,237,240,1,0,-3,0
3849,Crebl2,43,32,6,3,65,38,9,4,242,134,172,227,235,-22,-6,-3,-1
19695,Tnfaip8l2,56,39,8,3,56,41,11,6,242,130,162,223,233,0,-2,-3,-3
13643,Olfr64,26,10,3,0,30,21,6,1,242,186,211,233,241,-4,-11,-3,-1
379,9930104L06Rik,50,17,2,0,48,30,5,1,242,144,195,235,241,2,-13,-3,-1
13642,Olfr639,42,18,4,2,48,26,7,4,242,152,198,231,236,-6,-8,-3,-2
8177,Grin3a,18,6,0,0,46,26,3,0,242,178,210,239,242,-28,-20,-3,0
3889,Crtc1,34,19,2,0,68,41,5,0,242,140,182,235,242,-34,-22,-3,0
2999,Cdkal1,36,17,4,2,51,36,7,4,242,155,189,231,236,-15,-19,-3,-2
18110,Sox30,38,20,1,0,29,17,4,3,242,175,205,237,239,9,3,-3,-3
13779,Olfr787,25,14,2,0,47,26,5,2,242,170,202,235,240,-22,-12,-3,-2
4642,Disp2,42,26,1,0,32,18,4,0,242,168,198,237,242,10,8,-3,0
13780,Olfr788,32,18,4,2,52,36,7,0,242,158,188,231,240,-20,-18,-3,2
4225,Cyp4f16,46,26,6,2,51,30,9,4,242,145,186,227,236,-5,-4,-3,-2
19692,Tnfaip6,75,49,7,3,60,34,10,8,242,107,159,225,231,15,15,-3,-5
8184,Grk2,57,32,5,4,37,25,8,3,242,148,185,229,235,20,7,-3,1
20325,Tspyl4,29,13,2,1,78,46,5,0,242,135,183,235,241,-49,-33,-3,1
2438,Caprin1,27,14,3,2,38,20,6,3,242,177,208,233,237,-11,-6,-3,-1
4691,Dmrt2,49,27,2,1,39,20,5,1,242,154,195,235,240,10,7,-3,0
10522,Lmln,27,10,1,0,67,34,4,0,242,148,198,237,242,-40,-24,-3,0
8196,Grm8,32,19,2,0,29,19,5,4,242,181,204,235,238,3,0,-3,-4
6663,Glt6d1,8,7,1,0,8,7,4,3,242,226,228,237,239,0,0,-3,-3
2720,Ccl26,2,1,1,1,5,5,4,4,242,235,236,237,237,-3,-4,-3,-3
10524,Lmnb1,46,17,2,0,57,28,5,3,242,139,197,235,239,-11,-11,-3,-3
13706,Olfr704,42,23,3,0,66,41,6,1,242,134,178,233,241,-24,-18,-3,-1
16965,Scrib,35,26,4,2,53,28,7,3,242,154,188,231,237,-18,-2,-3,-1
8199,Grpel1,34,16,2,2,33,19,5,2,242,175,207,235,238,1,-3,-3,0
9966,Kifap3,29,14,2,2,61,31,5,0,242,152,197,235,240,-32,-17,-3,2
14968,Pnrc2,51,30,9,3,58,44,12,4,242,133,168,221,235,-7,-14,-3,-1
8201,Grpr,27,8,0,0,45,26,3,1,242,170,208,239,241,-18,-18,-3,-1
3220,Cgnl1,38,24,4,2,42,23,7,1,242,162,195,231,239,-4,1,-3,1
14956,Pnp,48,33,5,2,50,24,8,4,242,144,185,229,236,-2,9,-3,-2
8202,Grrp1,50,33,4,0,48,29,7,2,242,144,180,231,240,2,4,-3,-2
3873,Crkl,50,25,3,2,42,22,6,1,242,150,195,233,239,8,3,-3,1
17699,Slc39a7,36,20,4,2,46,25,7,4,242,160,197,231,236,-10,-5,-3,-2
3872,Crk,34,15,3,2,42,18,6,2,242,166,209,233,238,-8,-3,-3,0
80,1700025C18Rik,6,4,0,0,9,8,3,0,242,227,230,239,242,-3,-4,-3,0
20329,Tsr3,28,11,2,2,43,17,5,2,242,171,214,235,238,-15,-6,-3,0
1616,Asz1,16,10,1,0,23,16,4,0,242,203,216,237,242,-7,-6,-3,0
19682,Tmub2,37,14,2,2,46,21,5,1,242,159,207,235,239,-9,-7,-3,1
6377,Gale,37,21,3,2,72,38,6,2,242,133,183,233,238,-35,-17,-3,0
19885,Traj30,1,1,0,0,3,3,3,3,242,238,238,239,239,-2,-2,-3,-3
14687,Pik3cg,23,8,0,0,32,14,3,1,242,187,220,239,241,-9,-6,-3,-1
10514,Lman2l,70,37,3,2,39,22,6,3,242,133,183,233,237,31,15,-3,-1
10513,Lman2,30,20,2,2,36,19,5,3,242,176,203,235,237,-6,1,-3,-1
2634,Ccdc201,11,11,3,1,21,19,6,0,242,210,212,233,241,-10,-8,-3,1
9975,Kirrel,44,19,2,0,47,30,5,2,242,151,193,235,240,-3,-11,-3,-2
10515,Lmbr1,24,16,4,1,80,42,7,1,242,138,184,231,240,-56,-26,-3,0
3877,Crls1,31,21,2,2,50,29,5,0,242,161,192,235,240,-19,-8,-3,2
4688,Dmp1,30,18,3,1,34,16,6,1,242,178,208,233,240,-4,2,-3,0
356,9130008F23Rik,76,52,7,3,59,33,10,5,242,107,157,225,234,17,19,-3,-2
3879,Crnkl1,43,19,2,2,28,14,5,1,242,171,209,235,239,15,5,-3,1
21247,Vps4b,32,12,2,2,58,36,5,2,242,152,194,235,238,-26,-24,-3,0
16962,Scp2d1,10,9,4,2,18,17,7,3,242,214,216,231,237,-8,-8,-3,-1
9977,Kirrel3,51,34,2,0,62,34,5,1,242,129,174,235,241,-11,0,-3,-1
19671,Tmsb10,39,24,7,4,51,36,10,4,242,152,182,225,234,-12,-12,-3,0
8194,Grm6,18,11,0,0,12,6,3,0,242,212,225,239,242,6,5,-3,0
14954,Pno1,36,22,2,2,32,20,5,3,242,174,200,235,237,4,2,-3,-1
6666,Gltp,54,31,3,3,45,23,6,2,242,143,188,233,237,9,8,-3,1
6380,Galm,43,17,3,3,55,35,6,1,242,144,190,233,238,-12,-18,-3,2
14949,Pnma5,42,26,2,0,43,23,5,0,242,157,193,235,242,-1,3,-3,0
14672,Pigv,36,20,2,2,44,28,5,1,242,162,194,235,239,-8,-8,-3,1
13694,Olfr692,17,14,3,0,31,26,6,1,242,194,202,233,241,-14,-12,-3,-1
17695,Slc39a3,26,9,3,2,55,32,6,2,242,161,201,233,238,-29,-23,-3,0
7789,Gm7697,18,10,2,0,32,17,5,3,242,192,215,235,239,-14,-7,-3,-3
10498,Lipo2,33,26,4,0,55,38,7,2,242,154,178,231,240,-22,-12,-3,-2
6387,Galnt14,38,21,4,2,44,32,7,3,242,160,189,231,237,-6,-11,-3,-1
20488,Tyw1,28,18,2,2,40,16,5,1,242,174,208,235,239,-12,2,-3,1
4068,Cul5,28,18,2,2,55,28,5,2,242,159,196,235,238,-27,-10,-3,0
20444,Tunar,26,16,0,0,48,21,3,0,242,168,205,239,242,-22,-5,-3,0
14720,Pir,53,34,6,2,55,33,9,4,242,134,175,227,236,-2,1,-3,-2
2436,Capns1,31,13,3,2,41,23,6,1,242,170,206,233,239,-10,-10,-3,1
17701,Slc39a9,42,22,5,3,53,30,8,2,242,147,190,229,237,-11,-8,-3,1
4667,Dlk2,59,39,7,0,70,43,10,3,242,113,160,225,239,-11,-4,-3,-3
21136,Vmn2r27,51,29,4,1,59,31,7,1,242,132,182,231,240,-8,-2,-3,0
19640,Tmem95,75,53,14,4,57,40,17,8,242,110,149,211,230,18,13,-3,-4
18118,Sp100,62,31,5,2,57,36,8,4,242,123,175,229,236,5,-5,-3,-2
18121,Sp2,29,10,3,3,64,35,6,2,242,149,197,233,237,-35,-25,-3,1
1418,Arhgap44,31,10,2,0,57,24,5,0,242,154,208,235,242,-26,-14,-3,0
7787,Gm7609,59,46,10,5,68,52,13,3,242,115,144,219,234,-9,-6,-3,2
3205,Cfdp1,36,18,3,3,34,18,6,3,242,172,206,233,236,2,0,-3,0
21876,Zfp583,63,35,10,3,48,33,13,4,242,131,174,219,235,15,2,-3,-1
2730,Ccm2,43,27,3,2,57,28,6,3,242,142,187,233,237,-14,-1,-3,-1
3857,Crh,14,11,1,0,24,23,4,0,242,204,208,237,242,-10,-12,-3,0
3863,Crip2,48,30,6,2,50,28,9,2,242,144,184,227,238,-2,2,-3,0
21877,Zfp59,32,14,3,0,74,50,6,2,242,136,178,233,240,-42,-36,-3,-2
18674,Svop,29,16,6,3,44,31,9,5,242,169,195,227,234,-15,-15,-3,-2
16749,Rxra,38,14,3,2,49,28,6,3,242,155,200,233,237,-11,-14,-3,-1
8205,Grwd1,53,22,2,2,48,26,5,2,242,141,194,235,238,5,-4,-3,0
22161,Znrf3,42,22,6,3,65,33,9,4,242,135,187,227,235,-23,-11,-3,-1
19659,Tmprss11f,29,16,4,2,26,16,7,3,242,187,210,231,237,3,0,-3,-1
13688,Olfr686,14,6,0,0,30,22,3,3,242,198,214,239,239,-16,-16,-3,-3
9574,Irf2,55,31,7,2,63,44,10,4,242,124,167,225,236,-8,-13,-3,-2
8208,Gsap,29,18,5,2,70,49,8,4,242,143,175,229,236,-41,-31,-3,-2
19924,Trappc1,37,20,3,2,59,31,6,4,242,146,191,233,236,-22,-11,-3,-2
19657,Tmprss11d,60,39,8,2,50,34,11,3,242,132,169,223,237,10,5,-3,-1
14711,Pip4k2b,40,19,4,1,61,33,7,1,242,141,190,231,240,-21,-14,-3,0
4715,Dnah10,44,22,6,0,28,19,9,7,242,170,201,227,235,16,3,-3,-7
18600,Suclg2,36,26,6,2,49,30,9,4,242,157,186,227,236,-13,-4,-3,-2
14671,Pigu,39,22,5,2,40,19,8,2,242,163,201,229,238,-1,3,-3,0
14669,Pigs,34,17,2,2,59,32,5,4,242,149,193,235,236,-25,-15,-3,-2
9985,Klc1,41,21,2,2,39,24,5,1,242,162,197,235,239,2,-3,-3,1
16770,S100a7l2,2,1,1,1,6,6,4,2,242,234,235,237,239,-4,-5,-3,-1
21882,Zfp598,36,13,2,2,32,14,5,2,242,174,215,235,238,4,-1,-3,0
1618,Atad2,53,23,1,0,45,26,4,0,242,144,193,237,242,8,-3,-3,0
16972,Sctr,25,9,1,0,50,23,4,2,242,167,210,237,240,-25,-14,-3,-2
16954,Scnm1,33,19,5,3,54,25,8,6,242,155,198,229,233,-21,-6,-3,-3
6573,Gimap4,41,28,5,2,45,29,8,3,242,156,185,229,237,-4,-1,-3,-1
1383,Arfip1,48,30,4,2,38,19,7,3,242,156,193,231,237,10,11,-3,-1
10576,Lrat,29,15,5,1,61,38,8,1,242,152,189,229,240,-32,-23,-3,0
6695,Gm10190,25,23,22,19,30,29,25,23,242,187,190,195,200,-5,-6,-3,-4
17964,Smtnl1,27,15,0,0,45,28,3,0,242,170,199,239,242,-18,-13,-3,0
18664,Sv2b,16,10,1,0,42,30,4,0,242,184,202,237,242,-26,-20,-3,0
13430,Olfr39,55,30,7,2,68,43,10,3,242,119,169,225,237,-13,-13,-3,-1
8345,H2-Aa,41,30,8,2,45,34,11,2,242,156,178,223,238,-4,-4,-3,0
8346,H2-Ab1,42,26,5,3,41,23,8,3,242,159,193,229,236,1,3,-3,0
18162,Spata21,40,21,3,2,49,31,6,2,242,153,190,233,238,-9,-10,-3,0
10677,Lrrc8b,33,12,4,1,81,60,7,0,242,128,170,231,241,-48,-48,-3,1
13424,Olfr380,58,40,8,2,44,29,11,5,242,140,173,223,235,14,11,-3,-3
19906,Traj50,0,0,0,0,3,3,3,3,242,239,239,239,239,-3,-3,-3,-3
9896,Kdm3b,29,14,2,2,46,27,5,1,242,167,201,235,239,-17,-13,-3,1
16999,Sdhd,34,19,2,2,47,26,5,3,242,161,197,235,237,-13,-7,-3,-1
15435,Prps1l1,13,6,2,1,21,18,5,4,242,208,218,235,237,-8,-12,-3,-3
16664,Rsbn1,41,22,4,1,52,31,7,0,242,149,189,231,241,-11,-9,-3,1
3081,Cenpk,57,34,10,4,76,52,13,6,242,109,156,219,232,-19,-18,-3,-2
8361,H2-M10.4,11,8,0,0,9,7,3,0,242,222,227,239,242,2,1,-3,0
6308,Fzd1,53,30,6,2,67,40,9,0,242,122,172,227,240,-14,-10,-3,2
19509,Tmem202,41,28,9,1,61,44,12,4,242,140,170,221,237,-20,-16,-3,-3
13415,Olfr368,3,2,1,0,14,14,4,0,242,225,226,237,242,-11,-12,-3,0
9889,Kdelr3,48,25,4,0,52,29,7,1,242,142,188,231,241,-4,-4,-3,-1
4943,Dusp13,55,42,13,1,63,52,16,10,242,124,148,213,231,-8,-10,-3,-9
13410,Olfr361,40,17,0,0,57,38,3,1,242,145,187,239,241,-17,-21,-3,-1
4945,Dusp15,46,29,7,1,59,38,10,4,242,137,175,225,237,-13,-9,-3,-3
4947,Dusp18,49,31,6,0,66,40,9,1,242,127,171,227,241,-17,-9,-3,-1
15439,Prpsap2,41,13,2,2,45,23,5,2,242,156,206,235,238,-4,-10,-3,0
8360,H2-M10.3,11,8,1,1,14,11,4,1,242,217,223,237,240,-3,-3,-3,0
7735,Gm6351,17,16,7,5,28,21,10,5,242,197,205,225,232,-11,-5,-3,0
17001,Sdk2,28,11,0,0,32,16,3,0,242,182,215,239,242,-4,-5,-3,0
16658,Rrp8,50,26,2,2,48,20,5,2,242,144,196,235,238,2,6,-3,0
19518,Tmem212,18,14,6,3,32,28,9,4,242,192,200,227,235,-14,-14,-3,-1
4150,Cyp26c1,51,27,1,0,50,34,4,2,242,141,181,237,240,1,-7,-3,-2
4113,Cyb5a,35,22,5,3,46,27,8,6,242,161,193,229,233,-11,-5,-3,-3
16668,Rskr,82,59,10,3,59,48,13,6,242,101,135,219,233,23,11,-3,-3
9512,Ints11,30,13,3,2,39,21,6,3,242,173,208,233,237,-9,-8,-3,-1
4892,Drg2,35,20,3,2,38,18,6,3,242,169,204,233,237,-3,2,-3,-1
20830,Vasp,39,11,2,2,48,23,5,1,242,155,208,235,239,-9,-12,-3,1
8325,Gzmc,18,15,4,1,23,21,7,4,242,201,206,231,237,-5,-6,-3,-3
15429,Prpf6,31,12,2,2,37,12,5,2,242,174,218,235,238,-6,0,-3,0
20605,Uckl1,28,16,5,2,41,21,8,1,242,173,205,229,239,-13,-5,-3,1
4902,Dsel,35,16,2,0,71,48,5,2,242,136,178,235,240,-36,-32,-3,-2
19535,Tmem232,31,16,3,1,45,27,6,4,242,166,199,233,237,-14,-11,-3,-3
10661,Lrrc58,43,23,2,2,56,39,5,1,242,143,180,235,239,-13,-16,-3,1
7747,Gm6525,70,49,12,4,68,48,15,6,242,104,145,215,232,2,1,-3,-2
9908,Kdm8,28,13,3,0,66,34,6,2,242,148,195,233,240,-38,-21,-3,-2
16673,Rsph1,40,25,4,1,46,29,7,1,242,156,188,231,240,-6,-4,-3,0
14899,Pls1,29,18,3,2,55,20,6,0,242,158,204,233,240,-26,-2,-3,2
20831,Vat1,59,28,3,3,53,22,6,1,242,130,192,233,238,6,6,-3,2
2395,Camk1,46,29,5,3,39,27,8,3,242,157,186,229,236,7,2,-3,0
13445,Olfr410,34,19,0,0,31,19,3,0,242,177,204,239,242,3,0,-3,0
10667,Lrrc69,40,23,9,4,58,44,12,4,242,144,175,221,234,-18,-21,-3,0
18659,Susd6,54,29,3,2,45,30,6,2,242,143,183,233,238,9,-1,-3,0
3234,Chchd2,53,29,5,3,22,12,8,2,242,167,201,229,237,31,17,-3,1
14809,Plcb2,25,9,1,0,55,24,4,0,242,162,209,237,242,-30,-15,-3,0
14810,Plcb3,39,18,3,2,41,23,6,2,242,162,201,233,238,-2,-5,-3,0
9510,Ints1,36,14,2,1,40,19,5,3,242,166,209,235,238,-4,-5,-3,-2
9901,Kdm5a,41,18,2,2,56,29,5,0,242,145,195,235,240,-15,-11,-3,2
14812,Plcd1,51,22,3,0,62,32,6,4,242,129,188,233,238,-11,-10,-3,-4
13436,Olfr395,31,13,0,0,27,17,3,0,242,184,212,239,242,4,-4,-3,0
4921,Dtnbp1,30,12,3,2,40,25,6,2,242,172,205,233,238,-10,-13,-3,0
17962,Sms,44,29,7,3,52,31,10,2,242,146,182,225,237,-8,-2,-3,1
19508,Tmem201,45,23,3,2,41,18,6,1,242,156,201,233,239,4,5,-3,1
18171,Spata31d1c,9,1,0,0,8,5,3,3,242,225,236,239,239,1,-4,-3,-3
22174,Zranb3,45,21,0,0,57,30,3,0,242,140,191,239,242,-12,-9,-3,0
4133,Cylc1,3,1,0,0,14,10,3,3,242,225,231,239,239,-11,-9,-3,-3
17003,Sdr16c6,5,1,0,0,16,12,3,1,242,221,229,239,241,-11,-11,-3,-1
3749,Cox4i1,29,18,3,2,40,17,6,2,242,173,207,233,238,-11,1,-3,0
431,Aacs,37,13,2,2,59,37,5,2,242,146,192,235,238,-22,-24,-3,0
4135,Cyld,41,20,2,2,47,24,5,1,242,154,198,235,239,-6,-4,-3,1
19497,Tmem19,46,29,6,2,58,34,9,7,242,138,179,227,233,-12,-5,-3,-5
1336,Apol8,54,36,14,5,54,41,17,8,242,134,165,211,229,0,-5,-3,-3
18192,Spcs2,33,14,4,2,44,28,7,3,242,165,200,231,237,-11,-14,-3,-1
14847,Plekhf2,40,20,2,2,49,23,5,1,242,153,199,235,239,-9,-3,-3,1
9862,Kcnv1,8,5,1,0,22,11,4,2,242,212,226,237,240,-14,-6,-3,-2
9494,Inppl1,44,22,2,2,41,20,5,2,242,157,200,235,238,3,2,-3,0
16636,Rpusd4,37,18,3,2,50,26,6,3,242,155,198,233,237,-13,-8,-3,-1
2357,Cacul1,45,24,2,2,44,20,5,0,242,153,198,235,240,1,4,-3,2
4134,Cylc2,2,2,0,0,8,4,3,0,242,232,236,239,242,-6,-2,-3,0
17976,Snai2,56,36,6,2,70,41,9,1,242,116,165,227,239,-14,-5,-3,1
1345,Appbp2,37,19,2,2,36,18,5,0,242,169,205,235,240,1,1,-3,2
2356,Cactin,37,14,2,1,38,15,5,1,242,167,213,235,240,-1,-1,-3,0
7401,Gm35315,41,25,5,0,77,40,8,2,242,124,177,229,240,-36,-15,-3,-2
440,Aadacl4fm2,3,2,0,0,15,9,3,0,242,224,231,239,242,-12,-7,-3,0
15460,Prr36,43,21,2,1,47,29,5,1,242,152,192,235,240,-4,-8,-3,0
17988,Snapc5,36,17,4,4,45,29,7,2,242,161,196,231,236,-9,-12,-3,2
14859,Plekhm2,32,13,3,2,70,37,6,1,242,140,192,233,239,-38,-24,-3,1
17591,Slc26a2,50,23,1,0,55,30,4,1,242,137,189,237,241,-5,-7,-3,-1
444,Aadat,35,24,3,2,51,40,6,0,242,156,178,233,240,-16,-16,-3,2
3,0610012G03Rik,30,12,3,3,32,19,6,3,242,180,211,233,236,-2,-7,-3,0
14871,Plin4,61,41,5,1,50,36,8,3,242,131,165,229,238,11,5,-3,-2
1816,B020031M17Rik,19,13,3,1,25,21,6,1,242,198,208,233,240,-6,-8,-3,0
17986,Snapc3,50,29,3,1,30,17,6,2,242,162,196,233,239,20,12,-3,-1
9872,Kctd15,65,33,2,2,45,26,5,1,242,132,183,235,239,20,7,-3,1
13360,Olfr303,3,1,0,0,9,8,3,3,242,230,233,239,239,-6,-7,-3,-3
9882,Kctd5,40,21,2,2,38,25,5,1,242,164,196,235,239,2,-4,-3,1
10713,Lsm3,39,23,4,2,53,29,7,4,242,150,190,231,236,-14,-6,-3,-2
4980,Dync2i1,45,26,4,0,53,32,7,2,242,144,184,231,240,-8,-6,-3,-2
14887,Plpp2,52,27,6,3,44,26,9,2,242,146,189,227,237,8,1,-3,1
10693,Lrrn3,24,12,2,0,67,41,5,1,242,151,189,235,241,-43,-29,-3,-1
16657,Rrp7a,37,12,2,2,48,22,5,2,242,157,208,235,238,-11,-10,-3,0
4141,Cyp19a1,34,16,1,0,33,18,4,0,242,175,208,237,242,1,-2,-3,0
10696,Lrrtm1,24,8,0,0,46,22,3,1,242,172,212,239,241,-22,-14,-3,-1
17,1110059G10Rik,32,21,6,4,66,50,9,3,242,144,171,227,235,-34,-29,-3,1
3756,Cox6b1,38,29,7,3,41,25,10,8,242,163,188,225,231,-3,4,-3,-5
20834,Vav2,35,13,2,2,48,23,5,1,242,159,206,235,239,-13,-10,-3,1
7413,Gm36210,49,32,3,0,67,44,6,2,242,126,166,233,240,-18,-12,-3,-2
8373,H2-Q2,56,41,6,2,55,32,9,1,242,131,169,227,239,1,9,-3,1
16656,Rrp36,44,16,2,2,29,14,5,2,242,169,212,235,238,15,2,-3,0
20835,Vav3,41,24,4,2,62,36,7,2,242,139,182,231,238,-21,-12,-3,0
16653,Rrp12,38,19,3,1,50,30,6,1,242,154,193,233,240,-12,-11,-3,0
6895,Gm14180,0,0,0,0,3,3,3,3,242,239,239,239,239,-3,-3,-3,-3
4968,Dvl3,46,26,5,2,42,22,8,3,242,154,194,229,237,4,4,-3,-1
13375,Olfr318,33,12,1,0,59,32,4,0,242,150,198,237,242,-26,-20,-3,0
15447,Prr16,37,17,2,1,28,17,5,3,242,177,208,235,238,9,0,-3,-2
2984,Cdk2,38,17,4,1,48,27,7,1,242,156,198,231,240,-10,-10,-3,0
20839,Vcam1,61,37,8,4,54,34,11,7,242,127,171,223,231,7,3,-3,-3
16652,Rrp1,35,16,2,2,41,23,5,1,242,166,203,235,239,-6,-7,-3,1
22206,Zw10,26,16,2,2,45,23,5,1,242,171,203,235,239,-19,-7,-3,1
9860,Kcnt2,38,27,5,1,41,27,8,2,242,163,188,229,239,-3,0,-3,-1
22208,Zwint,42,22,3,2,41,15,6,2,242,159,205,233,238,1,7,-3,0
4975,Dync1i1,38,22,1,1,42,21,4,2,242,162,199,237,239,-4,1,-3,-1
2983,Cdk19,35,18,3,1,69,51,6,1,242,138,173,233,240,-34,-33,-3,0
4117,Cyb5r1,44,28,5,2,46,25,8,4,242,152,189,229,236,-2,3,-3,-2
3750,Cox4i2,63,41,5,1,42,27,8,2,242,137,174,229,239,21,14,-3,-1
10659,Lrrc56,36,27,5,3,73,45,8,1,242,133,170,229,238,-37,-18,-3,2
7748,Gm6526,16,12,4,2,39,30,7,3,242,187,200,231,237,-23,-18,-3,-1
33,1700001L19Rik,49,33,5,3,69,45,8,4,242,124,164,229,235,-20,-12,-3,-1
4822,Dok2,51,26,3,0,69,42,6,3,242,122,174,233,239,-18,-16,-3,-3
14983,Pogz,42,22,2,2,44,26,5,1,242,156,194,235,239,-2,-4,-3,1
10596,Lrit1,6,1,0,0,17,15,3,0,242,219,226,239,242,-11,-14,-3,0
3824,Cr1l,30,19,5,2,56,29,8,4,242,156,194,229,236,-26,-10,-3,-2
15411,Proser1,36,20,3,1,56,31,6,1,242,150,191,233,240,-20,-11,-3,0
3226,Chad,44,16,3,0,44,24,6,2,242,154,202,233,240,0,-8,-3,-2
13571,Olfr56,54,35,4,2,57,31,7,0,242,131,176,231,240,-3,4,-3,2
9540,Ippk,50,22,3,2,46,26,6,2,242,146,194,233,238,4,-4,-3,0
4173,Cyp2c66,18,13,4,1,21,17,7,6,242,203,212,231,235,-3,-4,-3,-5
7466,Gm42421,55,42,17,11,55,40,20,8,242,132,160,205,223,0,2,-3,3
18145,Spag6,47,31,11,4,53,35,14,4,242,142,176,217,234,-6,-4,-3,0
8277,Gtf3c2,23,11,2,2,64,28,5,3,242,155,203,235,237,-41,-17,-3,-1
4821,Dok1,52,23,4,1,52,30,7,3,242,138,189,231,238,0,-7,-3,-2
6341,Gabpb2,36,16,2,2,52,31,5,2,242,154,195,235,238,-16,-15,-3,0
3817,Cpt2,34,15,2,2,71,43,5,3,242,137,184,235,237,-37,-28,-3,-1
409,A630076J17Rik,19,17,2,1,44,31,5,1,242,179,194,235,240,-25,-14,-3,0
22183,Zscan22,36,18,2,2,70,37,5,0,242,136,187,235,240,-34,-19,-3,2
14772,Pla2g15,44,27,5,1,74,42,8,4,242,124,173,229,237,-30,-15,-3,-3
8278,Gtf3c3,22,12,2,2,57,31,5,0,242,163,199,235,240,-35,-19,-3,2
15414,Prox1,23,13,1,0,47,22,4,2,242,172,207,237,240,-24,-9,-3,-2
17652,Slc35c2,36,25,3,2,47,18,6,3,242,159,199,233,237,-11,7,-3,-1
13551,Olfr539,40,14,1,0,54,31,4,2,242,148,197,237,240,-14,-17,-3,-2
13550,Olfr538,7,4,0,0,13,13,3,0,242,222,225,239,242,-6,-9,-3,0
14773,Pla2g1b,37,30,20,7,50,43,23,11,242,155,169,199,224,-13,-13,-3,-4
19577,Tmem30a,28,16,4,2,61,29,7,2,242,153,197,231,238,-33,-13,-3,0
8283,Gtpbp10,41,25,5,3,69,38,8,2,242,132,179,229,237,-28,-13,-3,1
4100,Cxcr1,27,23,5,0,34,30,8,4,242,181,189,229,238,-7,-7,-3,-4
7462,Gm42372,66,38,8,1,50,31,11,1,242,126,173,223,240,16,7,-3,0
17162,Serpinb6d,10,10,1,0,18,17,4,0,242,214,215,237,242,-8,-7,-3,0
4804,Dnttip1,34,21,3,1,34,16,6,4,242,174,205,233,237,0,5,-3,-3
4803,Dntt,30,15,2,1,27,20,5,4,242,185,207,235,237,3,-5,-3,-3
8266,Gtf2f2,28,16,2,2,39,15,5,2,242,175,211,235,238,-11,1,-3,0
16989,Sdf2,44,23,3,2,42,23,6,2,242,156,196,233,238,2,0,-3,0
15409,Prorsd1,48,30,9,4,44,24,12,6,242,150,188,221,232,4,6,-3,-2
17945,Smok2a,15,9,2,1,39,27,5,0,242,188,206,235,241,-24,-18,-3,1
1388,Arglu1,36,22,3,2,40,18,6,2,242,166,202,233,238,-4,4,-3,0
18134,Spaca5,16,14,10,2,28,27,13,8,242,198,201,219,232,-12,-13,-3,-6
3074,Cenpb,32,21,4,2,77,40,7,4,242,133,181,231,236,-45,-19,-3,-2
4777,Dnajc9,43,20,3,3,37,23,6,2,242,162,199,233,237,6,-3,-3,1
13608,Olfr600,48,22,5,2,42,23,8,1,242,152,197,229,239,6,-1,-3,1
7477,Gm42906,16,15,10,10,16,14,13,11,242,210,213,219,221,0,1,-3,-1
20818,Vamp5,39,24,7,4,70,35,10,6,242,133,183,225,232,-31,-11,-3,-2
19603,Tmem53,36,25,8,4,81,57,11,4,242,125,160,223,234,-45,-32,-3,0
9545,Iqcc,42,27,4,2,58,29,7,3,242,142,186,231,237,-16,-2,-3,-1
8249,Gstp2,49,37,12,7,63,42,15,7,242,130,163,215,228,-14,-5,-3,0
1801,Awat1,10,9,0,0,14,9,3,2,242,218,224,239,240,-4,0,-3,-2
2420,Cap1,42,25,3,2,48,22,6,2,242,152,195,233,238,-6,3,-3,0
9929,Kif13a,40,21,6,4,62,32,9,2,242,140,189,227,236,-22,-11,-3,2
20821,Vangl1,43,22,6,1,76,54,9,2,242,123,166,227,239,-33,-32,-3,-1
8255,Gstz1,31,17,3,2,46,28,6,3,242,165,197,233,237,-15,-11,-3,-1
1385,Arfrp1,28,14,2,2,34,16,5,1,242,180,212,235,239,-6,-2,-3,1
20708,Uqcrfs1,29,16,3,3,34,23,6,2,242,179,203,233,237,-5,-7,-3,1
19915,Traj9,1,0,0,0,3,3,3,3,242,238,239,239,239,-2,-3,-3,-3
14759,Pkn1,38,23,4,2,48,27,7,1,242,156,192,231,239,-10,-4,-3,1
18658,Susd5,21,10,0,0,40,23,3,0,242,181,209,239,242,-19,-13,-3,0
57,1700015G11Rik,12,8,6,3,12,11,9,7,242,218,223,227,232,0,-3,-3,-4
20707,Uqcrc2,35,24,5,3,42,23,8,3,242,165,195,229,236,-7,1,-3,0
2414,Camta1,32,15,2,0,44,24,5,4,242,166,203,235,238,-12,-9,-3,-4
21256,Vrk1,40,21,4,1,53,31,7,3,242,149,190,231,238,-13,-10,-3,-2
22178,Zscan12,30,13,2,1,66,40,5,1,242,146,189,235,240,-36,-27,-3,0
1659,Atmin,37,18,3,2,62,29,6,1,242,143,195,233,239,-25,-11,-3,1
9922,Khdrbs3,33,23,5,2,51,31,8,1,242,158,188,229,239,-18,-8,-3,1
18002,Snph,45,22,1,0,50,31,4,3,242,147,189,237,239,-5,-9,-3,-3
6326,G6pc2,22,13,1,0,31,14,4,1,242,189,215,237,241,-9,-1,-3,-1
7454,Gm39566,16,6,0,0,16,7,3,0,242,210,229,239,242,0,-1,-3,0
19559,Tmem255b,39,31,3,1,54,44,6,0,242,149,167,233,241,-15,-13,-3,1
13497,Olfr479,34,16,1,1,39,22,4,1,242,169,204,237,240,-5,-6,-3,0
1363,Araf,37,23,3,2,41,20,6,3,242,164,199,233,237,-4,3,-3,-1
16695,Rtf2,38,19,2,2,28,12,5,3,242,176,211,235,237,10,7,-3,-1
2760,Ccnl2,36,14,2,2,37,20,5,1,242,169,208,235,239,-1,-6,-3,1
16691,Rtca,28,17,3,2,38,19,6,2,242,176,206,233,238,-10,-2,-3,0
1658,Atm,40,24,4,1,65,38,7,0,242,137,180,231,241,-25,-14,-3,1
9847,Kcnn2,29,12,1,0,37,21,4,0,242,176,209,237,242,-8,-9,-3,0
18583,Stx5a,37,17,3,3,42,18,6,1,242,163,207,233,238,-5,-1,-3,2
10643,Lrrc3b,30,15,5,1,44,32,8,1,242,168,195,229,240,-14,-17,-3,0
13489,Olfr47,5,5,1,0,11,9,4,0,242,226,228,237,242,-6,-4,-3,0
2403,Camk2n2,50,30,5,0,61,36,8,2,242,131,176,229,240,-11,-6,-3,-2
21848,Zfp513,53,31,5,3,48,22,8,1,242,141,189,229,238,5,9,-3,2
21270,Vstm2l,38,26,7,2,44,31,10,3,242,160,185,225,237,-6,-5,-3,-1
1808,AY358078,18,12,5,0,40,22,8,4,242,184,208,229,238,-22,-10,-3,-4
16685,Rspry1,32,12,2,2,55,28,5,2,242,155,202,235,238,-23,-16,-3,0
2401,Camk2g,34,19,2,1,71,34,5,3,242,137,189,235,238,-37,-15,-3,-2
21843,Zfp507,44,22,4,3,50,28,7,5,242,148,192,231,234,-6,-6,-3,-2
15425,Prpf4,34,14,2,2,48,18,5,3,242,160,210,235,237,-14,-4,-3,-1
20456,Twnk,46,17,2,2,37,22,5,1,242,159,203,235,239,9,-5,-3,1
38,1700003H04Rik,3,3,3,1,9,9,6,4,242,230,230,233,237,-6,-6,-3,-3
19544,Tmem240,42,31,5,0,64,39,8,3,242,136,172,229,239,-22,-8,-3,-3
16681,Rspo1,51,34,3,1,57,40,6,3,242,134,168,233,238,-6,-6,-3,-2
22195,Zscan5b,38,17,1,0,54,33,4,2,242,150,192,237,240,-16,-16,-3,-2
4108,Cxxc5,33,16,6,3,87,56,9,3,242,122,170,227,236,-54,-40,-3,0
7698,Gm5773,9,7,0,0,10,9,3,0,242,223,226,239,242,-1,-2,-3,0
15419,Prpf19,34,15,2,2,30,17,5,1,242,178,210,235,239,4,-2,-3,1
13506,Olfr487,16,8,0,0,37,21,3,0,242,189,213,239,242,-21,-13,-3,0
17949,Smok3c,22,10,0,0,34,19,3,1,242,186,213,239,241,-12,-9,-3,-1
22192,Zscan4d,16,10,0,0,14,10,3,1,242,212,222,239,241,2,0,-3,-1
4838,Dpep2,44,25,3,2,51,29,6,0,242,147,188,233,240,-7,-4,-3,2
2755,Ccni,31,14,2,2,46,20,5,2,242,165,208,235,238,-15,-6,-3,0
18586,Stx8,30,10,2,2,41,22,5,2,242,171,210,235,238,-11,-12,-3,0
19570,Tmem268,38,21,2,0,63,39,5,2,242,141,182,235,240,-25,-18,-3,-2
4842,Dpf2,36,16,3,3,47,26,6,3,242,159,200,233,236,-11,-10,-3,0
1806,Axl,59,33,6,2,55,32,9,1,242,128,177,227,239,4,1,-3,1
1375,Arf5,35,18,2,2,44,21,5,0,242,163,203,235,240,-9,-3,-3,2
17638,Slc33a1,27,17,4,2,61,35,7,2,242,154,190,231,238,-34,-18,-3,0
21862,Zfp541,14,7,0,0,36,22,3,0,242,192,213,239,242,-22,-15,-3,0
15418,Prpf18,37,17,2,2,34,13,5,3,242,171,212,235,237,3,4,-3,-1
13525,Olfr509,40,14,2,0,67,34,5,2,242,135,194,235,240,-27,-20,-3,-2
4846,Dph3,30,14,2,2,50,18,5,0,242,162,210,235,240,-20,-4,-3,2
20684,Unkl,47,23,3,3,58,33,6,3,242,137,186,233,236,-11,-10,-3,0
21860,Zfp536,33,19,1,0,43,29,4,1,242,166,194,237,241,-10,-10,-3,-1
20702,Uqcc3,30,11,2,2,53,25,5,2,242,159,206,235,238,-23,-14,-3,0
19563,Tmem26,26,14,3,3,56,33,6,1,242,160,195,233,238,-30,-19,-3,2
6334,Gabarap,29,13,2,2,36,18,5,1,242,177,211,235,239,-7,-5,-3,1
18811,Taf6l,29,16,2,2,53,27,5,1,242,160,199,235,239,-24,-11,-3,1
8295,Guca2a,52,43,18,6,47,32,21,9,242,143,167,203,227,5,11,-3,-3
2408,Camkv,23,13,2,1,33,16,5,0,242,186,213,235,241,-10,-3,-3,1
16703,Rtl6,13,6,1,0,54,35,4,0,242,175,201,237,242,-41,-29,-3,0
4853,Dpp10,36,11,2,0,48,32,5,1,242,158,199,235,241,-12,-21,-3,-1
6332,Gab2,42,26,2,2,59,31,5,0,242,141,185,235,240,-17,-5,-3,2
19560,Tmem256,42,24,8,3,46,29,11,7,242,154,189,223,232,-4,-5,-3,-4
4859,Dpp9,44,18,2,2,36,15,5,1,242,162,209,235,239,8,3,-3,1
16991,Sdf4,33,18,2,2,26,15,5,1,242,183,209,235,239,7,3,-3,1
10628,Lrrc24,56,36,7,2,52,33,10,1,242,134,173,225,239,4,3,-3,1
10471,Limk2,33,12,2,2,44,21,5,0,242,165,209,235,240,-11,-9,-3,2
1762,Atxn10,28,16,4,3,46,26,7,1,242,168,200,231,238,-18,-10,-3,2
20716,Uri1,33,16,3,2,59,30,6,0,242,150,196,233,240,-26,-14,-3,2
6495,Gde1,29,19,3,3,36,18,6,5,242,177,205,233,234,-7,1,-3,-2
15211,Ppt2,39,22,2,2,53,38,5,2,242,150,182,235,238,-14,-16,-3,0
14467,Pdzrn4,20,8,0,0,48,29,3,0,242,174,205,239,242,-28,-21,-3,0
6502,Gdf5,42,18,1,0,56,33,4,0,242,144,191,237,242,-14,-15,-3,0
6501,Gdf3,54,28,4,0,49,22,7,3,242,139,192,231,239,5,6,-3,-3
7638,Gm50318,37,35,21,5,56,49,24,9,242,149,158,197,228,-19,-14,-3,-4
14195,Parp4,37,26,5,2,63,36,8,0,242,142,180,229,240,-26,-10,-3,2
4415,Ddx19b,34,17,2,2,73,39,5,3,242,135,186,235,237,-39,-22,-3,-1
7993,Gp5,63,35,8,3,56,39,11,3,242,123,168,223,236,7,-4,-3,0
2658,Ccdc6,44,24,5,2,45,24,8,1,242,153,194,229,239,-1,0,-3,1
10248,Krtap9-3,10,10,3,1,12,11,6,5,242,220,221,233,236,-2,-1,-3,-4
222,4921524J17Rik,53,32,7,3,42,24,10,4,242,147,186,225,235,11,8,-3,-1
19801,Tor4a,50,27,5,1,55,25,8,5,242,137,190,229,236,-5,2,-3,-4
3153,Ces2b,42,18,5,1,59,35,8,3,242,141,189,229,238,-17,-17,-3,-2
1581,Ascl5,10,9,6,2,12,12,9,2,242,220,221,227,238,-2,-3,-3,0
17089,Senp5,42,16,3,2,54,26,6,1,242,146,200,233,239,-12,-10,-3,1
10080,Klra10,16,16,1,1,26,24,4,3,242,200,202,237,238,-10,-8,-3,-2
18627,Sult3a2,2,1,1,0,9,7,4,2,242,231,234,237,240,-7,-6,-3,-2
7642,Gm50388,51,41,16,5,88,65,19,9,242,103,136,207,228,-37,-24,-3,-4
14474,Pecr,34,24,11,5,59,34,14,5,242,149,184,217,232,-25,-10,-3,0
6491,Gda,54,24,3,1,44,28,6,1,242,144,190,233,240,10,-4,-3,0
8000,Gpank1,57,27,4,3,43,27,7,2,242,142,188,231,237,14,0,-3,1
20658,Umad1,38,22,4,2,66,42,7,1,242,138,178,231,239,-28,-20,-3,1
17102,Septin3,59,33,5,2,51,33,8,3,242,132,176,229,237,8,0,-3,-1
3159,Ces3a,11,5,1,0,23,13,4,1,242,208,224,237,241,-12,-8,-3,-1
16877,Scap,48,26,3,2,42,25,6,2,242,152,191,233,238,6,1,-3,0
14171,Paqr4,44,19,3,0,58,38,6,0,242,140,185,233,242,-14,-19,-3,0
14170,Paqr3,37,16,4,0,69,44,7,1,242,136,182,231,241,-32,-28,-3,-1
15079,Pou6f2,22,8,0,0,28,13,3,0,242,192,221,239,242,-6,-5,-3,0
21201,Vmn2r89,9,4,1,0,29,18,4,0,242,204,220,237,242,-20,-14,-3,0
9788,Kcnd2,25,15,1,0,19,13,4,0,242,198,214,237,242,6,2,-3,0
14502,Pex13,36,19,3,2,62,36,6,0,242,144,187,233,240,-26,-17,-3,2
7887,Gm9747,23,11,5,2,25,14,8,7,242,194,217,229,233,-2,-3,-3,-5
7973,Golm1,46,27,5,1,48,28,8,1,242,148,187,229,240,-2,-1,-3,0
15189,Ppp2r5b,48,30,5,2,40,21,8,2,242,154,191,229,238,8,9,-3,0
14236,Pbdc1,48,23,4,2,40,22,7,3,242,154,197,231,237,8,1,-3,-1
21168,Vmn2r58,13,3,0,0,24,18,3,0,242,205,221,239,242,-11,-15,-3,0
20734,Usp12,32,15,3,2,60,30,6,3,242,150,197,233,237,-28,-15,-3,-1
14449,Pdss1,42,20,5,3,63,40,8,3,242,137,182,229,236,-21,-20,-3,0
17086,Senp1,31,16,2,1,57,29,5,3,242,154,197,235,238,-26,-13,-3,-2
1525,Arpp21,29,16,0,0,47,27,3,1,242,166,199,239,241,-18,-11,-3,-1
14232,Pax9,31,21,0,0,58,40,3,0,242,153,181,239,242,-27,-19,-3,0
10097,Klrc3,13,11,2,0,14,14,5,0,242,215,217,235,242,-1,-3,-3,0
134,1810049J17Rik,77,55,23,13,56,44,26,15,242,109,143,193,214,21,11,-3,-2
7979,Gon4l,29,13,3,3,54,31,6,1,242,159,198,233,238,-25,-18,-3,2
19810,Tpcn1,36,16,2,2,63,29,5,3,242,143,197,235,237,-27,-13,-3,-1
6733,Gm10428,2,2,2,1,5,5,5,1,242,235,235,235,240,-3,-3,-3,0
7987,Got1,59,43,4,2,35,16,7,4,242,148,183,231,236,24,27,-3,-2
6599,Gja8,11,4,0,0,26,10,3,0,242,205,228,239,242,-15,-6,-3,0
6509,Gdpd1,50,25,0,0,48,20,3,0,242,144,197,239,242,2,5,-3,0
15204,Ppp5c,35,12,2,2,36,14,5,1,242,171,216,235,239,-1,-2,-3,1
14219,Patj,42,20,3,2,44,26,6,2,242,156,196,233,238,-2,-6,-3,0
22052,Zfp959,61,33,6,2,40,30,9,2,242,141,179,227,238,21,3,-3,0
18062,Snx9,34,17,2,2,38,22,5,1,242,170,203,235,239,-4,-5,-3,1
9718,Jph2,36,25,2,0,31,18,5,1,242,175,199,235,241,5,7,-3,-1
216,4833439L19Rik,39,23,3,2,50,26,6,4,242,153,193,233,236,-11,-3,-3,-2
9716,Josd2,31,18,2,2,65,32,5,1,242,146,192,235,239,-34,-14,-3,1
1518,Arpc2,35,14,4,2,32,17,7,3,242,175,211,231,237,3,-3,-3,-1
18063,Soat1,53,23,5,2,60,33,8,2,242,129,186,229,238,-7,-10,-3,0
7985,Gosr1,34,15,2,2,50,34,5,2,242,158,193,235,238,-16,-19,-3,0
7986,Gosr2,34,21,2,2,43,24,5,2,242,165,197,235,238,-9,-3,-3,0
6486,Gcnt3,33,19,3,0,51,31,6,4,242,158,192,233,238,-18,-12,-3,-4
1582,Asf1a,46,22,5,2,43,26,8,3,242,153,194,229,237,3,-4,-3,-1
231,4930407I10Rik,17,7,1,0,14,9,4,3,242,211,226,237,239,3,-2,-3,-3
17850,Sln,20,18,2,0,19,16,5,1,242,203,208,235,241,1,2,-3,-1
2516,Catsperg1,45,24,1,0,65,43,4,2,242,132,175,237,240,-20,-19,-3,-2
17770,Slc6a20b,49,21,3,2,52,32,6,1,242,141,189,233,239,-3,-11,-3,1
14117,Padi1,27,11,0,0,46,24,3,1,242,169,207,239,241,-19,-13,-3,-1
22121,Zim1,34,17,0,0,37,16,3,0,242,171,209,239,242,-3,1,-3,0
7873,Gm94,6,6,1,1,7,7,4,1,242,229,229,237,240,-1,-1,-3,0
18702,Sympk,43,16,3,2,33,15,6,1,242,166,211,233,239,10,1,-3,1
17769,Slc6a20a,32,17,4,2,61,40,7,2,242,149,185,231,238,-29,-23,-3,0
19786,Top1mt,33,16,2,2,49,21,5,1,242,160,205,235,239,-16,-5,-3,1
14113,Pacs2,35,15,3,2,59,34,6,1,242,148,193,233,239,-24,-19,-3,1
22006,Zfp868,37,18,4,2,54,29,7,2,242,151,195,231,238,-17,-11,-3,0
21999,Zfp846,54,24,2,0,52,29,5,2,242,136,189,235,240,2,-5,-3,-2
15068,Pou2f3,33,19,3,0,50,35,6,3,242,159,188,233,239,-17,-16,-3,-3
3037,Ceacam13,1,1,0,0,6,3,3,2,242,235,238,239,240,-5,-2,-3,-2
14104,Pabpc4,44,24,5,2,41,25,8,5,242,157,193,229,235,3,-1,-3,-3
10270,Lacc1,47,29,5,2,57,34,8,3,242,138,179,229,237,-10,-5,-3,-1
15253,Pramel40,22,15,4,2,31,21,7,5,242,189,206,231,235,-9,-6,-3,-3
263,4930523C07Rik,51,31,12,4,65,47,15,3,242,126,164,215,235,-14,-16,-3,1
18069,Socs4,46,23,4,2,45,25,7,2,242,151,194,231,238,1,-2,-3,0
21995,Zfp830,40,21,2,2,43,23,5,2,242,159,198,235,238,-3,-2,-3,0
19782,Tomm70a,25,14,2,2,60,27,5,1,242,157,201,235,239,-35,-13,-3,1
14499,Pex11b,31,16,2,2,70,36,5,2,242,141,190,235,238,-39,-20,-3,0
18071,Socs6,53,34,5,3,52,29,8,3,242,137,179,229,236,1,5,-3,0
4453,Defa17,5,3,3,1,9,7,6,3,242,228,232,233,238,-4,-4,-3,-2
7868,Gm9048,8,7,3,2,13,11,6,2,242,221,224,233,238,-5,-4,-3,0
21212,Vmn2r99,24,8,1,0,56,23,4,0,242,162,211,237,242,-32,-15,-3,0
14091,P3h1,44,22,6,2,44,21,9,3,242,154,199,227,237,0,1,-3,-1
1717,Atp6v0a1,54,30,4,2,46,23,7,2,242,142,189,231,238,8,7,-3,0
20653,Ulbp1,49,30,6,0,55,32,9,5,242,138,180,227,237,-6,-2,-3,-5
3990,Ctag2,2,1,0,0,8,6,3,1,242,232,235,239,241,-6,-5,-3,-1
21166,Vmn2r56,30,13,0,0,50,24,3,0,242,162,205,239,242,-20,-11,-3,0
22120,Zik1,36,16,3,0,79,46,6,2,242,127,180,233,240,-43,-30,-3,-2
6472,Gcfc2,42,22,2,1,65,38,5,2,242,135,182,235,239,-23,-16,-3,-1
4432,Ddx46,33,13,3,3,51,25,6,0,242,158,204,233,239,-18,-12,-3,3
4433,Ddx47,39,20,3,2,30,18,6,1,242,173,204,233,239,9,2,-3,1
14158,Panx1,45,28,3,1,47,26,6,0,242,150,188,233,241,-2,2,-3,1
17779,Slc7a1,65,40,1,0,50,20,4,2,242,127,182,237,240,15,20,-3,-2
8007,Gpatch2l,39,18,3,2,53,30,6,3,242,150,194,233,237,-14,-12,-3,-1
10271,Lactb,34,22,3,2,67,42,6,3,242,141,178,233,237,-33,-20,-3,-1
10272,Lactb2,43,24,3,2,41,25,6,2,242,158,193,233,238,2,-1,-3,0
20655,Ulk2,28,11,4,2,64,32,7,1,242,150,199,231,239,-36,-21,-3,1
22029,Zfp937,44,24,6,1,69,39,9,2,242,129,179,227,239,-25,-15,-3,-1
8013,Gpbp1l1,31,14,2,2,53,24,5,1,242,158,204,235,239,-22,-10,-3,1
16871,Scamp1,27,19,4,2,66,37,7,1,242,149,186,231,239,-39,-18,-3,1
6482,Gcm2,12,7,0,0,16,10,3,0,242,214,225,239,242,-4,-3,-3,0
1503,Armcx3,56,31,5,2,43,22,8,1,242,143,189,229,239,13,9,-3,1
2519,Cav1,57,36,12,5,58,35,15,7,242,127,171,215,230,-1,1,-3,-2
246,4930455H04Rik,12,9,1,1,33,28,4,0,242,197,205,237,241,-21,-19,-3,1
17044,Sel1l,39,18,2,2,62,28,5,1,242,141,196,235,239,-23,-10,-3,1
20414,Tuba1c,53,32,9,7,54,36,12,6,242,135,174,221,229,-1,-4,-3,1
17849,Slmap,42,22,2,2,55,35,5,1,242,145,185,235,239,-13,-13,-3,1
14132,Paip1,38,24,9,6,48,28,12,9,242,156,190,221,227,-10,-4,-3,-3
15075,Pou4f3,16,5,0,0,25,14,3,0,242,201,223,239,242,-9,-9,-3,0
7593,Gm49366,9,9,8,7,13,13,11,7,242,220,220,223,228,-4,-4,-3,0
14129,Pagr1b,61,52,39,29,74,61,42,27,242,107,129,161,186,-13,-9,-3,2
14486,Pepd,30,19,2,2,41,26,5,1,242,171,197,235,239,-11,-7,-3,1
20373,Ttc39c,30,18,3,3,58,27,6,0,242,154,197,233,239,-28,-9,-3,3
20763,Usp36,42,18,2,2,43,23,5,2,242,157,201,235,238,-1,-5,-3,0
4444,Ddx6,33,15,3,2,50,25,6,1,242,159,202,233,239,-17,-10,-3,1
123,1700125H20Rik,43,37,14,4,55,43,17,7,242,144,162,211,231,-12,-6,-3,-3
6516,Gemin2,36,19,3,2,34,20,6,3,242,172,203,233,237,2,-1,-3,-1
1699,Atp5c1,33,16,4,3,41,24,7,3,242,168,202,231,236,-8,-8,-3,0
4310,Dars,30,15,5,2,43,23,8,4,242,169,204,229,236,-13,-8,-3,-2
10167,Krt4,22,11,0,0,30,11,3,0,242,190,220,239,242,-8,0,-3,0
15126,Ppm1j,39,16,1,1,49,23,4,1,242,154,203,237,240,-10,-7,-3,0
14396,Pde4b,41,21,2,2,54,30,5,2,242,147,191,235,238,-13,-9,-3,0
14398,Pde4d,52,25,2,2,56,24,5,2,242,134,193,235,238,-4,1,-3,0
6556,Ggt6,39,26,5,2,63,36,8,2,242,140,180,229,238,-24,-10,-3,0
22100,Zfyve1,34,11,3,2,62,38,6,2,242,146,193,233,238,-28,-27,-3,0
17065,Sem1,30,16,2,2,40,23,5,4,242,172,203,235,236,-10,-7,-3,-2
7929,Gnat3,17,15,1,0,28,23,4,2,242,197,204,237,240,-11,-8,-3,-2
10165,Krt36,13,7,0,0,23,13,3,0,242,206,222,239,242,-10,-6,-3,0
7931,Gnb1,44,25,3,3,42,25,6,2,242,156,192,233,237,2,0,-3,1
14334,Pcif1,22,9,2,2,71,27,5,0,242,149,206,235,240,-49,-18,-3,2
7903,Gmfb,26,16,5,2,56,36,8,5,242,160,190,229,235,-30,-20,-3,-3
17068,Sema3c,62,38,6,2,49,29,9,4,242,131,175,227,236,13,9,-3,-2
147,2210016L21Rik,46,24,3,3,51,24,6,3,242,145,194,233,236,-5,0,-3,0
9752,Katna1,48,27,2,2,27,15,5,3,242,167,200,235,237,21,12,-3,-1
19820,Tpk1,38,19,3,2,64,43,6,3,242,140,180,233,237,-26,-24,-3,-1
14402,Pde6b,39,16,1,0,36,16,4,0,242,167,210,237,242,3,0,-3,0
4360,Dclre1c,41,24,2,0,46,21,5,0,242,155,197,235,242,-5,3,-3,0
14326,Pced1b,45,36,6,0,60,37,9,3,242,137,169,227,239,-15,-1,-3,-3
14403,Pde6c,17,8,1,0,30,19,4,0,242,195,215,237,242,-13,-11,-3,0
15123,Ppm1f,35,18,2,2,51,27,5,1,242,156,197,235,239,-16,-9,-3,1
4362,Dcp1a,35,19,5,2,52,31,8,2,242,155,192,229,238,-17,-12,-3,0
15157,Ppp1r2,35,19,5,2,44,21,8,3,242,163,202,229,237,-9,-2,-3,-1
4365,Dcpp1,10,8,5,2,16,14,8,4,242,216,220,229,236,-6,-6,-3,-2
22097,Zfx,51,25,3,2,38,24,6,2,242,153,193,233,238,13,1,-3,0
1545,Artn,51,31,6,2,61,38,9,4,242,130,173,227,236,-10,-7,-3,-2
7620,Gm4952,41,27,5,3,53,37,8,1,242,148,178,229,238,-12,-10,-3,2
6546,Ggact,30,11,2,2,49,23,5,2,242,163,208,235,238,-19,-12,-3,0
22096,Zfr2,56,39,10,3,68,43,13,5,242,118,160,219,234,-12,-4,-3,-2
19833,Tpr,29,11,2,2,43,29,5,1,242,170,202,235,239,-14,-18,-3,1
14344,Pcnp,42,21,7,3,36,20,10,5,242,164,201,225,234,6,1,-3,-2
149,2210408I21Rik,45,22,5,1,63,46,8,2,242,134,174,229,239,-18,-24,-3,-1
14347,Pcnx2,11,5,0,0,35,20,3,1,242,196,217,239,241,-24,-15,-3,-1
18052,Snx3,43,22,3,2,28,20,6,1,242,171,200,233,239,15,2,-3,1
10143,Krt13,44,22,3,3,29,21,6,1,242,169,199,233,238,15,1,-3,2
4022,Ctns,40,18,3,2,53,30,6,2,242,149,194,233,238,-13,-12,-3,0
7911,Gmppb,24,15,4,2,69,35,7,2,242,149,192,231,238,-45,-20,-3,0
14382,Pdcd7,42,20,3,2,57,39,6,2,242,143,183,233,238,-15,-19,-3,0
9761,Kbtbd12,24,18,3,0,44,36,6,4,242,174,188,233,238,-20,-18,-3,-4
1560,Asb13,40,23,4,2,59,28,7,0,242,143,191,231,240,-19,-5,-3,2
14368,Pcyt1b,39,20,3,1,51,31,6,0,242,152,191,233,241,-12,-11,-3,1
10139,Krr1,36,17,2,2,49,25,5,3,242,157,200,235,237,-13,-8,-3,-1
21126,Vmn2r18,34,15,1,0,59,32,4,0,242,149,195,237,242,-25,-17,-3,0
14366,Pcyox1l,49,27,3,1,70,45,6,1,242,123,170,233,240,-21,-18,-3,0
3061,Celf1,37,19,2,2,44,16,5,2,242,161,207,235,238,-7,3,-3,0
15137,Ppp1r11,34,16,5,2,44,22,8,4,242,164,204,229,236,-10,-6,-3,-2
6567,Gid4,35,16,2,2,58,28,5,0,242,149,198,235,240,-23,-12,-3,2
3133,Cer1,58,41,8,2,54,42,11,4,242,130,159,223,236,4,-1,-3,-2
2558,Cc2d2a,36,20,5,1,55,25,8,0,242,151,197,229,241,-19,-5,-3,1
10153,Krt23,44,30,0,0,41,23,3,1,242,157,189,239,241,3,7,-3,-1
14357,Pcsk2,26,14,1,0,27,15,4,2,242,189,213,237,240,-1,-1,-3,-2
22105,Zfyve27,34,14,3,2,52,27,6,3,242,156,201,233,237,-18,-13,-3,-1
4330,Dcaf1,41,21,3,2,70,43,6,2,242,131,178,233,238,-29,-22,-3,0
9769,Kcmf1,43,26,2,2,36,21,5,1,242,163,195,235,239,7,5,-3,1
159,2310022B05Rik,37,22,4,2,59,28,7,2,242,146,192,231,238,-22,-6,-3,0
4018,Ctnnbip1,42,23,3,2,56,28,6,3,242,144,191,233,237,-14,-5,-3,-1
15144,Ppp1r14b,37,17,3,2,46,20,6,5,242,159,205,233,235,-9,-3,-3,-3
14350,Pcolce,61,38,3,2,42,25,6,2,242,139,179,233,238,19,13,-3,0
1554,Asap2,55,29,2,1,44,26,5,0,242,143,187,235,241,11,3,-3,1
4017,Ctnnb1,40,22,3,3,37,18,6,2,242,165,202,233,237,3,4,-3,1
7902,Gmeb2,47,26,3,1,48,30,6,1,242,147,186,233,240,-1,-4,-3,0
21189,Vmn2r78,20,12,2,0,35,18,5,0,242,187,212,235,242,-15,-6,-3,0
21169,Vmn2r59,43,22,4,1,49,27,7,3,242,150,193,231,238,-6,-5,-3,-2
15107,Ppie,36,17,2,2,26,15,5,2,242,180,210,235,238,10,2,-3,0
1527,Arrb1,47,27,2,2,62,41,5,3,242,133,174,235,237,-15,-14,-3,-1
7960,Gnptg,38,21,3,3,35,16,6,1,242,169,205,233,238,3,5,-3,2
14422,Pdhb,31,19,5,3,40,18,8,4,242,171,205,229,235,-9,1,-3,-1
4390,Ddah2,52,34,5,3,53,30,8,4,242,137,178,229,235,-1,4,-3,-1
14268,Pcdh9,32,17,1,0,36,21,4,0,242,174,204,237,242,-4,-4,-3,0
7635,Gm50092,42,26,3,0,50,25,6,0,242,150,191,233,242,-8,1,-3,0
14267,Pcdh8,35,14,1,0,20,11,4,2,242,187,217,237,240,15,3,-3,-2
2539,Cbr1,42,23,2,2,34,17,5,1,242,166,202,235,239,8,6,-3,1
143,2200002D01Rik,52,43,7,3,51,34,10,7,242,139,165,225,232,1,9,-3,-4
14426,Pdia4,56,32,5,2,43,30,8,2,242,143,180,229,238,13,2,-3,0
9738,Kansl2,37,15,2,2,41,19,5,2,242,164,208,235,238,-4,-4,-3,0
1695,Atp4a,42,24,4,2,57,38,7,4,242,143,180,231,236,-15,-14,-3,-2
14261,Pcdh15,26,13,1,0,25,14,4,3,242,191,215,237,239,1,-1,-3,-3
15106,Ppid,63,32,4,2,34,19,7,1,242,145,191,231,239,29,13,-3,1
6543,Gga1,29,11,2,2,50,26,5,1,242,163,205,235,239,-21,-15,-3,1
1570,Asb6,43,28,2,2,46,23,5,2,242,153,191,235,238,-3,5,-3,0
15104,Ppib,50,28,3,2,38,21,6,4,242,154,193,233,236,12,7,-3,-2
15176,Ppp1r9b,39,20,2,2,50,23,5,2,242,153,199,235,238,-11,-3,-3,0
22065,Zfp971,56,31,12,4,64,41,15,6,242,122,170,215,232,-8,-10,-3,-2
20751,Usp25,34,18,2,2,54,24,5,0,242,154,200,235,240,-20,-6,-3,2
6525,Get4,22,10,2,2,44,17,5,1,242,176,215,235,239,-22,-7,-3,1
10106,Kmo,59,35,8,2,61,47,11,4,242,122,160,223,236,-2,-12,-3,-2
7612,Gm49405,50,26,1,0,44,27,4,2,242,148,189,237,240,6,-1,-3,-2
17054,Selenom,34,21,5,3,51,28,8,6,242,157,193,229,233,-17,-7,-3,-3
22062,Zfp969,18,16,10,7,21,18,13,12,242,203,208,219,223,-3,-2,-3,-5
7969,Golga7,34,18,5,2,46,20,8,1,242,162,204,229,239,-12,-2,-3,1
17795,Slc8a1,44,27,4,3,49,32,7,2,242,149,183,231,237,-5,-5,-3,1
19811,Tpcn2,27,18,3,1,83,43,6,4,242,132,181,233,237,-56,-25,-3,-3
18647,Supt6,35,17,2,2,29,15,5,1,242,178,210,235,239,6,2,-3,1
10119,Knl1,38,18,1,0,67,42,4,1,242,137,182,237,241,-29,-24,-3,-1
4388,Dda1,31,15,2,2,43,21,5,1,242,168,206,235,239,-12,-6,-3,1
7958,Gnpnat1,41,25,3,2,48,25,6,3,242,153,192,233,237,-7,0,-3,-1
2653,Ccdc51,40,20,4,2,55,28,7,3,242,147,194,231,237,-15,-8,-3,-1
7946,Gng7,48,30,5,1,68,41,8,1,242,126,171,229,240,-20,-11,-3,0
20747,Usp20,35,23,3,3,57,34,6,1,242,150,185,233,238,-22,-11,-3,2
4378,Dctn5,33,17,2,2,34,18,5,4,242,175,207,235,236,-1,-1,-3,-2
9742,Kars,27,16,2,2,43,18,5,3,242,172,208,235,237,-16,-2,-3,-1
17806,Slc9a6,39,27,4,2,69,34,7,1,242,134,181,231,239,-30,-7,-3,1
1538,Arsj,28,13,0,0,41,26,3,0,242,173,203,239,242,-13,-13,-3,0
6587,Gipc1,45,23,3,2,59,33,6,3,242,138,186,233,237,-14,-10,-3,-1
14298,Pcdhb4,29,12,1,0,25,14,4,0,242,188,216,237,242,4,-2,-3,0
186,2610044O15Rik8,49,28,5,2,60,38,8,3,242,133,176,229,237,-11,-10,-3,-1
14296,Pcdhb22,46,21,2,0,62,36,5,1,242,134,185,235,241,-16,-15,-3,-1
14295,Pcdhb21,40,15,1,0,59,29,4,0,242,143,198,237,242,-19,-14,-3,0
10127,Kpna6,36,23,2,2,54,33,5,2,242,152,186,235,238,-18,-10,-3,0
6539,Gfra4,47,28,7,2,62,44,10,4,242,133,170,225,236,-15,-16,-3,-2
189,2610507B11Rik,26,15,2,2,54,27,5,1,242,162,200,235,239,-28,-12,-3,1
1693,Atp2c1,37,21,3,2,46,27,6,1,242,159,194,233,239,-9,-6,-3,1
3130,Cep95,43,19,4,1,50,36,7,3,242,149,187,231,238,-7,-17,-3,-2
21176,Vmn2r66,35,17,0,0,39,21,3,3,242,168,204,239,239,-4,-4,-3,-3
17804,Slc9a4,23,10,0,0,37,18,3,2,242,182,214,239,240,-14,-8,-3,-2
17801,Slc9a3,16,10,2,2,58,29,5,1,242,168,203,235,239,-42,-19,-3,1
196,2810004N23Rik,29,17,3,2,39,21,6,2,242,174,204,233,238,-10,-4,-3,0
4324,Dbnl,35,15,2,2,41,24,5,1,242,166,203,235,239,-6,-9,-3,1
7956,Gnpda1,58,31,5,2,54,34,8,5,242,130,177,229,235,4,-3,-3,-3
14280,Pcdhac1,22,10,1,1,18,9,4,1,242,202,223,237,240,4,1,-3,0
18710,Syndig1,22,11,2,0,34,22,5,1,242,186,209,235,241,-12,-11,-3,-1
14278,Pcdha8,15,8,2,0,30,22,5,0,242,197,212,235,242,-15,-14,-3,0
14277,Pcdha7,17,8,1,0,31,22,4,2,242,194,212,237,240,-14,-14,-3,-2
20650,Uhrf1bp1l,31,14,2,2,62,32,5,2,242,149,196,235,238,-31,-18,-3,0
14504,Pex16,30,14,5,2,50,25,8,3,242,162,203,229,237,-20,-11,-3,-1
13794,Olfr804,33,17,4,0,55,28,7,3,242,154,197,231,239,-22,-11,-3,-3
17728,Slc4a10,28,13,1,0,27,18,4,0,242,187,211,237,242,1,-5,-3,0
6633,Gli3,35,20,2,0,51,32,5,2,242,156,190,235,240,-16,-12,-3,-2
1754,Atpsckmt,32,20,4,2,56,35,7,2,242,154,187,231,238,-24,-15,-3,0
9812,Kcnj1,30,22,3,2,40,20,6,4,242,172,200,233,236,-10,2,-3,-2
2469,Carhsp1,51,25,3,3,39,17,6,1,242,152,200,233,238,12,8,-3,2
10413,Letm1,24,13,3,2,52,23,6,2,242,166,206,233,238,-28,-10,-3,0
8122,Gprin3,44,18,0,0,53,29,3,0,242,145,195,239,242,-9,-11,-3,0
10019,Klhl12,36,20,2,2,47,26,5,2,242,159,196,235,238,-11,-6,-3,0
9622,Itga10,59,29,0,0,47,23,3,0,242,136,190,239,242,12,6,-3,0
320,4933427D14Rik,44,26,9,4,73,51,12,4,242,125,165,221,234,-29,-25,-3,0
10018,Klhl11,51,28,2,0,46,25,5,2,242,145,189,235,240,5,3,-3,-2
16802,Samd13,70,48,17,4,73,52,20,13,242,99,142,205,225,-3,-4,-3,-9
6416,Gar1,49,31,4,2,47,24,7,0,242,146,187,231,240,2,7,-3,2
4562,Dffa,30,19,3,3,62,39,6,1,242,150,184,233,238,-32,-20,-3,2
2468,Carf,42,22,2,0,83,57,5,1,242,117,163,235,241,-41,-35,-3,-1
19932,Trappc3l,15,14,4,2,38,34,7,1,242,189,194,231,239,-23,-20,-3,1
6636,Glipr1l2,12,10,0,0,26,20,3,1,242,204,212,239,241,-14,-10,-3,-1
20796,Utp23,32,14,4,2,48,27,7,3,242,162,201,231,237,-16,-13,-3,-1
15007,Polr1b,33,19,3,3,61,37,6,4,242,148,186,233,235,-28,-18,-3,-1
10428,Lgi1,59,32,4,2,42,25,7,0,242,141,185,231,240,17,7,-3,2
20431,Tubg2,47,20,0,0,49,29,3,0,242,146,193,239,242,-2,-9,-3,0
18100,Sox11,30,12,1,0,62,31,4,0,242,150,199,237,242,-32,-19,-3,0
14596,Phf21b,40,25,2,0,70,41,5,2,242,132,176,235,240,-30,-16,-3,-2
14597,Phf23,39,16,3,3,41,23,6,2,242,162,203,233,237,-2,-7,-3,1
14599,Phf3,49,24,2,2,36,18,5,3,242,157,200,235,237,13,6,-3,-1
21909,Zfp644,25,7,3,2,60,34,6,2,242,157,201,233,238,-35,-27,-3,0
1447,Arhgef40,44,26,6,1,70,43,9,3,242,128,173,227,238,-26,-17,-3,-2
15339,Prkcsh,40,20,3,2,37,21,6,3,242,165,201,233,237,3,-1,-3,-1
8136,Gpx7,49,27,6,1,53,34,9,6,242,140,181,227,235,-4,-7,-3,-5
3019,Cdr1,15,9,0,0,10,8,3,0,242,217,225,239,242,5,1,-3,0
19754,Tnr,34,16,0,0,27,15,3,1,242,181,211,239,241,7,1,-3,-1
21112,Vmn2r118,19,12,0,0,23,13,3,0,242,200,217,239,242,-4,-1,-3,0
15331,Prkca,45,26,2,1,44,21,5,1,242,153,195,235,240,1,5,-3,0
15324,Prkag1,32,19,2,2,38,17,5,2,242,172,206,235,238,-6,2,-3,0
2490,Casp2,48,26,4,3,49,31,7,2,242,145,185,231,237,-1,-5,-3,1
2488,Casp14,32,18,3,2,44,28,6,0,242,166,196,233,240,-12,-10,-3,2
13934,Olfr982,33,14,0,0,54,30,3,1,242,155,198,239,241,-21,-16,-3,-1
14575,Phb2,38,19,2,2,42,16,5,1,242,162,207,235,239,-4,3,-3,1
10027,Klhl22,58,36,5,2,54,29,8,3,242,130,177,229,237,4,7,-3,-1
13931,Olfr98,4,4,0,0,10,9,3,0,242,228,229,239,242,-6,-5,-3,0
9810,Kcnip3,49,32,3,0,49,22,6,1,242,144,188,233,241,0,10,-3,-1
6631,Gli1,47,28,4,2,61,32,7,2,242,134,182,231,238,-14,-4,-3,0
13928,Olfr976,50,35,3,0,48,21,6,1,242,144,186,233,241,2,14,-3,-1
15329,Prkar2a,42,25,2,2,42,16,5,1,242,158,201,235,239,0,9,-3,1
4253,Cyth2,37,15,2,2,31,13,5,1,242,174,214,235,239,6,2,-3,1
1745,Atp8b2,46,32,8,1,73,48,11,4,242,123,162,223,237,-27,-16,-3,-3
1599,Aspg,53,34,4,3,45,25,7,1,242,144,183,231,238,8,9,-3,2
14586,Phf11c,46,22,1,0,60,37,4,2,242,136,183,237,240,-14,-15,-3,-2
4542,Dennd6a,29,16,2,2,69,32,5,1,242,144,194,235,239,-40,-16,-3,1
20475,Txnl4a,52,21,3,2,36,22,6,0,242,154,199,233,240,16,-1,-3,2
21922,Zfp664,38,19,2,2,43,20,5,2,242,161,203,235,238,-5,-1,-3,0
19755,Tnrc18,40,18,3,3,69,39,6,1,242,133,185,233,238,-29,-21,-3,2
13911,Olfr957,1,1,0,0,10,9,3,1,242,231,232,239,241,-9,-8,-3,-1
16820,Samt3,5,5,1,0,9,7,4,3,242,228,230,237,239,-4,-2,-3,-3
13909,Olfr954,23,13,3,0,46,28,6,2,242,173,201,233,240,-23,-15,-3,-2
3021,Cdr2l,52,30,7,4,63,36,10,3,242,127,176,225,235,-11,-6,-3,1
14584,Phf11a,61,40,8,3,58,37,11,4,242,123,165,223,235,3,3,-3,-1
22142,Zmym2,33,16,5,2,56,27,8,1,242,153,199,229,239,-23,-11,-3,1
3020,Cdr2,73,40,4,2,29,20,7,1,242,140,182,231,239,44,20,-3,1
6423,Gas1,56,29,7,3,57,36,10,2,242,129,177,225,237,-1,-7,-3,1
4553,Derl2,35,19,3,2,38,24,6,2,242,169,199,233,238,-3,-5,-3,0
14600,Phf5a,33,17,2,2,35,18,5,2,242,174,207,235,238,-2,-1,-3,0
7834,Gm8267,24,13,2,0,43,32,5,3,242,175,197,235,239,-19,-19,-3,-3
13866,Olfr896-ps1,25,9,1,0,45,17,4,1,242,172,216,237,241,-20,-8,-3,-1
3009,Cdkn2aip,59,27,4,2,44,27,7,3,242,139,188,231,237,15,0,-3,-1
14624,Phpt1,27,11,3,2,52,27,6,2,242,163,204,233,238,-25,-16,-3,0
2711,Ccl19,39,27,9,5,45,32,12,5,242,158,183,221,232,-6,-5,-3,0
4613,Dhx57,35,15,2,0,59,30,5,0,242,148,197,235,242,-24,-15,-3,0
13818,Olfr829,22,14,2,1,39,16,5,1,242,181,212,235,240,-17,-2,-3,0
8162,Gria4,33,18,2,1,47,24,5,1,242,162,200,235,240,-14,-6,-3,0
14992,Poldip3,42,20,2,2,31,12,5,1,242,169,210,235,239,11,8,-3,1
14991,Poldip2,25,7,2,2,62,27,5,2,242,155,208,235,238,-37,-20,-3,0
10462,Lilra6,45,21,2,0,29,19,5,4,242,168,202,235,238,16,2,-3,-4
13814,Olfr825,38,21,1,0,49,27,4,1,242,155,194,237,241,-11,-6,-3,-1
90,1700030K09Rik,31,16,2,0,56,30,5,0,242,155,196,235,242,-25,-14,-3,0
17891,Smc4,43,19,5,2,59,36,8,3,242,140,187,229,237,-16,-17,-3,-1
4618,Diaph1,23,11,2,2,48,21,5,1,242,171,210,235,239,-25,-10,-3,1
4621,Dicer1,34,19,2,2,65,41,5,1,242,143,182,235,239,-31,-22,-3,1
13806,Olfr816,43,19,3,0,39,18,6,0,242,160,205,233,242,4,1,-3,0
22144,Zmym4,17,9,2,2,62,35,5,1,242,163,198,235,239,-45,-26,-3,1
14632,Phyhipl,36,22,6,3,64,34,9,3,242,142,186,227,236,-28,-12,-3,0
19709,Tnfrsf21,45,33,7,3,58,31,10,3,242,139,178,225,236,-13,2,-3,0
4228,Cyp4f37,33,15,1,0,45,27,4,3,242,164,200,237,239,-12,-12,-3,-3
19708,Tnfrsf1b,59,40,7,2,53,35,10,7,242,130,167,225,233,6,5,-3,-5
4628,Dip2b,37,11,2,0,62,35,5,0,242,143,196,235,242,-25,-24,-3,0
14634,Pi15,60,27,3,0,41,24,6,1,242,141,191,233,241,19,3,-3,-1
4629,Dip2c,42,22,2,2,53,30,5,1,242,147,190,235,239,-11,-8,-3,1
17712,Slc44a2,41,22,6,2,65,39,9,3,242,136,181,227,237,-24,-17,-3,-1
13800,Olfr810,13,4,0,0,14,9,3,2,242,215,229,239,240,-1,-5,-3,-2
3072,Cend1,41,27,6,2,66,41,9,3,242,135,174,227,237,-25,-14,-3,-1
8169,Grik3,24,9,0,0,36,20,3,0,242,182,213,239,242,-12,-11,-3,0
14985,Pola2,54,31,3,1,50,31,6,2,242,138,180,233,239,4,0,-3,-1
19703,Tnfrsf14,65,37,8,4,64,40,11,5,242,113,165,223,233,1,-3,-3,-1
4608,Dhx35,29,12,3,0,63,37,6,1,242,150,193,233,241,-34,-25,-3,-1
10457,Lig1,39,18,2,2,48,27,5,2,242,155,197,235,238,-9,-9,-3,0
20340,Tstd3,35,19,3,3,55,23,6,2,242,152,200,233,237,-20,-4,-3,1
1606,Aspscr1,31,18,3,3,52,26,6,5,242,159,198,233,234,-21,-8,-3,-2
10435,Lgr6,33,18,0,0,52,22,3,0,242,157,202,239,242,-19,-4,-3,0
10013,Klhdc8a,46,27,3,1,57,28,6,3,242,139,187,233,238,-11,-1,-3,-2
13861,Olfr890,31,15,1,0,53,31,4,1,242,158,196,237,241,-22,-16,-3,-1
22145,Zmym5,33,15,4,3,43,22,7,2,242,166,205,231,237,-10,-7,-3,1
19735,Tnks,34,15,2,2,56,28,5,1,242,152,199,235,239,-22,-13,-3,1
6409,Ganab,33,15,3,3,33,15,6,2,242,176,212,233,237,0,0,-3,1
17722,Slc46a3,35,21,6,3,87,62,9,3,242,120,159,227,236,-52,-41,-3,0
4586,Dhfr,36,22,4,2,41,19,7,1,242,165,201,231,239,-5,3,-3,1
7660,Gm5155,6,3,0,0,10,7,3,0,242,226,232,239,242,-4,-4,-3,0
4243,Cypt4,3,3,2,0,10,8,5,3,242,229,231,235,239,-7,-5,-3,-3
19880,Traj26,1,0,0,0,3,3,3,3,242,238,239,239,239,-2,-3,-3,-3
8143,Gramd4,35,17,2,2,44,22,5,0,242,163,203,235,240,-9,-5,-3,2
17827,Slf1,35,18,4,1,58,31,7,0,242,149,193,231,241,-23,-13,-3,1
3920,Cs,37,17,4,4,35,24,7,1,242,170,201,231,237,2,-7,-3,3
10444,Lhfpl5,39,24,5,1,39,28,8,2,242,164,190,229,239,0,-4,-3,-1
10009,Klhdc3,30,13,2,2,62,33,5,1,242,150,196,235,239,-32,-20,-3,1
4596,Dhrs7,36,24,6,2,53,28,9,5,242,153,190,227,235,-17,-4,-3,-3
8146,Grb10,49,29,2,2,34,19,5,0,242,159,194,235,240,15,10,-3,2
22151,Zmynd19,40,18,2,2,60,28,5,0,242,142,196,235,240,-20,-10,-3,2
17887,Smc1a,43,23,5,2,44,29,8,2,242,155,190,229,238,-1,-6,-3,0
10447,Lhx2,45,26,7,3,45,31,10,1,242,152,185,225,238,0,-5,-3,2
10007,Klhdc10,28,14,2,2,61,32,5,1,242,153,196,235,239,-33,-18,-3,1
3103,Cep164,40,24,5,2,67,46,8,2,242,135,172,229,238,-27,-22,-3,0
20799,Utp4,41,16,2,2,32,16,5,3,242,169,210,235,237,9,0,-3,-1
10451,Lhx6,54,32,2,0,56,32,5,1,242,132,178,235,241,-2,0,-3,-1
17033,Sec61a1,29,14,3,2,34,19,6,1,242,179,209,233,239,-5,-5,-3,1
3101,Cep152,42,17,0,0,51,27,3,1,242,149,198,239,241,-9,-10,-3,-1
10029,Klhl24,48,18,2,2,50,28,5,2,242,144,196,235,238,-2,-10,-3,0
19768,Togaram2,29,16,0,0,51,25,3,1,242,162,201,239,241,-22,-9,-3,-1
4254,Cyth3,50,28,6,2,55,39,9,1,242,137,175,227,239,-5,-11,-3,1
2677,Ccdc80,54,31,4,0,55,34,7,2,242,133,177,231,240,-1,-3,-3,-2
16851,Saxo2,52,38,14,5,64,50,17,8,242,126,154,211,229,-12,-12,-3,-3
10057,Klk14,68,52,11,5,56,48,14,6,242,118,142,217,231,12,4,-3,-1
21966,Zfp771,39,20,3,2,48,22,6,2,242,155,200,233,238,-9,-2,-3,0
10330,Lbr,42,23,3,2,55,33,6,3,242,145,186,233,237,-13,-10,-3,-1
7652,Gm5128,14,10,1,0,8,5,4,0,242,220,227,237,242,6,5,-3,0
20649,Uhrf1bp1,35,17,2,1,55,40,5,1,242,152,185,235,240,-20,-23,-3,0
14527,Pfn1,42,20,4,4,41,31,7,1,242,159,191,231,237,1,-11,-3,3
284,4930595D18Rik,24,19,7,1,41,38,10,4,242,177,185,225,237,-17,-19,-3,-3
7859,Gm8926,5,5,2,0,14,14,5,4,242,223,223,235,238,-9,-9,-3,-4
8052,Gpr142,21,21,4,3,27,27,7,3,242,194,194,231,236,-6,-6,-3,0
1470,Arl14ep,40,23,2,2,53,27,5,2,242,149,192,235,238,-13,-4,-3,0
6453,Gbp10,50,31,6,2,59,39,9,1,242,133,172,227,239,-9,-8,-3,1
19967,Trav14-3,5,3,3,3,6,6,6,5,242,231,233,233,234,-1,-3,-3,-2
16848,Satl1,17,12,0,0,18,13,3,0,242,207,217,239,242,-1,-1,-3,0
1594,Asmt,37,27,8,2,38,28,11,2,242,167,187,223,238,-1,-1,-3,0
16847,Satb2,48,26,4,1,78,48,7,3,242,116,168,231,238,-30,-22,-3,-2
1593,Asl,50,25,5,3,51,30,8,3,242,141,187,229,236,-1,-5,-3,0
6793,Gm1113,16,9,0,0,20,10,3,0,242,206,223,239,242,-4,-1,-3,0
21956,Zfp747,57,30,6,1,48,32,9,2,242,137,180,227,239,9,-2,-3,-1
21111,Vmn2r117,36,19,1,0,49,26,4,2,242,157,197,237,240,-13,-7,-3,-2
21954,Zfp740,49,28,5,2,52,29,8,2,242,141,185,229,238,-3,-1,-3,0
14027,Ostf1,44,24,5,2,47,23,8,2,242,151,195,229,238,-3,1,-3,0
15044,Pomk,37,22,5,1,66,47,8,0,242,139,173,229,241,-29,-25,-3,1
1670,Atp11c,38,22,4,2,56,38,7,0,242,148,182,231,240,-18,-16,-3,2
14024,Osr2,54,37,8,2,54,33,11,4,242,134,172,223,236,0,4,-3,-2
6794,Gm11146,0,0,0,0,3,3,3,3,242,239,239,239,239,-3,-3,-3,-3
2502,Cast,37,17,2,2,53,25,5,3,242,152,200,235,237,-16,-8,-3,-1
290,4931408C20Rik,4,1,0,0,8,7,3,2,242,230,234,239,240,-4,-6,-3,-2
282,4930583I09Rik,15,11,7,4,18,14,10,3,242,209,217,225,235,-3,-3,-3,1
15047,Pomt2,24,9,2,2,79,53,5,2,242,139,180,235,238,-55,-44,-3,0
19864,Traip,36,19,4,1,63,33,7,5,242,143,190,231,236,-27,-14,-3,-4
17119,Serinc5,38,24,2,1,65,33,5,1,242,139,185,235,240,-27,-9,-3,0
15061,Pot1b,33,17,4,1,55,31,7,3,242,154,194,231,238,-22,-14,-3,-2
1487,Arl6ip6,39,22,2,2,44,24,5,1,242,159,196,235,239,-5,-2,-3,1
17041,Sectm1a,33,22,6,1,54,39,9,2,242,155,181,227,239,-21,-17,-3,-1
10066,Klk1b27,24,21,5,2,39,33,8,5,242,179,188,229,235,-15,-12,-3,-3
3983,Cstdc6,4,4,3,2,8,7,6,5,242,230,231,233,235,-4,-3,-3,-3
15262,Pramel5,25,10,0,0,30,17,3,0,242,187,215,239,242,-5,-7,-3,0
10738,Ltn1,29,16,2,2,51,25,5,0,242,162,201,235,240,-22,-9,-3,2
10310,Larp1,32,18,3,2,44,25,6,1,242,166,199,233,239,-12,-7,-3,1
10311,Larp1b,29,19,3,3,54,34,6,2,242,159,189,233,237,-25,-15,-3,1
10063,Klk1b22,33,22,2,0,13,10,5,2,242,196,210,235,240,20,12,-3,-2
17766,Slc6a18,37,17,2,2,55,38,5,1,242,150,187,235,239,-18,-21,-3,1
276,4930568D16Rik,8,8,1,0,15,13,4,4,242,219,221,237,238,-7,-5,-3,-4
2673,Ccdc78,68,34,3,2,63,45,6,0,242,111,163,233,240,5,-11,-3,2
4288,Dab1,36,17,6,3,56,37,9,3,242,150,188,227,236,-20,-20,-3,0
3981,Cstdc4,14,11,11,7,16,16,14,11,242,212,215,217,224,-2,-5,-3,-4
14070,Oxr1,39,22,3,2,49,30,6,3,242,154,190,233,237,-10,-8,-3,-1
1483,Arl6,32,17,3,2,58,32,6,3,242,152,193,233,237,-26,-15,-3,-1
18651,Surf2,31,19,2,2,37,19,5,0,242,174,204,235,240,-6,0,-3,2
20365,Ttc32,38,26,5,3,68,38,8,4,242,136,178,229,235,-30,-12,-3,-1
14516,Pfdn2,49,29,3,2,30,17,6,4,242,163,196,233,236,19,12,-3,-2
20362,Ttc30a1,25,12,1,0,84,57,4,0,242,133,173,237,242,-59,-45,-3,0
21976,Zfp787,34,13,3,2,43,23,6,3,242,165,206,233,237,-9,-10,-3,-1
16854,Sbf1,25,10,2,2,60,29,5,1,242,157,203,235,239,-35,-19,-3,1
21216,Vnn3,21,7,0,0,23,11,3,1,242,198,224,239,241,-2,-4,-3,-1
14056,Otx2,29,14,4,1,31,21,7,3,242,182,207,231,238,-2,-7,-3,-2
21973,Zfp781,52,34,15,10,65,52,18,10,242,125,156,209,222,-13,-18,-3,0
14053,Otulin,39,25,3,2,42,26,6,2,242,161,191,233,238,-3,-1,-3,0
22134,Zmat2,35,23,6,3,54,33,9,8,242,153,186,227,231,-19,-10,-3,-5
8063,Gpr157,49,27,2,0,46,21,5,1,242,147,194,235,241,3,6,-3,-1
19770,Tom1,44,30,3,2,53,30,6,4,242,145,182,233,236,-9,0,-3,-2
18089,Sort1,40,15,2,2,45,19,5,0,242,157,208,235,240,-5,-4,-3,2
8075,Gpr18,41,27,5,0,72,42,8,2,242,129,173,229,240,-31,-15,-3,-2
17038,Sec63,28,15,4,2,38,22,7,2,242,176,205,231,238,-10,-7,-3,0
8076,Gpr180,26,12,2,2,49,26,5,2,242,167,204,235,238,-23,-14,-3,0
15318,Prkaa1,30,15,2,2,53,27,5,1,242,159,200,235,239,-23,-12,-3,1
19774,Tomm20l,44,41,22,12,56,45,25,12,242,142,156,195,218,-12,-4,-3,0
4263,D130040H23Rik,63,33,8,2,77,46,11,3,242,102,163,223,237,-14,-13,-3,-1
2495,Casp8,43,27,7,5,56,28,10,2,242,143,187,225,235,-13,-1,-3,3
13967,Oosp2,5,4,4,3,28,20,7,0,242,209,218,231,239,-23,-16,-3,3
21938,Zfp704,36,19,2,1,64,34,5,2,242,142,189,235,239,-28,-15,-3,-1
6438,Gata5,30,16,0,0,43,19,3,0,242,169,207,239,242,-13,-3,-3,0
19878,Traj24,3,3,3,3,8,7,6,6,242,231,232,233,233,-5,-4,-3,-3
10371,Lcor,47,28,2,2,41,27,5,2,242,154,187,235,238,6,1,-3,0
10034,Klhl3,54,30,7,5,50,31,10,5,242,138,181,225,232,4,-1,-3,0
13961,Ooep,51,26,3,0,47,31,6,2,242,144,185,233,240,4,-5,-3,-2
3961,Csrnp3,34,21,4,1,51,33,7,4,242,157,188,231,237,-17,-12,-3,-3
21226,Vps16,30,12,3,2,44,21,6,3,242,168,209,233,237,-14,-9,-3,-1
2580,Ccdc126,26,18,3,1,57,33,6,0,242,159,191,233,241,-31,-15,-3,1
306,4933402N03Rik,22,10,1,0,30,16,4,0,242,190,216,237,242,-8,-6,-3,0
4520,Defb7,1,1,1,1,4,4,4,4,242,237,237,237,237,-3,-3,-3,-3
10377,Ldah,49,29,3,2,34,18,6,2,242,159,195,233,238,15,11,-3,0
14567,Pgrmc2,26,16,2,2,32,19,5,1,242,184,207,235,239,-6,-3,-3,1
15322,Prkaca,32,13,2,2,49,23,5,1,242,161,206,235,239,-17,-10,-3,1
8090,Gpr35,75,48,9,3,73,51,12,8,242,94,143,221,231,2,-3,-3,-5
16831,Sar1a,39,22,3,3,35,21,6,3,242,168,199,233,236,4,1,-3,0
10033,Klhl29,58,28,0,0,42,24,3,0,242,142,190,239,242,16,4,-3,0
6629,Gle1,35,14,2,2,29,13,5,2,242,178,215,235,238,6,1,-3,0
8092,Gpr37l1,42,20,1,0,31,13,4,4,242,169,209,237,238,11,7,-3,-4
4526,Dele1,24,12,2,2,49,28,5,2,242,169,202,235,238,-25,-16,-3,0
4508,Defb4,3,3,3,2,6,6,6,3,242,233,233,233,237,-3,-3,-3,-1
13978,Opn4,34,17,1,1,41,19,4,1,242,167,206,237,240,-7,-2,-3,0
13980,Oprd1,25,11,1,0,37,22,4,2,242,180,209,237,240,-12,-11,-3,-2
1731,Atp6v1d,42,21,3,2,40,19,6,3,242,160,202,233,237,2,2,-3,-1
14012,Osbpl8,38,18,2,2,53,32,5,2,242,151,192,235,238,-15,-14,-3,0
15301,Prep,34,24,6,2,38,22,9,0,242,170,196,227,240,-4,2,-3,2
4488,Defb18,3,2,2,1,7,6,5,5,242,232,234,235,236,-4,-4,-3,-4
3960,Csrnp2,50,25,3,0,50,30,6,1,242,142,187,233,241,0,-5,-3,-1
17750,Slc5a4b,46,22,4,1,49,28,7,3,242,147,192,231,238,-3,-6,-3,-2
15041,Pomc,56,40,9,5,49,37,12,6,242,137,165,221,231,7,3,-3,-1
10349,Lce1m,10,9,3,0,13,12,6,1,242,219,221,233,241,-3,-3,-3,-1
14541,Pgap6,32,15,2,2,54,28,5,1,242,156,199,235,239,-22,-13,-3,1
21947,Zfp719,39,28,2,0,66,39,5,2,242,137,175,235,240,-27,-11,-3,-2
14002,Osbp,29,13,2,2,43,22,5,1,242,170,207,235,239,-14,-9,-3,1
6446,Gatd3a,29,11,2,2,52,31,5,3,242,161,200,235,237,-23,-20,-3,-1
295,4931428L18Rik,42,27,2,0,47,33,5,0,242,153,182,235,242,-5,-6,-3,0
18758,Szt2,42,21,3,1,66,26,6,0,242,134,195,233,241,-24,-5,-3,1
4492,Defb21,2,2,1,1,7,5,4,2,242,233,235,237,239,-5,-3,-3,-1
21946,Zfp715,54,25,6,2,50,31,9,4,242,138,186,227,236,4,-6,-3,-2
21944,Zfp711,23,10,1,0,31,19,4,0,242,188,213,237,242,-8,-9,-3,0
18696,Sycp2l,22,12,2,0,34,23,5,1,242,186,207,235,241,-12,-11,-3,-1
20779,Usp51,28,11,2,0,49,30,5,2,242,165,201,235,240,-21,-19,-3,-2
3952,Csnk2a2,42,25,5,2,51,26,8,1,242,149,191,229,239,-9,-1,-3,1
109,1700074P13Rik,3,3,1,0,7,5,4,3,242,232,234,237,239,-4,-2,-3,-3
1462,Arih1,37,17,2,2,39,25,5,1,242,166,200,235,239,-2,-8,-3,1
1728,Atp6v1b2,39,21,2,2,48,17,5,2,242,155,204,235,238,-9,4,-3,0
15033,Polr3g,45,20,4,1,58,30,7,2,242,139,192,231,239,-13,-10,-3,-1
4269,D230025D16Rik,53,26,4,2,55,38,7,2,242,134,178,231,238,-2,-12,-3,0
6444,Gatc,30,14,2,2,41,18,5,1,242,171,210,235,239,-11,-4,-3,1
20780,Usp53,47,24,4,2,44,29,7,2,242,151,189,231,238,3,-5,-3,0
10039,Klhl34,22,9,4,0,32,20,7,2,242,188,213,231,240,-10,-11,-3,-2
15263,Pramel50,16,14,6,2,24,22,9,5,242,202,206,227,235,-8,-8,-3,-3
16138,Reln,27,10,1,0,33,22,4,0,242,182,210,237,242,-6,-12,-3,0
15465,Prrc1,27,11,2,2,61,35,5,2,242,154,196,235,238,-34,-24,-3,0
15809,Rab23,36,16,2,1,73,36,5,1,242,133,190,235,240,-37,-20,-3,0
15791,Rab11b,22,11,3,2,64,44,6,2,242,156,187,233,238,-42,-33,-3,0
15790,Rab11a,33,22,5,2,45,26,8,2,242,164,194,229,238,-12,-4,-3,0
17389,Sirt3,35,18,4,3,54,32,7,3,242,153,192,231,236,-19,-14,-3,0
11323,Mien1,39,21,2,2,31,21,5,1,242,172,200,235,239,8,0,-3,1
7211,Gm21897,67,32,7,6,61,38,10,2,242,114,172,225,234,6,-6,-3,4
21624,Zc3h15,33,17,2,2,33,18,5,1,242,176,207,235,239,0,-1,-3,1
3334,Chtop,33,13,3,3,39,16,6,2,242,170,213,233,237,-6,-3,-3,1
9245,Igkv17-121,11,10,8,7,17,16,11,8,242,214,216,223,227,-6,-6,-3,-1
17390,Sirt4,41,18,3,3,68,48,6,1,242,133,176,233,238,-27,-30,-3,2
18510,Stimate,45,23,3,2,64,35,6,2,242,133,184,233,238,-19,-12,-3,0
1930,BC035044,52,37,7,3,55,45,10,2,242,135,160,225,237,-3,-8,-3,1
11315,Micu3,25,13,3,2,71,43,6,1,242,146,186,233,239,-46,-30,-3,1
19191,Tgfbr3,45,23,4,2,65,31,7,0,242,132,188,231,240,-20,-8,-3,2
16344,Rita1,40,17,3,2,52,27,6,3,242,150,198,233,237,-12,-10,-3,-1
1929,BC034090,56,27,3,2,55,27,6,1,242,131,188,233,239,1,0,-3,1
3526,Cmbl,51,35,9,3,61,38,12,7,242,130,169,221,232,-10,-3,-3,-4
12365,Nlrx1,41,28,7,2,72,46,10,3,242,129,168,225,237,-31,-18,-3,-1
15795,Rab11fip4,37,15,2,2,57,38,5,0,242,148,189,235,240,-20,-23,-3,2
3340,Ciao3,27,15,2,2,58,25,5,2,242,157,202,235,238,-31,-10,-3,0
19174,Tfg,27,14,6,2,40,25,9,4,242,175,203,227,236,-13,-11,-3,-2
8841,Hsd17b7,41,22,2,2,70,40,5,2,242,131,180,235,238,-29,-18,-3,0
9236,Igkv12-98,7,7,6,4,12,11,9,6,242,223,224,227,232,-5,-4,-3,-2
8839,Hsd17b4,37,17,2,2,42,19,5,0,242,163,206,235,240,-5,-2,-3,2
18925,Tbc1d32,29,10,2,1,60,28,5,1,242,153,204,235,240,-31,-18,-3,0
11339,Mindy3,45,28,4,2,42,20,7,4,242,155,194,231,236,3,8,-3,-2
5569,Exosc1,29,13,3,2,49,25,6,1,242,164,204,233,239,-20,-12,-3,1
3525,Cmas,38,29,6,2,54,25,9,3,242,150,188,227,237,-16,4,-3,-1
20926,Vmn1r17,29,14,3,0,44,26,6,2,242,169,202,233,240,-15,-12,-3,-2
9238,Igkv13-85,7,7,7,5,16,16,10,6,242,219,219,225,231,-9,-9,-3,-1
20255,Trpm8,10,6,0,0,13,10,3,0,242,219,226,239,242,-3,-4,-3,0
5566,Exoc7,41,21,7,3,62,32,10,5,242,139,189,225,234,-21,-11,-3,-2
12358,Nlrp4e,16,8,0,0,26,19,3,2,242,200,215,239,240,-10,-11,-3,-2
7209,Gm21886,19,18,8,2,19,19,11,8,242,204,205,223,232,0,-1,-3,-6
12394,Noa1,37,18,2,2,42,19,5,2,242,163,205,235,238,-5,-1,-3,0
21635,Zc4h2,44,27,4,1,66,42,7,1,242,132,173,231,240,-22,-15,-3,0
19193,Tgfbrap1,40,19,4,2,58,31,7,2,242,144,192,231,238,-18,-12,-3,0
15766,Qars,27,13,3,2,33,15,6,1,242,182,214,233,239,-6,-2,-3,1
11290,Mgat5,34,16,3,2,76,45,6,0,242,132,181,233,240,-42,-29,-3,2
5535,Etv5,46,27,5,1,74,47,8,2,242,122,168,229,239,-28,-20,-3,-1
18347,Srek1ip1,30,21,4,2,55,26,7,0,242,157,195,231,240,-25,-5,-3,2
688,Adad1,27,21,4,0,27,16,7,4,242,188,205,231,238,0,5,-3,-4
2170,Brwd1,35,16,4,3,54,29,7,2,242,153,197,231,237,-19,-13,-3,1
8805,Hrct1,49,37,5,2,61,38,8,2,242,132,167,229,238,-12,-1,-3,0
16351,Rmdn1,37,20,4,2,61,37,7,3,242,144,185,231,237,-24,-17,-3,-1
3533,Cmpk2,32,23,2,2,52,32,5,1,242,158,187,235,239,-20,-9,-3,1
12442,Nox3,24,12,5,2,21,14,8,4,242,197,216,229,236,3,-2,-3,-2
20155,Trim41,37,18,4,2,61,28,7,3,242,144,196,231,237,-24,-10,-3,-1
6998,Gm17455,28,26,9,6,44,32,12,6,242,170,184,221,230,-16,-6,-3,0
8803,Hras,35,16,4,2,38,26,7,3,242,169,200,231,237,-3,-10,-3,-1
16352,Rmdn2,42,21,8,3,61,38,11,4,242,139,183,223,235,-19,-17,-3,-1
19200,Tgm3,23,10,2,0,49,33,5,1,242,170,199,235,241,-26,-23,-3,-1
690,Adal,35,22,4,3,51,29,7,3,242,156,191,231,236,-16,-7,-3,0
1136,Angptl3,51,37,7,2,49,36,10,3,242,142,169,225,237,2,1,-3,-1
17393,Sirt7,36,17,3,3,61,28,6,3,242,145,197,233,236,-25,-11,-3,0
11308,Mical3,40,24,3,2,56,29,6,4,242,146,189,233,236,-16,-5,-3,-2
8825,Hs6st3,39,22,1,0,38,21,4,0,242,165,199,237,242,1,1,-3,0
16346,Rlf,45,25,2,2,41,22,5,1,242,156,195,235,239,4,3,-3,1
15776,Qrich2,57,41,5,2,41,31,8,6,242,144,170,229,234,16,10,-3,-4
11310,Micall2,52,27,2,0,79,44,5,1,242,111,171,235,241,-27,-17,-3,-1
1927,BC030500,13,8,0,0,24,20,3,1,242,205,214,239,241,-11,-12,-3,-1
3529,Cmc4,63,32,7,2,41,26,10,6,242,138,184,225,234,22,6,-3,-4
11303,Mia3,34,14,2,2,49,22,5,2,242,159,206,235,238,-15,-8,-3,0
1134,Angptl1,48,32,1,0,46,25,4,0,242,148,185,237,242,2,7,-3,0
12414,Nol9,34,14,3,2,57,37,6,1,242,151,191,233,239,-23,-23,-3,1
19195,Tgif2,49,27,3,0,60,36,6,2,242,133,179,233,240,-11,-9,-3,-2
12418,Nono,37,25,5,2,42,24,8,3,242,163,193,229,237,-5,1,-3,-1
2166,Brpf3,50,24,4,3,59,31,7,1,242,133,187,231,238,-9,-7,-3,2
8815,Hs2st1,48,26,4,1,50,31,7,4,242,144,185,231,237,-2,-5,-3,-3
12423,Nop53,29,15,3,3,35,14,6,1,242,178,213,233,238,-6,1,-3,2
21608,Zbtb7c,36,21,2,0,73,43,5,2,242,133,178,235,240,-37,-22,-3,-2
717,Adam39,1,1,0,0,12,9,3,0,242,229,232,239,242,-11,-8,-3,0
12451,Npat,29,14,4,0,61,37,7,3,242,152,191,231,239,-32,-23,-3,-3
8848,Hsd3b7,46,35,8,3,72,46,11,6,242,124,161,223,233,-26,-11,-3,-3
12252,Nfkbie,57,33,2,0,49,30,5,2,242,136,179,235,240,8,3,-3,-2
18502,Steap4,55,35,3,1,44,26,6,1,242,143,181,233,240,11,9,-3,0
12255,Nfrkb,26,13,2,1,57,32,5,4,242,159,197,235,237,-31,-19,-3,-3
2144,Brd4,52,27,2,2,46,20,5,1,242,144,195,235,239,6,7,-3,1
1951,Bcap31,48,32,8,4,37,24,11,6,242,157,186,223,232,11,8,-3,-2
8870,Hspa4,44,15,2,2,31,15,5,0,242,167,212,235,240,13,0,-3,2
5609,F830045P16Rik,13,9,3,0,21,12,6,3,242,208,221,233,239,-8,-3,-3,-3
15848,Rab5c,38,20,2,2,47,21,5,1,242,157,201,235,239,-9,-1,-3,1
21599,Zbtb44,50,28,8,4,53,39,11,4,242,139,175,223,234,-3,-11,-3,0
736,Adamts2,54,30,2,0,49,27,5,0,242,139,185,235,242,5,3,-3,0
2148,Brd9,29,13,4,2,55,31,7,6,242,158,198,231,234,-26,-18,-3,-4
1950,Bcap29,28,14,2,2,71,41,5,1,242,143,187,235,239,-43,-27,-3,1
17375,Simc1,42,23,5,0,47,27,8,1,242,153,192,229,241,-5,-4,-3,-1
5605,F5,21,12,2,0,33,19,5,1,242,188,211,235,241,-12,-7,-3,-1
6009,Fgf11,59,31,1,0,46,33,4,1,242,137,178,237,241,13,-2,-3,-1
11389,Mmab,32,21,6,2,73,42,9,2,242,137,179,227,238,-41,-21,-3,0
16307,Rida,47,31,8,2,44,26,11,4,242,151,185,223,236,3,5,-3,-2
16306,Rictor,34,15,3,2,59,31,6,1,242,149,196,233,239,-25,-16,-3,1
3495,Clns1a,35,20,4,3,37,23,7,2,242,170,199,231,237,-2,-3,-3,1
752,Adar,45,22,4,2,62,33,7,2,242,135,187,231,238,-17,-11,-3,0
7187,Gm21773,7,4,2,0,13,11,5,3,242,222,227,235,239,-6,-7,-3,-3
12225,Neurog3,25,17,0,0,13,11,3,2,242,204,214,239,240,12,6,-3,-2
3349,Cic,44,22,3,2,53,30,6,3,242,145,190,233,237,-9,-8,-3,-1
12228,Nf1,41,19,2,2,54,30,5,1,242,147,193,235,239,-13,-11,-3,1
6000,Fgb,23,14,7,3,21,15,10,4,242,198,213,225,235,2,-1,-3,-1
1093,Amigo3,47,29,3,0,56,36,6,4,242,139,177,233,238,-9,-7,-3,-4
748,Adamtsl4,60,35,0,0,50,28,3,0,242,132,179,239,242,10,7,-3,0
1094,Ammecr1,40,25,3,0,64,34,6,0,242,138,183,233,242,-24,-9,-3,0
5626,Fadd,29,13,2,1,84,52,5,1,242,129,177,235,240,-55,-39,-3,0
7191,Gm21798,40,32,23,21,44,39,26,23,242,158,171,193,198,-4,-7,-3,-2
3497,Clp1,27,16,2,2,62,30,5,1,242,153,196,235,239,-35,-14,-3,1
20169,Trim56,50,30,6,3,59,32,9,2,242,133,180,227,237,-9,-2,-3,1
6001,Fgd1,49,24,5,1,51,25,8,3,242,142,193,229,238,-2,-1,-3,-2
11378,Mllt10,27,9,2,2,62,43,5,1,242,153,190,235,239,-35,-34,-3,1
21600,Zbtb45,47,24,2,0,54,27,5,4,242,141,191,235,238,-7,-3,-3,-4
11377,Mllt1,34,15,3,2,52,31,6,1,242,156,196,233,239,-18,-16,-3,1
21417,Wipi2,23,14,2,2,56,21,5,0,242,163,207,235,240,-33,-7,-3,2
721,Adam6b,8,4,1,0,19,13,4,3,242,215,225,237,239,-11,-9,-3,-3
15828,Rab38,38,29,7,5,49,37,10,4,242,155,176,225,233,-11,-8,-3,1
16318,Rims2,29,17,1,0,62,38,4,1,242,151,187,237,241,-33,-21,-3,-1
19163,Tfb2m,42,26,3,2,43,16,6,2,242,157,200,233,238,-1,10,-3,0
1108,Amy2a1,3,3,2,1,6,6,5,4,242,233,233,235,237,-3,-3,-3,-3
11359,Mkln1,30,16,3,2,33,19,6,1,242,179,207,233,239,-3,-3,-3,1
21602,Zbtb48,46,22,4,0,54,32,7,3,242,142,188,231,239,-8,-10,-3,-3
18357,Srms,54,30,6,1,43,28,9,4,242,145,184,227,237,11,2,-3,-3
17382,Sipa1l3,46,27,3,3,51,29,6,4,242,145,186,233,235,-5,-2,-3,-1
15819,Rab30,60,47,7,1,63,42,10,1,242,119,153,225,240,-3,5,-3,0
3517,Cluap1,33,17,3,2,42,22,6,3,242,167,203,233,237,-9,-5,-3,-1
19169,Tfeb,41,21,5,2,63,31,8,6,242,138,190,229,234,-22,-10,-3,-4
3518,Cluh,24,10,2,2,53,25,5,0,242,165,207,235,240,-29,-15,-3,2
3520,Clvs2,34,18,1,0,45,25,4,1,242,163,199,237,241,-11,-7,-3,-1
11366,Mks1,26,15,3,1,74,41,6,0,242,142,186,233,241,-48,-26,-3,1
21418,Wiz,34,13,3,2,51,26,6,3,242,157,203,233,237,-17,-13,-3,-1
20160,Trim44,42,20,4,3,47,21,7,3,242,153,201,231,236,-5,-1,-3,0
725,Adamdec1,25,15,2,0,23,15,5,4,242,194,212,235,238,2,0,-3,-4
12278,Nhp2,35,19,3,2,40,17,6,5,242,167,206,233,235,-5,2,-3,-3
16314,Rimbp3,33,18,1,1,35,18,4,4,242,174,206,237,237,-2,0,-3,-3
12280,Nhsl1,51,25,2,2,41,21,5,0,242,150,196,235,240,10,4,-3,2
3509,Clstn1,39,18,2,2,44,21,5,1,242,159,203,235,239,-5,-3,-3,1
11374,Mlh3,29,16,2,2,57,31,5,0,242,156,195,235,240,-28,-15,-3,2
15842,Rab43,47,26,3,2,63,33,6,3,242,132,183,233,237,-16,-7,-3,-1
15840,Rab40c,54,23,5,2,50,31,8,2,242,138,188,229,238,4,-8,-3,0
2871,Cd59b,54,35,13,7,65,43,16,9,242,123,164,213,226,-11,-8,-3,-2
12288,Nif3l1,37,14,2,2,73,47,5,4,242,132,181,235,236,-36,-33,-3,-2
2150,Brf1,24,11,3,2,50,28,6,2,242,168,203,233,238,-26,-17,-3,0
15836,Rab3gap2,40,15,2,2,34,14,5,1,242,168,213,235,239,6,1,-3,1
6011,Fgf13,47,24,3,1,57,38,6,0,242,138,180,233,241,-10,-14,-3,1
12293,Ninj2,46,38,8,2,41,33,11,5,242,155,171,223,235,5,5,-3,-3
18503,Stfa1,9,9,7,0,17,15,10,5,242,216,218,225,237,-8,-6,-3,-5
2171,Brwd3,45,18,3,0,62,30,6,1,242,135,194,233,241,-17,-12,-3,-1
19201,Tgm4,55,34,8,2,57,36,11,3,242,130,172,223,237,-2,-2,-3,-1
2214,Btbd35f29,3,2,0,0,7,6,3,3,242,232,234,239,239,-4,-4,-3,-3
16402,Rnf14,34,20,3,2,43,20,6,1,242,165,202,233,239,-9,0,-3,1
611,Acot7,50,21,4,2,43,27,7,2,242,149,194,231,238,7,-6,-3,0
610,Acot6,40,24,4,1,69,43,7,0,242,133,175,231,241,-29,-19,-3,1
12614,Nuak1,50,29,5,0,63,42,8,5,242,129,171,229,237,-13,-13,-3,-5
15665,Ptp4a3,38,17,3,1,63,33,6,3,242,141,192,233,238,-25,-16,-3,-2
21374,Wdr83,22,15,3,1,43,20,6,4,242,177,207,233,237,-21,-5,-3,-3
8730,Hnrnpul2,37,19,2,2,46,21,5,1,242,159,202,235,239,-9,-2,-3,1
1900,Baz2a,32,15,2,2,65,31,5,2,242,145,196,235,238,-33,-16,-3,0
12622,Nucks1,35,21,5,3,59,30,8,3,242,148,191,229,236,-24,-9,-3,0
2848,Cd320,28,11,2,2,45,21,5,2,242,169,210,235,238,-17,-10,-3,0
18520,Stk25,27,12,3,2,59,28,6,3,242,156,202,233,237,-32,-16,-3,-1
5459,Erich6,52,24,5,2,48,27,8,6,242,142,191,229,234,4,-3,-3,-4
11182,Meikin,6,6,0,0,23,20,3,0,242,213,216,239,242,-17,-14,-3,0
6104,Flt3l,56,36,11,4,73,47,14,8,242,113,159,217,230,-17,-11,-3,-4
608,Acot4,55,28,5,2,53,25,8,0,242,134,189,229,240,2,3,-3,2
8726,Hnrnpm,39,18,3,3,36,22,6,1,242,167,202,233,238,3,-4,-3,2
15666,Ptpa,22,11,2,2,46,18,5,3,242,174,213,235,237,-24,-7,-3,-1
15669,Ptpn1,43,17,2,2,42,28,5,1,242,157,197,235,239,1,-11,-3,1
19226,Them4,35,20,4,2,57,38,7,3,242,150,184,231,237,-22,-18,-3,-1
21020,Vmn1r31,10,9,3,0,27,23,6,1,242,205,210,233,241,-17,-14,-3,-1
7248,Gm26741,0,0,0,0,3,3,3,3,242,239,239,239,239,-3,-3,-3,-3
12585,Nt5c1b,24,15,1,0,32,25,4,2,242,186,202,237,240,-8,-10,-3,-2
12588,Nt5c3b,34,12,5,2,48,22,8,2,242,160,208,229,238,-14,-10,-3,0
15679,Ptpn23,38,21,3,2,53,28,6,3,242,151,193,233,237,-15,-7,-3,-1
11200,Mesd,38,20,3,2,49,25,6,0,242,155,197,233,240,-11,-5,-3,2
8738,Hook2,60,38,5,3,40,28,8,0,242,142,176,229,239,20,10,-3,3
2955,Cdh24,62,37,2,1,41,24,5,1,242,139,181,235,240,21,13,-3,0
7253,Gm26992,46,31,18,11,34,30,21,11,242,162,181,203,220,12,1,-3,0
3320,Chst13,30,15,0,0,46,29,3,1,242,166,198,239,241,-16,-14,-3,-1
11193,Meox1,37,17,4,1,62,34,7,2,242,143,191,231,239,-25,-17,-3,-1
5467,Ermp1,31,19,3,2,56,24,6,0,242,155,199,233,240,-25,-5,-3,2
3556,Cnga2,24,12,2,0,28,14,5,1,242,190,216,235,241,-4,-2,-3,-1
11191,Memo1,30,12,4,2,60,37,7,3,242,152,193,231,237,-30,-25,-3,-1
18888,Tas2r140,1,1,0,0,6,5,3,0,242,235,236,239,242,-5,-4,-3,0
8725,Hnrnpll,34,17,2,2,46,23,5,3,242,162,202,235,237,-12,-6,-3,-1
12635,Nudt16l1,23,12,2,2,56,25,5,1,242,163,205,235,239,-33,-13,-3,1
8724,Hnrnpl,30,14,3,3,39,22,6,1,242,173,206,233,238,-9,-8,-3,2
16431,Rnf20,37,20,2,2,31,16,5,1,242,174,206,235,239,6,4,-3,1
15632,Ptgdr2,49,29,5,1,52,33,8,2,242,141,180,229,239,-3,-4,-3,-1
12672,Nup62,26,12,2,2,58,34,5,3,242,158,196,235,237,-32,-22,-3,-1
6974,Gm17019,18,17,7,1,22,20,10,6,242,202,205,225,235,-4,-3,-3,-5
12677,Nup98,46,23,3,2,45,18,6,1,242,151,201,233,239,1,5,-3,1
6971,Gm16867,49,31,3,1,67,40,6,2,242,126,171,233,239,-18,-9,-3,-1
590,Ackr1,32,24,4,0,32,25,7,1,242,178,193,231,241,0,-1,-3,-1
12682,Nus1,33,17,2,2,53,28,5,1,242,156,197,235,239,-20,-11,-3,1
5438,Ercc6l,43,26,0,0,38,21,3,2,242,161,195,239,240,5,5,-3,-2
2212,Btbd35f27,1,1,0,0,6,5,3,1,242,235,236,239,241,-5,-4,-3,-1
8704,Hmx2,45,27,5,1,75,58,8,0,242,122,157,229,241,-30,-31,-3,1
8703,Hmx1,20,13,5,0,22,17,8,2,242,200,212,229,240,-2,-4,-3,-2
11142,Med12l,40,19,2,0,53,31,5,4,242,149,192,235,238,-13,-12,-3,-4
12691,Nxf1,36,20,2,2,40,19,5,2,242,166,203,235,238,-4,1,-3,0
11141,Med12,36,14,2,1,38,19,5,1,242,168,209,235,240,-2,-5,-3,0
12669,Nup43,41,23,3,2,45,24,6,2,242,156,195,233,238,-4,-1,-3,0
18330,Spx,78,56,17,6,62,51,20,8,242,102,135,205,228,16,5,-3,-2
11176,Megf6,31,10,0,0,57,28,3,1,242,154,204,239,241,-26,-18,-3,-1
12648,Nudt8,40,23,7,4,48,27,10,5,242,154,192,225,233,-8,-4,-3,-1
21691,Zfhx4,45,23,4,0,45,31,7,3,242,152,188,231,239,0,-8,-3,-3
18883,Tas2r135,39,35,8,4,37,34,11,2,242,166,173,223,236,2,1,-3,2
12643,Nudt3,31,12,2,2,42,23,5,0,242,169,207,235,240,-11,-11,-3,2
11171,Mef2c,51,37,7,0,61,46,10,0,242,130,159,225,242,-10,-9,-3,0
9309,Igkv8-27,7,5,5,5,13,12,8,6,242,222,225,229,231,-6,-7,-3,-1
11167,Med9,30,13,2,2,43,25,5,1,242,169,204,235,239,-13,-12,-3,1
21370,Wdr76,40,23,3,0,56,32,6,2,242,146,187,233,240,-16,-9,-3,-2
12663,Nup205,25,14,3,2,62,42,6,2,242,155,186,233,238,-37,-28,-3,0
2206,Btbd35f21,4,1,0,0,8,4,3,3,242,230,237,239,239,-4,-3,-3,-3
19245,Thra,51,33,5,2,42,26,8,1,242,149,183,229,239,9,7,-3,1
1887,Bap1,27,18,3,2,54,31,6,2,242,161,193,233,238,-27,-13,-3,0
12657,Nup107,25,13,3,1,48,28,6,4,242,169,201,233,237,-23,-15,-3,-3
8713,Hnrnpa2b1,38,21,3,3,40,21,6,1,242,164,200,233,238,-2,0,-3,2
11158,Med27,35,16,3,2,45,25,6,4,242,162,201,233,236,-10,-9,-3,-2
18891,Tasl,43,21,2,0,46,24,5,2,242,153,197,235,240,-3,-3,-3,-2
12579,Nsun4,27,13,4,2,61,36,7,1,242,154,193,231,239,-34,-23,-3,1
17406,Skap1,62,38,6,4,58,40,9,3,242,122,164,227,235,4,-2,-3,1
12578,Nsun3,39,20,3,3,87,42,6,2,242,116,180,233,237,-48,-22,-3,1
3544,Cmtr1,32,17,4,2,51,27,7,3,242,159,198,231,237,-19,-10,-3,-1
663,Actn3,49,26,2,1,49,34,5,1,242,144,182,235,240,0,-8,-3,0
5514,Etaa1,28,15,3,2,70,42,6,2,242,144,185,233,238,-42,-27,-3,0
5513,Esyt3,36,17,4,2,60,28,7,3,242,146,197,231,237,-24,-11,-3,-1
1912,Bbs5,39,19,5,1,66,40,8,3,242,137,183,229,238,-27,-21,-3,-2
18205,Speer4a,21,13,3,3,39,22,6,1,242,182,207,233,238,-18,-9,-3,2
1160,Ankrd10,54,27,2,2,45,25,5,2,242,143,190,235,238,9,2,-3,0
18903,Tbc1d1,41,21,3,2,54,26,6,1,242,147,195,233,239,-13,-5,-3,1
5507,Esrrb,39,20,6,4,44,26,9,1,242,159,196,227,237,-5,-6,-3,3
11253,Mfn2,30,14,2,2,58,33,5,1,242,154,195,235,239,-28,-19,-3,1
5506,Esrra,29,14,4,3,56,26,7,1,242,157,202,231,238,-27,-12,-3,2
3329,Chst9,19,13,1,0,48,31,4,0,242,175,198,237,242,-29,-18,-3,0
21017,Vmn1r29,39,19,1,1,57,32,4,1,242,146,191,237,240,-18,-13,-3,0
12508,Nr1i3,49,32,4,1,64,46,7,1,242,129,164,231,240,-15,-14,-3,0
16377,Rnd1,61,35,3,1,48,27,6,1,242,133,180,233,240,13,8,-3,0
8783,Hp1bp3,32,21,4,2,58,27,7,1,242,152,194,231,239,-26,-6,-3,1
12485,Nptn,43,25,5,2,54,28,8,2,242,145,189,229,238,-11,-3,-3,0
1147,Ankdd1b,48,34,4,2,50,35,7,4,242,144,173,231,236,-2,-1,-3,-2
5521,Etfdh,40,23,4,2,42,22,7,4,242,160,197,231,236,-2,1,-3,-2
5528,Ets1,49,30,2,2,56,27,5,0,242,137,185,235,240,-7,3,-3,2
5525,Etnk1,46,21,2,2,54,25,5,1,242,142,196,235,239,-8,-4,-3,1
9269,Igkv4-58,8,7,3,3,11,10,6,5,242,223,225,233,234,-3,-3,-3,-2
16353,Rmdn3,39,26,2,2,41,22,5,0,242,162,194,235,240,-2,4,-3,2
6055,Fibp,22,13,2,2,53,28,5,3,242,167,201,235,237,-31,-15,-3,-1
17258,Sgo1,41,15,4,2,66,45,7,3,242,135,182,231,237,-25,-30,-3,-1
18906,Tbc1d10c,48,35,6,2,70,37,9,1,242,124,170,227,239,-22,-2,-3,1
6065,Fis1,36,14,3,3,29,17,6,4,242,177,211,233,235,7,-3,-3,-1
1916,BC003965,37,18,2,2,49,24,5,1,242,156,200,235,239,-12,-6,-3,1
8790,Hpgd,42,27,6,2,53,37,9,6,242,147,178,227,234,-11,-10,-3,-4
12475,Nppa,36,29,11,2,48,38,14,7,242,158,175,217,233,-12,-9,-3,-5
12480,Npr3,31,14,4,1,76,42,7,2,242,135,186,231,239,-45,-28,-3,-1
6064,Fip1l1,42,19,2,2,29,18,5,2,242,171,205,235,238,13,1,-3,0
15748,Pxn,44,21,2,2,44,26,5,2,242,154,195,235,238,0,-5,-3,0
11245,Mfap3,45,22,2,2,59,33,5,1,242,138,187,235,239,-14,-11,-3,1
21387,Wee1,58,28,2,2,49,22,5,0,242,135,192,235,240,9,6,-3,2
11242,Mfap1a,36,19,3,2,28,15,6,3,242,178,208,233,237,8,4,-3,-1
17419,Skint7,45,31,2,0,36,27,5,1,242,161,184,235,241,9,4,-3,-1
17417,Skint5,8,4,0,0,17,9,3,1,242,217,229,239,241,-9,-5,-3,-1
630,Acsbg3,46,34,7,1,46,31,10,4,242,150,177,225,237,0,3,-3,-3
12561,Nsd1,33,15,2,2,51,29,5,0,242,158,198,235,240,-18,-14,-3,2
11213,Mettl14,30,11,3,2,54,26,6,3,242,158,205,233,237,-24,-15,-3,-1
12564,Nsdhl,32,22,6,2,62,32,9,5,242,148,188,227,235,-30,-10,-3,-3
9293,Igkv6-13,7,7,5,3,16,15,8,6,242,219,220,229,233,-9,-8,-3,-3
627,Acrv1,26,18,5,0,27,22,8,4,242,189,202,229,238,-1,-4,-3,-4
2199,Btbd35f15,3,3,1,1,5,5,4,3,242,234,234,237,238,-2,-2,-3,-2
8746,Hoxa13,27,11,1,0,38,21,4,0,242,177,210,237,242,-11,-10,-3,0
8745,Hoxa11,23,12,1,1,54,23,4,1,242,165,207,237,240,-31,-11,-3,0
12573,Nsmce3,37,14,1,0,43,19,4,1,242,162,209,237,241,-6,-5,-3,-1
16399,Rnf138,41,19,4,2,44,28,7,0,242,157,195,231,240,-3,-9,-3,2
622,Acp6,40,22,2,2,45,22,5,0,242,157,198,235,240,-5,0,-3,2
16400,Rnf138rt1,17,13,1,0,31,24,4,2,242,194,205,237,240,-14,-11,-3,-2
6084,Fkbpl,48,32,11,6,78,50,14,6,242,116,160,217,230,-30,-18,-3,0
20507,Ubac2,25,12,3,2,42,20,6,1,242,175,210,233,239,-17,-8,-3,1
20508,Ubald1,24,14,3,2,67,43,6,2,242,151,185,233,238,-43,-29,-3,0
21384,Wdsub1,38,17,4,2,62,33,7,3,242,142,192,231,237,-24,-16,-3,-1
11240,Mex3c,38,14,3,2,40,28,6,0,242,164,200,233,240,-2,-14,-3,2
17415,Skint3,15,8,1,1,17,12,4,0,242,210,222,237,241,-2,-4,-3,1
11237,Mettl9,31,16,4,2,46,23,7,4,242,165,203,231,236,-15,-7,-3,-2
12523,Nr5a2,40,22,2,0,44,24,5,0,242,158,196,235,242,-4,-2,-3,0
6079,Fkbp5,65,44,7,2,42,25,10,4,242,135,173,225,236,23,19,-3,-2
15720,Pum3,39,20,7,2,50,32,10,5,242,153,190,225,235,-11,-12,-3,-3
15719,Pum2,34,15,2,2,60,36,5,1,242,148,191,235,239,-26,-21,-3,1
2197,Btbd35f13,2,2,1,0,8,6,4,3,242,232,234,237,239,-6,-4,-3,-3
19214,Thap12,43,24,3,2,55,25,6,3,242,144,193,233,237,-12,-1,-3,-1
12535,Nrep,50,32,4,1,69,48,7,5,242,123,162,231,236,-19,-16,-3,-4
2193,Btbd35f1,3,2,1,0,7,6,4,2,242,232,234,237,240,-4,-4,-3,-2
12539,Nrg3,26,16,2,0,21,11,5,4,242,195,215,235,238,5,5,-3,-4
2195,Btbd35f11,3,2,0,0,7,6,3,3,242,232,234,239,239,-4,-4,-3,-3
644,Acss2,32,18,3,2,59,31,6,1,242,151,193,233,239,-27,-13,-3,1
15868,Rabl2,42,24,10,4,68,40,13,3,242,132,178,219,235,-26,-16,-3,1
755,Adat1,35,15,2,0,52,23,5,3,242,155,204,235,239,-17,-8,-3,-3
5635,Fahd1,22,13,3,2,63,36,6,3,242,157,193,233,237,-41,-23,-3,-1
902,Agtrap,37,19,3,2,56,23,6,2,242,149,200,233,238,-19,-4,-3,0
20956,Vmn1r20,39,19,2,0,61,32,5,2,242,142,191,235,240,-22,-13,-3,-2
11611,Mrps14,34,15,2,2,38,25,5,4,242,170,202,235,236,-4,-10,-3,-2
21520,Ybey,49,24,3,0,48,25,6,3,242,145,193,233,239,1,-1,-3,-3
884,Ago2,46,22,2,2,45,28,5,2,242,151,192,235,238,1,-6,-3,0
11609,Mrps11,19,12,2,2,46,20,5,2,242,177,210,235,238,-27,-8,-3,0
9027,Ifnl2,9,9,1,1,16,15,4,1,242,217,218,237,240,-7,-6,-3,0
5896,Fbxo30,57,27,3,2,49,35,6,2,242,136,180,233,238,8,-8,-3,0
2002,Bdp1,39,23,2,2,42,22,5,1,242,161,197,235,239,-3,1,-3,1
21531,Yipf2,24,15,4,2,58,25,7,2,242,160,202,231,238,-34,-10,-3,0
17316,Shc3,29,7,0,0,53,27,3,2,242,160,208,239,240,-24,-20,-3,-2
2919,Cdc42ep1,53,25,4,2,61,25,7,1,242,128,192,231,239,-8,0,-3,1
5771,Fam3a,35,22,4,2,47,28,7,5,242,160,192,231,235,-12,-6,-3,-3
19061,Tecpr2,30,12,1,0,60,31,4,0,242,152,199,237,242,-30,-19,-3,0
19062,Tecr,40,22,3,2,45,23,6,2,242,157,197,233,238,-5,-1,-3,0
11890,Myl6b,65,33,3,3,44,28,6,2,242,133,181,233,237,21,5,-3,1
11612,Mrps15,29,14,3,2,47,25,6,3,242,166,203,233,237,-18,-11,-3,-1
16200,Rgl1,43,25,2,2,51,27,5,0,242,148,190,235,240,-8,-2,-3,2
3427,Cldn34c1,38,22,2,0,75,41,5,2,242,129,179,235,240,-37,-19,-3,-2
20214,Trmt44,56,36,4,1,45,26,7,2,242,141,180,231,239,11,10,-3,-1
971,Akirin1,40,24,2,2,43,20,5,1,242,159,198,235,239,-3,4,-3,1
2005,Begain,43,26,0,0,58,23,3,1,242,141,193,239,241,-15,3,-3,-1
21511,Xxylt1,32,21,4,1,60,38,7,1,242,150,183,231,240,-28,-17,-3,0
16058,Rbmx2,48,29,1,0,49,29,4,1,242,145,184,237,241,-1,0,-3,-1
16056,Rbms3,59,38,6,1,51,35,9,2,242,132,169,227,239,8,3,-3,-1
19039,Tdpoz3,19,14,4,0,19,15,7,5,242,204,213,231,237,0,-1,-3,-5
18466,Stac3,76,54,10,4,66,45,13,1,242,100,143,219,237,10,9,-3,3
5788,Fam71f1,47,32,3,0,30,19,6,3,242,165,191,233,239,17,13,-3,-3
20213,Trmt2b,40,22,6,2,53,30,9,2,242,149,190,227,238,-13,-8,-3,0
892,Agps,35,20,5,2,64,36,8,3,242,143,186,229,237,-29,-16,-3,-1
11852,Mybph,44,28,3,1,36,26,6,1,242,162,188,233,240,8,2,-3,0
16195,Rfx7,33,12,4,2,60,27,7,1,242,149,203,231,239,-27,-15,-3,1
7078,Gm20737,3,3,0,0,9,5,3,0,242,230,234,239,242,-6,-2,-3,0
11616,Mrps18b,28,15,4,2,48,24,7,4,242,166,203,231,236,-20,-9,-3,-2
16040,Rbm41,56,26,4,0,45,17,7,1,242,141,199,231,241,11,9,-3,-1
2063,Bloc1s4,45,14,2,2,27,16,5,0,242,170,212,235,240,18,-2,-3,2
21532,Yipf3,32,16,3,2,35,21,6,1,242,175,205,233,239,-3,-5,-3,1
851,Afap1,36,18,2,1,66,29,5,1,242,140,195,235,240,-30,-11,-3,0
11579,Mrpl30,31,12,4,2,32,16,7,2,242,179,214,231,238,-1,-4,-3,0
11578,Mrpl3,40,25,2,2,49,25,5,2,242,153,192,235,238,-9,0,-3,0
856,Aff2,29,20,2,0,41,22,5,1,242,172,200,235,241,-12,-2,-3,-1
5753,Fam222b,34,18,3,3,63,41,6,2,242,145,183,233,237,-29,-23,-3,1
20533,Ube2g1,43,16,3,2,49,34,6,1,242,150,192,233,239,-6,-18,-3,1
19079,Tekt5,32,21,2,1,53,35,5,3,242,157,186,235,238,-21,-14,-3,-2
16029,Rbm25,35,21,2,2,52,24,5,3,242,155,197,235,237,-17,-3,-3,-1
21545,Ypel3,43,26,7,4,61,35,10,5,242,138,181,225,233,-18,-9,-3,-1
11571,Mrpl20,29,15,4,4,41,22,7,4,242,172,205,231,234,-12,-7,-3,0
20532,Ube2f,47,26,4,2,30,18,7,4,242,165,198,231,236,17,8,-3,-2
849,AF067063,14,12,5,0,14,14,8,2,242,214,216,229,240,0,-2,-3,-2
5915,Fbxo6,36,20,4,4,42,22,7,3,242,164,200,231,235,-6,-2,-3,1
11954,N4bp1,37,15,3,2,66,32,6,3,242,139,195,233,237,-29,-17,-3,-1
11561,Mrpl11,23,13,2,2,54,29,5,1,242,165,200,235,239,-31,-16,-3,1
11926,Myo9b,41,17,2,2,57,29,5,1,242,144,196,235,239,-16,-12,-3,1
11582,Mrpl34,38,24,4,3,42,19,7,3,242,162,199,231,236,-4,5,-3,0
21534,Yipf5,25,14,3,3,44,19,6,3,242,173,209,233,236,-19,-5,-3,0
9140,Ighv1-75,8,7,5,3,19,16,8,4,242,215,219,229,235,-11,-9,-3,-1
11897,Mylk4,41,22,3,0,40,26,6,2,242,161,194,233,240,1,-4,-3,-2
19065,Tectb,34,25,2,0,33,14,5,1,242,175,203,235,241,1,11,-3,-1
5906,Fbxo41,35,19,1,0,37,17,4,1,242,170,206,237,241,-2,2,-3,-1
21539,Ykt6,40,21,3,2,35,17,6,1,242,167,204,233,239,5,4,-3,1
993,Akt1,47,25,2,2,40,18,5,2,242,155,199,235,238,7,7,-3,0
11906,Myo18a,53,36,3,2,55,36,6,5,242,134,170,233,235,-2,0,-3,-3
16036,Rbm34,38,16,3,2,53,30,6,2,242,151,196,233,238,-15,-14,-3,0
2066,Blvra,36,18,3,2,54,33,6,4,242,152,191,233,236,-18,-15,-3,-2
11589,Mrpl40,35,17,2,2,39,20,5,2,242,168,205,235,238,-4,-3,-3,0
3448,Clec2d,54,35,8,4,61,34,11,4,242,127,173,223,234,-7,1,-3,0
21540,Ylpm1,29,14,2,2,51,30,5,2,242,162,198,235,238,-22,-16,-3,0
11587,Mrpl39,29,15,2,2,44,30,5,3,242,169,197,235,237,-15,-15,-3,-1
5909,Fbxo44,33,15,4,2,49,25,7,4,242,160,202,231,236,-16,-10,-3,-2
11917,Myo3a,27,9,1,0,27,12,4,0,242,188,221,237,242,0,-3,-3,0
11832,Mvd,42,23,3,3,58,31,6,2,242,142,188,233,237,-16,-8,-3,1
19037,Tdpoz1,13,11,2,0,16,11,5,1,242,213,220,235,241,-3,0,-3,-1
21585,Zbtb25,26,13,2,1,80,49,5,0,242,136,180,235,241,-54,-36,-3,1
970,Akip1,19,13,3,2,48,22,6,1,242,175,207,233,239,-29,-9,-3,1
11739,Mtfr1l,31,15,2,2,51,23,5,3,242,160,204,235,237,-20,-8,-3,-1
922,AI597479,36,18,3,2,54,31,6,4,242,152,193,233,236,-18,-13,-3,-2
18996,Tcf25,41,22,3,2,41,22,6,2,242,160,198,233,238,0,0,-3,0
16107,Rdh5,46,30,4,3,52,27,7,4,242,144,185,231,235,-6,3,-3,-1
11749,Mthfsd,22,8,2,2,60,32,5,1,242,160,202,235,239,-38,-24,-3,1
5841,Fastkd3,35,17,3,1,60,27,6,3,242,147,198,233,238,-25,-10,-3,-2
11674,Msh6,45,24,4,3,54,35,7,3,242,143,183,231,236,-9,-11,-3,0
5839,Fastkd1,36,19,3,2,58,35,6,3,242,148,188,233,237,-22,-16,-3,-1
16102,Rdh14,25,14,3,2,56,28,6,4,242,161,200,233,236,-31,-14,-3,-2
11754,Mtm1,41,22,4,2,69,38,7,3,242,132,182,231,237,-28,-16,-3,-1
2039,Bicd2,40,14,2,2,45,18,5,1,242,157,210,235,239,-5,-4,-3,1
21502,Xrcc1,35,16,2,2,41,29,5,1,242,166,197,235,239,-6,-13,-3,1
20974,Vmn1r216,26,11,2,0,48,27,5,1,242,168,204,235,241,-22,-16,-3,-1
5837,Fasn,44,27,6,2,48,29,9,1,242,150,186,227,239,-4,-2,-3,1
11759,Mtmr14,28,17,3,3,63,38,6,2,242,151,187,233,237,-35,-21,-3,1
21488,Xndc1,33,24,4,1,56,34,7,5,242,153,184,231,236,-23,-10,-3,-4
16118,Recql5,26,14,2,1,73,42,5,1,242,143,186,235,240,-47,-28,-3,0
7099,Gm20826,18,10,1,0,23,11,4,0,242,201,221,237,242,-5,-1,-3,0
20971,Vmn1r213,34,12,0,0,38,15,3,0,242,170,215,239,242,-4,-3,-3,0
18455,St7l,30,20,2,2,48,29,5,2,242,164,193,235,238,-18,-9,-3,0
16135,Relch,33,13,2,2,55,26,5,0,242,154,203,235,240,-22,-13,-3,2
21492,Xpnpep1,38,18,2,2,48,23,5,0,242,156,201,235,240,-10,-5,-3,2
9091,Ighj1,0,0,0,0,6,4,3,3,242,236,238,239,239,-6,-4,-3,-3
5861,Fbp1,38,27,9,5,50,40,12,5,242,154,175,221,232,-12,-13,-3,0
21496,Xpo4,22,14,5,2,68,41,8,4,242,152,187,229,236,-46,-27,-3,-2
18456,St8sia1,48,28,4,3,63,45,7,1,242,131,169,231,238,-15,-17,-3,2
11691,Msrb3,41,20,7,7,54,31,10,4,242,147,191,225,231,-13,-11,-3,3
5859,Fbn1,43,20,3,0,44,27,6,3,242,155,195,233,239,-1,-7,-3,-3
16127,Reg3a,11,11,2,2,22,18,5,2,242,209,213,235,238,-11,-7,-3,0
5868,Fbxl15,29,13,2,2,53,27,5,1,242,160,202,235,239,-24,-14,-3,1
16126,Reg2,66,48,10,5,57,42,13,1,242,119,152,219,236,9,6,-3,4
7090,Gm20814,1,0,0,0,4,4,3,3,242,237,238,239,239,-3,-4,-3,-3
21489,Xntrpc,60,28,5,1,49,33,8,1,242,133,181,229,240,11,-5,-3,0
11761,Mtmr3,44,23,2,2,41,20,5,0,242,157,199,235,240,3,3,-3,2
11765,Mtmr9,22,11,3,2,68,38,6,3,242,152,193,233,237,-46,-27,-3,-1
5878,Fbxl4,32,19,7,2,73,42,10,5,242,137,181,225,235,-41,-23,-3,-3
11818,Mup22,5,5,4,2,12,12,7,4,242,225,225,231,236,-7,-7,-3,-2
19029,Tctn1,47,23,4,1,50,28,7,0,242,145,191,231,241,-3,-5,-3,1
16072,Rbx1,35,17,4,2,46,20,7,2,242,161,205,231,238,-11,-3,-3,0
11805,Mup10,8,7,6,4,15,15,9,8,242,219,220,227,230,-7,-8,-3,-4
16175,Rfc4,39,20,3,1,50,26,6,4,242,153,196,233,237,-11,-6,-3,-3
9055,Igf2bp1,51,31,1,0,38,21,4,0,242,153,190,237,242,13,10,-3,0
19036,Tdp2,35,15,3,2,54,24,6,2,242,153,203,233,238,-19,-9,-3,0
17299,Sh3kbp1,42,24,2,1,48,27,5,1,242,152,191,235,240,-6,-3,-3,0
3387,Clba1,53,28,2,2,52,23,5,1,242,137,191,235,239,1,5,-3,1
11635,Mrps7,38,20,2,2,32,17,5,2,242,172,205,235,238,6,3,-3,0
11633,Mrps5,40,21,6,3,48,29,9,2,242,154,192,227,237,-8,-8,-3,1
9046,Ift88,33,21,3,2,56,34,6,1,242,153,187,233,239,-23,-13,-3,1
20216,Trmt6,37,24,3,2,50,21,6,2,242,155,197,233,238,-13,3,-3,0
11825,Mup9,12,10,4,0,30,26,7,2,242,200,206,231,240,-18,-16,-3,-2
17301,Sh3pxd2b,56,25,3,0,57,29,6,1,242,129,188,233,241,-1,-4,-3,-1
18464,Stac,23,8,0,0,46,21,3,1,242,173,213,239,241,-23,-13,-3,-1
7115,Gm20878,51,36,12,6,68,53,15,7,242,123,153,215,229,-17,-17,-3,-1
11772,Mtr,34,19,3,2,40,23,6,1,242,168,200,233,239,-6,-4,-3,1
16080,Rcc1,42,26,4,2,48,25,7,1,242,152,191,231,239,-6,1,-3,1
11773,Mtres1,31,17,3,3,53,27,6,3,242,158,198,233,236,-22,-10,-3,0
21478,Xlr,60,44,12,2,66,45,15,12,242,116,153,215,228,-6,-1,-3,-10
3392,Clca3b,31,18,2,1,34,16,5,0,242,177,208,235,241,-3,2,-3,1
11776,Mtrf1l,56,32,6,2,44,23,9,1,242,142,187,227,239,12,9,-3,1
5883,Fbxo10,32,14,2,2,69,40,5,2,242,141,188,235,238,-37,-26,-3,0
20968,Vmn1r210,55,29,1,1,35,20,4,0,242,152,193,237,241,20,9,-3,1
20976,Vmn1r218,43,16,0,0,40,21,3,0,242,159,205,239,242,3,-5,-3,0
19025,Tcstv3,12,8,5,2,12,10,8,2,242,218,224,229,238,0,-2,-3,0
9065,Igfbp6,75,60,9,1,52,33,12,3,242,115,149,221,238,23,27,-3,-2
3409,Cldn12,50,30,3,2,64,44,6,2,242,128,168,233,238,-14,-14,-3,0
16166,Rex1bd,41,21,2,2,34,17,5,1,242,167,204,235,239,7,4,-3,1
911,Ahnak,48,31,4,2,44,32,7,6,242,150,179,231,234,4,-1,-3,-4
21476,Xkr9,29,15,0,0,42,21,3,2,242,171,206,239,240,-13,-6,-3,-2
2043,Bicral,40,22,3,1,66,37,6,3,242,136,183,233,238,-26,-15,-3,-2
18477,Stard10,41,16,3,2,40,21,6,1,242,161,205,233,239,1,-5,-3,1
11959,N6amt1,36,21,3,2,61,30,6,5,242,145,191,233,235,-25,-9,-3,-3
9154,Ighv12-3,2,2,1,1,9,8,4,1,242,231,232,237,240,-7,-6,-3,0
3382,Cks1brt,62,39,6,2,43,23,9,2,242,137,180,227,238,19,16,-3,0
20178,Trim66,35,23,2,0,45,22,5,2,242,162,197,235,240,-10,1,-3,-2
8928,I0C0044D17Rik,49,28,1,0,47,29,4,1,242,146,185,237,241,2,-1,-3,-1
15927,Ranbp3,27,12,2,2,53,27,5,2,242,162,203,235,238,-26,-15,-3,0
15922,Ran,38,21,3,3,43,24,6,1,242,161,197,233,238,-5,-3,-3,2
17351,Shroom4,49,26,4,2,61,36,7,2,242,132,180,231,238,-12,-10,-3,0
3478,Clic6,39,25,6,1,26,18,9,6,242,177,199,227,235,13,7,-3,-5
5968,Fdft1,26,15,2,2,52,26,5,2,242,164,201,235,238,-26,-11,-3,0
12138,Ndufb2,34,17,3,3,41,22,6,2,242,167,203,233,237,-7,-5,-3,1
9197,Ighv8-11,1,0,0,0,6,4,3,3,242,235,238,239,239,-5,-4,-3,-3
8922,Hydin,11,4,0,0,18,10,3,0,242,213,228,239,242,-7,-6,-3,0
12142,Ndufb6,33,14,2,2,29,17,5,3,242,180,211,235,237,4,-3,-3,-1
15912,Ralgapb,31,16,2,2,58,29,5,1,242,153,197,235,239,-27,-13,-3,1
5973,Fdxr,33,22,4,1,58,31,7,3,242,151,189,231,238,-25,-9,-3,-2
19128,Tex19.2,25,11,0,0,20,6,3,2,242,197,225,239,240,5,5,-3,-2
5667,Fam131c,47,22,3,0,54,26,6,2,242,141,194,233,240,-7,-4,-3,-2
12125,Ndufab1,36,11,4,3,37,19,7,2,242,169,212,231,237,-1,-8,-3,1
5682,Fam160b1,31,12,2,2,54,38,5,0,242,157,192,235,240,-23,-26,-3,2
15933,Rap1a,45,26,5,4,45,24,8,4,242,152,192,229,234,0,2,-3,0
20182,Trim7,38,27,10,3,77,51,13,5,242,127,164,219,234,-39,-24,-3,-2
20236,Trp73,42,31,3,0,32,20,6,0,242,168,191,233,242,10,11,-3,0
15946,Rapgef6,34,16,2,2,60,23,5,1,242,148,203,235,239,-26,-7,-3,1
18960,Tbx21,53,27,4,0,42,26,7,2,242,147,189,231,240,11,1,-3,-2
18487,Stat1,58,31,2,2,51,28,5,1,242,133,183,235,239,7,3,-3,1
12097,Ndfip1,46,31,3,2,39,21,6,3,242,157,190,233,237,7,10,-3,-1
5954,Fcho2,45,19,5,2,57,30,8,3,242,140,193,229,237,-12,-11,-3,-1
8937,Ica1,38,23,5,4,55,26,8,3,242,149,193,229,235,-17,-3,-3,1
8930,Iah1,45,22,4,2,36,18,7,2,242,161,202,231,238,9,4,-3,0
18959,Tbx20,43,25,1,0,29,16,4,2,242,170,201,237,240,14,9,-3,-2
3359,Cipc,48,18,2,2,59,27,5,2,242,135,197,235,238,-11,-9,-3,0
12112,Ndufa10,36,18,2,2,33,21,5,1,242,173,203,235,239,3,-3,-3,1
17350,Shroom3,39,23,3,3,53,24,6,0,242,150,195,233,239,-14,-1,-3,3
18957,Tbx19,21,11,0,0,19,13,3,2,242,202,218,239,240,2,-2,-3,-2
16282,Rhox3g,1,1,1,0,8,7,4,0,242,233,234,237,242,-7,-6,-3,0
11443,Mocs1,43,22,4,2,50,25,7,5,242,149,195,231,235,-7,-3,-3,-3
5666,Fam131b,37,19,3,0,52,37,6,1,242,153,186,233,241,-15,-18,-3,-1
2933,Cdca4,29,13,2,1,51,30,5,2,242,162,199,235,239,-22,-17,-3,-1
12196,Nelfe,32,12,2,2,46,26,5,2,242,164,204,235,238,-14,-14,-3,0
5651,Fam117a,39,15,4,3,53,29,7,3,242,150,198,231,236,-14,-14,-3,0
12187,Nek4,29,15,2,2,50,32,5,0,242,163,195,235,240,-21,-17,-3,2
761,Adcy1,24,7,2,0,43,21,5,1,242,175,214,235,241,-19,-14,-3,-1
12189,Nek6,62,34,3,1,51,25,6,2,242,129,183,233,239,11,9,-3,-1
8905,Htr7,31,17,1,0,25,14,4,3,242,186,211,237,239,6,3,-3,-3
11423,Mms19,31,13,4,2,45,20,7,1,242,166,209,231,239,-14,-7,-3,1
15877,Rad17,37,16,2,2,46,27,5,2,242,159,199,235,238,-9,-11,-3,0
764,Adcy3,28,13,2,0,52,33,5,4,242,162,196,235,238,-24,-20,-3,-4
1079,Ambra1,28,11,2,2,49,22,5,1,242,165,209,235,239,-21,-11,-3,1
19148,Tex47,4,4,0,0,13,9,3,0,242,225,229,239,242,-9,-5,-3,0
20937,Vmn1r18,36,11,1,0,34,23,4,1,242,172,208,237,241,2,-12,-3,-1
8898,Htr2c,8,6,0,0,19,12,3,1,242,215,224,239,241,-11,-6,-3,-1
21430,Wnt2,39,18,2,0,52,27,5,0,242,151,197,235,242,-13,-9,-3,0
21584,Zbtb24,42,14,2,2,40,24,5,2,242,160,204,235,238,2,-10,-3,0
2877,Cd7,50,36,6,2,48,41,9,3,242,144,165,227,237,2,-5,-3,-1
11427,Mnat1,30,11,2,2,45,22,5,2,242,167,209,235,238,-15,-11,-3,0
5662,Fam124b,40,22,2,0,32,11,5,4,242,170,209,235,238,8,11,-3,-4
12166,Nectin1,59,32,2,2,58,33,5,0,242,125,177,235,240,1,-1,-3,2
17364,Siglecf,36,15,0,0,33,17,3,1,242,173,210,239,241,3,-2,-3,-1
1063,Alpi,16,8,3,1,24,11,6,3,242,202,223,233,238,-8,-3,-3,-2
1960,Bcdin3d,29,11,2,1,70,39,5,1,242,143,192,235,240,-41,-28,-3,0
12163,Necab3,67,44,7,2,58,42,10,6,242,117,156,225,234,9,2,-3,-4
1958,Bcat2,46,26,7,2,41,24,10,4,242,155,192,225,236,5,2,-3,-2
15894,Rad9a,40,19,2,0,46,21,5,1,242,156,202,235,241,-6,-2,-3,-1
15893,Rad54l2,42,17,3,2,61,35,6,2,242,139,190,233,238,-19,-18,-3,0
3485,Clk2,41,15,4,2,52,32,7,3,242,149,195,231,237,-11,-17,-3,-1
8912,Hus1,26,12,3,2,68,40,6,1,242,148,190,233,239,-42,-28,-3,1
5983,Fer1l6,24,15,1,0,24,11,4,1,242,194,216,237,241,0,4,-3,-1
12171,Nedd4,40,25,5,2,45,22,8,0,242,157,195,229,240,-5,3,-3,2
8911,Hunk,30,12,3,1,74,37,6,0,242,138,193,233,241,-44,-25,-3,1
766,Adcy5,35,17,1,0,39,20,4,1,242,168,205,237,241,-4,-3,-3,-1
11428,Mnd1,53,32,4,1,66,40,7,4,242,123,170,231,237,-13,-8,-3,-3
15948,Raph1,50,30,3,2,56,30,6,3,242,136,182,233,237,-6,0,-3,-1
11479,Mpeg1,57,30,7,4,60,35,10,5,242,125,177,225,233,-3,-5,-3,-1
1965,Bcl10,58,26,3,2,39,24,6,3,242,145,192,233,237,19,2,-3,-1
11524,Mrgpra2b,17,14,1,1,9,8,4,3,242,216,220,237,238,8,6,-3,-2
12005,Nanos3,42,27,6,1,68,49,9,3,242,132,166,227,238,-26,-22,-3,-2
12007,Nans,42,21,3,1,37,19,6,2,242,163,202,233,239,5,2,-3,-1
19099,Terf2,28,11,3,2,42,15,6,2,242,172,216,233,238,-14,-4,-3,0
20993,Vmn1r233,41,10,1,0,54,25,4,1,242,147,207,237,241,-13,-15,-3,-1
8971,Iffo2,45,25,3,1,48,27,6,1,242,149,190,233,240,-3,-2,-3,0
12012,Nap1l5,42,28,6,2,63,47,9,1,242,137,167,227,239,-21,-19,-3,1
7156,Gm21409,2,2,1,1,8,7,4,4,242,232,233,237,237,-6,-5,-3,-3
8976,Ifi206,37,21,6,0,34,27,9,3,242,171,194,227,239,3,-6,-3,-3
12019,Narf,38,19,2,2,50,32,5,0,242,154,191,235,240,-12,-13,-3,2
1974,Bcl2l10,53,39,5,3,40,36,8,1,242,149,167,229,238,13,3,-3,2
12024,Nat10,28,17,4,2,58,34,7,3,242,156,191,231,237,-30,-17,-3,-1
15977,Rasl10a,59,34,12,7,66,50,15,9,242,117,158,215,226,-7,-16,-3,-2
820,Adnp2,37,14,2,1,48,31,5,1,242,157,197,235,240,-11,-17,-3,0
21459,Wwp2,34,17,4,2,43,24,7,3,242,165,201,231,237,-9,-7,-3,-1
832,Adra1b,57,34,1,0,53,28,4,0,242,132,180,237,242,4,6,-3,0
18482,Stard5,42,23,5,2,66,36,8,4,242,134,183,229,236,-24,-13,-3,-2
2096,Bnip3,54,29,7,2,51,27,10,3,242,137,186,225,237,3,2,-3,-1
838,Adrb2,59,28,7,0,64,39,10,3,242,119,175,225,239,-5,-11,-3,-3
1010,Aldh1b1,40,30,7,1,51,33,10,5,242,151,179,225,236,-11,-3,-3,-4
5742,Fam214b,48,20,5,2,64,41,8,6,242,130,181,229,234,-16,-21,-3,-4
11552,Mroh3,34,19,3,2,35,17,6,4,242,173,206,233,236,-1,2,-3,-2
5739,Fam210a,37,21,3,2,60,30,6,3,242,145,191,233,237,-23,-9,-3,-1
16246,Rhno1,37,18,2,2,57,30,5,2,242,148,194,235,238,-20,-12,-3,0
7142,Gm2115,44,23,1,1,51,27,4,0,242,147,192,237,241,-7,-4,-3,1
20222,Trnt1,43,21,2,2,30,16,5,3,242,169,205,235,237,13,5,-3,-1
18397,Ssb,39,19,5,3,43,21,8,3,242,160,202,229,236,-4,-2,-3,0
2084,Bmper,50,26,6,3,58,40,9,2,242,134,176,227,237,-8,-14,-3,1
17273,Sh2d1a,47,34,9,1,47,43,12,3,242,148,165,221,238,0,-9,-3,-2
20529,Ube2e1,41,24,4,3,38,22,7,4,242,163,196,231,235,3,2,-3,-1
19095,Tepsin,41,16,2,2,54,34,5,2,242,147,192,235,238,-13,-18,-3,0
16252,Rhobtb3,45,25,3,1,68,38,6,3,242,129,179,233,238,-23,-13,-3,-2
11996,Naip1,45,19,5,2,39,24,8,1,242,158,199,229,239,6,-5,-3,1
12030,Nat8f2,45,24,4,2,42,19,7,1,242,155,199,231,239,3,5,-3,1
1024,Aldh9a1,35,18,3,2,43,26,6,3,242,164,198,233,237,-8,-8,-3,-1
7049,Gm20458,48,38,23,18,44,40,26,24,242,150,164,193,200,4,-2,-3,-6
12072,Nck2,52,33,6,2,61,41,9,3,242,129,168,227,237,-9,-8,-3,-1
15962,Rasal2,39,16,3,2,61,37,6,2,242,142,189,233,238,-22,-21,-3,0
2102,Bod1l,32,18,3,2,55,27,6,0,242,155,197,233,240,-23,-9,-3,2
12066,Ncdn,42,23,3,2,50,23,6,1,242,150,196,233,239,-8,0,-3,1
17338,Shld2,40,20,3,2,62,39,6,3,242,140,183,233,237,-22,-19,-3,-1
21449,Wsb2,41,25,3,2,41,20,6,3,242,160,197,233,237,0,5,-3,-1
21567,Zbbx,18,8,1,0,30,19,4,0,242,194,215,237,242,-12,-11,-3,0
11489,Mpnd,42,27,5,2,37,20,8,4,242,163,195,229,236,5,7,-3,-2
5705,Fam174a,28,15,4,2,58,30,7,1,242,156,197,231,239,-30,-15,-3,1
12075,Nckap5,62,40,5,0,51,27,8,1,242,129,175,229,241,11,13,-3,-1
5702,Fam171a2,60,29,0,0,52,24,3,0,242,130,189,239,242,8,5,-3,0
2104,Bola1,26,16,3,3,73,39,6,4,242,143,187,233,235,-47,-23,-3,-1
20520,Ube2b,49,26,6,2,35,19,9,1,242,158,197,227,239,14,7,-3,1
12079,Ncln,30,16,2,2,38,20,5,1,242,174,206,235,239,-8,-4,-3,1
12080,Ncmap,44,31,6,2,63,41,9,3,242,135,170,227,237,-19,-10,-3,-1
12061,Ncaph2,29,12,2,2,29,16,5,0,242,184,214,235,240,0,-4,-3,2
2101,Bod1,26,14,2,2,46,25,5,1,242,170,203,235,239,-20,-11,-3,1
5936,Fbxw28,17,11,2,1,23,16,5,1,242,202,215,235,240,-6,-5,-3,0
19110,Tesmin,57,35,4,0,76,43,7,0,242,109,164,231,242,-19,-8,-3,0
1025,Aldoa,45,21,5,4,31,20,8,2,242,166,201,229,236,14,1,-3,2
16258,Rhoj,56,31,6,2,60,37,9,2,242,126,174,227,238,-4,-6,-3,0
5716,Fam184b,23,17,2,0,62,31,5,2,242,157,194,235,240,-39,-14,-3,-2
5939,Fbxw7,35,17,2,2,64,28,5,0,242,143,197,235,240,-29,-11,-3,2
21458,Wwp1,27,13,5,2,68,36,8,3,242,147,193,229,237,-41,-23,-3,-1
17268,Sgta,35,18,3,3,32,19,6,4,242,175,205,233,235,3,-1,-3,-1
5942,Fcamr,32,17,4,2,41,26,7,5,242,169,199,231,235,-9,-9,-3,-3
5707,Fam174c,42,26,3,1,40,20,6,5,242,160,196,233,236,2,6,-3,-4
20521,Ube2c,53,32,6,2,68,43,9,3,242,121,167,227,237,-15,-11,-3,-1
5713,Fam181b,33,19,0,0,41,20,3,2,242,168,203,239,240,-8,-1,-3,-2
15972,Rasgrp1,38,19,1,0,60,34,4,0,242,144,189,237,242,-22,-15,-3,0
5712,Fam181a,18,15,4,0,37,23,7,5,242,187,204,231,237,-19,-8,-3,-5
21454,Wtip,48,26,3,3,41,22,6,0,242,153,194,233,239,7,4,-3,3
11494,Mpp4,39,21,1,0,75,51,4,1,242,128,170,237,241,-36,-30,-3,-1
2213,Btbd35f28,3,2,0,0,7,5,3,3,242,232,235,239,239,-4,-3,-3,-3
1155,Ankle2,27,13,2,2,42,18,5,1,242,173,211,235,239,-15,-5,-3,1
9327,Iglon5,46,22,2,0,64,39,5,2,242,132,181,235,240,-18,-17,-3,-2
21051,Vmn1r6,37,18,0,0,54,23,3,1,242,151,201,239,241,-17,-5,-3,-1
15517,Prss58,4,2,0,0,6,5,3,0,242,232,235,239,242,-2,-3,-3,0
13046,Olfr1283,0,0,0,0,5,5,3,1,242,237,237,239,241,-5,-5,-3,-1
18851,Tars2,43,22,2,2,27,16,5,1,242,172,204,235,239,16,6,-3,1
521,Abhd16a,22,10,2,2,55,30,5,3,242,165,202,235,237,-33,-20,-3,-1
6215,Frat2,41,16,4,1,70,48,7,0,242,131,178,231,241,-29,-32,-3,1
1250,Aox2,35,20,2,0,41,28,5,2,242,166,194,235,240,-6,-8,-3,-2
21752,Zfp280b,54,33,8,1,61,40,11,9,242,127,169,223,232,-7,-7,-3,-8
527,Abhd2,50,19,2,2,48,22,5,2,242,144,201,235,238,2,-3,-3,0
3273,Chmp1b,36,19,2,2,46,20,5,0,242,160,203,235,240,-10,-1,-3,2
13024,Olfr126,23,15,2,1,32,20,5,3,242,187,207,235,238,-9,-5,-3,-2
8554,Hdac7,50,24,3,2,56,29,6,3,242,136,189,233,237,-6,-5,-3,-1
5206,Eif3a,36,15,4,2,42,19,7,1,242,164,208,231,239,-6,-4,-3,1
5210,Eif3e,31,16,7,5,41,25,10,3,242,170,201,225,234,-10,-9,-3,2
18279,Spp2,21,18,9,4,27,26,12,4,242,194,198,221,234,-6,-8,-3,0
8559,Hddc3,24,15,3,2,52,32,6,4,242,166,195,233,236,-28,-17,-3,-2
5212,Eif3g,35,20,3,2,35,14,6,4,242,172,208,233,236,0,6,-3,-2
6204,Fpgt,40,18,4,2,55,27,7,0,242,147,197,231,240,-15,-9,-3,2
21053,Vmn1r61,34,16,1,0,34,13,4,0,242,174,213,237,242,0,3,-3,0
5215,Eif3j1,38,24,4,3,35,22,7,2,242,169,196,231,237,3,2,-3,1
10929,Map2k3,53,23,3,3,45,27,6,2,242,144,192,233,237,8,-4,-3,1
6935,Gm15023,11,6,2,0,14,10,5,1,242,217,226,235,241,-3,-4,-3,-1
5219,Eif3m,37,13,3,2,35,21,6,3,242,170,208,233,237,2,-8,-3,-1
17520,Slc22a23,35,16,3,2,76,45,6,2,242,131,181,233,238,-41,-29,-3,0
16532,Rpl24,31,18,7,3,42,26,10,6,242,169,198,225,233,-11,-8,-3,-3
18857,Tas2r103,3,3,0,0,9,9,3,1,242,230,230,239,241,-6,-6,-3,-1
8570,Heatr3,37,17,4,2,60,27,7,1,242,145,198,231,239,-23,-10,-3,1
10937,Map3k12,45,22,2,0,52,31,5,1,242,145,189,235,241,-7,-9,-3,-1
16527,Rpl21,36,18,4,4,36,21,7,3,242,170,203,231,235,0,-3,-3,1
9411,Il23r,39,25,2,0,36,24,5,0,242,167,193,235,242,3,1,-3,0
18269,Spock3,29,14,1,0,33,21,4,1,242,180,207,237,241,-4,-7,-3,-1
1253,Ap1ar,42,25,6,2,55,36,9,3,242,145,181,227,237,-13,-11,-3,-1
7346,Gm31160,25,16,0,0,23,14,3,2,242,194,212,239,240,2,2,-3,-2
2291,C2cd4a,27,22,5,0,29,21,8,4,242,186,199,229,238,-2,1,-3,-4
13105,Olfr1346,30,13,0,0,46,28,3,0,242,166,201,239,242,-16,-15,-3,0
6235,Frs2,32,17,3,2,47,31,6,2,242,163,194,233,238,-15,-14,-3,0
21764,Zfp316,57,24,3,0,40,23,6,0,242,145,195,233,242,17,1,-3,0
17544,Slc25a12,38,22,3,2,47,20,6,0,242,157,200,233,240,-9,2,-3,2
18247,Spink2,43,32,18,7,56,42,21,11,242,143,168,203,224,-13,-10,-3,-4
2298,C330007P06Rik,38,25,3,2,45,22,6,4,242,159,195,233,236,-7,3,-3,-2
1826,B3galt5,20,8,2,2,52,32,5,1,242,170,202,235,239,-32,-24,-3,1
6230,Frmpd2,10,7,2,0,22,12,5,0,242,210,223,235,242,-12,-5,-3,0
2294,C2cd4d,27,24,11,7,57,45,14,7,242,158,173,217,228,-30,-21,-3,0
21312,Wbp1l,38,22,3,2,61,33,6,3,242,143,187,233,237,-23,-11,-3,-1
3668,Col6a2,60,36,3,2,48,27,6,2,242,134,179,233,238,12,9,-3,0
5176,Eif1ad13,11,9,7,6,14,11,10,5,242,217,222,225,231,-3,-2,-3,1
6925,Gm14496,49,19,0,0,52,23,3,1,242,141,200,239,241,-3,-4,-3,-1
2290,C2cd3,44,20,2,1,49,28,5,0,242,149,194,235,241,-5,-8,-3,1
519,Abhd14b,36,21,3,2,52,31,6,3,242,154,190,233,237,-16,-10,-3,-1
20084,Trdv2-2,5,4,4,2,9,8,7,3,242,228,230,231,237,-4,-4,-3,-1
21761,Zfp3,33,22,4,1,67,50,7,5,242,142,170,231,236,-34,-28,-3,-4
21760,Zfp296,60,45,9,1,57,45,12,5,242,125,152,221,236,3,0,-3,-4
514,Abhd11,25,11,3,3,56,31,6,2,242,161,200,233,237,-31,-20,-3,1
20301,Tspan12,49,27,5,2,55,28,8,1,242,138,187,229,239,-6,-1,-3,1
16549,Rpl36al,36,18,2,2,29,18,5,2,242,177,206,235,238,7,0,-3,0
15512,Prss53,54,26,7,0,58,34,10,1,242,130,182,225,241,-4,-8,-3,-1
1255,Ap1g1,29,16,2,2,34,21,5,0,242,179,205,235,240,-5,-5,-3,2
16547,Rpl36a,43,24,7,3,44,24,10,8,242,155,194,225,231,-1,0,-3,-5
5189,Eif1ax,41,20,2,2,43,18,5,1,242,158,204,235,239,-2,2,-3,1
6222,Frmd3,43,18,1,0,53,29,4,0,242,146,195,237,242,-10,-11,-3,0
20300,Tspan11,44,26,2,0,34,18,5,0,242,164,198,235,242,10,8,-3,0
10897,Maml2,49,27,4,1,82,53,7,1,242,111,162,231,240,-33,-26,-3,0
17514,Slc22a18,33,20,3,2,50,34,6,1,242,159,188,233,239,-17,-14,-3,1
532,Abhd8,38,17,4,2,51,26,7,2,242,153,199,231,238,-13,-9,-3,0
15507,Prss47,29,23,3,0,24,19,6,4,242,189,200,233,238,5,4,-3,-4
16526,Rpl19,41,26,6,5,36,22,9,5,242,165,194,227,232,5,4,-3,0
7312,Gm29423,30,28,7,3,34,31,10,6,242,178,183,225,233,-4,-3,-3,-3
6183,Foxl3,30,22,11,3,26,25,14,4,242,186,195,217,235,4,-3,-3,-1
5273,Eloa,36,17,2,2,35,23,5,1,242,171,202,235,239,1,-6,-3,1
18544,Stoml2,41,26,5,3,48,20,8,2,242,153,196,229,237,-7,6,-3,1
9387,Il1b,42,31,2,0,34,21,5,1,242,166,190,235,241,8,10,-3,-1
10997,Marchf3,60,32,4,1,60,45,7,2,242,122,165,231,239,0,-13,-3,-1
1223,Ano9,29,11,3,1,35,23,6,1,242,178,208,233,240,-6,-12,-3,0
12919,Olfr1150-ps1,28,9,1,0,42,25,4,1,242,172,208,237,241,-14,-16,-3,-1
8609,Hes5,43,27,6,2,42,37,9,4,242,157,178,227,236,1,-10,-3,-2
5281,Elovl4,52,23,0,0,50,25,3,2,242,140,194,239,240,2,-2,-3,-2
20106,Trgv1,6,5,4,2,9,8,7,4,242,227,229,231,236,-3,-3,-3,-2
6946,Gm15155,16,16,0,0,9,9,3,0,242,217,217,239,242,7,7,-3,0
6179,Foxk1,34,15,2,2,59,30,5,1,242,149,197,235,239,-25,-15,-3,1
15558,Psma6,33,20,5,3,30,17,8,6,242,179,205,229,233,3,3,-3,-3
5289,Elp5,32,17,3,2,40,19,6,2,242,170,206,233,238,-8,-2,-3,0
3626,Cog1,28,15,2,2,55,30,5,3,242,159,197,235,237,-27,-15,-3,-1
2823,Cd22,54,30,5,3,66,37,8,5,242,122,175,229,234,-12,-7,-3,-2
5292,Emc1,40,13,3,2,43,23,6,1,242,159,206,233,239,-3,-10,-3,1
11009,Mark2,38,20,3,3,57,31,6,2,242,147,191,233,237,-19,-11,-3,1
6178,Foxj3,53,32,3,2,52,26,6,4,242,137,184,233,236,1,6,-3,-2
539,Abl2,32,16,2,2,52,30,5,1,242,158,196,235,239,-20,-14,-3,1
5299,Emc8,41,22,3,2,47,28,6,3,242,154,192,233,237,-6,-6,-3,-1
16484,Ropn1,14,10,3,1,19,16,6,3,242,209,216,233,238,-5,-6,-3,-2
12891,Olfr1116,41,17,1,0,57,26,4,0,242,144,199,237,242,-16,-9,-3,0
5302,Emd,45,19,4,3,38,23,7,4,242,159,200,231,235,7,-4,-3,-1
5304,Eme2,35,18,4,2,62,36,7,1,242,145,188,231,239,-27,-18,-3,1
12885,Olfr111,34,12,0,0,37,24,3,1,242,171,206,239,241,-3,-12,-3,-1
16481,Rogdi,37,23,3,3,47,27,6,3,242,158,192,233,236,-10,-4,-3,0
2825,Cd244a,24,14,0,0,55,27,3,2,242,163,201,239,240,-31,-13,-3,-2
16496,Rpa1,36,13,2,2,48,28,5,0,242,158,201,235,240,-12,-15,-3,2
6943,Gm15127,23,17,7,3,26,21,10,5,242,193,204,225,234,-3,-4,-3,-2
5268,Elmo3,41,16,2,2,47,25,5,1,242,154,201,235,239,-6,-9,-3,1
12963,Olfr1198,52,27,5,2,55,27,8,3,242,135,188,229,237,-3,0,-3,-1
12984,Olfr1219,35,17,4,1,29,20,7,0,242,178,205,231,241,6,-3,-3,1
8579,Hectd1,31,16,2,2,47,23,5,1,242,164,203,235,239,-16,-7,-3,1
16525,Rpl18a,33,15,3,3,32,19,6,4,242,177,208,233,235,1,-4,-3,-1
3650,Col23a1,42,27,4,2,51,32,7,1,242,149,183,231,239,-9,-5,-3,1
9406,Il21r,52,36,7,2,62,39,10,5,242,128,167,225,235,-10,-3,-3,-3
533,Abi1,49,24,6,2,37,19,9,4,242,156,199,227,236,12,5,-3,-2
534,Abi2,30,17,3,2,46,18,6,2,242,166,207,233,238,-16,-1,-3,0
5239,Eif5a,27,14,4,4,42,22,7,2,242,173,206,231,236,-15,-8,-3,2
5241,Eif5b,30,16,2,2,39,26,5,1,242,173,200,235,239,-9,-10,-3,1
535,Abi3,57,40,8,3,47,29,11,6,242,138,173,223,233,10,11,-3,-3
1236,Anxa2,49,33,3,2,36,17,6,3,242,157,192,233,237,13,16,-3,-1
16518,Rpl12,35,16,3,3,39,20,6,1,242,168,206,233,238,-4,-4,-3,2
6195,Foxp3,68,47,15,2,61,42,18,4,242,113,153,209,236,7,5,-3,-2
16517,Rpl11,34,21,4,3,37,23,7,4,242,171,198,231,235,-3,-2,-3,-1
1224,Anp32a,52,32,4,2,38,20,7,1,242,152,190,231,239,14,12,-3,1
17221,Sfi1,40,20,4,1,66,37,7,2,242,136,185,231,239,-26,-17,-3,-1
16515,Rpl10a,45,21,5,4,39,23,8,5,242,158,198,229,233,6,-2,-3,-1
10971,Mapk14,39,20,4,3,65,35,7,2,242,138,187,231,237,-26,-15,-3,1
10974,Mapk1ip1l,40,25,5,3,46,21,8,4,242,156,196,229,235,-6,4,-3,-1
15548,Psg27,7,0,0,0,7,4,3,3,242,228,238,239,239,0,-4,-3,-3
20098,Trgc1,32,25,7,3,29,27,10,1,242,181,190,225,238,3,-2,-3,2
16502,Rpap3,34,15,3,2,58,27,6,2,242,150,200,233,238,-24,-12,-3,0
15551,Psip1,36,17,3,3,58,33,6,3,242,148,192,233,236,-22,-16,-3,0
16498,Rpa3,46,29,5,3,63,37,8,3,242,133,176,229,236,-17,-8,-3,0
3281,Chmp7,39,20,3,2,49,27,6,2,242,154,195,233,238,-10,-7,-3,0
15555,Psma3,33,16,4,4,39,26,7,5,242,170,200,231,233,-6,-10,-3,-1
19330,Tlk1,24,14,5,2,68,44,8,0,242,150,184,229,240,-44,-30,-3,2
12939,Olfr1173,41,17,3,0,50,23,6,4,242,151,202,233,238,-9,-6,-3,-4
8511,Haus7,40,23,4,3,39,20,7,1,242,163,199,231,238,1,3,-3,2
7367,Gm32742,31,7,0,0,43,22,3,2,242,168,213,239,240,-12,-15,-3,-2
19313,Tkt,43,24,3,2,44,27,6,1,242,155,191,233,239,-1,-3,-3,1
20303,Tspan14,39,22,4,2,53,23,7,2,242,150,197,231,238,-14,-1,-3,0
8430,H2bc23,76,59,25,14,62,52,28,18,242,104,131,189,210,14,7,-3,-4
459,Aatk,45,28,4,1,56,31,7,2,242,141,183,231,239,-11,-3,-3,-1
3253,Cherp,24,11,3,2,50,20,6,0,242,168,211,233,240,-26,-9,-3,2
6266,Fthl17e,17,17,8,1,14,13,11,1,242,211,212,223,240,3,4,-3,0
20599,Uchl1,49,29,5,1,49,34,8,1,242,144,179,229,240,0,-5,-3,0
5045,Ebf3,53,27,0,0,50,29,3,1,242,139,186,239,241,3,-2,-3,-1
5048,Ebna1bp2,42,24,4,2,45,24,7,2,242,155,194,231,238,-3,0,-3,0
5050,Ebpl,30,19,1,0,39,21,4,0,242,173,202,237,242,-9,-2,-3,0
21295,Wac,39,19,3,3,41,18,6,1,242,162,205,233,238,-2,1,-3,2
17581,Slc25a46,25,14,2,2,66,29,5,0,242,151,199,235,240,-41,-15,-3,2
13247,Olfr152,58,35,10,7,74,43,13,11,242,110,164,219,224,-16,-8,-3,-4
10791,Lypd8,25,23,3,2,30,24,6,2,242,187,195,233,238,-5,-1,-3,0
16600,Rps20,39,20,4,3,44,28,7,4,242,159,194,231,235,-5,-8,-3,-1
13241,Olfr1508,25,12,0,0,38,22,3,0,242,179,208,239,242,-13,-10,-3,0
5059,Echs1,32,25,6,2,50,29,9,3,242,160,188,227,237,-18,-4,-3,-1
13238,Olfr1505,38,20,1,0,57,31,4,0,242,147,191,237,242,-19,-11,-3,0
20852,Vegfd,68,40,6,3,53,25,9,2,242,121,177,227,237,15,15,-3,1
8444,H3c13,61,44,20,13,56,39,23,17,242,125,159,199,212,5,5,-3,-4
2979,Cdk15,63,44,6,0,58,37,9,5,242,121,161,227,237,5,7,-3,-5
1289,Apbb3,62,39,9,4,74,48,12,6,242,106,155,221,232,-12,-9,-3,-2
9465,Ing1,43,21,2,2,59,27,5,4,242,140,194,235,236,-16,-6,-3,-2
3716,Cops9,37,20,5,3,38,29,8,5,242,167,193,229,234,-1,-9,-3,-2
2334,Cacna1e,22,9,1,0,36,18,4,0,242,184,215,237,242,-14,-9,-3,0
20064,Trbv2,10,8,6,1,11,10,9,1,242,221,224,227,240,-1,-2,-3,0
17195,Setbp1,35,16,2,0,45,26,5,0,242,162,200,235,242,-10,-10,-3,0
10804,Lysmd3,67,43,5,2,40,19,8,2,242,135,180,229,238,27,24,-3,0
8450,H3c6,69,47,15,7,73,48,18,7,242,100,147,209,228,-4,-1,-3,0
21796,Zfp384,36,20,5,2,47,25,8,3,242,159,197,229,237,-11,-5,-3,-1
8453,H3f3a,33,21,4,3,56,33,7,1,242,153,188,231,238,-23,-12,-3,2
16612,Rps29,42,25,11,9,38,30,14,7,242,162,187,217,226,4,-5,-3,2
5037,Ear10,7,5,4,3,8,8,7,4,242,227,229,231,235,-1,-3,-3,-1
19452,Tmem14a,53,35,7,2,57,35,10,3,242,132,172,225,237,-4,0,-3,-1
16617,Rps6,31,14,4,4,30,18,7,2,242,181,210,231,236,1,-4,-3,2
5001,Dyrk3,52,37,9,2,70,51,12,5,242,120,154,221,235,-18,-14,-3,-3
8407,H2al1g,7,5,4,0,9,8,7,5,242,226,229,231,237,-2,-3,-3,-5
3245,Chd5,36,18,1,0,31,16,4,3,242,175,208,237,239,5,2,-3,-3
17589,Slc26a10,52,31,7,3,66,41,10,2,242,124,170,225,237,-14,-10,-3,1
3247,Chd7,36,13,4,1,57,30,7,2,242,149,199,231,239,-21,-17,-3,-1
5008,Dzip3,40,16,4,1,62,27,7,1,242,140,199,231,240,-22,-11,-3,0
10751,Lxn,48,24,6,2,55,33,9,6,242,139,185,227,234,-7,-9,-3,-4
3740,Cox10,26,13,3,3,50,27,6,3,242,166,202,233,236,-24,-14,-3,0
8415,H2al3,14,10,5,1,11,10,8,5,242,217,222,229,236,3,0,-3,-4
3737,Coro7,26,9,3,3,75,35,6,1,242,141,198,233,238,-49,-26,-3,2
448,Aamp,32,12,2,2,41,24,5,2,242,169,206,235,238,-9,-12,-3,0
9482,Ino80d,42,24,3,0,52,33,6,1,242,148,185,233,241,-10,-9,-3,-1
21817,Zfp428,36,22,3,2,48,29,6,2,242,158,191,233,238,-12,-7,-3,0
17588,Slc26a1,41,25,5,2,65,42,8,4,242,136,175,229,236,-24,-17,-3,-2
1297,Apex2,47,19,4,1,49,29,7,1,242,146,194,231,240,-2,-10,-3,0
21813,Zfp420,45,29,7,1,52,33,10,1,242,145,180,225,240,-7,-4,-3,0
3726,Coq7,35,17,3,2,50,28,6,2,242,157,197,233,238,-15,-11,-3,0
21293,Vwf,43,19,1,0,35,17,4,2,242,164,206,237,240,8,2,-3,-2
1301,Api5,44,25,2,2,34,12,5,1,242,164,205,235,239,10,13,-3,1
11707,mt-Nd2,54,36,13,7,53,33,16,12,242,135,173,213,223,1,3,-3,-5
17184,Serpini2,10,10,2,0,24,17,5,3,242,208,215,235,239,-14,-7,-3,-3
6275,Fubp3,44,21,3,2,72,40,6,1,242,126,181,233,239,-28,-19,-3,1
17186,Sertad2,39,19,3,2,53,28,6,0,242,150,195,233,240,-14,-9,-3,2
5030,E330034G19Rik,46,26,5,1,62,43,8,2,242,134,173,229,239,-16,-17,-3,-1
5032,E4f1,32,15,3,1,49,26,6,2,242,161,201,233,239,-17,-11,-3,-1
2781,Ccrl2,47,30,7,0,73,53,10,3,242,122,159,225,239,-26,-23,-3,-3
5034,Eaf2,51,28,2,2,50,31,5,2,242,141,183,235,238,1,-3,-3,0
9474,Inhbe,34,20,2,0,40,21,5,0,242,168,201,235,242,-6,-1,-3,0
3712,Cops6,27,14,3,3,38,20,6,4,242,177,208,233,235,-11,-6,-3,-1
13212,Olfr147,34,15,1,0,49,21,4,1,242,159,206,237,241,-15,-6,-3,-1
18846,Tarbp1,41,23,0,0,56,31,3,0,242,145,188,239,242,-15,-8,-3,0
1280,Ap5s1,38,21,4,2,68,42,7,3,242,136,179,231,237,-30,-21,-3,-1
17198,Setd2,39,21,5,2,54,33,8,1,242,149,188,229,239,-15,-12,-3,1
17564,Slc25a30,55,26,6,2,52,29,9,6,242,135,187,227,234,3,-3,-3,-4
20867,Vipas39,33,18,3,2,49,18,6,2,242,160,206,233,238,-16,0,-3,0
10843,Mafa,56,33,4,1,43,25,7,0,242,143,184,231,241,13,8,-3,1
2309,C8a,23,9,2,2,36,21,5,2,242,183,212,235,238,-13,-12,-3,0
20079,Trdj2,0,0,0,0,3,3,3,3,242,239,239,239,239,-3,-3,-3,-3
17557,Slc25a24,54,27,3,0,67,41,6,1,242,121,174,233,241,-13,-14,-3,-1
10844,Mafb,61,37,8,2,61,35,11,4,242,120,170,223,236,0,2,-3,-2
2305,C6,51,23,3,0,56,34,6,4,242,135,185,233,238,-5,-11,-3,-4
9450,Imp4,22,15,2,2,48,28,5,0,242,172,199,235,240,-26,-13,-3,2
7370,Gm3286,5,5,0,0,13,8,3,0,242,224,229,239,242,-8,-3,-3,0
13137,Olfr1380,38,16,2,0,48,24,5,1,242,156,202,235,241,-10,-8,-3,-1
8499,Hars2,39,20,3,2,44,25,6,1,242,159,197,233,239,-5,-5,-3,1
2304,C5ar2,69,42,9,3,60,41,12,3,242,113,159,221,236,9,1,-3,0
6247,Fsd2,20,9,1,0,53,35,4,3,242,169,198,237,239,-33,-26,-3,-3
6246,Fsd1l,38,16,3,1,62,37,6,5,242,142,189,233,236,-24,-21,-3,-4
500,Abcd3,38,25,5,2,59,27,8,3,242,145,190,229,237,-21,-2,-3,-1
5140,Eftud2,30,15,5,3,51,23,8,3,242,161,204,229,236,-21,-8,-3,0
6245,Fsd1,39,22,2,1,47,28,5,2,242,156,192,235,239,-8,-6,-3,-1
17210,Sez6l2,57,30,3,1,48,27,6,0,242,137,185,233,241,9,3,-3,1
5142,Egfem1,33,22,4,0,28,22,7,0,242,181,198,231,242,5,0,-3,0
6917,Gm14412,45,34,11,4,66,48,14,4,242,131,160,217,234,-21,-14,-3,0
5149,Egln2,23,10,2,2,44,19,5,1,242,175,213,235,239,-21,-9,-3,1
13118,Olfr1358,17,13,3,0,34,28,6,0,242,191,201,233,242,-17,-15,-3,0
17212,Sf3a1,39,19,2,2,34,22,5,2,242,169,201,235,238,5,-3,-3,0
6238,Fryl,43,22,3,2,52,26,6,0,242,147,194,233,240,-9,-4,-3,2
6918,Gm14418,65,41,8,2,64,44,11,1,242,113,157,223,239,1,-3,-3,1
13111,Olfr1351,43,20,0,0,23,13,3,0,242,176,209,239,242,20,7,-3,0
5156,Ehbp1l1,40,21,2,0,51,29,5,3,242,151,192,235,239,-11,-8,-3,-3
16564,Rpl9,36,19,4,4,43,18,7,3,242,163,205,231,235,-7,1,-3,1
20864,Vim,58,34,8,3,44,24,11,5,242,140,184,223,234,14,10,-3,-2
489,Abcc10,34,17,2,0,65,32,5,0,242,143,193,235,242,-31,-15,-3,0
13181,Olfr1432,48,24,2,0,54,30,5,1,242,140,188,235,241,-6,-6,-3,-1
2325,Cabp7,36,19,2,0,56,31,5,3,242,150,192,235,239,-20,-12,-3,-3
13203,Olfr1459,46,23,2,0,52,33,5,0,242,144,186,235,242,-6,-10,-3,0
18837,Tank,43,22,5,3,50,27,8,3,242,149,193,229,236,-7,-5,-3,0
5088,Edrf1,49,21,2,2,47,27,5,1,242,146,194,235,239,2,-6,-3,1
19433,Tmem129,37,20,2,2,41,30,5,3,242,164,192,235,237,-4,-10,-3,-1
3702,Copb1,30,14,2,2,34,17,5,3,242,178,211,235,237,-4,-3,-3,-1
16574,Rpp21,37,22,5,2,55,28,8,4,242,150,192,229,236,-18,-6,-3,-2
5098,Eef1b2,30,16,4,4,37,22,7,2,242,175,204,231,236,-7,-6,-3,2
20858,Vgll2,18,10,1,0,31,21,4,2,242,193,211,237,240,-13,-11,-3,-2
5101,Eef1g,38,15,4,4,36,17,7,4,242,168,210,231,234,2,-2,-3,0
5102,Eef2,38,17,4,4,38,18,7,1,242,166,207,231,237,0,-1,-3,3
13184,Olfr1437,42,27,0,0,39,25,3,0,242,161,190,239,242,3,2,-3,0
19424,Tmem120b,51,27,7,3,59,31,10,5,242,132,184,225,234,-8,-4,-3,-2
5106,Eepd1,66,40,4,0,48,23,7,1,242,128,179,231,241,18,17,-3,-1
18842,Tap2,54,33,9,2,57,30,12,8,242,131,179,221,232,-3,3,-3,-6
16571,Rpn1,27,16,3,2,48,20,6,1,242,167,206,233,239,-21,-4,-3,1
19415,Tmem108,25,14,4,0,49,32,7,5,242,168,196,231,237,-24,-18,-3,-5
10827,Macir,45,21,3,2,69,46,6,4,242,128,175,233,236,-24,-25,-3,-2
17572,Slc25a38,56,26,4,2,31,19,7,1,242,155,197,231,239,25,7,-3,1
10828,Maco1,22,15,2,2,41,21,5,3,242,179,206,235,237,-19,-6,-3,-1
8478,Hace1,42,23,3,0,49,28,6,3,242,151,191,233,239,-7,-5,-3,-3
19411,Tmem106a,41,26,3,2,64,34,6,1,242,137,182,233,239,-23,-8,-3,1
8479,Hacl1,35,18,4,2,67,33,7,4,242,140,191,231,236,-32,-15,-3,-2
9456,Impg1,20,11,0,0,42,26,3,0,242,180,205,239,242,-22,-15,-3,0
18838,Taok1,32,19,5,3,63,36,8,2,242,147,187,229,237,-31,-17,-3,1
17197,Setd1b,35,19,2,2,69,44,5,4,242,138,179,235,236,-34,-25,-3,-2
10834,Mad2l1,47,27,5,0,62,36,8,4,242,133,179,229,238,-15,-9,-3,-4
17567,Slc25a33,55,32,5,2,51,34,8,3,242,136,176,229,237,4,-2,-3,-1
2244,Btnl6,33,23,3,0,39,31,6,1,242,170,188,233,241,-6,-8,-3,-1
2276,C1qtnf3,54,37,5,3,66,44,8,0,242,122,161,229,239,-12,-7,-3,3
17183,Serpini1,55,34,3,2,49,34,6,2,242,138,174,233,238,6,0,-3,0
15565,Psmb3,44,25,4,2,37,19,7,3,242,161,198,231,237,7,6,-3,-1
9363,Il12rb1,51,29,8,3,63,31,11,3,242,128,182,223,236,-12,-2,-3,0
15610,Pstpip1,41,23,4,1,64,33,7,3,242,137,186,231,238,-23,-10,-3,-2
2833,Cd2ap,36,21,7,2,59,32,10,3,242,147,189,225,237,-23,-11,-3,-1
11085,Mcm3,58,27,2,1,46,24,5,2,242,138,191,235,239,12,3,-3,-1
3578,Cnot11,26,12,4,2,72,33,7,1,242,144,197,231,239,-46,-21,-3,1
12842,Olfr1051,33,23,0,0,46,22,3,1,242,163,197,239,241,-13,1,-3,-1
15609,Pstk,38,16,5,3,63,37,8,7,242,141,189,229,232,-25,-21,-3,-4
2826,Cd247,53,32,11,10,76,50,14,6,242,113,160,217,226,-23,-18,-3,4
581,Acd,36,22,2,2,33,18,5,1,242,173,202,235,239,3,4,-3,1
20132,Trim23,29,10,2,2,56,32,5,1,242,157,200,235,239,-27,-22,-3,1
20292,Tsks,52,28,6,0,65,45,9,2,242,125,169,227,240,-13,-17,-3,-2
15566,Psmb4,30,20,3,3,37,21,6,2,242,175,201,233,237,-7,-1,-3,1
11126,Mdm4,41,19,4,2,51,31,7,3,242,150,192,231,237,-10,-12,-3,-1
16442,Rnf222,51,28,4,2,32,17,7,3,242,159,197,231,237,19,11,-3,-1
19280,Timm13,32,16,3,3,36,20,6,1,242,174,206,233,238,-4,-4,-3,2
6148,Focad,38,23,3,0,45,20,6,1,242,159,199,233,241,-7,3,-3,-1
6145,Fnip2,49,27,2,2,64,42,5,1,242,129,173,235,239,-15,-15,-3,1
16439,Rnf216,36,17,3,2,58,36,6,3,242,148,189,233,237,-22,-19,-3,-1
5341,Enoph1,40,20,3,2,34,24,6,2,242,168,198,233,238,6,-4,-3,0
11131,Me3,37,21,2,2,48,30,5,0,242,157,191,235,240,-11,-9,-3,2
8669,Hk3,50,28,9,4,64,41,12,1,242,128,173,221,237,-14,-13,-3,3
11048,Mbd6,46,26,5,2,57,32,8,1,242,139,184,229,239,-11,-6,-3,1
21731,Zfp217,38,16,3,1,64,39,6,0,242,140,187,233,241,-26,-23,-3,1
3287,Chp2,38,21,4,2,42,27,7,4,242,162,194,231,236,-4,-6,-3,-2
21336,Wdr3,52,30,4,2,33,20,7,2,242,157,192,231,238,19,10,-3,0
1863,Babam2,35,18,2,2,37,21,5,2,242,170,203,235,238,-2,-3,-3,0
11132,Mea1,32,13,3,2,29,17,6,2,242,181,212,233,238,3,-4,-3,0
15574,Psmc3,33,19,2,2,38,21,5,1,242,171,202,235,239,-5,-2,-3,1
2235,Btg4,15,13,7,4,39,36,10,7,242,188,193,225,231,-24,-23,-3,-3
12788,Olfm1,54,33,3,2,36,18,6,1,242,152,191,233,239,18,15,-3,1
15611,Pstpip2,55,34,4,1,47,28,7,2,242,140,180,231,239,8,6,-3,-1
21742,Zfp263,37,16,2,2,49,24,5,1,242,156,202,235,239,-12,-8,-3,1
11056,Mbnl3,42,18,4,1,66,36,7,2,242,134,188,231,239,-24,-18,-3,-1
11122,Mdh2,35,21,3,3,39,20,6,2,242,168,201,233,237,-4,1,-3,1
21357,Wdr59,32,15,2,0,61,33,5,1,242,149,194,235,241,-29,-18,-3,-1
574,Acbd3,30,14,2,2,32,17,5,2,242,180,211,235,238,-2,-3,-3,0
16452,Rnf34,44,23,6,2,57,33,9,4,242,141,186,227,236,-13,-10,-3,-2
11073,Mccc1,38,24,8,2,48,29,11,8,242,156,189,223,232,-10,-5,-3,-6
6133,Fndc1,34,20,1,0,40,27,4,0,242,168,195,237,242,-6,-7,-3,0
11109,Mcts1,39,29,8,2,43,25,11,9,242,160,188,223,231,-4,4,-3,-7
19275,Timd2,47,22,3,3,41,22,6,2,242,154,198,233,237,6,0,-3,1
6134,Fndc10,39,23,5,0,79,49,8,1,242,124,170,229,241,-40,-26,-3,-1
8653,Hint3,27,15,4,2,60,34,7,2,242,155,193,231,238,-33,-19,-3,0
16447,Rnf24,24,15,2,2,81,42,5,2,242,137,185,235,238,-57,-27,-3,0
1869,Bag1,33,20,2,2,35,19,5,1,242,174,203,235,239,-2,1,-3,1
3582,Cnot6,30,16,5,2,72,42,8,2,242,140,184,229,238,-42,-26,-3,0
12804,Olfr101,17,10,2,0,28,19,5,1,242,197,213,235,241,-11,-9,-3,-1
5370,Epb41,44,24,2,2,52,23,5,2,242,146,195,235,238,-8,1,-3,0
11084,Mcm2,44,27,3,1,53,20,6,3,242,145,195,233,238,-9,7,-3,-2
16460,Rnf5,29,12,2,2,41,20,5,0,242,172,210,235,240,-12,-8,-3,2
17475,Slc16a3,53,32,7,1,63,40,10,6,242,126,170,225,235,-10,-8,-3,-5
11105,Mcrip2,43,28,3,2,50,27,6,6,242,149,187,233,234,-7,1,-3,-4
21721,Zfp180,45,16,2,2,50,26,5,4,242,147,200,235,236,-5,-10,-3,-2
5360,Entpd7,40,23,4,0,62,40,7,2,242,140,179,231,240,-22,-17,-3,-2
9338,Igsf8,48,25,2,2,43,24,5,2,242,151,193,235,238,5,1,-3,0
12748,Ociad1,32,19,2,2,24,14,5,3,242,186,209,235,237,8,5,-3,-1
6151,Folr2,66,49,15,4,63,54,18,4,242,113,139,209,234,3,-5,-3,0
20288,Tshr,49,28,1,0,58,38,4,1,242,135,176,237,241,-9,-10,-3,-1
15568,Psmb6,23,14,3,3,39,23,6,2,242,180,205,233,237,-16,-9,-3,1
19287,Timm44,24,14,2,2,48,25,5,1,242,170,203,235,239,-24,-11,-3,1
8688,Hmgb4,13,11,4,1,11,11,7,0,242,218,220,231,241,2,0,-3,1
21347,Wdr45,40,27,5,2,52,30,8,1,242,150,185,229,239,-12,-3,-3,1
9345,Ik,41,22,3,2,35,18,6,3,242,166,202,233,237,6,4,-3,-1
16465,Rnft2,44,25,3,2,71,45,6,0,242,127,172,233,240,-27,-20,-3,2
548,Abraxas2,24,12,2,2,66,38,5,1,242,152,192,235,239,-42,-26,-3,1
12853,Olfr1065,34,16,1,0,33,15,4,3,242,175,211,237,239,1,1,-3,-3
3585,Cnot8,45,23,2,2,38,22,5,2,242,159,197,235,238,7,1,-3,0
11110,Mcts2,28,16,5,2,58,39,8,3,242,156,187,229,237,-30,-23,-3,-1
7265,Gm28043,36,19,4,1,39,19,7,3,242,167,204,231,238,-3,0,-3,-2
11098,Mcph1,30,11,1,0,51,27,4,1,242,161,204,237,241,-21,-16,-3,-1
16450,Rnf31,31,12,3,2,52,27,6,2,242,159,203,233,238,-21,-15,-3,0
9350,Ikzf1,37,24,6,2,45,35,9,8,242,160,183,227,232,-8,-11,-3,-6
17231,Sfswap,33,16,3,2,47,28,6,1,242,162,198,233,239,-14,-12,-3,1
12777,Ogfod3,34,21,4,2,40,15,7,2,242,168,206,231,238,-6,6,-3,0
17439,Slc10a3,27,16,3,1,77,46,6,3,242,138,180,233,238,-50,-30,-3,-2
3283,Chn2,40,21,4,2,44,20,7,2,242,158,201,231,238,-4,1,-3,0
7296,Gm28870,3,3,2,1,5,5,5,5,242,234,234,235,236,-2,-2,-3,-4
544,Abr,41,19,4,2,60,33,7,2,242,141,190,231,238,-19,-14,-3,0
12775,Ogfod1,41,16,2,1,35,17,5,0,242,166,209,235,241,6,-1,-3,1
9370,Il16,46,26,9,3,49,34,12,1,242,147,182,221,238,-3,-8,-3,2
15579,Psmd1,34,21,5,4,29,16,8,3,242,179,205,229,235,5,5,-3,1
8668,Hk2,47,27,3,0,58,34,6,1,242,137,181,233,241,-11,-7,-3,-1
8697,Hmgn5,52,28,7,4,41,23,10,9,242,149,191,225,229,11,5,-3,-5
15561,Psmb1,34,17,4,4,26,14,7,2,242,182,211,231,236,8,3,-3,2
12864,Olfr1087,26,10,1,0,48,20,4,1,242,168,212,237,241,-22,-10,-3,-1
17489,Slc17a8,37,22,3,2,59,30,6,0,242,146,190,233,240,-22,-8,-3,2
20504,Uba6,39,17,4,2,51,35,7,2,242,152,190,231,238,-12,-18,-3,0
8633,Hhipl1,30,11,1,0,52,29,4,1,242,160,202,237,241,-22,-18,-3,-1
12782,Ogt,36,22,7,2,60,34,10,2,242,146,186,225,238,-24,-12,-3,0
21029,Vmn1r4,42,19,3,2,69,48,6,2,242,131,175,233,238,-27,-29,-3,0
11095,Mcoln1,50,24,2,2,50,28,5,3,242,142,190,235,237,0,-4,-3,-1
3611,Cntnap5a,18,8,1,0,31,13,4,2,242,193,221,237,240,-13,-5,-3,-2
563,Acadm,44,28,7,4,51,31,10,2,242,147,183,225,236,-7,-3,-3,2
16435,Rnf212b,34,26,4,1,46,33,7,1,242,162,183,231,240,-12,-7,-3,0
3574,Cnnm3,40,20,2,2,60,30,5,2,242,142,192,235,238,-20,-10,-3,0
1884,Banf2,6,5,5,2,13,9,8,5,242,223,228,229,235,-7,-4,-3,-3
565,Acadsb,30,19,6,3,43,29,9,2,242,169,194,227,237,-13,-10,-3,1
7280,Gm28360,8,5,1,0,26,23,4,0,242,208,214,237,242,-18,-18,-3,0
16437,Rnf214,42,19,4,3,61,25,7,2,242,139,198,231,237,-19,-6,-3,1
20798,Utp3,27,8,2,2,37,18,6,2,242,178,216,234,238,-10,-10,-4,0
18325,Sptlc2,43,16,2,2,55,24,6,2,242,144,202,234,238,-12,-8,-4,0
21901,Zfp626,37,16,3,0,63,32,7,4,242,142,194,232,238,-26,-16,-4,-4
15662,Ptov1,47,21,3,3,38,18,7,4,242,157,203,232,235,9,3,-4,-1
20631,Ugt1a7c,53,35,9,4,55,39,13,4,242,134,168,220,234,-2,-4,-4,0
20604,Uck2,43,18,3,3,54,34,7,1,242,145,190,232,238,-11,-16,-4,2
14971,Poc5,27,12,2,0,61,36,6,3,242,154,194,234,239,-34,-24,-4,-3
16034,Rbm31y,5,3,0,0,18,9,4,3,242,219,230,238,239,-13,-6,-4,-3
16961,Scp2,43,22,3,2,38,24,7,3,242,161,196,232,237,5,-2,-4,-1
14960,Pnpla3,37,31,3,2,65,41,7,1,242,140,170,232,239,-28,-10,-4,1
21548,Yrdc,49,20,4,3,41,26,8,4,242,152,196,230,235,8,-6,-4,-1
17901,Smdt1,30,18,4,3,40,24,8,4,242,172,200,230,235,-10,-6,-4,-1
19926,Trappc11,26,15,2,2,44,21,6,3,242,172,206,234,237,-18,-6,-4,-1
21302,Wasf2,37,19,3,2,56,31,7,1,242,149,192,232,239,-19,-12,-4,1
17916,Smim15,42,27,6,3,61,28,10,2,242,139,187,226,237,-19,-1,-4,1
18812,Taf7,44,13,2,0,52,32,6,1,242,146,197,234,241,-8,-19,-4,-1
20461,Txlng,40,21,5,2,40,18,9,2,242,162,203,228,238,0,3,-4,0
16449,Rnf26,24,15,3,3,78,49,7,2,242,140,178,232,237,-54,-34,-4,1
17921,Smim22,41,28,13,8,44,31,17,5,242,157,183,212,229,-3,-3,-4,3
20855,Vezt,28,16,2,2,68,36,6,3,242,146,190,234,237,-40,-20,-4,-1
18411,Ssr1,36,21,4,2,52,29,8,1,242,154,192,230,239,-16,-8,-4,1
18030,Snupn,39,19,5,2,60,30,9,3,242,143,193,228,237,-21,-11,-4,-1
14969,Poc1a,41,23,2,0,62,35,6,2,242,139,184,234,240,-21,-12,-4,-2
19777,Tomm40,41,15,4,4,42,19,8,2,242,159,208,230,236,-1,-4,-4,2
21727,Zfp202,38,19,0,0,61,36,4,1,242,143,187,238,241,-23,-17,-4,-1
21538,Yju2,29,12,4,0,58,33,8,4,242,155,197,230,238,-29,-21,-4,-4
15029,Polr3c,25,16,2,2,44,21,6,4,242,173,205,234,236,-19,-5,-4,-2
21093,Vmn2r100,44,23,3,1,44,24,7,3,242,154,195,232,238,0,-1,-4,-2
21222,Vps13a,35,17,3,2,63,37,7,0,242,144,188,232,240,-28,-20,-4,2
20829,Vasn,59,31,5,2,53,32,9,3,242,130,179,228,237,6,-1,-4,-1
17026,Sec23ip,24,13,4,2,54,29,8,4,242,164,200,230,236,-30,-16,-4,-2
17866,Smad5,32,16,2,2,56,35,6,1,242,154,191,234,239,-24,-19,-4,1
20070,Trbv3,15,12,11,2,18,17,15,2,242,209,213,216,238,-3,-5,-4,0
20437,Tufm,31,17,3,3,42,29,7,3,242,169,196,232,236,-11,-12,-4,0
19431,Tmem127,31,16,2,2,46,25,6,4,242,165,201,234,236,-15,-9,-4,-2
16038,Rbm39,41,20,4,3,43,24,8,2,242,158,198,230,237,-2,-4,-4,1
18239,Spin4,58,23,5,0,44,24,9,3,242,140,195,228,239,14,-1,-4,-3
16697,Rtkn2,47,29,1,0,60,36,5,0,242,135,177,236,242,-13,-7,-4,0
22154,Znhit1,38,20,3,3,40,25,7,0,242,164,197,232,239,-2,-5,-4,3
17619,Slc2a4,57,43,10,4,56,39,14,4,242,129,160,218,234,1,4,-4,0
18036,Snx12,43,26,6,3,39,20,10,3,242,160,196,226,236,4,6,-4,0
18156,Spata16,14,5,2,0,21,15,6,4,242,207,222,234,238,-7,-10,-4,-4
22153,Znfx1,61,33,2,2,46,21,6,0,242,135,188,234,240,15,12,-4,2
18394,Ss18,39,21,5,3,43,21,9,2,242,160,200,228,237,-4,0,-4,1
17906,Smg8,40,21,2,2,43,28,6,0,242,159,193,234,240,-3,-7,-4,2
19429,Tmem126a,31,17,4,2,39,21,8,5,242,172,204,230,235,-8,-4,-4,-3
17869,Smad9,35,19,1,0,56,32,5,0,242,151,191,236,242,-21,-13,-4,0
15498,Prss38,27,25,2,0,55,44,6,3,242,160,173,234,239,-28,-19,-4,-3
17421,Skint9,5,5,1,0,11,9,5,0,242,226,228,236,242,-6,-4,-4,0
16674,Rsph10b,61,34,3,0,66,46,7,1,242,115,162,232,241,-5,-12,-4,-1
20359,Ttc28,40,14,2,0,67,37,6,0,242,135,191,234,242,-27,-23,-4,0
19103,Tes3-ps,59,35,6,2,71,46,10,2,242,112,161,226,238,-12,-11,-4,0
20571,Ubn2,32,15,4,2,61,33,8,1,242,149,194,230,239,-29,-18,-4,1
18757,Szrd1,34,16,2,2,48,23,6,2,242,160,203,234,238,-14,-7,-4,0
18080,Son,21,10,3,3,47,20,7,0,242,174,212,232,239,-26,-10,-4,3
20433,Tubgcp3,37,23,4,3,52,30,8,2,242,153,189,230,237,-15,-7,-4,1
18318,Sptan1,39,23,4,2,45,25,8,2,242,158,194,230,238,-6,-2,-4,0
20124,Trim12c,41,28,6,2,74,45,10,5,242,127,169,226,235,-33,-17,-4,-3
16240,Rhbdl3,64,35,1,0,57,32,5,2,242,121,175,236,240,7,3,-4,-2
19728,Tnfsfm13,51,32,6,3,64,36,10,3,242,127,174,226,236,-13,-4,-4,0
20952,Vmn1r197,34,16,2,0,51,27,6,3,242,157,199,234,239,-17,-11,-4,-3
15496,Prss36,58,31,4,3,48,28,8,2,242,136,183,230,237,10,3,-4,1
21689,Zfhx2,29,13,2,0,74,40,6,0,242,139,189,234,242,-45,-27,-4,0
16016,Rbm11,45,29,5,0,73,44,9,1,242,124,169,228,241,-28,-15,-4,-1
21461,Xab2,24,12,2,2,58,23,6,2,242,160,207,234,238,-34,-11,-4,0
15588,Psmd5,38,22,4,2,53,31,8,3,242,151,189,230,237,-15,-9,-4,-1
16000,Rbbp5,40,23,4,3,38,19,8,7,242,164,200,230,232,2,4,-4,-4
18105,Sox17,25,16,4,0,52,38,8,2,242,165,188,230,240,-27,-22,-4,-2
17322,Shf,36,15,3,2,69,32,7,2,242,137,195,232,238,-33,-17,-4,0
15004,Poln,38,22,1,0,63,35,5,0,242,141,185,236,242,-25,-13,-4,0
17275,Sh2d1b2,33,20,4,1,40,24,8,3,242,169,198,230,238,-7,-4,-4,-2
15589,Psmd6,35,20,2,2,34,19,6,3,242,173,203,234,237,1,1,-4,-1
20986,Vmn1r227,40,23,3,1,63,33,7,2,242,139,186,232,239,-23,-10,-4,-1
16001,Rbbp6,40,18,3,2,51,37,7,4,242,151,187,232,236,-11,-19,-4,-2
18577,Stx19,53,31,2,0,50,28,6,2,242,139,183,234,240,3,3,-4,-2
18969,Tcaf1,40,25,4,2,61,35,8,6,242,141,182,230,234,-21,-10,-4,-4
17883,Smarcd2,40,15,2,2,39,26,6,4,242,163,201,234,236,1,-11,-4,-2
18478,Stard13,52,32,4,2,57,36,8,3,242,133,174,230,237,-5,-4,-4,-1
21271,Vstm4,26,16,3,1,41,25,7,3,242,175,201,232,238,-15,-9,-4,-2
17630,Slc30a5,40,20,2,2,51,24,6,2,242,151,198,234,238,-11,-4,-4,0
19399,Tmed4,33,19,3,3,55,26,7,6,242,154,197,232,233,-22,-7,-4,-3
16687,Rsrc2,50,25,6,3,32,19,10,6,242,160,198,226,233,18,6,-4,-3
16003,Rbbp8,43,19,5,2,53,25,9,6,242,146,198,228,234,-10,-6,-4,-4
19398,Tmed3,36,19,4,2,44,27,8,2,242,162,196,230,238,-8,-8,-4,0
15010,Polr1e,41,18,4,2,56,25,8,3,242,145,199,230,237,-15,-7,-4,-1
19776,Tomm34,44,20,2,2,32,15,6,1,242,166,207,234,239,12,5,-4,1
18683,Swap70,46,20,2,2,49,28,6,2,242,147,194,234,238,-3,-8,-4,0
15022,Polr2i,29,17,5,2,52,27,9,3,242,161,198,228,237,-23,-10,-4,-1
15595,Psme2b,60,46,22,11,69,56,26,8,242,113,140,194,223,-9,-10,-4,3
19075,Tekt1,20,9,2,0,41,23,6,4,242,181,210,234,238,-21,-14,-4,-4
19423,Tmem120a,37,21,3,2,65,40,7,4,242,140,181,232,236,-28,-19,-4,-2
19736,Tnks1bp1,38,21,3,2,62,34,7,2,242,142,187,232,238,-24,-13,-4,0
16005,Rbbp9,34,20,5,2,65,32,9,5,242,143,190,228,235,-31,-12,-4,-3
18023,Snta1,44,20,2,2,37,23,6,0,242,161,199,234,240,7,-3,-4,2
20953,Vmn1r198,22,13,1,0,31,20,5,0,242,189,209,236,242,-9,-7,-4,0
19395,Tmed10,31,14,2,2,39,19,6,3,242,172,209,234,237,-8,-5,-4,-1
15596,Psme3,39,22,2,2,41,21,6,2,242,162,199,234,238,-2,1,-4,0
17894,Smchd1,38,13,4,2,55,30,8,4,242,149,199,230,236,-17,-17,-4,-2
20074,Trcg1,22,9,0,0,35,18,4,0,242,185,215,238,242,-13,-9,-4,0
21110,Vmn2r116,33,13,0,0,57,29,4,2,242,152,200,238,240,-24,-16,-4,-2
17278,Sh2d4a,53,37,8,3,55,38,12,2,242,134,167,222,237,-2,-1,-4,1
19080,Telo2,40,24,2,0,45,21,6,0,242,157,197,234,242,-5,3,-4,0
16405,Rnf144b,48,28,0,0,64,32,4,1,242,130,182,238,241,-16,-4,-4,-1
17890,Smc3,40,19,2,2,38,17,6,2,242,164,206,234,238,2,2,-4,0
15426,Prpf40a,34,19,2,2,53,23,6,2,242,155,200,234,238,-19,-4,-4,0
16027,Rbm22,32,17,2,2,35,18,6,1,242,175,207,234,239,-3,-1,-4,1
17319,Shcbp1l,41,19,6,2,53,33,10,2,242,148,190,226,238,-12,-14,-4,0
18972,Tcaim,38,18,3,2,52,28,7,2,242,152,196,232,238,-14,-10,-4,0
21034,Vmn1r44,12,10,2,0,30,23,6,1,242,200,209,234,241,-18,-13,-4,-1
20948,Vmn1r193,21,11,0,0,29,12,4,1,242,192,219,238,241,-8,-1,-4,-1
14996,Pole4,44,18,2,2,30,22,6,4,242,168,202,234,236,14,-4,-4,-2
16677,Rsph3b,34,19,3,2,65,40,7,3,242,143,183,232,237,-31,-21,-4,-1
19930,Trappc2l,24,12,2,2,36,18,6,4,242,182,212,234,236,-12,-6,-4,-2
19279,Timm10b,34,20,2,2,50,20,6,3,242,158,202,234,237,-16,0,-4,-1
20985,Vmn1r226,28,11,0,0,41,24,4,0,242,173,207,238,242,-13,-13,-4,0
17565,Slc25a31,49,31,6,0,36,20,10,4,242,157,191,226,238,13,11,-4,-4
16231,Rgsl1,34,16,1,0,28,14,5,1,242,180,212,236,241,6,2,-4,-1
20499,Uba1y,34,20,0,0,46,29,4,2,242,162,193,238,240,-12,-9,-4,-2
15014,Polr2a,28,15,3,2,57,35,7,2,242,157,192,232,238,-29,-20,-4,0
17462,Slc14a2,44,25,6,3,48,30,10,4,242,150,187,226,235,-4,-5,-4,-1
19047,Tdrd12,40,27,4,2,68,50,8,2,242,134,165,230,238,-28,-23,-4,0
17196,Setd1a,32,15,3,2,61,39,7,3,242,149,188,232,237,-29,-24,-4,-1
19766,Toe1,20,9,2,2,72,40,6,4,242,150,193,234,236,-52,-31,-4,-2
16160,Retreg1,48,28,4,2,60,28,8,2,242,134,186,230,238,-12,0,-4,0
16085,Rchy1,27,12,2,2,45,23,6,2,242,170,207,234,238,-18,-11,-4,0
18458,St8sia3,17,13,0,0,41,27,4,4,242,184,202,238,238,-24,-14,-4,-4
21707,Zfp120,41,23,5,2,62,35,9,1,242,139,184,228,239,-21,-12,-4,1
16157,Retnla,31,27,14,4,36,31,18,2,242,175,184,210,236,-5,-4,-4,2
21485,Xlr5a,36,27,8,2,32,26,12,7,242,174,189,222,233,4,1,-4,-5
16097,Rdh1,52,24,3,0,47,26,7,4,242,143,192,232,238,5,-2,-4,-4
17996,Snf8,30,16,2,2,38,22,6,0,242,174,204,234,240,-8,-6,-4,2
15451,Prr23a1,16,12,10,5,32,28,14,7,242,194,202,218,230,-16,-16,-4,-2
16616,Rps5,41,22,4,3,34,21,8,4,242,167,199,230,235,7,1,-4,-1
20600,Uchl3,38,22,6,2,46,28,10,6,242,158,192,226,234,-8,-6,-4,-4
20842,Vcp,35,14,2,2,32,13,6,1,242,175,215,234,239,3,1,-4,1
16647,Rrm1,37,18,2,2,56,33,6,3,242,149,191,234,237,-19,-15,-4,-1
16826,Sap30,46,23,3,2,45,24,7,1,242,151,195,232,239,1,-1,-4,1
16998,Sdhc,38,20,3,2,43,27,7,4,242,161,195,232,236,-5,-7,-4,-2
16817,Samt1d,5,5,2,2,11,11,6,5,242,226,226,234,235,-6,-6,-4,-3
17586,Slc25a53,42,23,2,0,70,31,6,3,242,130,188,234,239,-28,-8,-4,-3
15327,Prkar1a,34,16,3,3,31,15,7,2,242,177,211,232,237,3,1,-4,1
20450,Tvp23a,35,21,1,0,74,44,5,1,242,133,177,236,241,-39,-23,-4,-1
16810,Samd8,42,18,3,2,65,33,7,1,242,135,191,232,239,-23,-15,-4,1
21069,Vmn1r76,39,15,2,0,49,25,6,2,242,154,202,234,240,-10,-10,-4,-2
16172,Rfc1,30,13,2,2,71,41,6,0,242,141,188,234,240,-41,-28,-4,2
19251,Thsd7a,33,13,2,0,55,32,6,1,242,154,197,234,241,-22,-19,-4,-1
19254,Thumpd1,36,20,4,4,62,29,8,5,242,144,193,230,233,-26,-9,-4,-1
20453,Twf2,47,22,4,1,45,29,8,0,242,150,191,230,241,2,-7,-4,1
19023,Tcp11x2,17,10,0,0,28,16,4,0,242,197,216,238,242,-11,-6,-4,0
16079,Rcbtb2,26,13,4,2,69,33,8,2,242,147,196,230,238,-43,-20,-4,0
15631,Ptgdr,34,14,0,0,42,23,4,0,242,166,205,238,242,-8,-9,-4,0
16811,Samd9l,46,29,6,2,77,44,10,0,242,119,169,226,240,-31,-15,-4,2
20688,Upf2,38,17,2,2,35,18,6,2,242,169,207,234,238,3,-1,-4,0
21504,Xrcc3,36,20,1,0,54,27,5,0,242,152,195,236,242,-18,-7,-4,0
20353,Ttc22,16,6,2,0,54,26,6,5,242,172,210,234,237,-38,-20,-4,-5
14903,Plscr3,42,24,5,2,66,34,9,4,242,134,184,228,236,-24,-10,-4,-2
19454,Tmem150a,60,36,7,2,55,30,11,2,242,127,176,224,238,5,6,-4,0
16613,Rps3,38,17,4,2,40,21,8,4,242,164,204,230,236,-2,-4,-4,-2
18828,Tal1,49,24,2,2,43,24,6,0,242,150,194,234,240,6,0,-4,2
19468,Tmem165,45,20,4,2,53,35,8,1,242,144,187,230,239,-8,-15,-4,1
18660,Suv39h1,42,22,3,2,59,32,7,2,242,141,188,232,238,-17,-10,-4,0
17599,Slc27a1,40,25,2,2,64,37,6,1,242,138,180,234,239,-24,-12,-4,1
16628,Rps8,35,19,4,4,39,24,8,5,242,168,199,230,233,-4,-5,-4,-1
18661,Suv39h2,47,24,2,0,54,32,6,1,242,141,186,234,241,-7,-8,-4,-1
21140,Vmn2r30,28,17,1,0,45,36,5,3,242,169,189,236,239,-17,-19,-4,-3
14877,Plk5,40,18,2,1,44,27,6,4,242,158,197,234,237,-4,-9,-4,-3
18998,Tcf4,42,25,3,2,60,33,7,3,242,140,184,232,237,-18,-8,-4,-1
17990,Snca,65,41,9,0,56,42,13,3,242,121,159,220,239,9,-1,-4,-3
19483,Tmem178b,41,14,1,0,50,34,5,0,242,151,194,236,242,-9,-20,-4,0
16129,Reg3d,4,3,1,0,14,12,5,3,242,224,227,236,239,-10,-9,-4,-3
19258,Thyn1,40,22,4,3,30,17,8,4,242,172,203,230,235,10,5,-4,-1
20220,Trnau1ap,36,20,3,3,34,18,7,2,242,172,204,232,237,2,2,-4,1
18451,St6galnac4,49,27,4,0,72,32,8,5,242,121,183,230,237,-23,-5,-4,-5
20217,Trmt61a,47,26,2,0,45,27,6,2,242,150,189,234,240,2,-1,-4,-2
16822,Sap130,32,15,2,2,53,28,6,3,242,157,199,234,237,-21,-13,-4,-1
17011,Sec11a,39,25,4,2,34,21,8,4,242,169,196,230,236,5,4,-4,-2
19259,Tia1,34,15,2,1,62,32,6,2,242,146,195,234,239,-28,-17,-4,-1
17012,Sec11c,44,20,2,2,25,12,6,1,242,173,210,234,239,19,8,-4,1
17985,Snapc2,33,17,2,2,54,24,6,1,242,155,201,234,239,-21,-7,-4,1
16623,Rps6kb1,39,27,3,2,44,24,7,3,242,159,191,232,237,-5,3,-4,-1
21822,Zfp444,52,22,5,4,53,32,9,3,242,137,188,228,235,-1,-10,-4,1
18662,Suz12,33,18,2,2,59,34,6,3,242,150,190,234,237,-26,-16,-4,-1
21286,Vwa5b2,38,23,3,3,45,29,7,3,242,159,190,232,236,-7,-6,-4,0
17441,Slc10a4-ps,31,17,4,1,47,39,8,5,242,164,186,230,236,-16,-22,-4,-4
21282,Vwa3a,39,22,5,2,61,42,9,6,242,142,178,228,234,-22,-20,-4,-4
21924,Zfp668,47,27,2,0,61,35,6,2,242,134,180,234,240,-14,-8,-4,-2
20697,Upp1,53,39,5,3,57,34,9,1,242,132,169,228,238,-4,5,-4,2
20540,Ube2l3,26,14,4,4,56,27,8,2,242,160,201,230,236,-30,-13,-4,2
16153,Resp18,33,27,12,5,40,37,16,4,242,169,178,214,233,-7,-10,-4,1
18215,Speg,48,29,9,2,59,39,13,5,242,135,174,220,235,-11,-10,-4,-3
20536,Ube2i,31,17,3,2,39,21,7,1,242,172,204,232,239,-8,-4,-4,1
14883,Plp1,52,31,3,0,63,34,7,2,242,127,177,232,240,-11,-3,-4,-2
21100,Vmn2r107,17,7,0,0,48,21,4,0,242,177,214,238,242,-31,-14,-4,0
20344,Ttc1,43,20,4,3,34,20,8,1,242,165,202,230,238,9,0,-4,2
19478,Tmem175,21,11,3,2,82,44,7,2,242,139,187,232,238,-61,-33,-4,0
14882,Plod3,51,26,3,2,30,20,7,1,242,161,196,232,239,21,6,-4,1
19759,Tns1,36,20,4,2,62,37,8,1,242,144,185,230,239,-26,-17,-4,1
21285,Vwa5b1,13,5,1,0,21,13,5,4,242,208,224,236,238,-8,-8,-4,-4
21832,Zfp459,44,24,3,0,74,39,7,2,242,124,179,232,240,-30,-15,-4,-2
16173,Rfc2,39,17,3,2,58,28,7,3,242,145,197,232,237,-19,-11,-4,-1
19236,Thoc1,25,16,4,2,53,31,8,3,242,164,195,230,237,-28,-15,-4,-1
21797,Zfp385a,43,25,4,1,62,40,8,2,242,137,177,230,239,-19,-15,-4,-1
21272,Vstm5,44,28,6,0,55,41,10,3,242,143,173,226,239,-11,-13,-4,-3
20343,Ttbk2,29,11,2,2,58,30,6,1,242,155,201,234,239,-29,-19,-4,1
21265,Vsig8,30,18,1,0,66,41,5,0,242,146,183,236,242,-36,-23,-4,0
16800,Samd11,58,37,5,0,58,34,9,1,242,126,171,228,241,0,3,-4,-1
16201,Rgl2,35,14,3,3,51,24,7,2,242,156,204,232,237,-16,-10,-4,1
20960,Vmn1r203,38,12,1,1,31,17,5,1,242,173,213,236,240,7,-5,-4,0
18826,Tagln2,59,31,5,3,36,22,9,2,242,147,189,228,237,23,9,-4,1
20206,Trmt10c,54,28,3,2,24,15,7,4,242,164,199,232,236,30,13,-4,-2
17240,Sfxn1,35,24,3,2,54,31,7,3,242,153,187,232,237,-19,-7,-4,-1
15436,Prps1l3,34,19,3,3,54,25,7,4,242,154,198,232,235,-20,-6,-4,-1
20211,Trmt1l,78,44,4,2,29,20,8,3,242,135,178,230,237,49,24,-4,-1
14934,Pmpcb,21,11,3,2,45,27,7,5,242,176,204,232,235,-24,-16,-4,-3
20550,Ube2t,46,28,6,1,65,46,10,3,242,131,168,226,238,-19,-18,-4,-2
20445,Tusc1,34,14,3,2,72,40,7,1,242,136,188,232,239,-38,-26,-4,1
16662,Rsad1,38,14,2,0,50,25,6,0,242,154,203,234,242,-12,-11,-4,0
18657,Susd4,40,25,4,0,54,26,8,2,242,148,191,230,240,-14,-1,-4,-2
17024,Sec23a,37,12,2,2,58,31,6,3,242,147,199,234,237,-21,-19,-4,-1
19049,Tdrd5,33,14,3,0,42,25,7,3,242,167,203,232,239,-9,-11,-4,-3
17583,Slc25a48,53,33,4,2,58,33,8,0,242,131,176,230,240,-5,0,-4,2
21525,Yeats2,36,15,3,2,60,40,7,2,242,146,187,232,238,-24,-25,-4,0
17746,Slc5a12,29,12,3,2,48,32,7,2,242,165,198,232,238,-19,-20,-4,0
16667,Rsf1,37,21,3,2,59,28,7,1,242,146,193,232,239,-22,-7,-4,1
20193,Trip10,74,39,2,2,36,20,6,2,242,132,183,234,238,38,19,-4,0
15316,Prima1,36,23,9,4,50,33,13,8,242,156,186,220,230,-14,-10,-4,-4
16963,Scpep1,41,27,2,2,45,32,6,2,242,156,183,234,238,-4,-5,-4,0
18619,Sult2a3,7,5,1,0,22,21,5,3,242,213,216,236,239,-15,-16,-4,-3
17575,Slc25a40,38,21,4,3,69,35,8,3,242,135,186,230,236,-31,-14,-4,0
19512,Tmem205,29,17,8,5,54,31,12,5,242,159,194,222,232,-25,-14,-4,0
14939,Pnisr,36,15,4,2,51,24,8,3,242,155,203,230,237,-15,-9,-4,-1
16967,Scrn2,33,22,5,2,56,30,9,3,242,153,190,228,237,-23,-8,-4,-1
20197,Trip4,32,16,2,2,54,24,6,3,242,156,202,234,237,-22,-8,-4,-1
21135,Vmn2r26,37,13,1,0,55,29,5,1,242,150,200,236,241,-18,-16,-4,-1
17933,Smim43,40,22,0,0,47,27,4,0,242,155,193,238,242,-7,-5,-4,0
16203,Rgma,47,22,3,0,65,39,7,0,242,130,181,232,242,-18,-17,-4,0
18019,Snrpe,33,14,4,3,39,20,8,5,242,170,208,230,234,-6,-6,-4,-2
20279,Tsen34,36,17,3,2,42,27,7,2,242,164,198,232,238,-6,-10,-4,0
20546,Ube2q2,27,13,4,2,58,29,8,2,242,157,200,230,238,-31,-16,-4,0
18170,Spata31d1b,11,3,0,0,20,11,4,3,242,211,228,238,239,-9,-8,-4,-3
21915,Zfp652,32,19,2,2,61,36,6,1,242,149,187,234,239,-29,-17,-4,1
16070,Rbpms2,51,32,7,3,53,26,11,5,242,138,184,224,234,-2,6,-4,-2
20964,Vmn1r207,41,23,2,0,56,29,6,2,242,145,190,234,240,-15,-6,-4,-2
15441,Prr12,41,19,3,1,66,38,7,1,242,135,185,232,240,-25,-19,-4,0
16179,Rfk,39,20,4,3,42,24,8,3,242,161,198,230,236,-3,-4,-4,0
14915,Plxnb2,40,16,2,2,43,23,6,0,242,159,203,234,240,-3,-7,-4,2
21228,Vps25,34,23,3,2,52,25,7,3,242,156,194,232,237,-18,-2,-4,-1
17946,Smok2b,31,20,0,0,33,23,4,0,242,178,199,238,242,-2,-3,-4,0
18425,Ssu72,40,21,3,3,39,22,7,4,242,163,199,232,235,1,-1,-4,-1
17947,Smok3a,19,11,1,0,33,23,5,3,242,190,208,236,239,-14,-12,-4,-3
16194,Rfx6,4,2,1,0,15,9,5,4,242,223,231,236,238,-11,-7,-4,-4
21804,Zfp398,30,12,2,0,68,42,6,3,242,144,188,234,239,-38,-30,-4,-3
20474,Txnl1,46,21,5,3,30,17,9,3,242,166,204,228,236,16,4,-4,0
18221,Spg11,29,13,2,2,53,26,6,0,242,160,203,234,240,-24,-13,-4,2
19031,Tdg,43,25,4,4,62,29,8,6,242,137,188,230,232,-19,-4,-4,-2
14911,Plxna2,43,21,4,1,48,22,8,4,242,151,199,230,237,-5,-1,-4,-3
17132,Serpina3a,38,33,6,2,26,23,10,0,242,178,186,226,240,12,10,-4,2
18219,Spertl,5,4,1,0,13,10,5,3,242,224,228,236,239,-8,-6,-4,-3
17738,Slc50a1,36,25,5,2,51,29,9,5,242,155,188,228,235,-15,-4,-4,-3
21927,Zfp68,40,16,5,3,46,25,9,6,242,156,201,228,233,-6,-9,-4,-3
18227,Sphkap,22,11,3,0,39,23,7,5,242,181,208,232,237,-17,-12,-4,-5
16803,Samd14,61,34,2,0,45,22,6,1,242,136,186,234,241,16,12,-4,-1
17939,Smlr1,18,13,8,5,37,26,12,3,242,187,203,222,234,-19,-13,-4,2
17940,Smn1,40,21,7,5,47,27,11,7,242,155,194,224,230,-7,-6,-4,-2
16421,Rnf180,33,20,1,1,43,30,5,0,242,166,192,236,241,-10,-10,-4,1
16187,Rftn2,66,39,4,0,53,36,8,2,242,123,167,230,240,13,3,-4,-2
20545,Ube2q1,22,12,2,2,56,24,6,1,242,164,206,234,239,-34,-12,-4,1
14929,Pmm1,52,25,2,2,40,21,6,2,242,150,196,234,238,12,4,-4,0
17577,Slc25a42,37,16,2,2,62,39,6,0,242,143,187,234,240,-25,-23,-4,2
17303,Sh3rf2,30,13,0,0,53,21,4,2,242,159,208,238,240,-23,-8,-4,-2
16659,Rrp9,50,22,2,2,34,17,6,3,242,158,203,234,237,16,5,-4,-1
21028,Vmn1r39,57,42,8,2,53,35,12,6,242,132,165,222,234,4,7,-4,-4
21803,Zfp397,45,20,4,2,48,28,8,3,242,149,194,230,237,-3,-8,-4,-1
21935,Zfp697,44,26,6,2,73,50,10,4,242,125,166,226,236,-29,-24,-4,-2
19507,Tmem200c,22,11,2,0,30,19,6,1,242,190,212,234,241,-8,-8,-4,-1
16604,Rps24,41,19,5,4,37,17,9,4,242,164,206,228,234,4,2,-4,0
22176,Zrsr2,53,32,6,3,41,27,10,3,242,148,183,226,236,12,5,-4,0
17862,Smad1,48,23,3,2,62,32,7,2,242,132,187,232,238,-14,-9,-4,0
18915,Tbc1d20,42,18,4,3,47,28,8,2,242,153,196,230,237,-5,-10,-4,1
15035,Polr3h,34,16,2,2,52,31,6,3,242,156,195,234,237,-18,-15,-4,-1
18963,Tbx4,32,15,1,0,50,30,5,4,242,160,197,236,238,-18,-15,-4,-4
16781,S1pr5,53,28,0,0,58,34,4,1,242,131,180,238,241,-5,-6,-4,-1
19342,Tlr3,56,37,12,4,81,56,16,11,242,105,149,214,227,-25,-19,-4,-7
15838,Rab3ip,39,20,2,2,47,30,6,3,242,156,192,234,237,-8,-10,-4,-1
22013,Zfp874a,67,34,6,2,48,28,10,4,242,127,180,226,236,19,6,-4,-2
20562,Ubiad1,25,12,2,2,71,32,6,1,242,146,198,234,239,-46,-20,-4,1
18538,Stmn3,28,17,4,2,47,33,8,4,242,167,192,230,236,-19,-16,-4,-2
15398,Prodh,42,31,7,2,54,27,11,2,242,146,184,224,238,-12,4,-4,0
16315,Rimkla,28,10,1,1,34,20,5,3,242,180,212,236,238,-6,-10,-4,-2
16520,Rpl13a,44,21,4,4,32,16,8,3,242,166,205,230,235,12,5,-4,1
21601,Zbtb46,44,21,3,0,54,34,7,5,242,144,187,232,237,-10,-13,-4,-5
20584,Ubr5,29,17,3,3,53,29,7,3,242,160,196,232,236,-24,-12,-4,0
20810,V1ra8,50,29,1,0,47,31,5,1,242,145,182,236,241,3,-2,-4,-1
19636,Tmem9,42,22,3,3,52,29,7,1,242,148,191,232,238,-10,-7,-4,2
22010,Zfp871,43,25,4,2,63,35,8,1,242,136,182,230,239,-20,-10,-4,1
20372,Ttc39b,34,21,2,1,51,30,6,2,242,157,191,234,239,-17,-9,-4,-1
22087,Zfp993,47,26,9,4,66,44,13,7,242,129,172,220,231,-19,-18,-4,-3
16742,Rwdd2b,33,11,3,2,67,42,7,6,242,142,189,232,234,-34,-31,-4,-4
17709,Slc43a2,38,19,4,2,80,51,8,3,242,124,172,230,237,-42,-32,-4,-1
18936,Tbccd1,34,22,4,3,61,32,8,3,242,147,188,230,236,-27,-10,-4,0
18793,Tada3,48,23,3,2,50,28,7,2,242,144,191,232,238,-2,-5,-4,0
19162,Tfb1m,40,21,6,2,67,40,10,0,242,135,181,226,240,-27,-19,-4,2
16868,Scaf4,41,18,2,2,57,31,6,3,242,144,193,234,237,-16,-13,-4,-1
20296,Tsnax,39,20,3,2,39,25,7,4,242,164,197,232,236,0,-5,-4,-2
20327,Tsr1,40,22,2,2,44,26,6,1,242,158,194,234,239,-4,-4,-4,1
19338,Tlr11,12,6,0,0,16,8,4,4,242,214,228,238,238,-4,-2,-4,-4
22069,Zfp975,44,25,9,2,61,41,13,1,242,137,176,220,239,-17,-16,-4,1
16358,Rmnd5b,33,16,2,2,61,36,6,2,242,148,190,234,238,-28,-20,-4,0
16751,Rxrg,43,16,1,0,50,26,5,1,242,149,200,236,241,-7,-10,-4,-1
19651,Tmod4,64,43,7,4,58,36,11,5,242,120,163,224,233,6,7,-4,-1
20003,Trav6-7-dv9,8,6,5,3,11,10,9,3,242,223,226,228,236,-3,-4,-4,0
21897,Zfp619,40,20,2,0,56,34,6,1,242,146,188,234,241,-16,-14,-4,-1
16514,Rpl10-ps3,35,29,18,11,35,26,22,12,242,172,187,202,219,0,3,-4,-1
21660,Zdhhc17,23,13,3,2,68,39,7,2,242,151,190,232,238,-45,-26,-4,0
19649,Tmod2,43,25,3,0,55,26,7,1,242,144,191,232,241,-12,-1,-4,-1
19814,Tpd52l2,48,28,3,2,30,16,7,3,242,164,198,232,237,18,12,-4,-1
20749,Usp22,39,21,5,2,62,41,9,5,242,141,180,228,235,-23,-20,-4,-3
18358,Srp14,32,14,2,2,35,20,6,2,242,175,208,234,238,-3,-6,-4,0
17808,Slc9a8,20,11,2,2,75,38,6,4,242,147,193,234,236,-55,-27,-4,-2
19344,Tlr5,36,15,0,0,44,24,4,0,242,162,203,238,242,-8,-9,-4,0
21115,Vmn2r121,22,7,0,0,31,19,4,0,242,189,216,238,242,-9,-12,-4,0
15142,Ppp1r13l,73,38,6,0,32,20,10,4,242,137,184,226,238,41,18,-4,-4
20663,Unc119b,50,27,3,3,42,22,7,3,242,150,193,232,236,8,5,-4,0
16464,Rnft1,26,13,4,2,60,32,8,3,242,156,197,230,237,-34,-19,-4,-1
16304,Ric8a,32,13,2,2,51,25,6,4,242,159,204,234,236,-19,-12,-4,-2
17369,Sik2,44,21,2,2,50,27,6,2,242,148,194,234,238,-6,-6,-4,0
16533,Rpl26,35,18,5,3,36,20,9,4,242,171,204,228,235,-1,-2,-4,-1
19616,Tmem68,40,20,4,2,47,27,8,4,242,155,195,230,236,-7,-7,-4,-2
15858,Rabac1,23,9,4,3,36,23,8,2,242,183,210,230,237,-13,-14,-4,1
18901,Taz,33,22,5,3,68,33,9,2,242,141,187,228,237,-35,-11,-4,1
17372,Sil1,31,17,4,3,50,27,8,4,242,161,198,230,235,-19,-10,-4,-1
15535,Psen1,31,19,3,2,40,22,7,2,242,171,201,232,238,-9,-3,-4,0
19615,Tmem67,39,18,4,1,61,35,8,4,242,142,189,230,237,-22,-17,-4,-3
19211,Thada,21,13,2,0,60,35,6,0,242,161,194,234,242,-39,-22,-4,0
18641,Suox,38,18,3,2,65,40,7,1,242,139,184,232,239,-27,-22,-4,1
19834,Tpra1,41,25,5,2,59,36,9,1,242,142,181,228,239,-18,-11,-4,1
15732,Pvrig,47,36,7,1,61,50,11,3,242,134,156,224,238,-14,-14,-4,-2
19357,Tm4sf20,33,26,3,2,39,32,7,1,242,170,184,232,239,-6,-6,-4,1
18723,Synj2bp,30,15,4,3,59,27,8,1,242,153,200,230,238,-29,-12,-4,2
21740,Zfp26,38,18,4,1,61,41,8,2,242,143,183,230,239,-23,-23,-4,-1
19822,Tpm2,60,33,5,3,53,40,9,4,242,129,169,228,235,7,-7,-4,-1
18056,Snx33,54,28,5,1,60,41,9,2,242,128,173,228,239,-6,-13,-4,-1
19823,Tpm3,43,22,2,2,49,29,6,3,242,150,191,234,237,-6,-7,-4,-1
19297,Timp4,33,16,0,0,47,28,4,3,242,162,198,238,239,-14,-12,-4,-3
17109,Serac1,42,15,2,0,65,33,6,2,242,135,194,234,240,-23,-18,-4,-2
21184,Vmn2r73,25,6,0,0,38,22,4,1,242,179,214,238,241,-13,-16,-4,-1
21420,Wmp,0,0,0,0,7,6,4,2,242,235,236,238,240,-7,-6,-4,-2
18938,Tbce,29,15,4,2,56,31,8,4,242,157,196,230,236,-27,-16,-4,-2
20932,Vmn1r175,44,23,3,0,43,24,7,0,242,155,195,232,242,1,-1,-4,0
18905,Tbc1d10b,42,22,2,2,53,29,6,2,242,147,191,234,238,-11,-7,-4,0
19781,Tomm7,34,13,3,3,53,32,7,4,242,155,197,232,235,-19,-19,-4,-1
18725,Synpo,39,16,2,2,63,33,6,1,242,140,193,234,239,-24,-17,-4,1
21345,Wdr43,35,19,3,3,52,28,7,3,242,155,195,232,236,-17,-9,-4,0
15851,Rab6b,52,32,2,2,43,31,6,1,242,147,179,234,239,9,1,-4,1
16530,Rpl23,37,21,3,3,36,25,7,2,242,169,196,232,237,1,-4,-4,1
21394,Wfdc15a,22,19,14,4,26,23,18,7,242,194,200,210,231,-4,-4,-4,-3
16308,Rif1,57,37,5,2,53,24,9,4,242,132,181,228,236,4,13,-4,-2
19209,Th,30,17,3,2,31,26,7,1,242,181,199,232,239,-1,-9,-4,1
17383,Sirpa,50,26,4,3,73,38,8,0,242,119,178,230,239,-23,-12,-4,3
15815,Rab28,36,27,3,2,51,25,7,3,242,155,190,232,237,-15,2,-4,-1
15245,Pramel33,25,15,4,0,33,23,8,4,242,184,204,230,238,-8,-8,-4,-4
15780,Qsox2,30,18,2,2,65,35,6,2,242,147,189,234,238,-35,-17,-4,0
17488,Slc17a7,70,44,0,0,41,24,4,1,242,131,174,238,241,29,20,-4,-1
21120,Vmn2r13,39,12,0,0,36,20,4,0,242,167,210,238,242,3,-8,-4,0
16766,S100a4,62,43,19,10,73,49,23,15,242,107,150,200,217,-11,-6,-4,-5
17495,Slc19a1,42,28,3,2,60,30,7,3,242,140,184,232,237,-18,-2,-4,-1
21328,Wdr18,28,13,2,2,49,26,6,3,242,165,203,234,237,-21,-13,-4,-1
21077,Vmn1r83,54,31,3,0,46,31,7,1,242,142,180,232,241,8,0,-4,-1
18301,Sprr2i,2,1,1,1,8,7,5,1,242,232,234,236,240,-6,-6,-4,0
20392,Ttll10,26,15,3,1,59,32,7,0,242,157,195,232,241,-33,-17,-4,1
15775,Qrich1,24,10,2,2,66,39,6,1,242,152,193,234,239,-42,-29,-4,1
22050,Zfp957,37,14,1,0,41,14,5,2,242,164,214,236,240,-4,0,-4,-2
21325,Wdr12,26,15,4,1,60,36,8,2,242,156,191,230,239,-34,-21,-4,-1
21634,Zc3hc1,29,14,3,2,44,21,7,0,242,169,207,232,240,-15,-7,-4,2
17780,Slc7a10,46,31,5,0,52,25,9,5,242,144,186,228,237,-6,6,-4,-5
19321,Tlcd5,43,27,7,2,54,38,11,6,242,145,177,224,234,-11,-11,-4,-4
19956,Trav13-4-dv7,14,13,11,6,18,17,15,12,242,210,212,216,224,-4,-4,-4,-6
22036,Zfp944,42,24,4,2,53,38,8,2,242,147,180,230,238,-11,-14,-4,0
21636,Zcchc10,39,22,5,3,51,26,9,4,242,152,194,228,235,-12,-4,-4,-1
17400,Six4,57,27,1,0,61,38,5,0,242,124,177,236,242,-4,-11,-4,0
16763,S100a16,43,29,5,2,51,31,9,5,242,148,182,228,235,-8,-2,-4,-3
20657,Ulk4,35,20,3,0,49,28,7,0,242,158,194,232,242,-14,-8,-4,0
16876,Scand1,35,18,4,2,43,25,8,0,242,164,199,230,240,-8,-7,-4,2
15370,Prl7c1,7,4,0,0,25,25,4,2,242,210,213,238,240,-18,-21,-4,-2
19198,Tgm1,46,30,7,2,67,41,11,4,242,129,171,224,236,-21,-11,-4,-2
16350,Rmc1,44,25,4,2,40,22,8,6,242,158,195,230,234,4,3,-4,-4
18349,Srfbp1,41,20,3,3,39,23,7,4,242,162,199,232,235,2,-3,-4,-1
19308,Tjp2,33,14,3,3,48,26,7,4,242,161,202,232,235,-15,-12,-4,-1
19798,Tor1b,27,13,3,2,62,34,7,3,242,153,195,232,237,-35,-21,-4,-1
15772,Qrfp,39,19,2,0,54,33,6,2,242,149,190,234,240,-15,-14,-4,-2
15374,Prl8a6,7,6,0,0,5,4,4,2,242,230,232,238,240,2,2,-4,-2
18602,Suco,31,16,4,2,65,44,8,3,242,146,182,230,237,-34,-28,-4,-1
19684,Tmx2,49,28,4,2,44,24,8,4,242,149,190,230,236,5,4,-4,-2
20388,Tti2,24,10,2,1,59,31,6,1,242,159,201,234,240,-35,-21,-4,0
22038,Zfp946,46,29,5,2,48,26,9,3,242,148,187,228,237,-2,3,-4,-1
22045,Zfp953,20,9,3,0,82,47,7,2,242,140,186,232,240,-62,-38,-4,-2
15773,Qrfpr,27,20,1,1,31,23,5,4,242,184,199,236,237,-4,-3,-4,-3
16347,Rlim,39,19,2,2,39,23,6,2,242,164,200,234,238,0,-4,-4,0
17792,Slc7a7,36,19,4,2,67,38,8,4,242,139,185,230,236,-31,-19,-4,-2
19306,Tjap1,38,16,2,2,56,35,6,3,242,148,191,234,237,-18,-19,-4,-1
20261,Trpv4,49,26,3,2,68,36,7,2,242,125,180,232,238,-19,-10,-4,0
19690,Tnfaip2,48,29,13,5,86,58,17,5,242,108,155,212,232,-38,-29,-4,0
17107,Septin8,54,33,3,2,48,26,7,1,242,140,183,232,239,6,7,-4,1
15184,Ppp2r2d,28,16,3,2,49,32,7,1,242,165,194,232,239,-21,-16,-4,1
19689,Tnfaip1,43,21,3,2,42,16,7,1,242,157,205,232,239,1,5,-4,1
18926,Tbc1d4,42,28,7,4,65,43,11,0,242,135,171,224,238,-23,-15,-4,4
20012,Trav7-2,4,4,4,1,10,9,8,4,242,228,229,230,237,-6,-5,-4,-3
15805,Rab1b,27,13,2,2,60,28,6,3,242,155,201,234,237,-33,-15,-4,-1
22019,Zfp91,19,11,4,2,60,29,8,5,242,163,202,230,235,-41,-18,-4,-3
18930,Tbc1d8b,39,27,4,3,50,23,8,2,242,153,192,230,237,-11,4,-4,1
16495,Rp9,31,23,4,4,49,32,8,4,242,162,187,230,234,-18,-9,-4,0
16327,Riok1,29,15,2,1,65,34,6,3,242,148,193,234,238,-36,-19,-4,-2
15808,Rab22a,33,20,4,3,53,30,8,4,242,156,192,230,235,-20,-10,-4,-1
20761,Usp34,29,15,4,2,70,39,8,0,242,143,188,230,240,-41,-24,-4,2
21250,Vps52,27,13,2,2,38,21,6,1,242,177,208,234,239,-11,-8,-4,1
15172,Ppp1r42,53,48,13,2,58,44,17,5,242,131,150,212,235,-5,4,-4,-3
16324,Ring1,34,11,2,2,45,22,6,1,242,163,209,234,239,-11,-11,-4,1
18909,Tbc1d14,24,10,2,2,71,49,6,3,242,147,183,234,237,-47,-39,-4,-1
21619,Zc3h12b,36,19,2,0,51,22,6,2,242,155,201,234,240,-15,-3,-4,-2
15383,Prmt1,40,23,5,4,57,37,9,4,242,145,182,228,234,-17,-14,-4,0
21642,Zcchc2,66,38,8,2,45,34,12,2,242,131,170,222,238,21,4,-4,0
18506,Stfa3,11,9,7,2,16,15,11,6,242,215,218,224,234,-5,-6,-4,-4
15785,R3hdm1,32,21,5,2,50,32,9,3,242,160,189,228,237,-18,-11,-4,-1
15787,R3hdm4,38,25,4,2,44,20,8,3,242,160,197,230,237,-6,5,-4,-1
18918,Tbc1d22b,25,10,2,2,67,37,6,0,242,150,195,234,240,-42,-27,-4,2
21208,Vmn2r95,33,11,0,0,35,18,4,0,242,174,213,238,242,-2,-7,-4,0
15197,Ppp3r2,18,9,0,0,18,13,4,4,242,206,220,238,238,0,-4,-4,-4
19685,Tmx3,33,20,6,2,64,37,10,4,242,145,185,226,236,-31,-17,-4,-2
19187,Tgfb3,51,25,5,0,59,39,9,0,242,132,178,228,242,-8,-14,-4,0
15195,Ppp3cc,38,15,5,4,64,33,9,1,242,140,194,228,237,-26,-18,-4,3
20156,Trim42,3,0,0,0,13,6,4,3,242,226,236,238,239,-10,-6,-4,-3
20803,Uts2b,18,17,7,1,34,31,11,7,242,190,194,224,234,-16,-14,-4,-6
20485,Tyrobp,36,32,10,4,42,27,14,9,242,164,183,218,229,-6,5,-4,-5
15796,Rab11fip5,29,10,2,2,63,32,6,1,242,150,200,234,239,-34,-22,-4,1
16491,Ros1,25,12,2,2,21,10,6,1,242,196,220,234,239,4,2,-4,1
16492,Rp1,13,5,0,0,24,14,4,4,242,205,223,238,238,-11,-9,-4,-4
18346,Srek1,35,18,3,2,44,20,7,2,242,163,204,232,238,-9,-2,-4,0
22021,Zfp93,25,10,4,2,81,50,8,1,242,136,182,230,239,-56,-40,-4,1
21427,Wnt10b,52,25,2,0,54,34,6,1,242,136,183,234,241,-2,-9,-4,-1
20402,Ttll8,33,12,3,2,48,30,7,3,242,161,200,232,237,-15,-18,-4,-1
15864,Rabgef1,56,26,2,2,52,26,6,4,242,134,190,234,236,4,0,-4,-2
15703,Ptprt,19,7,0,0,28,16,4,1,242,195,219,238,241,-9,-9,-4,-1
18147,Spag7,36,17,3,2,57,31,7,1,242,149,194,232,239,-21,-14,-4,1
20872,Vkorc1,45,23,4,2,45,28,8,3,242,152,191,230,237,0,-5,-4,-1
19384,Tmcc2,49,18,1,0,55,25,5,1,242,138,199,236,241,-6,-7,-4,-1
15571,Psmb9,40,30,9,2,77,50,13,2,242,125,162,220,238,-37,-20,-4,0
15074,Pou4f2,16,11,1,0,31,21,5,0,242,195,210,236,242,-15,-10,-4,0
15073,Pou4f1,17,6,0,0,69,36,4,0,242,156,200,238,242,-52,-30,-4,0
17649,Slc35b3,39,16,4,2,64,31,8,2,242,139,195,230,238,-25,-15,-4,0
21381,Wdr92,35,18,2,2,48,26,6,0,242,159,198,234,240,-13,-8,-4,2
16558,Rpl5,37,17,3,3,32,17,7,1,242,173,208,232,238,5,0,-4,2
20500,Uba2,31,18,2,2,60,31,6,2,242,151,193,234,238,-29,-13,-4,0
21445,Wrap73,29,13,3,1,54,26,7,3,242,159,203,232,238,-25,-13,-4,-2
22122,Zkscan1,36,19,2,2,62,36,6,2,242,144,187,234,238,-26,-17,-4,0
21568,Zbed3,49,29,3,2,61,39,7,6,242,132,174,232,234,-12,-10,-4,-4
20727,Ush1g,24,10,1,0,41,23,5,2,242,177,209,236,240,-17,-13,-4,-2
18486,Stard9,36,12,0,0,55,31,4,1,242,151,199,238,241,-19,-19,-4,-1
18043,Snx19,23,12,2,2,63,27,6,1,242,156,203,234,239,-40,-15,-4,1
17267,Sgsm3,31,19,5,3,70,35,9,1,242,141,188,228,238,-39,-16,-4,2
18806,Taf4,47,23,2,2,51,30,6,1,242,144,189,234,239,-4,-7,-4,1
19113,Tet2,42,27,5,2,53,28,9,0,242,147,187,228,240,-11,-1,-4,2
18847,Tarbp2,28,15,3,3,67,37,7,1,242,147,190,232,238,-39,-22,-4,2
16385,Rnf113a1,37,25,5,1,71,39,9,3,242,134,178,228,238,-34,-14,-4,-2
21382,Wdr93,42,26,1,1,62,32,5,3,242,138,184,236,238,-20,-6,-4,-2
19582,Tmem35b,28,11,2,2,54,31,6,2,242,160,200,234,238,-26,-20,-4,0
15932,Rangrf,41,21,12,6,64,45,16,10,242,137,176,214,226,-23,-24,-4,-4
16920,Scgb2b19,3,3,1,0,9,8,5,2,242,230,231,236,240,-6,-5,-4,-2
20083,Trdv2-1,6,6,5,5,10,10,9,6,242,226,226,228,231,-4,-4,-4,-1
20466,Txndc15,36,21,4,2,40,26,8,3,242,166,195,230,237,-4,-5,-4,-1
21036,Vmn1r46,27,10,1,0,42,20,5,0,242,173,212,236,242,-15,-10,-4,0
21673,Zdhhc6,35,16,3,2,51,23,7,5,242,156,203,232,235,-16,-7,-4,-3
15935,Rap1gap,44,21,2,2,51,31,6,1,242,147,190,234,239,-7,-10,-4,1
20242,Trpc4ap,26,13,3,2,46,19,7,3,242,170,210,232,237,-20,-6,-4,-1
15936,Rap1gap2,42,24,5,3,69,47,9,3,242,131,171,228,236,-27,-23,-4,0
20122,Trim11,33,15,2,2,71,42,6,0,242,138,185,234,240,-38,-27,-4,2
21128,Vmn2r2,13,3,0,0,15,10,4,0,242,214,229,238,242,-2,-7,-4,0
18587,Stxbp1,40,18,2,0,53,31,6,2,242,149,193,234,240,-13,-13,-4,-2
15276,Prdm11,34,14,1,0,73,40,5,3,242,135,188,236,239,-39,-26,-4,-3
20234,Trp53tg5,36,26,4,1,36,28,8,4,242,170,188,230,237,0,-2,-4,-3
19218,Thap7,31,10,2,2,75,46,6,0,242,136,186,234,240,-44,-36,-4,2
15926,Ranbp2,26,12,2,2,45,26,6,2,242,171,204,234,238,-19,-14,-4,0
17853,Slu7,38,22,3,2,43,17,7,3,242,161,203,232,237,-5,5,-4,-1
17333,Shisal1,27,17,2,1,37,19,6,1,242,178,206,234,240,-10,-2,-4,0
16561,Rpl7a,32,13,4,4,41,24,8,3,242,169,205,230,235,-9,-11,-4,1
15585,Psmd2,38,18,2,2,35,16,6,1,242,169,208,234,239,3,2,-4,1
21091,Vmn2r1,31,16,0,0,44,23,4,1,242,167,203,238,241,-13,-7,-4,-1
19566,Tmem263,44,19,4,3,56,31,8,3,242,142,192,230,236,-12,-12,-4,0
16933,Scimp,47,41,16,4,49,41,20,3,242,146,160,206,235,-2,0,-4,1
17209,Sez6l,26,14,0,0,31,18,4,1,242,185,210,238,241,-5,-4,-4,-1
21951,Zfp735,2,0,0,0,7,6,4,3,242,233,236,238,239,-5,-6,-4,-3
15581,Psmd11,35,13,3,3,39,18,7,1,242,168,211,232,238,-4,-5,-4,2
16563,Rpl8,28,15,4,3,36,23,8,3,242,178,204,230,236,-8,-8,-4,0
17551,Slc25a19,40,19,4,3,51,29,8,0,242,151,194,230,239,-11,-10,-4,3
17856,Slx,4,3,1,0,7,7,5,4,242,231,232,236,238,-3,-4,-4,-4
19562,Tmem259,21,8,2,2,45,18,6,1,242,176,216,234,239,-24,-10,-4,1
22137,Zmat5,33,15,3,2,39,18,7,0,242,170,209,232,240,-6,-3,-4,2
18391,Srsy,12,7,2,1,17,14,6,4,242,213,221,234,237,-5,-7,-4,-3
17715,Slc44a5,26,10,1,0,38,23,5,5,242,178,209,236,237,-12,-13,-4,-5
21682,Zfand2b,40,25,5,3,50,24,9,4,242,152,193,228,235,-10,1,-4,-1
20725,Usf3,32,16,4,2,74,47,8,5,242,136,179,230,235,-42,-31,-4,-3
21380,Wdr91,49,29,5,0,58,35,9,4,242,135,178,228,238,-9,-6,-4,-4
20672,Unc5b,39,23,2,0,66,32,6,1,242,137,187,234,241,-27,-9,-4,-1
17646,Slc35a5,35,24,10,6,62,41,14,5,242,145,177,218,231,-27,-17,-4,1
21165,Vmn2r55,37,19,1,0,53,34,5,2,242,152,189,236,240,-16,-15,-4,-2
18809,Taf5l,24,12,3,3,62,33,7,4,242,156,197,232,235,-38,-21,-4,-1
17755,Slc5a9,26,15,2,2,36,23,6,0,242,180,204,234,240,-10,-8,-4,2
16791,Safb,42,17,3,2,39,22,7,1,242,161,203,232,239,3,-5,-4,1
20801,Utrn,44,19,2,2,49,26,6,2,242,149,197,234,238,-5,-7,-4,0
21163,Vmn2r53,46,20,3,0,52,29,7,2,242,144,193,232,240,-6,-9,-4,-2
15576,Psmc4,37,22,2,2,29,15,6,3,242,176,205,234,237,8,7,-4,-1
15963,Rasal3,31,16,4,2,52,27,8,2,242,159,199,230,238,-21,-11,-4,0
15283,Prdm4,34,18,2,2,48,26,6,1,242,160,198,234,239,-14,-8,-4,1
15054,Pop7,34,18,3,2,67,33,7,5,242,141,191,232,235,-33,-15,-4,-3
21233,Vps29,33,17,4,3,42,26,8,6,242,167,199,230,233,-9,-9,-4,-3
15052,Pop4,38,19,2,2,69,44,6,1,242,135,179,234,239,-31,-25,-4,1
17336,Shkbp1,31,11,2,2,57,33,6,2,242,154,198,234,238,-26,-22,-4,0
20082,Trdv1,4,0,0,0,5,4,4,4,242,233,238,238,238,-1,-4,-4,-4
19862,Traf7,33,22,2,2,47,23,6,3,242,162,197,234,237,-14,-1,-4,-1
19938,Trappc9,25,10,3,2,45,28,7,2,242,172,204,232,238,-20,-18,-4,0
20519,Ube2a,40,14,4,3,33,17,8,5,242,169,211,230,234,7,-3,-4,-2
20501,Uba3,36,20,2,2,55,27,6,1,242,151,195,234,239,-19,-7,-4,1
17836,Slfn9,41,27,1,0,64,40,5,3,242,137,175,236,239,-23,-13,-4,-3
18714,Syne3,46,25,2,1,73,39,6,0,242,123,178,234,241,-27,-14,-4,1
15619,Ptcd3,27,18,3,2,45,22,7,3,242,170,202,232,237,-18,-4,-4,-1
15883,Rad50,37,21,2,1,46,23,6,1,242,159,198,234,240,-9,-2,-4,0
20938,Vmn1r180,34,16,0,0,49,26,4,1,242,159,200,238,241,-15,-10,-4,-1
18373,Srr,40,21,3,2,60,26,7,3,242,142,195,232,237,-20,-5,-4,-1
15521,Prune1,43,19,2,2,50,28,6,1,242,149,195,234,239,-7,-9,-4,1
15889,Rad51d,30,11,2,2,54,28,6,3,242,158,203,234,237,-24,-17,-4,-1
19141,Tex36,13,11,5,0,23,22,9,6,242,206,209,228,236,-10,-11,-4,-6
20281,Tsfm,35,16,2,2,51,26,6,2,242,156,200,234,238,-16,-10,-4,0
15124,Ppm1g,29,12,2,2,51,29,6,1,242,162,201,234,239,-22,-17,-4,1
15725,Pus10,28,10,2,2,68,41,6,3,242,146,191,234,237,-40,-31,-4,-1
18516,Stk16,33,16,2,2,41,21,6,0,242,168,205,234,240,-8,-5,-4,2
21755,Zfp281,37,21,4,2,39,23,8,0,242,166,198,230,240,-2,-2,-4,2
16724,Rufy1,27,10,2,2,48,27,6,1,242,167,205,234,239,-21,-17,-4,1
18801,Taf1b,26,18,3,2,72,37,7,4,242,144,187,232,236,-46,-19,-4,-2
15122,Ppm1e,30,13,1,0,52,37,5,1,242,160,192,236,241,-22,-24,-4,-1
18852,Tarsl2,40,24,3,2,51,32,7,4,242,151,186,232,236,-11,-8,-4,-2
15882,Rad23b,24,12,2,2,37,16,6,1,242,181,214,234,239,-13,-4,-4,1
20578,Ubqln5,2,0,0,0,7,4,4,3,242,233,238,238,239,-5,-4,-4,-3
20001,Trav6-4,1,0,0,0,5,5,4,1,242,236,237,238,241,-4,-5,-4,-1
17471,Slc16a12,24,10,2,2,48,27,6,2,242,170,205,234,238,-24,-17,-4,0
20369,Ttc37,32,17,3,2,45,24,7,1,242,165,201,232,239,-13,-7,-4,1
17367,Sigmar1,28,15,2,2,71,38,6,1,242,143,189,234,239,-43,-23,-4,1
19607,Tmem60,29,18,4,2,62,36,8,5,242,151,188,230,235,-33,-18,-4,-3
19959,Trav13d-2,14,13,9,7,13,13,13,7,242,215,216,220,228,1,0,-4,0
17528,Slc22a5,33,16,4,2,60,29,8,2,242,149,197,230,238,-27,-13,-4,0
18370,Srprb,38,23,4,3,40,25,8,3,242,164,194,230,236,-2,-2,-4,0
16537,Rpl29,34,19,5,3,37,20,9,3,242,171,203,228,236,-3,-1,-4,0
16298,Rhpn1,39,23,3,2,49,29,7,0,242,154,190,232,240,-10,-6,-4,2
16539,Rpl30,33,16,6,4,43,21,10,5,242,166,205,226,233,-10,-5,-4,-1
21432,Wnt3,35,22,1,0,35,17,5,1,242,172,203,236,241,0,5,-4,-1
19362,Tm7sf2,40,21,4,3,56,28,8,2,242,146,193,230,237,-16,-7,-4,1
19365,Tm9sf2,29,18,3,3,52,25,7,1,242,161,199,232,238,-23,-7,-4,2
20172,Trim6,64,35,6,1,58,35,10,3,242,120,172,226,238,6,0,-4,-2
17676,Slc37a4,45,24,3,2,55,20,7,3,242,142,198,232,237,-10,4,-4,-1
17062,Sell,44,33,7,3,55,41,11,4,242,143,168,224,235,-11,-8,-4,-1
20822,Vangl2,32,14,0,0,75,49,4,0,242,135,179,238,242,-43,-35,-4,0
16545,Rpl36,42,22,4,4,40,22,8,4,242,160,198,230,234,2,0,-4,0
19121,Tex13c1,5,3,0,0,7,5,4,3,242,230,234,238,239,-2,-2,-4,-3
15712,Pttg1ip,42,19,2,2,32,15,6,2,242,168,208,234,238,10,4,-4,0
16916,Scgb2b12,4,3,3,2,9,9,7,5,242,229,230,232,235,-5,-6,-4,-3
16383,Rnf111,35,15,4,2,52,33,8,1,242,155,194,230,239,-17,-18,-4,1
16288,Rhox4d,4,3,0,0,9,9,4,0,242,229,230,238,242,-5,-6,-4,0
17118,Serinc4,56,41,8,2,64,46,12,3,242,122,155,222,237,-8,-5,-4,-1
17660,Slc35f1,34,12,4,0,58,31,8,1,242,150,199,230,241,-24,-19,-4,-1
18142,Spag17,12,9,0,0,31,17,4,3,242,199,216,238,239,-19,-8,-4,-3
17840,Slit2,57,33,5,2,50,28,9,2,242,135,181,228,238,7,5,-4,0
22111,Zgrf1,39,18,2,1,61,36,6,1,242,142,188,234,240,-22,-18,-4,0
19849,Trabd,31,10,2,2,55,26,6,1,242,156,206,234,239,-24,-16,-4,1
17052,Selenoi,30,19,3,2,63,35,7,1,242,149,188,232,239,-33,-16,-4,1
16551,Rpl37a,32,14,3,3,45,24,7,4,242,165,204,232,235,-13,-10,-4,-1
20774,Usp47,27,14,2,2,47,26,6,1,242,168,202,234,239,-20,-12,-4,1
21442,Wnt9a,57,32,2,0,64,45,6,2,242,121,165,234,240,-7,-13,-4,-2
16718,Rtp3,55,29,6,1,73,50,10,2,242,114,163,226,239,-18,-21,-4,-1
17843,Slitrk2,34,13,4,3,54,33,8,6,242,154,196,230,233,-20,-20,-4,-3
19854,Traf2,43,14,2,2,48,22,6,1,242,151,206,234,239,-5,-8,-4,1
21759,Zfp292,32,15,4,2,48,26,8,1,242,162,201,230,239,-16,-11,-4,1
18376,Srrm2,31,16,2,2,42,21,6,2,242,169,205,234,238,-11,-5,-4,0
16859,Sbno1,40,18,2,2,49,35,6,1,242,153,189,234,239,-9,-17,-4,1
18252,Spink8,40,34,12,6,53,46,16,6,242,149,162,214,230,-13,-12,-4,0
16787,Sac3d1,32,17,3,2,57,35,7,2,242,153,190,232,238,-25,-18,-4,0
16790,Sae1,33,15,3,3,40,22,7,4,242,169,205,232,235,-7,-7,-4,-1
22108,Zg16,63,49,19,7,57,50,23,9,242,122,143,200,226,6,-1,-4,-2
20403,Ttll9,49,38,11,1,70,38,15,7,242,123,166,216,234,-21,0,-4,-6
21977,Zfp788,30,16,5,2,79,51,9,5,242,133,175,228,235,-49,-35,-4,-3
15111,Ppil1,42,24,2,2,46,30,6,3,242,154,188,234,237,-4,-6,-4,-1
18951,Tbrg1,31,13,2,2,42,21,6,1,242,169,208,234,239,-11,-8,-4,1
20404,Ttn,42,21,4,0,28,17,8,3,242,172,204,230,239,14,4,-4,-3
15511,Prss52,24,17,1,0,21,20,5,4,242,197,205,236,238,3,-3,-4,-4
15513,Prss54,9,7,1,0,15,13,5,3,242,218,222,236,239,-6,-6,-4,-3
18952,Tbrg4,21,8,3,3,57,25,7,2,242,164,209,232,237,-36,-17,-4,1
15901,Raf1,32,14,2,2,44,19,6,1,242,166,209,234,239,-12,-5,-4,1
15109,Ppig,34,18,6,2,44,26,10,4,242,164,198,226,236,-10,-8,-4,-2
15718,Pum1,24,11,4,2,55,26,8,4,242,163,205,230,236,-31,-15,-4,-2
15716,Pudp,6,4,0,0,23,17,4,0,242,213,221,238,242,-17,-13,-4,0
19374,Tmbim7,33,30,4,2,30,26,8,5,242,179,186,230,235,3,4,-4,-3
15505,Prss45,37,27,5,3,27,23,9,2,242,178,192,228,237,10,4,-4,1
0,0610009B22Rik,33,16,2,2,66,40,6,1,242,143,186,234,239,-33,-24,-4,1
22215,Zzz3,33,16,3,2,47,27,7,1,242,162,199,232,239,-14,-11,-4,1
1104,Amph,23,9,0,0,15,10,4,1,242,204,223,238,241,8,-1,-4,-1
8315,Gxylt2,42,24,1,0,57,28,5,0,242,143,190,236,242,-15,-4,-4,0
1133,Angpt4,50,30,2,0,37,17,6,3,242,155,195,234,239,13,13,-4,-3
8299,Gucy1a2,53,38,4,0,42,30,8,1,242,147,174,230,241,11,8,-4,-1
3576,Cnot1,35,12,2,2,72,36,6,2,242,135,194,234,238,-37,-24,-4,0
3581,Cnot4,41,21,5,2,46,28,9,2,242,155,193,228,238,-5,-7,-4,0
8287,Gtpbp6,40,21,3,2,47,20,7,2,242,155,201,232,238,-7,1,-4,0
8285,Gtpbp3,32,19,3,1,54,27,7,2,242,156,196,232,239,-22,-8,-4,-1
1110,Amy2a5,39,21,4,1,51,25,8,6,242,152,196,230,235,-12,-4,-4,-5
8274,Gtf2ird2,34,16,3,1,58,34,7,1,242,150,192,232,240,-24,-18,-4,0
8324,Gzmb,32,17,2,1,37,29,6,3,242,173,196,234,238,-5,-12,-4,-2
3586,Cnot9,34,12,2,2,56,29,6,3,242,152,201,234,237,-22,-17,-4,-1
8269,Gtf2h3,32,15,2,1,56,30,6,4,242,154,197,234,237,-24,-15,-4,-3
3590,Cnpy2,37,22,6,3,48,30,10,1,242,157,190,226,238,-11,-8,-4,2
8263,Gtf2e1,36,16,3,1,56,29,7,6,242,150,197,232,235,-20,-13,-4,-5
3593,Cnr1,22,7,0,0,35,26,4,1,242,185,209,238,241,-13,-19,-4,-1
1086,Amer2,23,6,0,0,35,18,4,3,242,184,218,238,239,-12,-12,-4,-3
3600,Cntln,30,14,3,0,61,40,7,1,242,151,188,232,241,-31,-26,-4,-1
12100,Ndnf,30,13,0,0,39,21,4,0,242,173,208,238,242,-9,-8,-4,0
3569,Cnn1,70,44,13,2,57,38,17,6,242,115,160,212,234,13,6,-4,-4
3560,Cngb3,7,3,0,0,28,23,4,4,242,207,216,238,238,-21,-20,-4,-4
1081,Amd2,49,34,12,3,78,52,16,3,242,115,156,214,236,-29,-18,-4,0
3479,Clint1,32,17,5,2,41,21,9,2,242,169,204,228,238,-9,-4,-4,0
11973,Naaa,43,20,7,1,62,31,11,6,242,137,191,224,235,-19,-11,-4,-5
3445,Clec18a,51,33,2,0,60,38,6,2,242,131,171,234,240,-9,-5,-4,-2
8432,H2bc3,70,52,26,17,78,64,30,17,242,94,126,186,208,-8,-12,-4,0
3463,Clec4b2,5,3,0,0,7,7,4,2,242,230,232,238,240,-2,-4,-4,-2
11992,Naglu,31,17,2,2,59,27,6,1,242,152,198,234,239,-28,-10,-4,1
11997,Naip2,57,36,3,0,57,28,7,1,242,128,178,232,241,0,8,-4,-1
3467,Clec4g,33,26,1,0,31,28,5,0,242,178,188,236,242,2,-2,-4,0
12003,Nanos1,50,24,1,1,41,22,5,2,242,151,196,236,239,9,2,-4,-1
3480,Clip1,37,18,2,2,48,26,6,2,242,157,198,234,238,-11,-8,-4,0
1152,Ankib1,36,20,2,2,56,33,6,1,242,150,189,234,239,-20,-13,-4,1
3519,Clvs1,38,18,4,1,41,27,8,2,242,163,197,230,239,-3,-9,-4,-1
8381,H2-T3,59,37,7,1,62,40,11,2,242,121,165,224,239,-3,-3,-4,-1
1165,Ankrd13c,31,15,3,2,52,25,7,2,242,159,202,232,238,-21,-10,-4,0
8374,H2-Q4,50,24,4,3,50,29,8,2,242,142,189,230,237,0,-5,-4,1
3524,Cmah,41,17,3,2,66,33,7,1,242,135,192,232,239,-25,-16,-4,1
8356,H2-Ke6,25,12,2,2,47,24,6,2,242,170,206,234,238,-22,-12,-4,0
3541,Cmtm6,38,19,3,2,67,40,7,2,242,137,183,232,238,-29,-21,-4,0
1153,Ankk1,32,19,2,1,33,19,6,1,242,177,204,234,240,-1,0,-4,0
1082,Amdhd1,50,21,0,0,59,31,4,0,242,133,190,238,242,-9,-10,-4,0
12110,Ndst4,32,16,1,0,37,17,5,3,242,173,209,236,239,-5,-1,-4,-3
11968,Naa38,26,15,4,2,45,27,8,2,242,171,200,230,238,-19,-12,-4,0
3699,Comtd1,54,35,4,2,42,23,8,3,242,146,184,230,237,12,12,-4,-1
3652,Col25a1,19,6,1,1,39,20,5,1,242,184,216,236,240,-20,-14,-4,0
1016,Aldh3b1,35,13,2,1,77,41,6,2,242,130,188,234,239,-42,-28,-4,-1
3653,Col26a1,31,16,2,0,47,31,6,4,242,164,195,234,238,-16,-15,-4,-4
3667,Col6a1,68,35,5,3,45,29,9,1,242,129,178,228,238,23,6,-4,2
3689,Commd2,37,17,2,2,45,21,6,1,242,160,204,234,239,-8,-4,-4,1
3694,Commd7,38,20,2,2,32,18,6,1,242,172,204,234,239,6,2,-4,1
3697,Comp,58,37,6,0,64,39,10,3,242,120,166,226,239,-6,-2,-4,-3
992,Akr7a5,41,20,2,2,36,21,6,0,242,165,201,234,240,5,-1,-4,2
991,Akr1e1,34,18,5,2,56,36,9,2,242,152,188,228,238,-22,-18,-4,0
12162,Necab2,46,21,7,4,51,26,11,3,242,145,195,224,235,-5,-5,-4,1
3703,Copb2,38,22,3,2,32,20,7,3,242,172,200,232,237,6,2,-4,-1
12195,Nelfcd,32,15,2,2,47,20,6,1,242,163,207,234,239,-15,-5,-4,1
3708,Cops2,33,19,3,2,42,19,7,3,242,167,204,232,237,-9,0,-4,-1
964,Akap5,62,35,0,0,48,30,4,1,242,132,177,238,241,14,5,-4,-1
962,Akap3,35,15,0,0,29,18,4,3,242,178,209,238,239,6,-3,-4,-3
3715,Cops8,38,27,3,2,43,25,7,4,242,161,190,232,236,-5,2,-4,-2
3721,Coq2,39,18,3,2,55,28,7,3,242,148,196,232,237,-16,-10,-4,-1
956,Akap10,27,13,2,2,55,32,6,3,242,160,197,234,237,-28,-19,-4,-1
8150,Grcc10,27,14,7,4,57,41,11,7,242,158,187,224,231,-30,-27,-4,-3
12161,Necab1,33,15,3,2,48,29,7,2,242,161,198,232,238,-15,-14,-4,0
1074,Alyref,30,13,2,2,44,19,6,2,242,168,210,234,238,-14,-6,-4,0
3638,Col12a1,56,26,2,0,42,24,6,3,242,144,192,234,239,14,2,-4,-3
8231,Gss,38,18,2,2,35,19,6,4,242,169,205,234,236,3,-1,-4,-2
8219,Gsdme,45,19,2,1,68,42,6,2,242,129,181,234,239,-23,-23,-4,-1
8216,Gsdmc3,43,30,4,1,39,28,8,3,242,160,184,230,238,4,2,-4,-2
1068,Alppl2,22,10,0,0,32,16,4,1,242,188,216,238,241,-10,-6,-4,-1
12129,Ndufaf4,49,22,5,3,52,30,9,3,242,141,190,228,236,-3,-8,-4,0
1059,Alox5,51,32,0,0,44,25,4,1,242,147,185,238,241,7,7,-4,-1
1041,Alg9,21,12,2,2,77,49,6,0,242,144,181,234,240,-56,-37,-4,2
8211,Gsdma,25,8,0,0,69,43,4,0,242,148,191,238,242,-44,-35,-4,0
1033,Alg12,38,20,4,2,50,29,8,2,242,154,193,230,238,-12,-9,-4,0
8152,Greb1l,56,27,2,0,44,27,6,0,242,142,188,234,242,12,0,-4,0
8182,Gripap1,30,12,2,2,40,20,6,1,242,172,210,234,239,-10,-8,-4,1
1027,Aldoart2,51,29,0,0,50,32,4,0,242,141,181,238,242,1,-3,-4,0
8179,Grina,43,20,2,2,44,22,6,1,242,155,200,234,239,-1,-2,-4,1
12149,Ndufs2,33,18,3,2,36,19,7,0,242,173,205,232,240,-3,-1,-4,2
3647,Col1a2,61,33,2,2,45,26,6,2,242,136,183,234,238,16,7,-4,0
1026,Aldoart1,41,20,0,0,42,29,4,2,242,159,193,238,240,-1,-9,-4,-2
12153,Ndufs6,29,15,3,3,51,24,7,4,242,162,203,232,235,-22,-9,-4,-1
12157,Ndufv2,36,18,3,3,48,24,7,2,242,158,200,232,237,-12,-6,-4,1
3436,Cldn9,50,36,12,7,68,48,16,2,242,124,158,214,233,-18,-12,-4,5
8488,Hand1,22,12,2,0,33,18,6,4,242,187,212,234,238,-11,-6,-4,-4
11639,Mrtfa,34,18,2,0,69,44,6,2,242,139,180,234,240,-35,-26,-4,-2
1303,Aplf,43,22,2,0,46,26,6,3,242,153,194,234,239,-3,-4,-4,-3
3256,Chgb,48,26,4,2,45,33,8,4,242,149,183,230,236,3,-7,-4,-2
11717,Mta1,40,22,2,2,40,23,6,0,242,162,197,234,240,0,-1,-4,2
1327,Apol10a,18,11,2,0,22,17,6,3,242,202,214,234,239,-4,-6,-4,-3
11727,Mtcp1,54,26,9,4,62,40,13,3,242,126,176,220,235,-8,-14,-4,1
8739,Hook3,55,27,3,2,46,29,7,3,242,141,186,232,237,9,-2,-4,-1
1325,Apof,60,35,11,3,65,43,15,7,242,117,164,216,232,-5,-8,-4,-4
1315,Apobec2,45,30,6,0,62,45,10,1,242,135,167,226,241,-17,-15,-4,-1
1314,Apobec1,64,48,6,3,66,46,10,6,242,112,148,226,233,-2,2,-4,-3
3271,Chml,36,19,1,1,62,37,5,1,242,144,186,236,240,-26,-18,-4,0
8797,Hps5,34,16,3,2,55,34,7,3,242,153,192,232,237,-21,-18,-4,-1
8718,Hnrnpdl,38,19,2,2,36,22,6,0,242,168,201,234,240,2,-3,-4,2
1286,Apbb1,37,20,5,3,65,35,9,1,242,140,187,228,238,-28,-15,-4,2
3272,Chmp1a,30,16,3,2,58,29,7,4,242,154,197,232,236,-28,-13,-4,-2
11743,Mthfd1,36,17,2,2,48,27,6,2,242,158,198,234,238,-12,-10,-4,0
8698,Hmgxb3,39,19,3,2,46,33,7,2,242,157,190,232,238,-7,-14,-4,0
11751,Mtif2,32,12,3,2,39,25,7,4,242,171,205,232,236,-7,-13,-4,-2
11753,Mtln,37,25,3,2,49,28,7,3,242,156,189,232,237,-12,-3,-4,-1
11757,Mtmr11,47,22,3,2,45,19,7,1,242,150,201,232,239,2,3,-4,1
3244,Chd4,23,10,2,2,59,29,6,3,242,160,203,234,237,-36,-19,-4,-1
3243,Chd3,38,17,2,2,44,25,6,1,242,160,200,234,239,-6,-8,-4,1
3290,Chpt1,56,39,4,3,49,22,8,2,242,137,181,230,237,7,17,-4,1
8878,Hspb3,31,27,7,1,36,30,11,6,242,175,185,224,235,-5,-3,-4,-5
8920,Hyal5,8,4,2,0,16,14,6,4,242,218,224,234,238,-8,-10,-4,-4
3187,Cfap54,42,20,3,1,56,37,7,3,242,144,185,232,238,-14,-17,-4,-2
11652,Ms4a3,15,14,4,1,24,20,8,3,242,203,208,230,238,-9,-6,-4,-2
1386,Arg1,63,44,6,4,69,48,10,3,242,110,150,226,235,-6,-4,-4,1
8883,Hspbap1,49,28,4,2,58,41,8,3,242,135,173,230,237,-9,-13,-4,-1
1379,Arfgap3,37,16,4,3,54,29,8,5,242,151,197,230,234,-17,-13,-4,-2
3190,Cfap61,47,31,7,5,60,37,11,4,242,135,174,224,233,-13,-6,-4,1
11662,Ms4a8a,25,16,1,1,30,21,5,2,242,187,205,236,239,-5,-5,-4,-1
11670,Msh2,49,29,4,3,33,20,8,2,242,160,193,230,237,16,9,-4,1
8799,Hpse,52,32,2,0,61,40,6,0,242,129,170,234,242,-9,-8,-4,0
8832,Hsd17b10,40,26,6,2,41,27,10,4,242,161,189,226,236,-1,-1,-4,-2
3209,Cfhr4,30,17,0,0,21,15,4,1,242,191,210,238,241,9,2,-4,-1
1372,Arf2,42,25,2,2,52,27,6,2,242,148,190,234,238,-10,-2,-4,0
11685,Msmp,31,25,9,6,39,32,13,9,242,172,185,220,227,-8,-7,-4,-3
11689,Msrb1,43,28,6,2,46,26,10,5,242,153,188,226,235,-3,2,-4,-3
8817,Hs3st2,20,8,1,1,29,15,5,4,242,193,219,236,237,-9,-7,-4,-3
3218,Cggbp1,47,26,3,2,51,28,7,4,242,144,188,232,236,-4,-2,-4,-2
8800,Hpse2,20,8,0,0,46,20,4,1,242,176,214,238,241,-26,-12,-4,-1
1258,Ap1m2,33,21,3,3,46,26,7,2,242,163,195,232,237,-13,-5,-4,1
11762,Mtmr4,41,19,2,2,60,29,6,2,242,141,194,234,238,-19,-10,-4,0
1190,Ankrd45,39,23,7,2,53,33,11,1,242,150,186,224,239,-14,-10,-4,1
11922,Myo6,43,30,5,2,51,28,9,1,242,148,184,228,239,-8,2,-4,1
8549,Hdac2,40,22,2,2,39,21,6,0,242,163,199,234,240,1,1,-4,2
11879,Myh7b,31,14,1,0,44,16,5,0,242,167,212,236,242,-13,-2,-4,0
8545,Hcst,50,45,28,17,52,42,32,20,242,140,155,182,205,-2,3,-4,-3
3374,Ckap4,37,17,2,1,71,38,6,0,242,134,187,234,241,-34,-21,-4,1
11896,Mylk3,60,35,8,2,71,44,12,3,242,111,163,222,237,-11,-9,-4,-1
8535,Hcfc2,27,15,4,2,60,35,8,2,242,155,192,230,238,-33,-20,-4,0
8531,Hcar2,54,34,7,1,50,32,11,7,242,138,176,224,234,4,2,-4,-6
1208,Anks3,38,16,3,2,37,20,7,1,242,167,206,232,239,1,-4,-4,1
3380,Ckmt2,29,20,2,0,28,22,6,5,242,185,200,234,237,1,-2,-4,-5
8583,Hecw1,43,26,3,0,51,31,7,4,242,148,185,232,238,-8,-5,-4,-4
3385,Clasp2,42,23,2,2,52,22,6,2,242,148,197,234,238,-10,1,-4,0
8508,Haus4,26,7,3,1,78,48,7,5,242,138,187,232,236,-52,-41,-4,-4
3395,Clcc1,33,14,2,2,48,28,6,3,242,161,200,234,237,-15,-14,-4,-1
3398,Clcn2,35,15,2,2,53,23,6,1,242,154,204,234,239,-18,-8,-4,1
8494,Hapln2,32,23,3,0,38,28,7,2,242,172,191,232,240,-6,-5,-4,-2
11955,N4bp2,27,13,2,1,68,40,6,1,242,147,189,234,240,-41,-27,-4,0
1191,Ankrd46,47,29,3,2,46,24,7,2,242,149,189,232,238,1,5,-4,0
8489,Hand2,25,11,1,0,20,11,5,0,242,197,220,236,242,5,0,-4,0
3360,Cir1,35,16,2,2,55,34,6,2,242,152,192,234,238,-20,-18,-4,0
1212,Ankzf1,28,16,2,2,58,36,6,3,242,156,190,234,237,-30,-20,-4,-1
8687,Hmgb3,43,24,5,2,82,43,9,4,242,117,175,228,236,-39,-19,-4,-2
11794,Muc3,6,4,3,1,18,13,7,4,242,218,225,232,237,-12,-9,-4,-3
8680,Hmg20a,36,21,4,3,66,34,8,3,242,140,187,230,236,-30,-13,-4,0
8679,Hmcn2,35,19,0,0,49,25,4,2,242,158,198,238,240,-14,-6,-4,-2
1230,Antxr2,45,21,1,0,67,38,5,2,242,130,183,236,240,-22,-17,-4,-2
8676,Hmbs,35,22,4,2,66,30,8,5,242,141,190,230,235,-31,-8,-4,-3
8675,Hmbox1,39,15,2,2,52,28,6,2,242,151,199,234,238,-13,-13,-4,0
11769,Mtor,27,11,2,2,58,35,6,0,242,157,196,234,240,-31,-24,-4,2
11774,Mtrex,20,14,2,2,53,31,6,2,242,169,197,234,238,-33,-17,-4,0
8651,Hint1,34,12,2,2,39,18,6,2,242,169,212,234,238,-5,-6,-4,0
11796,Muc5ac,13,3,0,0,10,8,4,2,242,219,231,238,240,3,-5,-4,-2
8595,Hepacam,23,11,0,0,44,24,4,2,242,175,207,238,240,-21,-13,-4,-2
3332,Chtf18,45,25,5,2,70,47,9,3,242,127,170,228,237,-25,-22,-4,-1
8635,Hhla1,19,12,3,1,26,16,7,2,242,197,214,232,239,-7,-4,-4,-1
11817,Mup21,7,7,3,0,16,16,7,2,242,219,219,232,240,-9,-9,-4,-2
3335,Chuk,36,24,4,2,62,36,8,3,242,144,182,230,237,-26,-12,-4,-1
11826,Mus81,30,9,2,2,67,36,6,1,242,145,197,234,239,-37,-27,-4,1
3336,Churc1,77,45,8,5,42,30,12,7,242,123,167,222,230,35,15,-4,-2
11833,Mvk,27,16,3,2,58,37,7,3,242,157,189,232,237,-31,-21,-4,-1
8598,Hephl1,21,13,1,0,30,19,5,4,242,191,210,236,238,-9,-6,-4,-4
12218,Neurl4,30,14,3,3,51,31,7,2,242,161,197,232,237,-21,-17,-4,1
3722,Coq3,28,14,2,2,63,39,6,2,242,151,189,234,238,-35,-25,-4,0
8056,Gpr15,31,17,1,0,33,18,5,3,242,178,207,236,239,-2,-1,-4,-3
706,Adam25,6,2,0,0,15,7,4,3,242,221,233,238,239,-9,-5,-4,-3
4258,Cyyr1,36,18,2,2,47,31,6,1,242,159,193,234,239,-11,-13,-4,1
12565,Nsf,43,22,5,3,41,27,9,7,242,158,193,228,232,2,-5,-4,-4
12567,Nsg1,44,27,5,1,58,40,9,5,242,140,175,228,236,-14,-13,-4,-4
4274,D5Ertd579e,39,19,2,2,54,25,6,1,242,149,198,234,239,-15,-6,-4,1
12569,Nsl1,47,26,1,0,52,23,5,2,242,143,193,236,240,-5,3,-4,-2
4283,D8Ertd738e,29,17,3,3,35,18,7,4,242,178,207,232,235,-6,-1,-4,-1
709,Adam28,54,28,2,1,51,33,6,2,242,137,181,234,239,3,-5,-4,-1
7744,Gm6465,4,4,2,0,13,13,6,4,242,225,225,234,238,-9,-9,-4,-4
12581,Nsun6,42,18,2,0,56,29,6,1,242,144,195,234,241,-14,-11,-4,-1
4240,Cypt15,0,0,0,0,8,4,4,3,242,234,238,238,239,-8,-4,-4,-3
7737,Gm6358,2,2,1,1,5,5,5,4,242,235,235,236,237,-3,-3,-4,-3
12583,Nt5c,32,17,2,2,38,20,6,3,242,172,205,234,237,-6,-3,-4,-1
4313,Daxx,34,16,2,2,61,27,6,1,242,147,199,234,239,-27,-11,-4,1
7724,Gm609,4,3,0,0,18,17,4,1,242,220,222,238,241,-14,-14,-4,-1
12590,Nt5dc2,47,19,4,2,56,24,8,4,242,139,199,230,236,-9,-5,-4,-2
7713,Gm5930,21,16,4,2,28,23,8,5,242,193,203,230,235,-7,-7,-4,-3
12602,Ntn3,53,31,2,0,44,24,6,2,242,145,187,234,240,9,7,-4,-2
7708,Gm5890,5,4,0,0,12,10,4,2,242,225,228,238,240,-7,-6,-4,-2
7755,Gm6657,13,12,8,0,22,21,12,2,242,207,209,222,240,-9,-9,-4,-2
12542,Nrip1,64,31,3,2,49,22,7,1,242,129,189,232,239,15,9,-4,1
7700,Gm5796,23,22,15,5,37,30,19,7,242,182,190,208,230,-14,-8,-4,-2
12526,Nrap,33,14,0,0,41,17,4,1,242,168,211,238,241,-8,-3,-4,-1
7813,Gm8113,40,27,6,1,84,59,10,5,242,118,156,226,236,-44,-32,-4,-4
774,Add2,38,17,1,1,42,24,5,2,242,162,201,236,239,-4,-7,-4,-1
773,Add1,41,25,5,2,51,31,9,4,242,150,186,228,236,-10,-6,-4,-2
12507,Nr1i2,34,19,2,1,58,38,6,1,242,150,185,234,240,-24,-19,-4,0
4116,Cyb5d2,32,17,3,2,68,32,7,2,242,142,193,232,238,-36,-15,-4,0
4129,Cyfip1,43,21,5,3,54,31,9,4,242,145,190,228,235,-11,-10,-4,-1
4132,Cyhr1,27,10,2,2,49,27,6,1,242,166,205,234,239,-22,-17,-4,1
4142,Cyp1a1,65,39,5,0,50,28,9,6,242,127,175,228,236,15,11,-4,-6
4143,Cyp1a2,26,8,1,0,32,13,5,1,242,184,221,236,241,-6,-5,-4,-1
4236,Cyp8b1,25,10,2,0,36,21,6,0,242,181,211,234,242,-11,-11,-4,0
4200,Cyp2u1,32,11,2,0,74,36,6,1,242,136,195,234,241,-42,-25,-4,-1
7782,Gm7489,7,6,1,0,17,14,5,2,242,218,222,236,240,-10,-8,-4,-2
7779,Gm7356,17,10,2,0,24,13,6,3,242,201,219,234,239,-7,-3,-4,-3
7774,Gm7247,35,28,8,1,58,45,12,2,242,149,169,222,239,-23,-17,-4,-1
733,Adamts17,50,32,5,2,35,20,9,4,242,157,190,228,236,15,12,-4,-2
720,Adam6a,1,0,0,0,9,6,4,3,242,232,236,238,239,-8,-6,-4,-3
4206,Cyp3a25,9,5,2,1,18,14,6,1,242,215,223,234,240,-9,-9,-4,0
4222,Cyp4f13,35,25,6,1,57,31,10,7,242,150,186,226,234,-22,-6,-4,-6
4342,Dcaf7,35,16,2,2,56,30,6,2,242,151,196,234,238,-21,-14,-4,0
4357,Dclk3,27,13,2,2,52,24,6,3,242,163,205,234,237,-25,-11,-4,-1
3735,Coro2b,68,49,12,4,65,46,16,7,242,109,147,214,231,3,3,-4,-3
4540,Dennd5a,42,19,2,2,46,24,6,1,242,154,199,234,239,-4,-5,-4,1
12701,Nxpe5,53,28,1,0,52,34,5,2,242,137,180,236,240,1,-6,-4,-2
7600,Gm49384,47,34,21,15,64,47,25,18,242,131,161,196,209,-17,-13,-4,-3
7598,Gm49380,55,37,13,0,59,47,17,7,242,128,158,212,235,-4,-10,-4,-7
12729,Oaz2,28,13,2,2,38,16,6,1,242,176,213,234,239,-10,-3,-4,1
4491,Defb20,13,13,6,3,17,17,10,5,242,212,212,226,234,-4,-4,-4,-2
7586,Gm49353,28,23,11,5,30,24,15,10,242,184,195,216,227,-2,-1,-4,-5
7579,Gm49336,34,16,2,2,54,30,6,3,242,154,196,234,237,-20,-14,-4,-1
7554,Gm4791,51,38,10,5,70,51,14,6,242,121,153,218,231,-19,-13,-4,-1
7538,Gm45844,65,36,4,1,65,43,8,0,242,112,163,230,241,0,-7,-4,1
666,Actr1a,26,11,2,2,62,32,6,3,242,154,199,234,237,-36,-21,-4,-1
12773,Ogdh,26,15,2,2,58,29,6,1,242,158,198,234,239,-32,-14,-4,1
598,Aco1,32,23,5,2,58,29,9,3,242,152,190,228,237,-26,-6,-4,-1
4564,Dgat1,31,17,3,2,72,41,7,2,242,139,184,232,238,-41,-24,-4,0
7512,Gm4513,14,11,2,0,26,24,6,3,242,202,207,234,239,-12,-13,-4,-3
4570,Dgka,30,12,3,2,56,39,7,0,242,156,191,232,240,-26,-27,-4,2
4572,Dgkd,38,16,3,2,50,27,7,1,242,154,199,232,239,-12,-11,-4,1
7506,Gm4491,13,12,1,1,21,14,5,1,242,208,216,236,240,-8,-2,-4,0
12786,Ola1,40,18,4,2,37,25,8,4,242,165,199,230,236,3,-7,-4,-2
12688,Nvl,30,12,2,1,39,23,6,1,242,173,207,234,240,-9,-11,-4,0
7645,Gm50478,26,23,18,17,31,30,22,21,242,185,189,202,204,-5,-7,-4,-4
696,Adam18,16,6,2,0,26,18,6,4,242,200,218,234,238,-10,-12,-4,-4
12637,Nudt17,55,34,6,2,69,40,10,4,242,118,168,226,236,-14,-6,-4,-2
694,Adam15,38,15,3,2,46,28,7,3,242,158,199,232,237,-8,-13,-4,-1
12618,Nubp2,33,15,3,2,44,24,7,4,242,165,203,232,236,-11,-9,-4,-2
4366,Dcpp2,11,9,4,1,17,15,8,1,242,214,218,230,240,-6,-6,-4,0
7689,Gm5678,34,27,7,1,37,33,11,4,242,171,182,224,237,-3,-6,-4,-3
7688,Gm5624,29,24,5,0,43,33,9,5,242,170,185,228,237,-14,-9,-4,-5
12625,Nudcd2,28,14,3,2,53,28,7,1,242,161,200,232,239,-25,-14,-4,1
12632,Nudt14,38,21,6,3,59,35,10,7,242,145,186,226,232,-21,-14,-4,-4
7683,Gm5565,16,15,5,1,18,15,9,9,242,208,212,228,232,-2,0,-4,-8
687,Ada,54,32,6,0,55,30,10,4,242,133,180,226,238,-1,2,-4,-4
4439,Ddx54,33,18,3,3,39,22,7,2,242,170,202,232,237,-6,-4,-4,1
12645,Nudt5,35,15,4,3,43,27,8,2,242,164,200,230,237,-8,-12,-4,1
7679,Gm5475,54,29,1,0,49,31,5,2,242,139,182,236,240,5,-2,-4,-2
7672,Gm53046,8,6,2,2,24,19,6,4,242,210,217,234,236,-16,-13,-4,-2
12651,Nufip1,37,12,2,1,34,17,6,0,242,171,213,234,241,3,-5,-4,1
7664,Gm5244,50,43,16,5,65,50,20,8,242,127,149,206,229,-15,-7,-4,-3
7658,Gm5150,50,41,10,4,37,31,14,4,242,155,170,218,234,13,10,-4,0
12670,Nup50,28,11,2,2,45,24,6,0,242,169,207,234,240,-17,-13,-4,2
4438,Ddx52,20,13,2,2,43,26,6,1,242,179,203,234,239,-23,-13,-4,1
12489,Npvf,12,12,2,0,20,16,6,0,242,210,214,234,242,-8,-4,-4,0
4066,Cul4a,25,12,3,2,42,23,7,2,242,175,207,232,238,-17,-11,-4,0
784,Adgre1,34,21,5,0,40,27,9,1,242,168,194,228,241,-6,-6,-4,-1
3855,Creld2,44,20,4,2,50,35,8,4,242,148,187,230,236,-6,-15,-4,-2
7996,Gpa33,34,18,4,3,48,28,8,0,242,160,196,230,239,-14,-10,-4,3
7983,Gorasp1,32,14,2,2,46,25,6,2,242,164,203,234,238,-14,-11,-4,0
7971,Golgb1,38,9,2,2,46,29,6,1,242,158,204,234,239,-8,-20,-4,1
7968,Golga5,35,17,2,2,39,24,6,2,242,168,201,234,238,-4,-7,-4,0
7966,Golga3,31,17,3,2,50,27,7,2,242,161,198,232,238,-19,-10,-4,0
3838,Crbn,27,14,5,2,58,33,9,6,242,157,195,228,234,-31,-19,-4,-4
7952,Gnl3,39,19,2,2,50,29,6,0,242,153,194,234,240,-11,-10,-4,2
7951,Gnl2,34,20,2,2,29,16,6,3,242,179,206,234,237,5,4,-4,-1
7942,Gng2,44,24,4,3,63,32,8,3,242,135,186,230,236,-19,-8,-4,0
3810,Cpsf4,34,16,3,3,41,16,7,3,242,167,210,232,236,-7,0,-4,0
3867,Crisp2,25,15,2,0,34,26,6,0,242,183,201,234,242,-9,-11,-4,0
3870,Crispld1,38,16,2,1,48,35,6,0,242,156,191,234,241,-10,-19,-4,1
3881,Crocc,29,15,3,3,59,34,7,6,242,154,193,232,233,-30,-19,-4,-3
883,Ago1,33,20,2,2,70,40,6,1,242,139,182,234,239,-37,-20,-4,1
7924,Gnao1,44,18,4,2,64,37,8,3,242,134,187,230,237,-20,-19,-4,-1
3890,Crtc2,35,19,2,2,29,16,6,1,242,178,207,234,239,6,3,-4,1
12346,Nlrc4,35,18,2,0,57,26,6,1,242,150,198,234,241,-22,-8,-4,-1
7921,Gnai2,49,29,6,3,41,23,10,8,242,152,190,226,231,8,6,-4,-5
7999,Gpam,38,25,4,2,63,39,8,3,242,141,178,230,237,-25,-14,-4,-1
900,Agtr1b,37,22,3,1,24,14,7,2,242,181,206,232,239,13,8,-4,-1
4065,Cul3,24,12,4,2,48,20,8,3,242,170,210,230,237,-24,-8,-4,-1
8041,Gpr108,32,16,3,2,38,21,7,3,242,172,205,232,237,-6,-5,-4,-1
945,AK157302,37,27,7,5,30,24,11,9,242,175,191,224,228,7,3,-4,-4
12223,Neurog1,22,17,0,0,19,14,4,3,242,201,211,238,239,3,3,-4,-3
3742,Cox14,37,21,2,2,27,16,6,1,242,178,205,234,239,10,5,-4,1
12230,Nfam1,60,33,4,0,47,27,8,4,242,135,182,230,238,13,6,-4,-4
944,Ak1,46,26,6,3,55,34,10,6,242,141,182,226,233,-9,-8,-4,-3
3746,Cox18,45,25,2,2,31,16,6,3,242,166,201,234,237,14,9,-4,-1
8045,Gpr135,39,20,0,0,72,34,4,3,242,131,188,238,239,-33,-14,-4,-3
12247,Nfkb1,43,13,2,2,46,23,6,2,242,153,206,234,238,-3,-10,-4,0
928,Aida,28,16,3,2,51,31,7,2,242,163,195,232,238,-23,-15,-4,0
3775,Cpb1,27,14,1,0,41,22,5,0,242,174,206,236,242,-14,-8,-4,0
8038,Gpr1,40,19,5,0,46,28,9,2,242,156,195,228,240,-6,-9,-4,-2
12262,Nfyc,42,18,3,2,41,22,7,3,242,159,202,232,237,1,-4,-4,-1
8024,Gper1,57,32,4,0,59,42,8,3,242,126,168,230,239,-2,-10,-4,-3
3754,Cox6a1,35,20,3,3,33,18,7,2,242,174,204,232,237,2,2,-4,1
926,AI987944,33,18,3,2,70,45,7,2,242,139,179,232,238,-37,-27,-4,0
924,AI837181,24,9,2,2,69,43,6,2,242,149,190,234,238,-45,-34,-4,0
3758,Cox6c,30,14,4,3,42,27,8,3,242,170,201,230,236,-12,-13,-4,0
12286,Nid1,34,21,3,2,50,25,7,1,242,158,196,232,239,-16,-4,-4,1
7919,Gna15,54,29,3,2,51,35,7,2,242,137,178,232,238,3,-6,-4,0
7918,Gna14,61,46,9,2,69,46,13,2,242,112,150,220,238,-8,0,-4,0
12353,Nlrp2,44,27,2,0,54,34,6,1,242,144,181,234,241,-10,-7,-4,-1
4020,Ctnnd1,41,19,2,2,61,33,6,1,242,140,190,234,239,-20,-14,-4,1
4008,Cthrc1,40,26,5,3,65,49,9,3,242,137,167,228,236,-25,-23,-4,0
840,Adrm1,35,16,2,2,38,19,6,4,242,169,207,234,236,-3,-3,-4,-2
4015,Ctnna3,33,13,0,0,51,23,4,0,242,158,206,238,242,-18,-10,-4,0
12450,Npas4,50,26,0,0,52,26,4,1,242,140,190,238,241,-2,0,-4,-1
839,Adrb3,32,17,1,0,50,34,5,0,242,160,191,236,242,-18,-17,-4,0
4019,Ctnnbl1,35,13,2,2,35,24,6,1,242,172,205,234,239,0,-11,-4,1
7832,Gm826,33,24,6,1,35,28,10,2,242,174,190,226,239,-2,-4,-4,-1
12461,Npff,56,45,31,16,70,56,35,22,242,116,141,176,204,-14,-11,-4,-6
4021,Ctnnd2,21,8,0,0,50,27,4,0,242,171,207,238,242,-29,-19,-4,0
3892,Crx,42,21,5,3,55,30,9,3,242,145,191,228,236,-13,-9,-4,0
12470,Nploc4,30,13,2,2,45,26,6,3,242,167,203,234,237,-15,-13,-4,-1
4024,Ctps2,38,14,3,2,48,26,7,3,242,156,202,232,237,-10,-12,-4,-1
4025,Ctr9,33,15,2,2,36,19,6,3,242,173,208,234,237,-3,-4,-4,-1
816,Adk,39,23,4,2,50,26,8,5,242,153,193,230,235,-11,-3,-4,-3
4045,Ctsm,8,7,1,0,19,16,5,1,242,215,219,236,241,-11,-9,-4,-1
4050,Ctsw,54,34,9,3,71,56,13,7,242,117,152,220,232,-17,-22,-4,-4
4056,Ctu2,54,29,6,4,62,36,10,5,242,126,177,226,233,-8,-7,-4,-1
4062,Cuedc2,35,15,2,2,43,22,6,3,242,164,205,234,237,-8,-7,-4,-1
854,Afdn,38,24,2,2,53,29,6,1,242,151,189,234,239,-15,-5,-4,1
3992,Ctag2l2,6,5,1,0,14,12,5,1,242,222,225,236,241,-8,-7,-4,-1
12422,Nop2,35,15,3,3,53,28,7,1,242,154,199,232,238,-18,-13,-4,2
7842,Gm8369,24,22,10,5,44,38,14,7,242,174,182,218,230,-20,-16,-4,-2
7912,Gmpr,44,27,2,2,63,39,6,0,242,135,176,234,240,-19,-12,-4,2
12366,Nmb,41,28,2,0,52,34,6,2,242,149,180,234,240,-11,-6,-4,-2
7909,Gmnn,36,18,3,2,70,39,7,3,242,136,185,232,237,-34,-21,-4,-1
3907,Cryga,29,23,11,8,39,31,15,4,242,174,188,216,230,-10,-8,-4,4
7904,Gmfg,36,20,10,3,60,42,14,7,242,146,180,218,232,-24,-22,-4,-4
3910,Crygd,18,12,9,4,18,16,13,7,242,206,214,220,231,0,-4,-4,-3
3922,Csdc2,51,35,6,1,58,37,10,5,242,133,170,226,236,-7,-2,-4,-4
3923,Csde1,28,13,4,3,46,25,8,4,242,168,204,230,235,-18,-12,-4,-1
7877,Gm960,42,18,1,0,66,37,5,3,242,134,187,236,239,-24,-19,-4,-3
7874,Gm9495,17,6,0,0,25,18,4,4,242,200,218,238,238,-8,-12,-4,-4
861,Afg3l2,30,13,2,2,34,22,6,2,242,178,207,234,238,-4,-9,-4,0
3953,Csnk2b,35,18,7,5,36,23,11,1,242,171,201,224,236,-1,-5,-4,4
12398,Noc3l,40,18,2,1,42,25,6,1,242,160,199,234,240,-2,-7,-4,0
3968,Cst13,11,8,2,0,16,14,6,3,242,215,220,234,239,-5,-6,-4,-3
3970,Cst6,63,44,9,5,52,38,13,2,242,127,160,220,235,11,6,-4,3
12409,Nol4,40,23,3,0,54,34,7,2,242,148,185,232,240,-14,-11,-4,-2
3971,Cst7,45,36,12,3,65,54,16,6,242,132,152,214,233,-20,-18,-4,-3
3185,Cfap52,34,23,4,2,48,28,8,5,242,160,191,230,235,-14,-5,-4,-3
8934,Iba57,31,13,3,3,62,34,7,4,242,149,195,232,235,-31,-21,-4,-1
4573,Dgke,34,13,0,0,55,23,4,1,242,153,206,238,241,-21,-10,-4,-1
1985,Bcl7b,28,11,3,2,41,23,7,5,242,173,208,232,235,-13,-12,-4,-3
10881,Magoh,42,26,3,2,33,18,7,5,242,167,198,232,235,9,8,-4,-3
10070,Klk1b8,17,16,3,2,22,17,7,0,242,203,209,232,240,-5,-1,-4,2
10058,Klk15,21,20,6,0,15,12,10,1,242,206,210,226,241,6,8,-4,-1
10056,Klk13,31,13,4,1,31,21,8,0,242,180,208,230,241,0,-8,-4,1
2624,Ccdc185,9,5,0,0,14,10,4,3,242,219,227,238,239,-5,-5,-4,-3
10894,Mamdc2,29,14,0,0,42,25,4,1,242,171,203,238,241,-13,-11,-4,-1
1988,Bcl9l,55,35,4,2,55,31,8,2,242,132,176,230,238,0,4,-4,0
10902,Man1a2,32,24,4,3,58,30,8,3,242,152,188,230,236,-26,-6,-4,0
10014,Klhdc8b,42,22,3,0,65,36,7,1,242,135,184,232,241,-23,-14,-4,-1
10879,Magi3,43,23,2,2,41,17,6,1,242,158,202,234,239,2,6,-4,1
10913,Maneal,26,17,3,2,48,30,7,3,242,168,195,232,237,-22,-13,-4,-1
9997,Klf17,32,19,1,0,27,15,5,3,242,183,208,236,239,5,4,-4,-3
10928,Map2k2,33,14,2,2,41,23,6,2,242,168,205,234,238,-8,-9,-4,0
9989,Klf1,52,37,9,2,76,52,13,4,242,114,153,220,236,-24,-15,-4,-2
10933,Map2k7,26,14,4,2,64,32,8,2,242,152,196,230,238,-38,-18,-4,0
1954,Bcas1,33,16,1,0,57,30,5,1,242,152,196,236,241,-24,-14,-4,-1
1943,BC053393,36,21,1,1,41,24,5,1,242,165,197,236,240,-5,-3,-4,0
2656,Ccdc58,40,19,5,2,47,23,9,6,242,155,200,228,234,-7,-4,-4,-4
2000,Bdkrb2,41,24,2,0,59,37,6,0,242,142,181,234,242,-18,-13,-4,0
10078,Klkb1,54,34,8,4,57,42,12,3,242,131,166,222,235,-3,-8,-4,1
10953,Map4,30,14,3,3,49,24,7,2,242,163,204,232,237,-19,-10,-4,1
10178,Krt76,28,15,2,1,32,18,6,3,242,182,209,234,238,-4,-3,-4,-2
10260,Kyat3,45,24,5,2,74,42,9,2,242,123,176,228,238,-29,-18,-4,0
10254,Ksr2,25,7,2,0,51,31,6,0,242,166,204,234,242,-26,-24,-4,0
2572,Ccdc116,56,30,8,0,62,38,12,5,242,124,174,222,237,-6,-8,-4,-5
2575,Ccdc120,65,39,6,0,54,32,10,0,242,123,171,226,242,11,7,-4,0
2055,Blcap,42,20,3,2,44,22,7,4,242,156,200,232,236,-2,-2,-4,-2
10197,Krtap10-4,8,6,1,0,8,7,5,5,242,226,229,236,237,0,-1,-4,-5
10179,Krt77,8,1,0,0,22,14,4,3,242,212,227,238,239,-14,-13,-4,-3
2048,Bin3,27,13,2,2,72,34,6,3,242,143,195,234,237,-45,-21,-4,-1
10822,Mab21l2,40,21,1,0,51,30,5,1,242,151,191,236,241,-11,-9,-4,-1
10083,Klra3,19,14,2,1,30,24,6,1,242,193,204,234,240,-11,-10,-4,0
10174,Krt71,17,9,0,0,26,11,4,2,242,199,222,238,240,-9,-2,-4,-2
10152,Krt222,42,26,2,0,60,40,6,1,242,140,176,234,241,-18,-14,-4,-1
10133,Krba1,21,8,4,4,70,48,8,2,242,151,186,230,236,-49,-40,-4,2
10126,Kpna4,37,20,4,2,43,27,8,1,242,162,195,230,239,-6,-7,-4,1
10105,Klrk1,44,30,2,1,43,25,6,3,242,155,187,234,238,1,5,-4,-2
2020,Bex6,17,15,3,0,35,33,7,1,242,190,194,232,241,-18,-18,-4,-1
2015,Bet1l,44,21,5,3,57,31,9,2,242,141,190,228,237,-13,-10,-4,1
2004,Becn1,36,20,3,2,30,20,7,2,242,176,202,232,238,6,0,-4,0
2660,Ccdc61,38,17,5,2,62,37,9,5,242,142,188,228,235,-24,-20,-4,-3
9974,Kir3dl2,8,6,3,1,15,13,7,1,242,219,223,232,240,-7,-7,-4,0
10286,Lamb3,51,28,6,3,49,34,10,6,242,142,180,226,233,2,-6,-4,-3
1890,Barhl2,23,9,1,0,45,35,5,0,242,174,198,236,242,-22,-26,-4,0
2766,Ccnyl1,47,32,4,2,68,44,8,2,242,127,166,230,238,-21,-12,-4,0
1906,Bbox1,26,14,2,0,40,19,6,2,242,176,209,234,240,-14,-5,-4,-2
1904,Bbip1,32,18,2,2,48,27,6,3,242,162,197,234,237,-16,-9,-4,-1
9881,Kctd4,37,19,5,3,48,37,9,0,242,157,186,228,239,-11,-18,-4,3
2774,Ccr3,17,10,1,0,26,13,5,5,242,199,219,236,237,-9,-3,-4,-5
11021,Mast1,32,18,1,1,51,22,5,0,242,159,202,236,241,-19,-4,-4,1
9879,Kctd21,45,17,2,0,67,36,6,1,242,130,189,234,241,-22,-19,-4,-1
1894,Batf,57,43,6,0,40,29,10,4,242,145,170,226,238,17,14,-4,-4
11041,Mbd1,44,18,2,2,35,19,6,2,242,163,205,234,238,9,-1,-4,0
9895,Kdm3a,36,17,3,2,55,27,7,2,242,151,198,232,238,-19,-10,-4,0
11042,Mbd2,38,18,2,2,40,22,6,2,242,164,202,234,238,-2,-4,-4,0
11050,Mbl1,11,9,2,2,21,15,6,2,242,210,218,234,238,-10,-6,-4,0
2811,Cd200r1,50,30,6,0,53,38,10,5,242,139,174,226,237,-3,-8,-4,-5
11059,Mboat4,44,24,1,0,62,39,5,0,242,136,179,236,242,-18,-15,-4,0
2837,Cd300c2,39,25,8,2,48,30,12,8,242,155,187,222,232,-9,-5,-4,-6
9818,Kcnj15,49,28,9,6,67,45,13,3,242,126,169,220,233,-18,-17,-4,3
2849,Cd33,47,26,4,1,52,27,8,1,242,143,189,230,240,-5,-1,-4,0
9807,Kcnh8,14,6,0,0,35,22,4,0,242,193,214,238,242,-21,-16,-4,0
11007,Marf1,44,18,7,6,43,27,11,5,242,155,197,224,231,1,-9,-4,1
11000,Marchf6,27,15,2,2,63,40,6,1,242,152,187,234,239,-36,-25,-4,1
9965,Kif9,50,26,6,1,72,49,10,0,242,120,167,226,241,-22,-23,-4,1
2681,Ccdc84,47,23,3,2,47,26,7,2,242,148,193,232,238,0,-3,-4,0
1941,BC051142,43,31,10,3,66,47,14,8,242,133,164,218,231,-23,-16,-4,-5
10955,Map4k2,49,27,2,2,59,35,6,2,242,134,180,234,238,-10,-8,-4,0
10956,Map4k3,37,16,2,2,61,39,6,0,242,144,187,234,240,-24,-23,-4,2
10959,Map6,34,18,0,0,43,28,4,0,242,165,196,238,242,-9,-10,-4,0
10960,Map6d1,44,22,3,2,51,32,7,2,242,147,188,232,238,-7,-10,-4,0
10964,Map7d3,36,23,3,1,63,40,7,0,242,143,179,232,241,-27,-17,-4,1
2676,Ccdc8,49,30,3,0,50,27,7,1,242,143,185,232,241,-1,3,-4,-1
2679,Ccdc82,33,13,2,2,42,21,6,1,242,167,208,234,239,-9,-8,-4,1
1932,BC048403,42,25,2,0,58,34,6,2,242,142,183,234,240,-16,-9,-4,-2
10998,Marchf4,31,11,0,0,45,26,4,2,242,166,205,238,240,-14,-15,-4,-2
9958,Kif3c,48,21,2,0,46,20,6,1,242,148,201,234,241,2,1,-4,-1
9954,Kif2b,4,2,0,0,7,6,4,3,242,231,234,238,239,-3,-4,-4,-3
2697,Ccdc96,46,28,4,1,60,36,8,4,242,136,178,230,237,-14,-8,-4,-3
9937,Kif19a,33,21,2,0,54,28,6,3,242,155,193,234,239,-21,-7,-4,-3
2700,Ccer1,13,6,0,0,8,7,4,3,242,221,229,238,239,5,-1,-4,-3
10979,Mapk8,35,18,6,2,53,32,10,7,242,154,192,226,233,-18,-14,-4,-5
1913,Bbs7,35,21,4,2,58,39,8,0,242,149,182,230,240,-23,-18,-4,2
2765,Ccny,34,15,2,2,42,22,6,1,242,166,205,234,239,-8,-7,-4,1
10285,Lamb2,65,30,7,4,52,32,11,4,242,125,180,224,234,13,-2,-4,0
2561,Ccar2,18,7,2,2,80,41,6,2,242,144,194,234,238,-62,-34,-4,0
3179,Cfap410,33,19,3,2,47,22,7,3,242,162,201,232,237,-14,-3,-4,-1
2215,Btbd35f3,3,1,0,0,6,6,4,3,242,233,235,238,239,-3,-5,-4,-3
10653,Lrrc49,39,25,3,0,62,42,7,4,242,141,175,232,238,-23,-17,-4,-4
10500,Lipo4,24,10,2,0,32,16,6,1,242,186,216,234,241,-8,-6,-4,-1
2221,Btbd35f9,2,1,0,0,6,5,4,3,242,234,236,238,239,-4,-4,-4,-3
2220,Btbd35f8,2,2,1,0,11,10,5,5,242,229,230,236,237,-9,-8,-4,-5
2219,Btbd35f7,5,2,0,0,13,9,4,0,242,224,231,238,242,-8,-7,-4,0
2415,Camta2,34,16,2,2,54,28,6,1,242,154,198,234,239,-20,-12,-4,1
10483,Lingo2,20,13,1,0,40,24,5,1,242,182,205,236,241,-20,-11,-4,-1
2218,Btbd35f6,4,2,1,0,8,7,5,4,242,230,233,236,238,-4,-5,-4,-4
2210,Btbd35f25,3,3,0,0,7,5,4,3,242,232,234,238,239,-4,-2,-4,-3
2396,Camk1d,38,19,0,0,56,35,4,0,242,148,188,238,242,-18,-16,-4,0
2209,Btbd35f24,5,2,0,0,8,8,4,3,242,229,232,238,239,-3,-6,-4,-3
10666,Lrrc66,39,27,16,7,64,48,20,9,242,139,167,206,226,-25,-21,-4,-2
2208,Btbd35f23,2,1,0,0,7,5,4,3,242,233,236,238,239,-5,-4,-4,-3
2207,Btbd35f22,2,1,0,0,6,4,4,4,242,234,237,238,238,-4,-3,-4,-4
2204,Btbd35f2,6,3,0,0,8,5,4,4,242,228,234,238,238,-2,-2,-4,-4
2202,Btbd35f18,1,0,0,0,7,6,4,3,242,234,236,238,239,-6,-6,-4,-3
2201,Btbd35f17,1,0,0,0,7,6,4,3,242,234,236,238,239,-6,-6,-4,-3
2200,Btbd35f16,1,1,0,0,5,4,4,3,242,236,237,238,239,-4,-3,-4,-3
10501,Lipt1,28,15,4,3,67,44,8,2,242,147,183,230,237,-39,-29,-4,1
10647,Lrrc41,26,12,2,2,49,26,6,1,242,167,204,234,239,-23,-14,-4,1
2198,Btbd35f14,3,3,0,0,6,4,4,3,242,233,235,238,239,-3,-1,-4,-3
10544,Lnx2,36,14,2,2,51,28,6,2,242,155,200,234,238,-15,-14,-4,0
10581,Lrch2,33,22,1,0,67,38,5,1,242,142,182,236,241,-34,-16,-4,-1
2314,Caap1,41,25,2,1,48,25,6,2,242,153,192,234,239,-7,0,-4,-1
2328,Cacfd1,35,14,4,3,49,33,8,1,242,158,195,230,238,-14,-19,-4,2
10566,Lpcat3,25,14,5,2,86,52,9,2,242,131,176,228,238,-61,-38,-4,0
2313,C9orf72,38,24,3,1,54,31,7,0,242,150,187,232,241,-16,-7,-4,1
2336,Cacna1g,33,20,3,1,52,27,7,2,242,157,195,232,239,-19,-7,-4,-1
10546,Lonp2,38,21,2,2,39,21,6,3,242,165,200,234,237,-1,0,-4,-1
10618,Lrrc10b,34,18,4,1,62,36,8,3,242,146,188,230,238,-28,-18,-4,-2
10539,Lmx1b,33,17,0,0,47,28,4,2,242,162,197,238,240,-14,-11,-4,-2
2236,Btk,46,27,5,2,44,29,9,3,242,152,186,228,237,2,-2,-4,-1
10623,Lrrc18,22,13,1,1,50,33,5,1,242,170,196,236,240,-28,-20,-4,0
2292,C2cd4b,28,23,4,3,41,31,8,4,242,173,188,230,235,-13,-8,-4,-1
2374,Calcrl,51,24,4,2,50,33,8,1,242,141,185,230,239,1,-9,-4,1
2264,C1galt1c1,37,24,4,2,48,30,8,1,242,157,188,230,239,-11,-6,-4,1
10526,Lmntd1,31,19,3,1,39,28,7,4,242,172,195,232,237,-8,-9,-4,-3
10518,Lmbrd2,23,12,3,2,66,36,7,1,242,153,194,232,239,-43,-24,-4,1
10639,Lrrc36,49,26,2,0,41,25,6,4,242,152,191,234,238,8,1,-4,-4
2391,Calr3,41,20,3,0,61,35,7,4,242,140,187,232,238,-20,-15,-4,-4
10681,Lrrc9,28,9,0,0,29,15,4,0,242,185,218,238,242,-1,-6,-4,0
10685,Lrrfip2,52,30,3,2,33,15,7,1,242,157,197,232,239,19,15,-4,1
10294,Lamtor1,43,20,3,2,46,21,7,2,242,153,201,232,238,-3,-1,-4,0
2534,Cbll1,35,19,4,4,65,45,8,3,242,142,178,230,235,-30,-26,-4,1
2145,Brd7,29,13,2,2,54,26,6,1,242,159,203,234,239,-25,-13,-4,1
10748,Luzp2,17,12,2,0,23,14,6,3,242,202,216,234,239,-6,-2,-4,-3
2497,Casp9,35,18,3,2,69,37,7,3,242,138,187,232,237,-34,-19,-4,-1
2501,Cass4,35,20,2,1,58,31,6,0,242,149,191,234,241,-23,-11,-4,1
10754,Ly6c2,51,41,18,11,57,47,22,8,242,134,154,202,223,-6,-6,-4,3
10395,Lect2,29,26,7,3,34,28,11,1,242,179,188,224,238,-5,-2,-4,2
2124,Bpifb3,9,8,2,0,17,12,6,2,242,216,222,234,240,-8,-4,-4,-2
10373,Lcp1,46,33,13,9,68,43,17,11,242,128,166,212,222,-22,-10,-4,-2
10344,Lce1h,11,10,3,0,11,11,7,3,242,220,221,232,239,0,-1,-4,-3
10407,Leng9,29,13,1,0,70,38,5,0,242,143,191,236,242,-41,-25,-4,0
2535,Cbln1,38,17,1,0,45,28,5,2,242,159,197,236,240,-7,-11,-4,-2
10327,Lbhd1,54,32,2,1,47,27,6,1,242,141,183,234,240,7,5,-4,0
2556,Cc2d1a,29,10,2,2,45,24,6,3,242,168,208,234,237,-16,-14,-4,-1
10318,Las1l,44,27,5,2,33,19,9,3,242,165,196,228,237,11,8,-4,-1
10316,Lars,45,26,2,2,45,28,6,1,242,152,188,234,239,0,-2,-4,1
10314,Larp6,50,34,3,0,55,35,7,0,242,137,173,232,242,-5,-1,-4,0
10308,Large1,34,15,2,1,54,33,6,2,242,154,194,234,239,-20,-18,-4,-1
10795,Lypla2,35,12,3,3,53,27,7,4,242,154,203,232,235,-18,-15,-4,-1
2482,Casd1,34,15,3,2,70,47,7,4,242,138,180,232,236,-36,-32,-4,-2
2478,Cars2,28,13,3,2,41,24,7,3,242,173,205,232,237,-13,-11,-4,-1
2418,Cant1,28,15,3,2,62,32,7,2,242,152,195,232,238,-34,-17,-4,0
2177,Bsph1,6,6,1,1,11,11,5,2,242,225,225,236,239,-5,-5,-4,-1
2196,Btbd35f12,1,0,0,0,10,6,4,3,242,231,236,238,239,-9,-6,-4,-3
2419,Canx,44,22,3,2,40,24,7,2,242,158,196,232,238,4,-2,-4,0
10690,Lrrk2,47,22,4,2,56,29,8,1,242,139,191,230,239,-9,-7,-4,1
10469,Lime1,63,34,5,2,46,34,9,2,242,133,174,228,238,17,0,-4,0
10701,Lrtm1,19,7,0,0,28,17,4,2,242,195,218,238,240,-9,-10,-4,-2
10467,Limd1,27,12,3,2,52,19,7,0,242,163,211,232,240,-25,-7,-4,2
2427,Capn13,15,6,0,0,28,15,4,3,242,199,221,238,239,-13,-9,-4,-3
10711,Lsm14b,29,13,2,2,38,18,6,2,242,175,211,234,238,-9,-5,-4,0
2175,Bsn,27,9,0,0,55,32,4,1,242,160,201,238,241,-28,-23,-4,-1
2153,Bri3bp,38,17,3,2,43,28,7,2,242,161,197,232,238,-5,-11,-4,0
2160,Brk1,31,14,2,2,36,21,6,1,242,175,207,234,239,-5,-7,-4,1
10717,Lsm7,33,14,4,2,55,32,8,2,242,154,196,230,238,-22,-18,-4,0
2158,Brip1,43,15,0,0,56,28,4,1,242,143,199,238,241,-13,-13,-4,-1
2157,Brinp3,28,17,4,1,48,34,8,6,242,166,191,230,235,-20,-17,-4,-5
2470,Carlr,18,8,1,0,14,11,5,2,242,210,223,236,240,4,-3,-4,-2
2474,Carmil3,40,17,0,0,53,25,4,0,242,149,200,238,242,-13,-8,-4,0
10726,Lta4h,38,25,3,2,27,18,7,5,242,177,199,232,235,11,7,-4,-3
10740,Ltv1,33,22,4,2,43,22,8,4,242,166,198,230,236,-10,0,-4,-2
11075,Mcee,38,26,6,2,55,34,10,8,242,149,182,226,232,-17,-8,-4,-6
11078,Mcf2l,44,32,4,1,74,43,8,2,242,124,167,230,239,-30,-11,-4,-1
9802,Kcnh3,37,20,2,0,52,32,6,1,242,153,190,234,241,-15,-12,-4,-1
1572,Asb8,30,16,3,3,71,42,7,4,242,141,184,232,235,-41,-26,-4,-1
3094,Cep104,32,18,2,2,48,26,6,0,242,162,198,234,240,-16,-8,-4,2
11452,Mon1b,41,20,2,2,45,31,6,0,242,156,191,234,240,-4,-11,-4,2
9374,Il17d,40,22,1,0,64,36,5,1,242,138,184,236,241,-24,-14,-4,-1
11457,Morc3,30,15,5,2,63,34,9,2,242,149,193,228,238,-33,-19,-4,0
9369,Il15ra,58,43,11,3,78,54,15,4,242,106,145,216,235,-20,-11,-4,-1
9368,Il15,51,32,8,3,66,48,12,3,242,125,162,222,236,-15,-16,-4,0
1576,Ascc3,31,12,2,2,54,27,6,2,242,157,203,234,238,-23,-15,-4,0
1573,Asb9,19,17,4,2,28,24,8,4,242,195,201,230,236,-9,-7,-4,-2
9359,Il11ra1,43,21,3,2,40,27,7,1,242,159,194,232,239,3,-6,-4,1
11439,Mob3c,40,15,3,1,52,33,7,1,242,150,194,232,240,-12,-18,-4,0
11477,Mpdu1,40,26,3,2,46,22,7,3,242,156,194,232,237,-6,4,-4,-1
9348,Ikbke,51,26,3,0,65,42,7,4,242,126,174,232,238,-14,-16,-4,-4
1566,Asb2,42,18,2,1,61,26,6,3,242,139,198,234,238,-19,-8,-4,-2
1565,Asb18,28,15,2,0,56,37,6,1,242,158,190,234,241,-28,-22,-4,-1
9319,Iglc3,18,16,10,3,29,22,14,5,242,195,204,218,234,-11,-6,-4,-2
3104,Cep170,40,23,5,1,52,30,9,3,242,150,189,228,238,-12,-7,-4,-2
1553,Asap1,38,20,2,2,63,39,6,2,242,141,183,234,238,-25,-19,-4,0
11502,Mpst,48,29,7,4,53,35,11,2,242,141,178,224,236,-5,-6,-4,2
3067,Celsr1,46,28,8,3,61,37,12,3,242,135,177,222,236,-15,-9,-4,0
9432,Il6st,58,41,8,2,53,31,12,4,242,131,170,222,236,5,10,-4,-2
11506,Mpv17l,65,34,6,3,45,27,10,4,242,132,181,226,235,20,7,-4,-1
1624,Ate1,26,17,3,2,64,38,7,2,242,152,187,232,238,-38,-21,-4,0
1649,Atg4d,39,15,2,2,64,34,6,3,242,139,193,234,237,-25,-19,-4,-1
3042,Ceacam19,26,15,1,0,31,18,5,1,242,185,209,236,241,-5,-3,-4,-1
11379,Mllt11,49,25,5,4,39,18,9,4,242,154,199,228,234,10,7,-4,0
11382,Mlph,42,24,4,0,51,30,8,0,242,149,188,230,242,-9,-6,-4,0
11383,Mlst8,36,20,2,2,59,32,6,2,242,147,190,234,238,-23,-12,-4,0
1634,Atf7ip2,32,20,3,2,75,48,7,2,242,135,174,232,238,-43,-28,-4,0
1633,Atf7ip,45,28,14,8,76,63,18,7,242,121,151,210,227,-31,-35,-4,1
9455,Impdh2,41,20,3,3,49,26,7,4,242,152,196,232,235,-8,-6,-4,-1
1622,Atat1,40,25,4,1,45,30,8,1,242,157,187,230,240,-5,-5,-4,0
1605,Asprv1,52,36,6,2,68,39,10,2,242,122,167,226,238,-16,-3,-4,0
3048,Cebpa,50,30,2,2,42,26,6,0,242,150,186,234,240,8,4,-4,2
1620,Atad3a,40,20,4,3,48,25,8,1,242,154,197,230,238,-8,-5,-4,2
9451,Impa1,37,23,6,2,54,24,10,8,242,151,195,226,232,-17,-1,-4,-6
9448,Immt,24,14,2,2,45,24,6,2,242,173,204,234,238,-21,-10,-4,0
3064,Celf4,51,27,5,0,49,31,9,0,242,142,184,228,242,2,-4,-4,0
9443,Ilrun,38,16,2,2,34,14,6,2,242,170,212,234,238,4,2,-4,0
9440,Ilf3,46,22,4,2,45,18,8,1,242,151,202,230,239,1,4,-4,1
9439,Ilf2,29,13,3,3,48,31,7,2,242,165,198,232,237,-19,-18,-4,1
9304,Igkv8-18,4,4,4,2,9,9,8,5,242,229,229,230,235,-5,-5,-4,-3
9275,Igkv4-69,6,6,4,3,13,12,8,6,242,223,224,230,233,-7,-6,-4,-3
1867,Bach2,29,16,0,0,64,34,4,2,242,149,192,238,240,-35,-18,-4,-2
3172,Cfap206,34,14,3,0,54,33,7,4,242,154,195,232,238,-20,-19,-4,-4
1454,Arid2,27,12,2,2,67,41,6,1,242,148,189,234,239,-40,-29,-4,1
1452,Arid1a,36,15,2,2,62,29,6,2,242,144,198,234,238,-26,-14,-4,0
9024,Ifngr1,40,19,4,2,59,37,8,4,242,143,186,230,236,-19,-18,-4,-2
3163,Cetn1,5,5,0,0,11,9,4,3,242,226,228,238,239,-6,-4,-4,-3
9003,Ifitm6,49,41,17,12,65,51,21,13,242,128,150,204,217,-16,-10,-4,-1
8989,Ifi44l,22,15,4,0,33,26,8,3,242,187,201,230,239,-11,-11,-4,-3
11614,Mrps17,38,24,2,2,55,29,6,2,242,149,189,234,238,-17,-5,-4,0
8978,Ifi208,53,24,2,0,54,33,6,2,242,135,185,234,240,-1,-9,-4,-2
11618,Mrps2,33,18,3,3,52,29,7,1,242,157,195,232,238,-19,-11,-4,2
11597,Mrpl48,30,15,3,2,42,33,7,3,242,170,194,232,237,-12,-18,-4,-1
3173,Cfap20dc,43,26,1,0,55,27,5,1,242,144,189,236,241,-12,-1,-4,-1
1435,Arhgef18,42,18,3,2,52,30,7,5,242,148,194,232,235,-10,-12,-4,-3
1428,Arhgef10,37,16,3,0,68,32,7,1,242,137,194,232,241,-31,-16,-4,-1
1424,Arhgdia,43,19,2,2,42,18,6,1,242,157,205,234,239,1,1,-4,1
1416,Arhgap40,51,30,2,0,48,25,6,2,242,143,187,234,240,3,5,-4,-2
3176,Cfap299,33,26,9,3,41,37,13,7,242,168,179,220,232,-8,-11,-4,-4
8942,Icam5,48,23,4,2,60,32,8,5,242,134,187,230,235,-12,-9,-4,-3
1405,Arhgap28,51,25,3,0,62,37,7,1,242,129,180,232,241,-11,-12,-4,-1
9033,Ift122,30,15,3,2,55,30,7,0,242,157,197,232,240,-25,-15,-4,2
9038,Ift27,38,23,3,2,62,38,7,3,242,142,181,232,237,-24,-15,-4,-1
11530,Mrgprb2,6,3,0,0,18,12,4,2,242,218,227,238,240,-12,-9,-4,-2
9130,Ighv1-62-3,0,0,0,0,5,4,4,3,242,237,238,238,239,-5,-4,-4,-3
9235,Igkv12-89,7,7,7,6,17,15,11,11,242,218,220,224,225,-10,-8,-4,-5
1541,Art2b,36,19,1,0,58,33,5,0,242,148,190,236,242,-22,-14,-4,0
11545,Mrm2,41,24,4,1,62,41,8,1,242,139,177,230,240,-21,-17,-4,0
9216,Igkj5,1,1,1,1,5,5,5,5,242,236,236,236,236,-4,-4,-4,-4
9177,Ighv4-1,8,8,6,4,11,10,10,7,242,223,224,226,231,-3,-2,-4,-3
3120,Cep63,34,18,4,2,52,29,8,5,242,156,195,230,235,-18,-11,-4,-3
9160,Ighv15-2,5,5,4,3,17,16,8,6,242,220,221,230,233,-12,-11,-4,-3
3127,Cep85,33,18,4,2,52,31,8,7,242,157,193,230,233,-19,-13,-4,-5
9118,Ighv1-5,5,2,2,2,12,11,6,3,242,225,229,234,237,-7,-9,-4,-1
3156,Ces2f,34,11,3,0,57,24,7,1,242,151,207,232,241,-23,-13,-4,-1
3143,Cert1,31,16,2,2,44,26,6,2,242,167,200,234,238,-13,-10,-4,0
11570,Mrpl2,23,12,2,2,39,21,6,2,242,180,209,234,238,-16,-9,-4,0
1494,Armc2,59,36,4,1,55,42,8,5,242,128,164,230,236,4,-6,-4,-4
1492,Armc10,37,14,2,2,46,25,6,3,242,159,203,234,237,-9,-11,-4,-1
1484,Arl6ip1,27,14,3,2,66,27,7,3,242,149,201,232,237,-39,-13,-4,-1
1477,Arl4a,40,20,3,2,57,30,7,3,242,145,192,232,237,-17,-10,-4,-1
11591,Mrpl42,34,22,7,5,40,23,11,5,242,168,197,224,232,-6,-1,-4,0
11594,Mrpl45,42,18,3,3,31,20,7,1,242,169,204,232,238,11,-2,-4,2
3023,Cds1,33,17,3,2,36,18,7,2,242,173,207,232,238,-3,-1,-4,0
3017,Cdon,51,26,5,2,65,36,9,5,242,126,180,228,235,-14,-10,-4,-3
3015,Cdnf,46,18,0,0,46,25,4,1,242,150,199,238,241,0,-7,-4,-1
9692,Jagn1,25,15,3,3,51,29,7,2,242,166,198,232,237,-26,-14,-4,1
9708,Jkamp,37,23,8,2,61,39,12,7,242,144,180,222,233,-24,-16,-4,-5
9707,Jhy,28,19,5,0,31,24,9,4,242,183,199,228,238,-3,-5,-4,-4
11209,Metrn,33,21,3,2,57,31,7,2,242,152,190,232,238,-24,-10,-4,0
9702,Jarid2,42,25,4,3,62,42,8,4,242,138,175,230,235,-20,-17,-4,-1
9700,Jam3,45,23,2,2,54,31,6,2,242,143,188,234,238,-9,-8,-4,0
1787,Aven,36,16,4,2,55,26,8,2,242,151,200,230,238,-19,-10,-4,0
2924,Cdc42se1,40,15,2,2,53,28,6,0,242,149,199,234,240,-13,-13,-4,2
1780,Aup1,27,9,2,2,37,18,6,2,242,178,215,234,238,-10,-9,-4,0
9688,Jade2,44,26,3,2,66,48,7,2,242,132,168,232,238,-22,-22,-4,0
9712,Jmjd7,38,15,4,2,66,39,8,1,242,138,188,230,239,-28,-24,-4,1
9685,Izumo3,1,1,0,0,7,5,4,3,242,234,236,238,239,-6,-4,-4,-3
11225,Mettl25,24,15,3,1,73,36,7,3,242,145,191,232,238,-49,-21,-4,-2
2937,Cdca8,52,29,5,1,67,39,9,3,242,123,174,228,238,-15,-10,-4,-2
1773,AU018091,25,10,1,0,39,21,5,0,242,178,211,236,242,-14,-11,-4,0
9675,Itsn1,36,16,3,2,47,27,7,4,242,159,199,232,236,-11,-11,-4,-2
1765,Atxn2l,49,29,5,3,43,29,9,0,242,150,184,228,239,6,0,-4,3
2944,Cdh12,5,2,0,0,19,12,4,3,242,218,228,238,239,-14,-10,-4,-3
1758,Atrn,35,19,2,2,58,34,6,2,242,149,189,234,238,-23,-15,-4,0
2915,Cdc42,41,26,4,2,48,24,8,3,242,153,192,230,237,-7,2,-4,-1
1827,B3galt6,31,13,2,0,69,42,6,3,242,142,187,234,239,-38,-29,-4,-3
9480,Ino80b,30,17,2,2,58,27,6,2,242,154,198,234,238,-28,-10,-4,0
2897,Cdan1,44,16,3,0,54,27,7,2,242,144,199,232,240,-10,-11,-4,-2
11107,Mctp1,40,15,2,0,55,32,6,1,242,147,195,234,241,-15,-17,-4,-1
11111,Mcu,38,19,2,2,62,32,6,1,242,142,191,234,239,-24,-13,-4,1
9787,Kcnd1,47,15,0,0,54,29,4,0,242,141,198,238,242,-7,-14,-4,0
2856,Cd3eap,40,20,2,1,51,19,6,2,242,151,203,234,239,-11,1,-4,-1
9778,Kcnab1,38,25,2,0,55,35,6,1,242,149,182,234,241,-17,-10,-4,-1
9766,Kbtbd6,50,25,1,0,56,37,5,1,242,136,180,236,241,-6,-12,-4,-1
1857,B930094E09Rik,65,49,10,2,62,44,14,3,242,115,149,218,237,3,5,-4,-1
1854,B4gat1,34,23,8,7,72,49,12,7,242,136,170,222,228,-38,-26,-4,0
1851,B4galt5,41,27,4,3,72,47,8,1,242,129,168,230,238,-31,-20,-4,2
9726,Jtb,37,21,3,2,36,22,7,4,242,169,199,232,236,1,-1,-4,-2
11149,Med18,49,27,4,1,55,36,8,2,242,138,179,230,239,-6,-9,-4,-1
9750,Kat7,33,13,2,2,58,33,6,0,242,151,196,234,240,-25,-20,-4,2
11161,Med30,42,17,3,2,41,18,7,5,242,159,207,232,235,1,-1,-4,-3
2901,Cdc16,39,17,2,2,51,28,6,1,242,152,197,234,239,-12,-11,-4,1
9748,Kat6a,40,18,2,2,56,25,6,1,242,146,199,234,239,-16,-7,-4,1
1843,B4galnt1,51,26,5,1,65,36,9,3,242,126,180,228,238,-14,-10,-4,-2
2904,Cdc23,38,18,4,3,53,30,8,6,242,151,194,230,233,-15,-12,-4,-3
9732,Kank1,35,23,4,2,67,38,8,0,242,140,181,230,240,-32,-15,-4,2
11247,Mfap4,56,39,7,2,44,33,11,5,242,142,170,224,235,12,6,-4,-3
2945,Cdh13,35,14,2,1,60,35,6,2,242,147,193,234,239,-25,-21,-4,-1
9669,Itpr3,39,13,0,0,40,20,4,1,242,163,209,238,241,-1,-7,-4,-1
9527,Ip6k1,32,18,3,2,64,32,7,4,242,146,192,232,236,-32,-14,-4,-2
2986,Cdk2ap1,44,23,2,2,41,19,6,2,242,157,200,234,238,3,4,-4,0
9553,Iqch,36,21,2,1,48,29,6,5,242,158,192,234,236,-12,-8,-4,-4
2993,Cdk5rap2,45,29,10,6,58,36,14,8,242,139,177,218,228,-13,-7,-4,-2
9536,Ipo7,48,22,2,2,32,21,6,2,242,162,199,234,238,16,1,-4,0
9532,Ipo11,25,12,2,2,55,24,6,0,242,162,206,234,240,-30,-12,-4,2
9531,Ipmk,42,19,3,2,54,29,7,2,242,146,194,232,238,-12,-10,-4,0
11326,Mier3,46,25,3,2,52,33,7,2,242,144,184,232,238,-6,-8,-4,0
1707,Atp5j2,27,18,2,2,44,25,6,1,242,171,199,234,239,-17,-7,-4,1
3001,Cdkl2,34,18,3,2,75,39,7,1,242,133,185,232,239,-41,-21,-4,1
11258,Mfsd11,50,32,2,2,42,19,6,0,242,150,191,234,240,8,13,-4,2
9522,Ints7,24,12,2,1,72,44,6,1,242,146,186,234,240,-48,-32,-4,0
9519,Ints5,35,17,2,2,53,35,6,2,242,154,190,234,238,-18,-18,-4,0
9515,Ints14,24,14,2,2,61,32,6,3,242,157,196,234,237,-37,-18,-4,-1
9514,Ints13,41,23,4,2,45,27,8,6,242,156,192,230,234,-4,-4,-4,-4
3003,Cdkl4,51,28,2,0,61,31,6,4,242,130,183,234,238,-10,-3,-4,-4
9492,Inpp5j,47,29,4,2,61,38,8,1,242,134,175,230,239,-14,-9,-4,1
1667,Atp10d,48,25,6,1,58,42,10,4,242,136,175,226,237,-10,-17,-4,-3
9490,Inpp5e,27,16,3,3,75,42,7,2,242,140,184,232,237,-48,-26,-4,1
2982,Cdk18,36,22,3,2,70,37,7,2,242,136,183,232,238,-34,-15,-4,0
2976,Cdk12,30,16,3,2,53,28,7,2,242,159,198,232,238,-23,-12,-4,0
11307,Mical2,46,26,2,0,48,22,6,1,242,148,194,234,241,-2,4,-4,-1
1718,Atp6v0a2,36,20,3,2,39,18,7,1,242,167,204,232,239,-3,2,-4,1
9667,Itpr1,47,28,4,2,62,41,8,2,242,133,173,230,238,-15,-13,-4,0
9666,Itpkc,51,23,1,1,38,23,5,1,242,153,196,236,240,13,0,-4,0
9649,Itgb7,52,32,10,1,67,49,14,3,242,123,161,218,238,-15,-17,-4,-2
2954,Cdh23,18,9,0,0,44,24,4,0,242,180,209,238,242,-26,-15,-4,0
2967,Cdhr4,59,42,10,2,70,49,14,9,242,113,151,218,231,-11,-7,-4,-7
1747,Atp8b4,58,26,1,0,62,36,5,4,242,122,180,236,238,-4,-10,-4,-4
9627,Itga4,34,16,0,0,58,28,4,2,242,150,198,238,240,-24,-12,-4,-2
9624,Itga2,37,22,5,1,63,36,9,3,242,142,184,228,238,-26,-14,-4,-2
1736,Atp6v1g1,41,20,2,2,39,15,6,2,242,162,207,234,238,2,5,-4,0
9604,Isg20l2,27,12,2,2,52,32,6,1,242,163,198,234,239,-25,-20,-4,1
1735,Atp6v1fnb,48,38,16,6,54,49,20,12,242,140,155,206,224,-6,-11,-4,-6
9592,Irs4,11,2,0,0,15,10,4,0,242,216,230,238,242,-4,-8,-4,0
11278,Mgam,29,9,2,2,33,22,6,2,242,180,211,234,238,-4,-13,-4,0
9586,Irgm1,43,29,7,4,78,49,11,2,242,121,164,224,236,-35,-20,-4,2
2974,Cdk10,30,15,4,2,53,31,8,4,242,159,196,230,236,-23,-16,-4,-2
9571,Irak4,26,9,2,1,65,30,6,1,242,151,203,234,240,-39,-21,-4,0
1724,Atp6v0e,44,27,5,3,45,24,9,4,242,153,191,228,235,-1,3,-4,-1
12789,Olfm2,45,26,2,1,60,41,6,0,242,137,175,234,241,-15,-15,-4,1
12355,Nlrp4a,12,4,0,0,36,21,4,1,242,194,217,238,241,-24,-17,-4,-1
2315,Cab39,31,14,2,2,48,21,6,1,242,163,207,234,239,-17,-7,-4,1
14419,Pdgfrl,64,35,6,2,61,39,10,3,242,117,168,226,237,3,-4,-4,-1
7222,Gm21962,47,25,9,6,71,43,13,8,242,124,174,220,228,-24,-18,-4,-2
14594,Phf20l1,34,18,4,2,49,26,8,2,242,159,198,230,238,-15,-8,-4,0
144,2200002J24Rik,15,12,12,7,22,20,16,11,242,205,210,214,224,-7,-8,-4,-4
6355,Gabrg3,23,13,0,0,35,21,4,0,242,184,208,238,242,-12,-8,-4,0
7230,Gm21981,39,12,2,0,62,37,6,2,242,141,193,234,240,-23,-25,-4,-2
14603,Phf8,37,18,2,2,40,26,6,2,242,165,198,234,238,-3,-8,-4,0
6351,Gabrd,52,30,1,1,35,20,5,1,242,155,192,236,240,17,10,-4,0
138,1810065E05Rik,11,10,1,1,15,12,5,2,242,216,220,236,239,-4,-2,-4,-1
435,Aadacl2fm2,15,15,4,1,23,19,8,5,242,204,208,230,236,-8,-4,-4,-4
14127,Pag1,50,26,5,1,58,38,9,3,242,134,178,228,238,-8,-12,-4,-2
136,1810058I24Rik,37,25,4,2,57,33,8,2,242,148,184,230,238,-20,-8,-4,0
6647,Glp1r,34,14,0,0,35,16,4,0,242,173,212,238,242,-1,-2,-4,0
14138,Pak3,57,30,3,0,46,26,7,1,242,139,186,232,241,11,4,-4,-1
450,Aar2,32,14,2,2,57,31,6,1,242,153,197,234,239,-25,-17,-4,1
4950,Dusp21,1,0,0,0,11,8,4,3,242,230,234,238,239,-10,-8,-4,-3
14622,Phox2a,49,34,9,1,43,34,13,4,242,150,174,220,237,6,0,-4,-3
13663,Olfr66,46,23,4,1,67,43,8,2,242,129,176,230,239,-21,-20,-4,-1
5530,Etv1,51,35,3,3,87,57,7,3,242,104,150,232,236,-36,-22,-4,0
14137,Pak2,32,17,3,2,45,22,7,3,242,165,203,232,237,-13,-5,-4,-1
7245,Gm26620,55,38,12,2,69,47,16,6,242,118,157,214,234,-14,-9,-4,-4
6340,Gabpb1,34,18,5,2,51,29,9,4,242,157,195,228,236,-17,-11,-4,-2
13656,Olfr653,22,7,0,0,37,23,4,0,242,183,212,238,242,-15,-16,-4,0
4937,Dus3l,23,12,2,2,56,28,6,2,242,163,202,234,238,-33,-16,-4,0
6337,Gabbr1,38,17,4,2,59,35,8,1,242,145,190,230,239,-21,-18,-4,1
7220,Gm21958,28,24,11,5,38,29,15,7,242,176,189,216,230,-10,-5,-4,-2
7216,Gm21921,7,3,0,0,5,5,4,2,242,230,234,238,240,2,-2,-4,-2
5676,Fam149b,35,14,3,2,55,34,7,5,242,152,194,232,235,-20,-20,-4,-3
7214,Gm21913,5,4,2,0,13,12,6,2,242,224,226,234,240,-8,-8,-4,-2
419,A930002H24Rik,54,35,14,8,64,51,18,9,242,124,156,210,225,-10,-16,-4,-1
6988,Gm17304,7,7,6,5,13,12,10,10,242,222,223,226,227,-6,-5,-4,-5
426,A930033H14Rik,42,19,3,0,83,47,7,2,242,117,176,232,240,-41,-28,-4,-2
6385,Galnt12,44,23,2,2,55,26,6,3,242,143,193,234,237,-11,-3,-4,-1
6383,Galnt10,37,19,2,2,51,22,6,0,242,154,201,234,240,-14,-3,-4,2
325,4933436I01Rik,5,4,0,0,8,7,4,3,242,229,231,238,239,-3,-3,-4,-3
5012,E130114P18Rik,31,23,6,2,43,32,10,3,242,168,187,226,237,-12,-9,-4,-1
5192,Eif2ak1,28,14,2,2,43,24,6,1,242,171,204,234,239,-15,-10,-4,1
5546,Evi5l,25,15,3,3,72,41,7,1,242,145,186,232,238,-47,-26,-4,2
5006,Dzip1,45,21,0,0,58,29,4,0,242,139,192,238,242,-13,-8,-4,0
7185,Gm21762,17,16,6,2,28,27,10,5,242,197,199,226,235,-11,-11,-4,-3
13736,Olfr735,42,20,1,0,47,32,5,4,242,153,190,236,238,-5,-12,-4,-4
5675,Fam149a,43,28,9,4,60,35,13,4,242,139,179,220,234,-17,-7,-4,0
4990,Dynlt1f,24,16,8,6,81,47,12,7,242,137,179,222,229,-57,-31,-4,-1
170,2310061I04Rik,34,15,3,3,56,25,7,1,242,152,202,232,238,-22,-10,-4,2
163,2310034G01Rik,58,36,6,0,67,48,10,4,242,117,158,226,238,-9,-12,-4,-4
6366,Gadd45gip1,29,16,2,2,40,21,6,3,242,173,205,234,237,-11,-5,-4,-1
13720,Olfr720,34,19,2,0,39,28,6,0,242,169,195,234,242,-5,-9,-4,0
13718,Olfr716,44,23,3,0,59,40,7,1,242,139,179,232,241,-15,-17,-4,-1
157,2310011J03Rik,37,23,2,2,38,18,6,0,242,167,201,234,240,-1,5,-4,2
7208,Gm21885,30,25,8,2,33,29,12,4,242,179,188,222,236,-3,-4,-4,-2
7210,Gm21891,3,3,2,1,11,10,6,6,242,228,229,234,235,-8,-7,-4,-5
6640,Glis2,44,21,3,2,74,42,7,3,242,124,179,232,237,-30,-21,-4,-1
5518,Etfb,37,22,2,2,36,25,6,3,242,169,195,234,237,1,-3,-4,-1
14139,Pak4,39,12,2,2,47,19,6,2,242,156,211,234,238,-8,-7,-4,0
5550,Evx2,13,7,1,1,28,19,5,0,242,201,216,236,241,-15,-12,-4,1
5475,Errfi1,77,52,6,2,38,21,10,3,242,127,169,226,237,39,31,-4,-1
248,4930469K13Rik,24,23,17,14,36,30,21,14,242,182,189,204,214,-12,-7,-4,0
14147,Palm3,39,24,5,3,74,49,9,3,242,129,169,228,236,-35,-25,-4,0
5725,Fam193a,49,24,3,3,41,22,7,2,242,152,196,232,237,8,2,-4,1
14152,Pan2,32,11,2,1,66,40,6,5,242,144,191,234,236,-34,-29,-4,-4
4920,Dtnb,27,12,2,1,40,17,6,3,242,175,213,234,238,-13,-5,-4,-2
491,Abcc2,35,19,2,2,44,20,6,2,242,163,203,234,238,-9,-1,-4,0
6292,Fv1,54,34,8,3,59,38,12,8,242,129,170,222,231,-5,-4,-4,-5
13450,Olfr418,33,20,1,0,35,24,5,1,242,174,198,236,241,-2,-4,-4,-1
14489,Per3,46,25,2,1,76,52,6,1,242,120,165,234,240,-30,-27,-4,0
4914,Dstyk,37,20,4,2,64,35,8,1,242,141,187,230,239,-27,-15,-4,1
4905,Dsg1c,7,4,0,0,13,7,4,0,242,222,231,238,242,-6,-3,-4,0
501,Abcd4,36,19,3,2,47,25,7,1,242,159,198,232,239,-11,-6,-4,1
13632,Olfr628,52,29,1,1,51,29,5,0,242,139,184,236,241,1,0,-4,1
7309,Gm29276,4,3,1,0,13,12,5,3,242,225,227,236,239,-9,-9,-4,-3
5734,Fam207a,41,22,2,2,47,28,6,2,242,154,192,234,238,-6,-6,-4,0
7318,Gm29609,71,45,11,4,68,54,15,7,242,103,143,216,231,3,-9,-4,-3
261,4930522H14Rik,2,2,0,0,8,8,4,4,242,232,232,238,238,-6,-6,-4,-4
13395,Olfr344,45,23,4,1,61,33,8,3,242,136,186,230,238,-16,-10,-4,-2
13390,Olfr338,41,16,0,0,54,26,4,2,242,147,200,238,240,-13,-10,-4,-2
7326,Gm29866,2,2,2,0,7,7,6,6,242,233,233,234,236,-5,-5,-4,-6
5201,Eif2d,31,15,2,2,30,14,6,3,242,181,213,234,237,1,1,-4,-1
14161,Paox,29,17,7,1,69,41,11,2,242,144,184,224,239,-40,-24,-4,-1
5202,Eif2s1,32,18,4,2,44,24,8,3,242,166,200,230,237,-12,-6,-4,-1
5741,Fam214a,39,21,3,2,69,42,7,0,242,134,179,232,240,-30,-21,-4,2
12790,Olfm3,22,12,2,2,31,18,6,1,242,189,212,234,239,-9,-6,-4,1
14641,Pias1,31,15,5,2,64,43,9,4,242,147,184,228,236,-33,-28,-4,-2
13479,Olfr46,49,21,6,2,58,38,10,4,242,135,183,226,236,-9,-17,-4,-2
6310,Fzd2,53,28,2,0,60,36,6,1,242,129,178,234,241,-7,-8,-4,-1
13628,Olfr622,29,18,2,1,44,28,6,2,242,169,196,234,239,-15,-10,-4,-1
4934,Dupd1,24,22,6,3,49,43,10,4,242,169,177,226,235,-25,-21,-4,-1
461,Abat,45,25,5,2,64,41,9,1,242,133,176,228,239,-19,-16,-4,1
6333,Gab3,67,37,6,0,55,33,10,6,242,120,172,226,236,12,4,-4,-6
14627,Phtf2,45,24,3,1,57,27,7,3,242,140,191,232,238,-12,-3,-4,-2
5516,Etf1,40,22,2,2,33,19,6,4,242,169,201,234,236,7,3,-4,-2
7271,Gm281,20,10,0,0,37,23,4,1,242,185,209,238,241,-17,-13,-4,-1
14628,Phxr2,32,23,10,3,48,41,14,8,242,162,178,218,231,-16,-18,-4,-5
6968,Gm16506,8,5,2,0,12,10,6,4,242,222,227,234,238,-4,-5,-4,-4
4925,Dtx2,41,17,3,1,60,41,7,3,242,141,184,232,238,-19,-24,-4,-2
5509,Ess2,26,14,2,1,56,24,6,1,242,160,204,234,240,-30,-10,-4,0
469,Abca2,36,17,2,2,58,25,6,0,242,148,200,234,240,-22,-8,-4,2
5700,Fam170b,18,10,0,0,21,15,4,4,242,203,217,238,238,-3,-5,-4,-4
5505,Esrp2,44,26,5,2,58,32,9,1,242,140,184,228,239,-14,-6,-4,1
5491,Esp31,5,5,0,0,6,6,4,1,242,231,231,238,241,-1,-1,-4,-1
7279,Gm2832,23,14,3,0,38,24,7,4,242,181,204,232,238,-15,-10,-4,-4
5488,Esp23,1,1,0,0,8,8,4,1,242,233,233,238,241,-7,-7,-4,-1
5199,Eif2b4,34,22,5,3,59,33,9,6,242,149,187,228,233,-25,-11,-4,-3
13501,Olfr482,33,20,2,2,47,29,6,0,242,162,193,234,240,-14,-9,-4,2
7282,Gm28372,22,17,4,0,34,26,8,3,242,186,199,230,239,-12,-9,-4,-3
13491,Olfr472,46,17,0,0,40,23,4,0,242,156,202,238,242,6,-6,-4,0
13486,Olfr466,42,17,0,0,52,30,4,0,242,148,195,238,242,-10,-13,-4,0
5719,Fam186b,65,45,12,6,62,47,16,6,242,115,150,214,230,3,-2,-4,0
14102,Pabpc1l,52,30,2,0,58,35,6,2,242,132,177,234,240,-6,-5,-4,-2
5363,Eny2,28,17,5,3,50,30,9,5,242,164,195,228,234,-22,-13,-4,-2
13380,Olfr323,29,11,1,0,45,30,5,0,242,168,201,236,242,-16,-19,-4,0
5069,Ect2,37,19,7,1,85,53,11,5,242,120,170,224,236,-48,-34,-4,-4
14510,Pex5l,25,19,0,0,43,22,4,3,242,174,201,238,239,-18,-3,-4,-3
5163,Ehmt1,42,21,3,2,57,31,7,3,242,143,190,232,237,-15,-10,-4,-1
14052,Otud7b,31,21,3,2,57,31,7,2,242,154,190,232,238,-26,-10,-4,0
207,3110040N11Rik,32,16,7,3,44,27,11,5,242,166,199,224,234,-12,-11,-4,-2
381,9930111J21Rik2,39,26,4,2,55,30,8,2,242,148,186,230,238,-16,-4,-4,0
14472,Pebp4,34,28,5,2,31,28,9,3,242,177,186,228,237,3,0,-4,-1
13977,Opn3,44,27,2,0,69,43,6,0,242,129,172,234,242,-25,-16,-4,0
7110,Gm20855,0,0,0,0,11,8,4,3,242,231,234,238,239,-11,-8,-4,-3
13976,Opn1sw,49,32,8,4,55,39,12,8,242,138,171,222,230,-6,-7,-4,-4
5075,Edc3,34,16,2,1,53,37,6,1,242,155,189,234,240,-19,-21,-4,0
5629,Fads2b,11,4,0,0,37,17,4,4,242,194,221,238,238,-26,-13,-4,-4
13971,Opalin,19,6,0,0,29,14,4,1,242,194,222,238,241,-10,-8,-4,-1
5568,Exog,49,23,2,0,49,33,6,0,242,144,186,234,242,0,-10,-4,0
14054,Otulinl,63,45,13,4,82,51,17,5,242,97,146,212,233,-19,-6,-4,-1
13970,Opa3,38,18,2,2,37,18,6,1,242,167,206,234,239,1,0,-4,1
14515,Pfdn1,27,15,2,2,45,25,6,4,242,170,202,234,236,-18,-10,-4,-2
14470,Pear1,50,30,9,2,57,37,13,6,242,135,175,220,234,-7,-7,-4,-4
203,3110001I22Rik,74,53,4,1,43,25,8,6,242,125,164,230,235,31,28,-4,-5
5571,Exosc2,56,28,2,2,29,17,6,4,242,157,197,234,236,27,11,-4,-2
14057,Ovca2,35,18,2,2,48,26,6,1,242,159,198,234,239,-13,-8,-4,1
5052,Ece1,68,51,13,6,60,43,17,4,242,114,148,212,232,8,8,-4,2
13938,Olfr986,48,18,2,0,60,35,6,3,242,134,189,234,239,-12,-17,-4,-3
6492,Gdap1,18,9,0,0,37,24,4,0,242,187,209,238,242,-19,-15,-4,0
13935,Olfr983,13,5,0,0,33,15,4,0,242,196,222,238,242,-20,-10,-4,0
5618,Fabp12,37,26,8,3,38,29,12,0,242,167,187,222,239,-1,-3,-4,3
13987,Orai2,40,19,2,1,67,36,6,2,242,135,187,234,239,-27,-17,-4,-1
13991,Orc3,22,17,5,2,45,28,9,0,242,175,197,228,240,-23,-11,-4,2
213,3830406C13Rik,25,14,4,3,70,35,8,1,242,147,193,230,238,-45,-21,-4,2
6554,Ggt1,41,22,6,3,64,52,10,7,242,137,168,226,232,-23,-30,-4,-4
5579,Exph5,22,10,3,0,56,28,7,3,242,164,204,232,239,-34,-18,-4,-3
6550,Ggn,48,29,6,1,70,42,10,2,242,124,171,226,239,-22,-13,-4,-1
5108,Efcab10,12,9,2,0,30,24,6,5,242,200,209,234,237,-18,-15,-4,-5
5115,Efcab5,45,18,2,0,60,23,6,4,242,137,201,234,238,-15,-5,-4,-4
6581,Ginm1,39,14,2,2,37,19,6,2,242,166,209,234,238,2,-5,-4,0
7081,Gm20767,17,15,5,3,33,26,9,3,242,192,201,228,236,-16,-11,-4,0
7085,Gm20795,1,1,0,0,10,9,4,0,242,231,232,238,242,-9,-8,-4,0
6531,Gfm2,29,16,3,2,42,22,7,3,242,171,204,232,237,-13,-6,-4,-1
5613,Faah,23,7,2,2,58,28,6,0,242,161,207,234,240,-35,-21,-4,2
14475,Pef1,31,16,2,2,38,16,6,2,242,173,210,234,238,-7,0,-4,0
5615,Faap20,39,20,4,3,45,25,8,6,242,158,197,230,233,-6,-5,-4,-3
14044,Otub2,54,31,5,0,58,31,9,4,242,130,180,228,238,-4,0,-4,-4
5162,Ehhadh,35,22,6,2,72,47,10,4,242,135,173,226,236,-37,-25,-4,-2
219,4921509C19Rik,23,8,0,0,23,12,4,3,242,196,222,238,239,0,-4,-4,-3
6521,Gemin8,41,17,3,1,55,29,7,2,242,146,196,232,239,-14,-12,-4,-1
6520,Gemin7,34,17,5,2,60,31,9,6,242,148,194,228,234,-26,-14,-4,-4
7043,Gm20403,38,29,16,14,39,36,20,10,242,165,177,206,218,-1,-7,-4,4
14506,Pex2,38,20,5,3,54,26,9,3,242,150,196,228,236,-16,-6,-4,0
14006,Osbpl1a,37,15,2,2,43,27,6,4,242,162,200,234,236,-6,-12,-4,-2
350,7420426K07Rik,14,8,0,0,20,14,4,1,242,208,220,238,241,-6,-6,-4,-1
13998,Ormdl1,49,30,5,2,40,24,9,3,242,153,188,228,237,9,6,-4,-1
7104,Gm20837,7,7,4,0,14,12,8,5,242,221,223,230,237,-7,-5,-4,-5
7117,Gm20888,1,0,0,0,7,6,4,3,242,234,236,238,239,-6,-6,-4,-3
395,A330070K13Rik,8,6,3,1,12,10,7,4,242,222,226,232,237,-4,-4,-4,-3
5551,Ewsr1,22,14,3,3,50,26,7,0,242,170,202,232,239,-28,-12,-4,3
6400,Galntl5,13,11,0,0,24,19,4,0,242,205,212,238,242,-11,-8,-4,0
13838,Olfr859,21,8,0,0,49,24,4,1,242,172,210,238,241,-28,-16,-4,-1
14079,P2rx5,55,36,9,4,67,44,13,4,242,120,162,220,234,-12,-8,-4,0
5020,E2f1,44,19,3,0,56,33,7,1,242,142,190,232,241,-12,-14,-4,-1
7149,Gm21292,12,12,3,0,16,14,7,3,242,214,216,232,239,-4,-2,-4,-3
237,4930438A08Rik,25,16,3,0,37,19,7,2,242,180,207,232,240,-12,-3,-4,-2
14080,P2rx6,47,26,1,0,47,28,5,1,242,148,188,236,241,0,-2,-4,-1
6424,Gas2,39,18,3,2,54,25,7,2,242,149,199,232,238,-15,-7,-4,0
6422,Gart,47,23,5,4,41,22,9,4,242,154,197,228,234,6,1,-4,0
13792,Olfr802,58,30,2,1,34,16,6,3,242,150,196,234,238,24,14,-4,-2
14549,Pgk1,41,26,4,3,49,23,8,2,242,152,193,230,237,-8,3,-4,1
6618,Gkn2,11,11,1,0,12,9,5,4,242,219,222,236,238,-1,2,-4,-4
14553,Pglyrp2,44,24,3,1,57,37,7,5,242,141,181,232,236,-13,-13,-4,-4
5643,Fam107a,49,34,3,2,46,26,7,1,242,147,182,232,239,3,8,-4,1
5560,Exoc3l2,45,27,4,3,48,34,8,5,242,149,181,230,234,-3,-7,-4,-2
6398,Galnt7,26,16,3,1,63,35,7,2,242,153,191,232,239,-37,-19,-4,-1
14556,Pgm1,46,28,4,3,51,27,8,2,242,145,187,230,237,-5,1,-4,1
402,A530032D15Rik,50,40,12,3,63,44,16,5,242,129,158,214,234,-13,-4,-4,-2
14557,Pgm2,55,34,6,5,35,21,10,3,242,152,187,226,234,20,13,-4,2
406,A630010A05Rik,53,30,8,3,69,46,12,5,242,120,166,222,234,-16,-16,-4,-2
6625,Glcci1,46,28,9,4,66,51,13,7,242,130,163,220,231,-20,-23,-4,-3
13767,Olfr774,52,30,7,1,65,42,11,5,242,125,170,224,236,-13,-12,-4,-4
14089,P2ry4,37,18,1,0,41,25,5,0,242,164,199,236,242,-4,-7,-4,0
327,5031439G07Rik,40,13,2,2,51,25,6,0,242,151,204,234,240,-11,-12,-4,2
5671,Fam136a,34,19,3,2,53,27,7,2,242,155,196,232,238,-19,-8,-4,0
14448,Pds5b,36,23,2,2,52,23,6,2,242,154,196,234,238,-16,0,-4,0
5022,E2f3,35,23,3,0,70,41,7,3,242,137,178,232,239,-35,-18,-4,-3
13850,Olfr875,10,9,1,1,14,10,5,1,242,218,223,236,240,-4,-1,-4,0
5023,E2f4,28,10,2,2,55,24,6,3,242,159,208,234,237,-27,-14,-4,-1
13927,Olfr975,56,29,3,0,42,23,7,4,242,144,190,232,238,14,6,-4,-4
5167,Eid2,38,24,4,2,73,45,8,2,242,131,173,230,238,-35,-21,-4,0
7036,Gm2004,49,40,22,11,72,57,26,11,242,121,145,194,220,-23,-17,-4,0
6603,Gjb4,42,27,3,1,50,29,7,4,242,150,186,232,237,-8,-2,-4,-3
14460,Pdzd7,51,36,3,0,62,34,7,1,242,129,172,232,241,-11,2,-4,-1
6449,Gba2,26,11,4,1,61,37,8,3,242,155,194,230,238,-35,-26,-4,-2
7027,Gm19410,17,11,0,0,15,11,4,3,242,210,220,238,239,2,0,-4,-3
7124,Gm20911,3,2,2,1,9,9,6,3,242,230,231,234,238,-6,-7,-4,-2
234,4930430F08Rik,44,30,2,2,66,35,6,3,242,132,177,234,237,-22,-5,-4,-1
14075,P2rx1,41,26,3,0,66,41,7,3,242,135,175,232,239,-25,-15,-4,-3
13874,Olfr906,48,25,2,1,59,34,6,0,242,135,183,234,241,-11,-9,-4,1
5033,Eaf1,36,21,2,2,53,27,6,1,242,153,194,234,239,-17,-6,-4,1
13872,Olfr904,45,25,1,0,67,33,5,2,242,130,184,236,240,-22,-8,-4,-2
6612,Gje1,45,28,3,0,60,37,7,2,242,137,177,232,240,-15,-9,-4,-2
13870,Olfr901,37,21,0,0,52,26,4,2,242,153,195,238,240,-15,-5,-4,-2
7128,Gm20920,2,2,1,1,9,9,5,4,242,231,231,236,237,-7,-7,-4,-3
6445,Gatd1,22,9,2,2,68,27,6,3,242,152,206,234,237,-46,-18,-4,-1
5656,Fam120b,23,13,3,2,47,25,7,3,242,172,204,232,237,-24,-12,-4,-1
6614,Gk2,8,4,2,1,16,13,6,4,242,218,225,234,237,-8,-9,-4,-3
13868,Olfr9,40,18,1,0,49,23,5,2,242,153,201,236,240,-9,-5,-4,-2
14540,Pgap4,33,17,6,3,76,49,10,3,242,133,176,226,236,-43,-32,-4,0
7132,Gm21028,22,21,13,12,24,20,17,16,242,196,201,212,214,-2,1,-4,-4
7015,Gm17655,56,36,14,8,75,59,18,8,242,111,147,210,226,-19,-23,-4,0
6954,Gm15448,32,16,2,1,36,25,6,4,242,174,201,234,237,-4,-9,-4,-3
360,9130401M01Rik,43,22,3,2,40,26,7,4,242,159,194,232,236,3,-4,-4,-2
5209,Eif3d,26,15,3,3,44,24,7,0,242,172,203,232,239,-18,-9,-4,3
5264,Ell2,56,38,6,3,57,33,10,4,242,129,171,226,235,-1,5,-4,-1
13031,Olfr1269,42,20,2,1,48,24,6,3,242,152,198,234,238,-6,-4,-4,-2
4652,Dlc1,55,33,4,2,47,33,8,3,242,140,176,230,237,8,0,-4,-1
6044,Fhdc1,64,34,1,0,60,37,5,3,242,118,171,236,239,4,-3,-4,-3
6041,Fgr,41,22,1,0,48,26,5,5,242,153,194,236,237,-7,-4,-4,-5
14760,Pkn2,32,16,3,2,45,25,7,1,242,165,201,232,239,-13,-9,-4,1
6893,Gm14147,14,5,0,0,31,17,4,4,242,197,220,238,238,-17,-12,-4,-4
6032,Fgfr1op2,27,15,4,2,50,34,8,2,242,165,193,230,238,-23,-19,-4,0
14767,Pkp4,34,23,3,2,52,21,7,3,242,156,198,232,237,-18,2,-4,-1
7434,Gm3755,69,49,17,3,77,55,21,12,242,96,138,204,227,-8,-6,-4,-9
14233,Paxbp1,32,15,2,2,52,26,6,3,242,158,201,234,237,-20,-11,-4,-1
51,1700012P22Rik,12,10,1,0,22,14,5,4,242,208,218,236,238,-10,-4,-4,-4
7440,Gm382,0,0,0,0,14,12,4,3,242,228,230,238,239,-14,-12,-4,-3
6817,Gm11565,5,3,0,0,11,11,4,4,242,226,228,238,238,-6,-8,-4,-4
6018,Fgf20,38,33,13,6,38,36,17,4,242,166,173,212,232,0,-3,-4,2
281,4930579G24Rik,42,24,2,0,73,41,6,1,242,127,177,234,241,-31,-17,-4,-1
14791,Plaat1,28,21,4,1,42,27,8,4,242,172,194,230,237,-14,-6,-4,-3
6012,Fgf14,21,12,1,1,33,17,5,1,242,188,213,236,240,-12,-5,-4,0
589,Acin1,40,20,3,3,48,27,7,3,242,154,195,232,236,-8,-7,-4,0
6010,Fgf12,33,18,2,0,32,17,6,2,242,177,207,234,240,1,1,-4,-2
12974,Olfr1209,34,9,2,1,55,32,6,0,242,153,201,234,241,-21,-23,-4,1
4616,Dhx9,31,13,3,3,40,27,7,3,242,171,202,232,236,-9,-14,-4,0
14797,Plac9a,49,27,6,3,59,36,10,3,242,134,179,226,236,-10,-9,-4,0
14310,Pcdhga4,41,18,2,0,58,41,6,3,242,143,183,234,239,-17,-23,-4,-3
14752,Pkhd1l1,15,2,0,0,26,18,4,1,242,201,222,238,241,-11,-16,-4,-1
5817,Fancc,29,17,3,0,69,30,7,3,242,144,195,232,239,-40,-13,-4,-3
5320,Emx1,26,18,6,2,36,24,10,1,242,180,200,226,239,-10,-6,-4,1
6069,Fjx1,58,45,2,1,61,41,6,1,242,123,156,234,240,-3,4,-4,0
13071,Olfr131,38,23,4,0,50,37,8,3,242,154,182,230,239,-12,-14,-4,-3
278,4930578G10Rik,53,44,16,4,58,50,20,7,242,131,148,206,231,-5,-6,-4,-3
74,1700020N15Rik,6,5,3,1,12,9,7,1,242,224,228,232,240,-6,-4,-4,0
5780,Fam53a,43,23,2,2,42,19,6,1,242,157,200,234,239,1,4,-4,1
6085,Fkrp,32,26,5,2,65,42,9,8,242,145,174,228,232,-33,-16,-4,-6
299,4932415D10Rik,11,5,1,0,26,13,5,3,242,205,224,236,239,-15,-8,-4,-3
4712,Dnaaf6,2,2,0,0,16,14,4,2,242,224,226,238,240,-14,-12,-4,-2
5811,Fam98a,31,18,2,2,50,30,6,3,242,161,194,234,237,-19,-12,-4,-1
5269,Elmod1,37,22,1,0,33,18,5,2,242,172,202,236,240,4,4,-4,-2
4708,Dnaaf2,46,16,0,0,53,28,4,0,242,143,198,238,242,-7,-12,-4,0
5812,Fam98b,24,14,4,2,59,32,8,4,242,159,196,230,236,-35,-18,-4,-2
5417,Eps8l2,44,24,4,3,49,33,8,2,242,149,185,230,237,-5,-9,-4,1
5435,Ercc4,34,17,3,1,64,27,7,2,242,144,198,232,239,-30,-10,-4,-1
4702,Dmtn,31,14,4,2,62,34,8,0,242,149,194,230,240,-31,-20,-4,2
4695,Dmrtb1,34,27,3,0,38,32,7,4,242,170,183,232,238,-4,-5,-4,-4
4872,Dpys,40,16,6,3,52,30,10,3,242,150,196,226,236,-12,-14,-4,0
67,1700019A02Rik,22,20,10,2,47,40,14,4,242,173,182,218,236,-25,-20,-4,-2
6775,Gm11020,3,2,2,2,7,6,6,6,242,232,234,234,234,-4,-4,-4,-4
6059,Fign,40,20,1,0,48,28,5,0,242,154,194,236,242,-8,-8,-4,0
14332,Pcgf6,32,11,3,3,65,39,7,1,242,145,192,232,238,-33,-28,-4,2
5434,Ercc3,29,13,2,2,50,27,6,4,242,163,202,234,236,-21,-14,-4,-2
6901,Gm14296,38,20,7,2,59,39,11,2,242,145,183,224,238,-21,-19,-4,0
5843,Fat1,45,23,2,2,47,28,6,1,242,150,191,234,239,-2,-5,-4,1
37,1700003F12Rik,55,37,14,5,72,54,18,5,242,115,151,210,232,-17,-17,-4,0
5414,Eps15l1,40,19,3,2,40,24,7,4,242,162,199,232,236,0,-5,-4,-2
7494,Gm43738,34,29,7,0,55,37,11,4,242,153,176,224,238,-21,-8,-4,-4
5916,Fbxo7,34,18,5,4,55,27,9,5,242,153,197,228,233,-21,-9,-4,-1
4591,Dhrs11,30,14,4,2,54,28,8,2,242,158,200,230,238,-24,-14,-4,0
14247,Pbxip1,50,21,5,3,45,22,9,5,242,147,199,228,234,5,-1,-4,-2
6859,Gm13030,11,8,2,1,9,9,6,1,242,222,225,234,240,2,-1,-4,0
5372,Epb41l2,40,20,3,2,52,23,7,4,242,150,199,232,236,-12,-3,-4,-2
5348,Enpp4,33,14,3,2,71,44,7,1,242,138,184,232,239,-38,-30,-4,1
5353,Enthd1,39,23,5,1,55,36,9,2,242,148,183,228,239,-16,-13,-4,-1
5913,Fbxo48,59,32,4,0,60,39,8,5,242,123,171,230,237,-1,-7,-4,-5
12866,Olfr109,30,12,0,0,42,24,4,0,242,170,206,238,242,-12,-12,-4,0
5357,Entpd4,29,19,3,2,65,36,7,2,242,148,187,232,238,-36,-17,-4,0
4589,Dhps,30,17,2,2,43,19,6,3,242,169,206,234,237,-13,-2,-4,-1
12910,Olfr1137,31,14,1,0,29,11,5,0,242,182,217,236,242,2,3,-4,0
5892,Fbxo25,34,23,3,2,56,32,7,2,242,152,187,232,238,-22,-9,-4,0
5910,Fbxo45,40,15,3,2,52,28,7,2,242,150,199,232,238,-12,-13,-4,0
9,1110017D15Rik,42,35,11,7,68,49,15,8,242,132,158,216,227,-26,-14,-4,-1
12841,Olfr105-ps,29,14,0,0,46,28,4,1,242,167,200,238,241,-17,-14,-4,-1
12838,Olfr1047,22,14,1,0,20,12,5,2,242,200,216,236,240,2,2,-4,-2
5368,Ep400,33,17,3,2,53,28,7,1,242,156,197,232,239,-20,-11,-4,1
5904,Fbxo4,45,22,3,2,48,26,7,2,242,149,194,232,238,-3,-4,-4,0
7498,Gm44502,50,27,5,2,45,26,9,5,242,147,189,228,235,5,1,-4,-3
7499,Gm44503,39,26,6,2,36,22,10,4,242,167,194,226,236,3,4,-4,-2
12819,Olfr1028,39,24,3,0,57,30,7,3,242,146,188,232,239,-18,-6,-4,-3
5342,Enox1,45,17,1,0,63,33,5,1,242,134,192,236,241,-18,-16,-4,-1
5929,Fbxw20,9,8,0,0,9,7,4,3,242,224,227,238,239,0,1,-4,-3
22,1500009C09Rik,29,13,2,1,33,24,6,0,242,180,205,234,241,-4,-11,-4,1
4604,Dhx30,34,12,3,2,60,33,7,0,242,148,197,232,240,-26,-21,-4,2
5850,Fbf1,38,17,2,2,71,39,6,4,242,133,186,234,236,-33,-22,-4,-2
14814,Plcd4,53,30,4,1,45,26,8,2,242,144,186,230,239,8,4,-4,-1
592,Ackr3,64,33,6,3,62,38,10,6,242,116,171,226,233,2,-5,-4,-3
5406,Epn3,44,28,8,3,59,34,12,4,242,139,180,222,235,-15,-6,-4,-1
12950,Olfr1183,26,13,0,0,51,27,4,1,242,165,202,238,241,-25,-14,-4,-1
5391,Epha7,59,34,3,0,52,34,7,2,242,131,174,232,240,7,0,-4,-2
5980,Fer,27,13,2,2,64,32,6,2,242,151,197,234,238,-37,-19,-4,0
14275,Pcdha5,15,11,2,0,32,22,6,3,242,195,209,234,239,-17,-11,-4,-3
5974,Fech,39,21,2,2,47,23,6,4,242,156,198,234,236,-8,-2,-4,-2
5865,Fbxl12,43,24,3,1,52,30,7,2,242,147,188,232,239,-9,-6,-4,-1
14833,Plek,52,35,9,2,74,47,13,4,242,116,160,220,236,-22,-12,-4,-2
5937,Fbxw4,42,18,2,2,53,32,6,2,242,147,192,234,238,-11,-14,-4,0
14835,Plekha1,43,23,6,2,58,33,10,4,242,141,186,226,236,-15,-10,-4,-2
14273,Pcdha3,10,3,2,1,31,23,6,2,242,201,216,234,239,-21,-20,-4,-1
5879,Fbxl5,34,18,3,2,61,31,7,1,242,147,193,232,239,-27,-13,-4,1
4602,Dhx16,32,14,3,2,58,29,7,4,242,152,199,232,236,-26,-15,-4,-2
6882,Gm13539,9,8,5,2,16,15,9,3,242,217,219,228,237,-7,-7,-4,-1
14244,Pbx2,39,20,3,2,66,35,7,1,242,137,187,232,239,-27,-15,-4,1
14245,Pbx3,65,30,2,2,44,24,6,2,242,133,188,234,238,21,6,-4,0
4594,Dhrs3,43,26,4,2,65,40,8,2,242,134,176,230,238,-22,-14,-4,0
12941,Olfr1175,41,13,1,0,44,22,5,0,242,157,207,236,242,-3,-9,-4,0
12925,Olfr1156,42,14,4,0,59,29,8,5,242,141,199,230,237,-17,-15,-4,-5
5265,Ell3,47,36,8,3,68,41,12,3,242,127,165,222,236,-21,-5,-4,0
4681,Dmap1,23,12,3,2,61,37,7,1,242,158,193,232,239,-38,-25,-4,1
14724,Pisd,33,17,3,3,57,30,7,2,242,152,195,232,237,-24,-13,-4,1
6160,Foxb2,11,7,0,0,11,11,4,2,242,220,224,238,240,0,-4,-4,-2
5453,Eri3,30,15,2,2,41,23,6,2,242,171,204,234,238,-11,-8,-4,0
14678,Pih1d2,43,18,8,0,74,48,12,2,242,125,176,222,240,-31,-30,-4,-2
4770,Dnajc4,34,12,2,2,41,23,6,5,242,167,207,234,235,-7,-11,-4,-3
4768,Dnajc3,35,18,2,2,46,22,6,1,242,161,202,234,239,-11,-4,-4,1
6214,Frat1,31,18,7,4,95,57,11,5,242,116,167,224,233,-64,-39,-4,-1
4820,Dohh,33,12,4,3,38,20,8,4,242,171,210,230,235,-5,-8,-4,-1
13268,Olfr169,4,2,0,0,10,9,4,1,242,228,231,238,241,-6,-7,-4,-1
6165,Foxd3,20,13,2,0,48,36,6,2,242,174,193,234,240,-28,-23,-4,-2
13262,Olfr161,45,15,1,0,55,24,5,1,242,142,203,236,241,-10,-9,-4,-1
5217,Eif3k,37,22,4,2,35,17,8,1,242,170,203,230,239,2,5,-4,1
114,1700093K21Rik,49,43,15,6,57,45,19,6,242,136,154,208,230,-8,-2,-4,0
13248,Olfr153,15,10,2,0,24,18,6,1,242,203,214,234,241,-9,-8,-4,-1
5254,Elf2,34,18,2,2,50,27,6,2,242,158,197,234,238,-16,-9,-4,0
6131,Fnbp4,29,12,2,2,46,17,6,0,242,167,213,234,240,-17,-5,-4,2
5764,Fam241a,34,20,5,2,73,42,9,6,242,135,180,228,234,-39,-22,-4,-4
5766,Fam243,20,9,0,0,34,17,4,2,242,188,216,238,240,-14,-8,-4,-2
524,Abhd17b,29,17,2,2,57,41,6,2,242,156,184,234,238,-28,-24,-4,0
5257,Elf5,45,33,9,2,66,47,13,4,242,131,162,220,236,-21,-14,-4,-2
7377,Gm3373,29,24,14,7,53,42,18,12,242,160,176,210,223,-24,-18,-4,-5
13340,Olfr281,20,6,0,0,34,19,4,0,242,188,217,238,242,-14,-13,-4,0
7375,Gm33543,36,26,1,0,51,35,5,0,242,155,181,236,242,-15,-9,-4,0
4772,Dnajc5b,19,15,4,2,19,15,8,1,242,204,212,230,239,0,0,-4,1
13324,Olfr25,11,7,3,1,13,11,7,2,242,218,224,232,239,-2,-4,-4,-1
7356,Gm3183,19,17,3,2,39,30,7,4,242,184,195,232,236,-20,-13,-4,-2
4790,Dnlz,26,9,2,2,39,23,6,3,242,177,210,234,237,-13,-14,-4,-1
14184,Parl,30,18,3,3,47,23,7,4,242,165,201,232,235,-17,-5,-4,-1
13320,Olfr24,22,13,2,1,19,12,6,2,242,201,217,234,239,3,1,-4,-1
5221,Eif4a2,42,15,3,3,45,27,7,3,242,155,200,232,236,-3,-12,-4,0
14367,Pcyt1a,39,16,2,2,51,24,6,0,242,152,202,234,240,-12,-8,-4,2
13315,Olfr23,6,2,0,0,17,11,4,3,242,219,229,238,239,-11,-9,-4,-3
14674,Pigx,38,24,5,2,40,22,9,3,242,164,196,228,237,-2,2,-4,-1
7350,Gm3149,15,13,5,1,25,20,9,8,242,202,209,228,233,-10,-7,-4,-7
5222,Eif4a3,25,9,3,2,48,27,7,2,242,169,206,232,238,-23,-18,-4,0
13297,Olfr204,37,19,2,1,49,23,6,3,242,156,200,234,238,-12,-4,-4,-2
513,Abhd10,31,14,5,2,59,34,9,4,242,152,194,228,236,-28,-20,-4,-2
13337,Olfr273,26,16,3,1,46,30,7,0,242,170,196,232,241,-20,-14,-4,1
13291,Olfr199,4,1,1,1,12,8,5,3,242,226,233,236,238,-8,-7,-4,-2
6188,Foxn4,26,14,2,2,47,31,6,5,242,169,197,234,235,-21,-17,-4,-3
14708,Pinx1,49,26,4,0,54,30,8,1,242,139,186,230,241,-5,-4,-4,-1
14197,Parp8,44,24,2,2,53,27,6,1,242,145,191,234,239,-9,-3,-4,1
13222,Olfr1489,28,6,0,0,46,26,4,1,242,168,210,238,241,-18,-20,-4,-1
303,4933400A11Rik,18,14,4,1,38,35,8,0,242,186,193,230,241,-20,-21,-4,1
302,4932438H23Rik,40,20,5,0,54,31,9,5,242,148,191,228,237,-14,-11,-4,-5
4752,Dnajc11,31,18,2,2,44,25,6,2,242,167,199,234,238,-13,-7,-4,0
13362,Olfr305,24,15,0,0,61,28,4,0,242,157,199,238,242,-37,-13,-4,0
5213,Eif3h,38,17,2,2,26,12,6,2,242,178,213,234,238,12,5,-4,0
4751,Dnajc10,28,13,2,2,63,29,6,3,242,151,200,234,237,-35,-16,-4,-1
537,Abitram,32,18,6,1,60,27,10,4,242,150,197,226,237,-28,-9,-4,-3
538,Abl1,29,16,2,2,47,20,6,1,242,166,206,234,239,-18,-4,-4,1
14208,Pate12,0,0,0,0,4,4,4,1,242,238,238,238,241,-4,-4,-4,-1
4750,Dnajc1,36,20,2,2,57,33,6,2,242,149,189,234,238,-21,-13,-4,0
540,Ablim1,47,25,3,2,54,29,7,2,242,141,188,232,238,-7,-4,-4,0
13141,Olfr1384,31,22,1,0,38,18,5,0,242,173,202,236,242,-7,4,-4,0
13366,Olfr31,39,17,1,1,56,26,5,2,242,147,199,236,239,-17,-9,-4,-1
4858,Dpp8,29,17,2,2,65,37,6,1,242,148,188,234,239,-36,-20,-4,1
6760,Gm10778,56,32,14,4,63,38,18,8,242,123,172,210,230,-7,-6,-4,-4
549,Abt1,40,19,2,0,41,19,6,2,242,161,204,234,240,-1,0,-4,-2
6100,Flrt2,51,31,2,0,54,35,6,2,242,137,176,234,240,-3,-4,-4,-2
5437,Ercc6,30,12,2,0,57,31,6,0,242,155,199,234,242,-27,-19,-4,0
13372,Olfr315,8,4,1,1,27,18,5,2,242,207,220,236,239,-19,-14,-4,-1
5261,Elk3,40,20,2,2,64,43,6,2,242,138,179,234,238,-24,-23,-4,0
5743,Fam216a,34,16,2,2,55,27,6,2,242,153,199,234,238,-21,-11,-4,0
5220,Eif4a1,40,21,3,3,50,21,7,1,242,152,200,232,238,-10,0,-4,2
14380,Pdcd6,39,17,3,2,31,20,7,4,242,172,205,232,236,8,-3,-4,-2
13154,Olfr1396,26,7,0,0,45,24,4,0,242,171,211,238,242,-19,-17,-4,0
92,1700031L13Rik,0,0,0,0,8,7,4,4,242,234,235,238,238,-8,-7,-4,-4
6225,Frmd5,57,32,0,0,49,28,4,0,242,136,182,238,242,8,4,-4,0
13190,Olfr1444,10,6,0,0,14,11,4,2,242,218,225,238,240,-4,-5,-4,-2
264,4930524B15Rik,23,9,0,0,38,20,4,0,242,181,213,238,242,-15,-11,-4,0
13186,Olfr1440,21,11,0,0,51,25,4,0,242,170,206,238,242,-30,-14,-4,0
6709,Gm10271,15,14,13,13,21,21,18,18,242,206,207,211,211,-6,-7,-5,-5
17104,Septin5,53,24,4,0,56,28,9,4,242,133,190,229,238,-3,-4,-5,-4
3097,Cep126,27,16,5,3,79,46,10,3,242,136,180,227,236,-52,-30,-5,0
2943,Cdh11,37,16,2,2,55,36,7,3,242,150,190,233,237,-18,-20,-5,-1
18597,Sub1,29,22,2,2,49,26,7,4,242,164,194,233,236,-20,-4,-5,-2
17099,Septin12,26,14,0,0,30,19,5,0,242,186,209,237,242,-4,-5,-5,0
6736,Gm10471,30,19,4,4,24,20,9,6,242,188,203,229,232,6,-1,-5,-2
6583,Gins2,44,24,0,0,64,31,5,1,242,134,187,237,241,-20,-7,-5,-1
18711,Syndig1l,41,21,5,3,35,21,10,5,242,166,200,227,234,6,0,-5,-2
19288,Timm50,24,12,2,2,42,26,7,3,242,176,204,233,237,-18,-14,-5,-1
5572,Exosc3,40,14,3,2,56,30,8,4,242,146,198,231,236,-16,-16,-5,-2
5583,Extl2,30,17,2,1,77,45,7,2,242,135,180,233,239,-47,-28,-5,-1
20528,Ube2dnl2,5,3,1,0,14,12,6,3,242,223,227,235,239,-9,-9,-5,-3
20522,Ube2cbp,54,23,3,1,53,28,8,5,242,135,191,231,236,1,-5,-5,-4
5456,Erich3,20,9,0,0,25,13,5,3,242,197,220,237,239,-5,-4,-5,-3
2921,Cdc42ep3,44,18,4,2,71,36,9,4,242,127,188,229,236,-27,-18,-5,-2
9502,Insl6,53,40,11,2,64,42,16,8,242,125,160,215,232,-11,-2,-5,-6
9337,Igsf6,48,33,6,2,61,46,11,3,242,133,163,225,237,-13,-13,-5,-1
19220,Thbs1,58,35,8,2,62,44,13,3,242,122,163,221,237,-4,-9,-5,-1
5379,Epc2,30,14,5,2,62,37,10,2,242,150,191,227,238,-32,-23,-5,0
5461,Erlec1,31,11,5,2,43,25,10,3,242,168,206,227,237,-12,-14,-5,-1
6699,Gm10217,37,34,27,27,43,42,32,30,242,162,166,183,185,-6,-8,-5,-3
6586,Gip,25,22,9,4,35,30,14,7,242,182,190,219,231,-10,-8,-5,-3
17185,Sertad1,57,29,2,2,46,29,7,3,242,139,184,233,237,11,0,-5,-1
9521,Ints6l,38,24,7,3,67,36,12,4,242,137,182,223,235,-29,-12,-5,-1
19170,Tfec,43,27,5,3,35,27,10,3,242,164,188,227,236,8,0,-5,0
5462,Erlin1,40,27,10,5,59,37,15,8,242,143,178,217,229,-19,-10,-5,-3
20436,Tubgcp6,31,15,1,1,62,35,6,3,242,149,192,235,238,-31,-20,-5,-2
17171,Serpinb9f,11,7,0,0,12,10,5,0,242,219,225,237,242,-1,-3,-5,0
5575,Exosc6,9,7,5,4,18,17,10,8,242,215,218,227,230,-9,-10,-5,-4
6568,Gid8,30,14,3,2,57,26,8,4,242,155,202,231,236,-27,-12,-5,-2
9479,Ino80,24,8,2,1,61,38,7,0,242,157,196,233,241,-37,-30,-5,1
6610,Gjd3,38,30,10,5,52,41,15,6,242,152,171,217,231,-14,-11,-5,-1
9347,Ikbkb,31,15,2,2,52,26,7,1,242,159,201,233,239,-21,-11,-5,1
9614,Ist1,40,16,3,2,42,27,8,4,242,160,199,231,236,-2,-11,-5,-2
20459,Txlna,37,13,2,2,62,38,7,1,242,143,191,233,239,-25,-25,-5,1
9462,Inca1,46,15,2,0,56,35,7,3,242,140,192,233,239,-10,-20,-5,-3
5439,Ercc6l2,23,12,4,2,67,36,9,3,242,152,194,229,237,-44,-24,-5,-1
6645,Glod4,40,25,3,2,52,27,8,5,242,150,190,231,235,-12,-2,-5,-3
9623,Itga11,31,9,0,0,61,31,5,1,242,150,202,237,241,-30,-22,-5,-1
6783,Gm11084,12,10,9,8,17,17,14,14,242,213,215,219,220,-5,-7,-5,-6
6759,Gm10775,48,27,11,4,80,54,16,4,242,114,161,215,234,-32,-27,-5,0
9618,Itch,31,17,4,2,55,28,9,2,242,156,197,229,238,-24,-11,-5,0
18626,Sult3a1,5,5,1,0,8,7,6,0,242,229,230,235,242,-3,-2,-5,0
18634,Sumo1,50,31,3,2,34,23,8,5,242,158,188,231,235,16,8,-5,-3
9454,Impdh1,38,21,2,1,51,23,7,1,242,153,198,233,240,-13,-2,-5,0
5383,Epgn,61,42,9,2,49,35,14,6,242,132,165,219,234,12,7,-5,-4
5554,Exo1,59,36,1,0,52,31,6,0,242,131,175,235,242,7,5,-5,0
18691,Syce2,66,35,4,3,47,27,9,3,242,129,180,229,236,19,8,-5,0
6632,Gli2,33,17,0,0,44,23,5,1,242,165,202,237,241,-11,-6,-5,-1
18630,Sult6b1,41,28,6,3,72,49,11,3,242,129,165,225,236,-31,-21,-5,0
5436,Ercc5,29,11,2,2,47,20,7,4,242,166,211,233,236,-18,-9,-5,-2
3047,Ceacam9,16,15,3,1,26,23,8,1,242,200,204,231,240,-10,-8,-5,0
5547,Evl,55,25,2,0,43,28,7,2,242,144,189,233,240,12,-3,-5,-2
9568,Irak1bp1,42,22,4,2,54,30,9,5,242,146,190,229,235,-12,-8,-5,-3
9570,Irak3,46,25,3,0,63,31,8,3,242,133,186,231,239,-17,-6,-5,-3
6639,Glis1,54,31,8,3,63,45,13,5,242,125,166,221,234,-9,-14,-5,-2
6616,Gkap1,33,20,3,3,54,35,8,4,242,155,187,231,235,-21,-15,-5,-1
9632,Itga9,41,23,4,1,48,34,9,2,242,153,185,229,239,-7,-11,-5,-1
5442,Erf,55,25,3,3,35,23,8,1,242,152,194,231,238,20,2,-5,2
9466,Ing2,29,8,2,1,43,22,7,3,242,170,212,233,238,-14,-14,-5,-2
9523,Ints8,55,25,3,2,32,21,8,2,242,155,196,231,238,23,4,-5,0
9676,Itsn2,33,14,2,2,56,29,7,4,242,153,199,233,236,-23,-15,-5,-2
6590,Gipr,47,27,5,3,50,35,10,6,242,145,180,227,233,-3,-8,-5,-3
17235,Sfta2,65,54,18,7,56,49,23,9,242,121,139,201,226,9,5,-5,-2
17190,Sesn1,43,25,3,2,61,44,8,5,242,138,173,231,235,-18,-19,-5,-3
6684,Gm10130,45,26,3,1,71,45,8,3,242,126,171,231,238,-26,-19,-5,-2
6848,Gm12689,72,51,6,1,48,37,11,4,242,122,154,225,237,24,14,-5,-3
19217,Thap4,33,13,3,3,48,27,8,0,242,161,202,231,239,-15,-14,-5,3
9364,Il12rb2,60,35,2,0,55,33,7,4,242,127,174,233,238,5,2,-5,-4
5567,Exoc8,24,11,2,1,70,47,7,1,242,148,184,233,240,-46,-36,-5,0
5413,Eps15,33,18,3,2,53,27,8,2,242,156,197,231,238,-20,-9,-5,0
9668,Itpr2,55,23,2,2,53,30,7,2,242,134,189,233,238,2,-7,-5,0
18646,Supt5,33,14,3,3,41,19,8,3,242,168,209,231,236,-8,-5,-5,0
6826,Gm11733,25,9,1,0,39,28,6,2,242,178,205,235,240,-14,-19,-5,-2
17192,Sesn3,36,22,2,2,64,31,7,1,242,142,189,233,239,-28,-9,-5,1
5448,Ergic2,31,18,5,2,61,35,10,3,242,150,189,227,237,-30,-17,-5,-1
2952,Cdh20,10,5,0,0,37,22,5,2,242,195,215,237,240,-27,-17,-5,-2
19241,Thoc6,44,18,2,2,33,17,7,4,242,165,207,233,236,11,1,-5,-2
6741,Gm10521,55,29,1,0,58,37,6,2,242,129,176,235,240,-3,-8,-5,-2
3092,Cenpw,38,20,0,0,44,27,5,1,242,160,195,237,241,-6,-7,-5,-1
3088,Cenps,45,27,5,0,68,51,10,5,242,129,164,227,237,-23,-24,-5,-5
5476,Erv3,37,22,1,1,35,24,6,0,242,170,196,235,241,2,-2,-5,1
2744,Ccnc,27,13,2,2,46,23,7,3,242,169,206,233,237,-19,-10,-5,-1
17097,Septin10,32,16,4,3,86,50,9,6,242,124,176,229,233,-54,-34,-5,-3
10380,Ldb3,58,32,0,0,50,21,5,0,242,134,189,237,242,8,11,-5,0
10300,Lancl1,33,19,2,2,42,27,7,2,242,167,196,233,238,-9,-8,-5,0
10312,Larp4,29,15,2,2,61,26,7,1,242,152,201,233,239,-32,-11,-5,1
6143,Fndc9,40,13,2,1,41,24,7,3,242,161,205,233,238,-1,-11,-5,-2
5756,Fam228a,36,24,4,1,67,43,9,5,242,139,175,229,236,-31,-19,-5,-4
6136,Fndc3a,32,15,3,3,56,42,8,1,242,154,185,231,238,-24,-27,-5,2
10340,Lce1d,8,7,1,0,7,7,6,2,242,227,228,235,240,1,0,-5,-2
6116,Fmo1,59,30,5,4,46,31,10,3,242,137,181,227,235,13,-1,-5,1
16838,Sars2,25,14,4,2,50,26,9,4,242,167,202,229,236,-25,-12,-5,-2
10360,Lcmt2,26,13,4,3,97,58,9,2,242,119,171,229,237,-71,-45,-5,1
2515,Catspere2,52,28,4,2,68,48,9,2,242,122,166,229,238,-16,-20,-5,0
6109,Flywch2,29,18,4,1,63,49,9,2,242,150,175,229,239,-34,-31,-5,-1
6168,Foxe3,18,13,3,1,14,14,8,3,242,210,215,231,238,4,-1,-5,-2
20769,Usp42,22,7,1,0,72,44,6,1,242,148,191,235,241,-50,-37,-5,-1
20771,Usp44,38,23,0,0,52,28,5,0,242,152,191,237,242,-14,-5,-5,0
19058,Tead4,43,25,4,1,67,40,9,3,242,132,177,229,238,-24,-15,-5,-2
19057,Tead3,57,36,3,2,53,27,8,3,242,132,179,231,237,4,9,-5,-1
20777,Usp5,23,9,2,2,50,32,7,2,242,169,201,233,238,-27,-23,-5,0
2507,Catip,35,16,5,1,64,39,10,8,242,143,187,227,233,-29,-23,-5,-7
5779,Fam50b,18,15,2,1,31,28,7,5,242,193,199,233,236,-13,-13,-5,-4
6097,Flot1,44,27,3,2,50,28,8,3,242,148,187,231,237,-6,-1,-5,-1
6093,Flii,41,18,2,2,35,20,7,2,242,166,204,233,238,6,-2,-5,0
2480,Casc1,44,24,2,0,56,30,7,2,242,142,188,233,240,-12,-6,-5,-2
20738,Usp16,31,18,2,2,48,27,7,3,242,163,197,233,237,-17,-9,-5,-1
5749,Fam220a,43,20,2,2,31,18,7,4,242,168,204,233,236,12,2,-5,-2
18892,Tasor,24,7,2,2,65,35,7,1,242,153,200,233,239,-41,-28,-5,1
2584,Ccdc134,44,24,1,0,58,34,6,4,242,140,184,235,238,-14,-10,-5,-4
2595,Ccdc15,50,27,1,0,58,25,6,2,242,134,190,235,240,-8,2,-5,-2
6262,Fthl17a,16,14,6,0,21,16,11,5,242,205,212,225,237,-5,-2,-5,-5
2593,Ccdc148,41,28,4,1,62,48,9,3,242,139,166,229,238,-21,-20,-5,-2
18836,Tango6,35,15,2,0,59,31,7,1,242,148,196,233,241,-24,-16,-5,-1
10136,Kremen2,62,32,3,0,55,30,8,2,242,125,180,231,240,7,2,-5,-2
18839,Taok2,34,13,2,2,60,34,7,5,242,148,195,233,235,-26,-21,-5,-3
18843,Tapbp,48,24,3,2,63,31,8,4,242,131,187,231,236,-15,-7,-5,-2
16897,Scg5,57,33,4,2,52,37,9,4,242,133,172,229,236,5,-4,-5,-2
6226,Frmd6,48,22,2,0,51,33,7,1,242,143,187,233,241,-3,-11,-5,-1
18848,Tardbp,43,21,2,2,37,22,7,3,242,162,199,233,237,6,-1,-5,-1
16888,Scd1,47,36,4,2,69,44,9,3,242,126,162,229,237,-22,-8,-5,-1
20732,Usp10,37,16,2,2,64,43,7,2,242,141,183,233,238,-27,-27,-5,0
5746,Fam217b,33,15,0,0,61,39,5,1,242,148,188,237,241,-28,-24,-5,-1
2577,Ccdc122,43,28,5,1,77,48,10,3,242,122,166,227,238,-34,-20,-5,-2
20720,Uros,29,15,4,3,60,36,9,6,242,153,191,229,233,-31,-21,-5,-3
6216,Frem1,27,9,0,0,50,21,5,1,242,165,212,237,241,-23,-12,-5,-1
2571,Ccdc115,34,17,2,2,58,30,7,3,242,150,195,233,237,-24,-13,-5,-1
6200,Foxred1,34,16,2,2,47,20,7,3,242,161,206,233,237,-13,-4,-5,-1
10261,Kynu,59,40,5,2,57,28,10,3,242,126,174,227,237,2,12,-5,-1
10262,L1cam,57,37,7,5,54,33,12,4,242,131,172,223,233,3,4,-5,1
10273,Lactbl1,16,5,0,0,28,14,5,0,242,198,223,237,242,-12,-9,-5,0
20731,Usp1,44,22,5,2,56,35,10,4,242,142,185,227,236,-12,-13,-5,-2
10411,Leprot,46,29,5,2,54,29,10,7,242,142,184,227,233,-8,0,-5,-5
5784,Fam71b,21,11,0,0,38,19,5,3,242,183,212,237,239,-17,-8,-5,-3
6551,Ggnbp1,83,58,10,3,43,33,15,9,242,116,151,217,230,40,25,-5,-6
5922,Fbxw14,18,18,9,5,18,18,14,1,242,206,206,219,236,0,0,-5,4
10508,Llgl1,33,17,3,1,61,31,8,2,242,148,194,231,239,-28,-14,-5,-1
16764,S100a2,25,24,23,18,32,31,28,25,242,185,187,191,199,-7,-7,-5,-7
10527,Lmntd2,34,19,6,4,77,45,11,5,242,131,178,225,233,-43,-26,-5,-1
16758,S100a1,41,24,7,4,52,38,12,7,242,149,180,223,231,-11,-14,-5,-3
20837,Vax2,54,29,5,1,65,41,10,5,242,123,172,227,236,-11,-12,-5,-4
5946,Fcf1,36,23,5,3,38,19,10,6,242,168,200,227,233,-2,4,-5,-3
16753,Rybp,56,29,4,2,35,22,9,2,242,151,191,229,238,21,7,-5,0
16752,Rxylt1,40,20,4,2,47,25,9,4,242,155,197,229,236,-7,-5,-5,-2
18991,Tcf19,52,28,2,1,62,36,7,3,242,128,178,233,238,-10,-8,-5,-2
16750,Rxrb,40,14,2,2,44,23,7,4,242,158,205,233,236,-4,-9,-5,-2
18973,Tcam1,38,18,3,1,68,38,8,1,242,136,186,231,240,-30,-20,-5,0
5860,Fbn2,22,7,0,0,39,24,5,0,242,181,211,237,242,-17,-17,-5,0
20840,Vcan,50,25,4,2,65,44,9,5,242,127,173,229,235,-15,-19,-5,-3
16745,Rxfp1,31,12,2,0,40,18,7,4,242,171,212,233,238,-9,-6,-5,-4
16739,Ruvbl2,42,22,5,2,46,30,10,5,242,154,190,227,235,-4,-8,-5,-3
2343,Cacna2d4,24,11,0,0,40,24,5,0,242,178,207,237,242,-16,-13,-5,0
2339,Cacna1s,20,9,0,0,23,14,5,0,242,199,219,237,242,-3,-5,-5,0
20850,Vegfb,44,25,2,2,43,23,7,1,242,155,194,233,239,1,2,-5,1
16734,Runx3,55,26,3,1,57,36,8,1,242,130,180,231,240,-2,-10,-5,0
20853,Veph1,41,22,2,2,45,27,7,2,242,156,193,233,238,-4,-5,-5,0
10565,Lpcat2b,17,8,0,0,34,21,5,3,242,191,213,237,239,-17,-13,-5,-3
18985,Tceanc,43,27,3,0,70,46,8,4,242,129,169,231,238,-27,-19,-5,-4
5977,Fem1b,41,19,2,2,49,28,7,1,242,152,195,233,239,-8,-9,-5,1
20828,Vash2,42,22,0,0,61,46,5,0,242,139,174,237,242,-19,-24,-5,0
20792,Utp14b,44,26,3,0,63,37,8,2,242,135,179,231,240,-19,-11,-5,-2
20819,Vamp8,37,26,6,3,43,23,11,7,242,162,193,225,232,-6,3,-5,-4
2443,Capza2,43,24,4,2,44,26,9,2,242,155,192,229,238,-1,-2,-5,0
20809,Uxt,44,26,6,2,38,21,11,8,242,160,195,225,232,6,5,-5,-6
6066,Fitm1,48,31,6,2,57,42,11,2,242,137,169,225,238,-9,-11,-5,0
10450,Lhx5,33,19,0,0,49,33,5,0,242,160,190,237,242,-16,-14,-5,0
5815,Fanca,46,17,2,0,72,42,7,2,242,124,183,233,240,-26,-25,-5,-2
10458,Lig3,17,10,2,2,76,47,7,1,242,149,185,233,239,-59,-37,-5,1
6052,Fhod3,39,18,2,2,51,35,7,0,242,152,189,233,240,-12,-17,-5,2
20816,Vamp3,31,13,3,3,49,29,8,4,242,162,200,231,235,-18,-16,-5,-1
6050,Fhl5,27,19,4,1,29,22,9,6,242,186,201,229,235,-2,-3,-5,-5
19030,Tctn3,25,14,1,0,77,53,6,1,242,140,175,235,241,-52,-39,-5,-1
10472,Lims1,40,22,3,3,44,22,8,2,242,158,198,231,237,-4,0,-5,1
5857,Fbln5,54,31,3,2,51,30,8,1,242,137,181,231,239,3,1,-5,1
6038,Fggy,48,36,10,4,69,49,15,1,242,125,157,217,237,-21,-13,-5,3
5822,Fancg,39,21,1,0,54,30,6,1,242,149,191,235,241,-15,-9,-5,-1
19021,Tcp11l1,36,16,1,0,61,35,6,0,242,145,191,235,242,-25,-19,-5,0
5828,Far1,28,14,2,2,61,38,7,1,242,153,190,233,239,-33,-24,-5,1
5834,Farsb,36,21,3,3,41,25,8,4,242,165,196,231,235,-5,-4,-5,-1
18932,Tbc1d9b,47,19,3,2,40,18,8,0,242,155,205,231,240,7,1,-5,2
5840,Fastkd2,24,16,3,2,65,41,8,2,242,153,185,231,238,-41,-25,-5,0
16779,S1pr3,45,18,2,0,56,29,7,4,242,141,195,233,238,-11,-11,-5,-4
5845,Fat3,9,3,0,0,19,13,5,3,242,214,226,237,239,-10,-10,-5,-3
5990,Fev,22,16,0,0,21,16,5,1,242,199,210,237,241,1,0,-5,-1
10108,Kmt2b,34,12,2,2,58,40,7,1,242,150,190,233,239,-24,-28,-5,1
18832,Tamm41,38,23,2,2,57,20,7,3,242,147,199,233,237,-19,3,-5,-1
5729,Fam205a1,12,7,4,0,26,19,9,8,242,204,216,229,234,-14,-12,-5,-8
2843,Cd300ld4,28,24,9,6,26,25,14,7,242,188,193,219,229,2,-1,-5,-1
6507,Gdi2,30,16,3,3,38,23,8,4,242,174,203,231,235,-8,-7,-5,-1
6504,Gdf7,37,22,2,2,51,37,7,1,242,154,183,233,239,-14,-15,-5,1
17045,Sel1l2,17,9,1,1,22,10,6,5,242,203,223,235,236,-5,-1,-5,-4
5639,Faiml,16,14,6,3,21,20,11,5,242,205,208,225,234,-5,-6,-5,-2
2854,Cd3d,65,44,12,8,73,51,17,11,242,104,147,213,223,-8,-7,-5,-3
9806,Kcnh7,28,12,0,0,54,30,5,0,242,160,200,237,242,-26,-18,-5,0
5645,Fam110a,43,19,1,1,69,41,6,2,242,130,182,235,239,-26,-22,-5,-1
5646,Fam110b,50,26,1,0,64,33,6,0,242,128,183,235,242,-14,-7,-5,0
6458,Gbp4,75,54,8,3,54,41,13,4,242,113,147,221,235,21,13,-5,-1
2846,Cd300lg,52,25,7,3,64,38,12,2,242,126,179,223,237,-12,-13,-5,1
17031,Sec31a,32,17,4,4,38,27,9,3,242,172,198,229,235,-6,-10,-5,1
2866,Cd52,49,35,15,10,60,47,20,7,242,133,160,207,225,-11,-12,-5,3
5650,Fam114a2,32,15,2,2,33,18,7,2,242,177,209,233,238,-1,-3,-5,0
9821,Kcnj3,24,10,0,0,34,17,5,1,242,184,215,237,241,-10,-7,-5,-1
17028,Sec24b,27,10,3,2,60,39,8,1,242,155,193,231,239,-33,-29,-5,1
9822,Kcnj4,40,23,2,2,46,24,7,4,242,156,195,233,236,-6,-1,-5,-2
9828,Kcnk10,33,20,2,0,45,31,7,5,242,164,191,233,237,-12,-11,-5,-5
17019,Sec16a,29,12,2,2,59,34,7,2,242,154,196,233,238,-30,-22,-5,0
2804,Cd177,30,14,3,1,47,23,8,3,242,165,205,231,238,-17,-9,-5,-2
20590,Ubxn1,32,13,3,3,33,20,8,1,242,177,209,231,238,-1,-7,-5,2
17015,Sec14l2,38,17,2,0,56,33,7,0,242,148,192,233,242,-18,-16,-5,0
9865,Kctd1,47,21,3,2,58,39,8,3,242,137,182,231,237,-11,-18,-5,-1
20566,Ubl5,28,20,6,4,44,28,11,7,242,170,194,225,231,-16,-8,-5,-3
5624,Fabp7,37,25,9,4,49,32,14,6,242,156,185,219,232,-12,-7,-5,-2
10093,Klrb1c,36,24,7,1,60,47,12,3,242,146,171,223,238,-24,-23,-5,-2
9744,Kat14,30,12,3,2,56,32,8,4,242,156,198,231,236,-26,-20,-5,-2
2913,Cdc37l1,38,19,4,2,51,25,9,2,242,153,198,229,238,-13,-6,-5,0
20537,Ube2j1,38,20,5,4,37,22,10,5,242,167,200,227,233,1,-2,-5,-1
9709,Jmjd1c,35,17,2,2,57,30,7,3,242,150,195,233,237,-22,-13,-5,-1
20541,Ube2l6,38,14,5,2,56,32,10,4,242,148,196,227,236,-18,-18,-5,-2
9720,Jph4,25,15,0,0,46,31,5,4,242,171,196,237,238,-21,-16,-5,-4
5589,Ezh1,25,15,2,2,66,42,7,5,242,151,185,233,235,-41,-27,-5,-3
9721,Jpt1,32,16,3,3,52,29,8,4,242,158,197,231,235,-20,-13,-5,-1
2906,Cdc25b,43,16,3,0,58,31,8,2,242,141,195,231,240,-15,-15,-5,-2
9724,Jrkl,40,23,3,1,61,33,8,3,242,141,186,231,238,-21,-10,-5,-2
9734,Kank3,44,22,3,3,71,38,8,4,242,127,182,231,235,-27,-16,-5,-1
9745,Kat2a,30,10,2,2,44,23,7,4,242,168,209,233,236,-14,-13,-5,-2
9765,Kbtbd4,28,13,2,2,52,36,7,2,242,162,193,233,238,-24,-23,-5,0
5617,Fabp1,32,27,14,8,35,31,19,10,242,175,184,209,224,-3,-4,-5,-2
20548,Ube2r2,31,17,2,2,39,21,7,1,242,172,204,233,239,-8,-4,-5,1
20549,Ube2s,48,22,3,3,47,29,8,5,242,147,191,231,234,1,-7,-5,-2
2900,Cdc14b,28,18,2,2,63,41,7,0,242,151,183,233,240,-35,-23,-5,2
17069,Sema3d,38,19,0,0,52,22,5,1,242,152,201,237,241,-14,-3,-5,-1
20553,Ube2v2,33,21,4,4,56,29,9,5,242,153,192,229,233,-23,-8,-5,-1
2893,Cd96,33,15,3,0,49,25,8,3,242,160,202,231,239,-16,-10,-5,-3
2889,Cd8a,42,20,6,4,77,43,11,5,242,123,179,225,233,-35,-23,-5,-1
18742,Syt17,54,42,20,7,70,48,25,13,242,118,152,197,222,-16,-6,-5,-6
9764,Kbtbd3,18,9,3,0,85,52,8,3,242,139,181,231,239,-67,-43,-5,-3
5664,Fam126b,37,15,5,2,71,37,10,1,242,134,190,227,239,-34,-22,-5,1
20592,Ubxn11,47,29,4,0,60,33,9,3,242,135,180,229,239,-13,-4,-5,-3
9877,Kctd2,36,20,3,3,55,30,8,1,242,151,192,231,238,-19,-10,-5,2
6321,G3bp1,35,13,2,2,49,22,7,1,242,158,207,233,239,-14,-9,-5,1
18804,Taf2,26,14,2,2,51,31,7,2,242,165,197,233,238,-25,-17,-5,0
9984,Klb,52,31,3,0,45,25,8,3,242,145,186,231,239,7,6,-5,-3
5681,Fam160a2,30,15,2,2,67,36,7,0,242,145,191,233,240,-37,-21,-5,2
5699,Fam170a,3,3,1,0,10,10,6,4,242,229,229,235,238,-7,-7,-5,-4
2645,Ccdc34,35,15,2,2,49,28,7,1,242,158,199,233,239,-14,-13,-5,1
2643,Ccdc32,41,20,3,2,65,38,8,6,242,136,184,231,234,-24,-18,-5,-4
2631,Ccdc192,22,18,5,1,44,37,10,7,242,176,187,227,234,-22,-19,-5,-6
20677,Unc80,22,9,0,0,32,18,5,4,242,188,215,237,238,-10,-9,-5,-4
10017,Klhl10,52,33,2,0,60,41,7,0,242,130,168,233,242,-8,-8,-5,0
2630,Ccdc191,34,12,3,2,75,44,8,3,242,133,186,231,237,-41,-32,-5,-1
18814,Taf7l2,24,14,0,0,27,15,5,0,242,191,213,237,242,-3,-1,-5,0
6412,Gapdh,47,22,3,3,46,26,8,3,242,149,194,231,236,1,-4,-5,0
2628,Ccdc189,53,35,2,0,53,34,7,2,242,136,173,233,240,0,1,-5,-2
19108,Tesl1,22,16,1,1,39,31,6,3,242,181,195,235,238,-17,-15,-5,-2
10040,Klhl35,50,33,7,0,62,43,12,2,242,130,166,223,240,-12,-10,-5,-2
6318,Fzr1,25,13,4,2,67,34,9,4,242,150,195,229,236,-42,-21,-5,-2
6309,Fzd10,17,13,0,0,37,16,5,2,242,188,213,237,240,-20,-3,-5,-2
6307,Fyttd1,37,23,3,2,51,29,8,5,242,154,190,231,235,-14,-6,-5,-3
10072,Klk4,10,9,0,0,19,18,5,0,242,213,215,237,242,-9,-9,-5,0
6295,Fxr2,49,15,2,2,30,16,7,1,242,163,211,233,239,19,-1,-5,1
10084,Klra4,38,26,4,3,56,42,9,1,242,148,174,229,238,-18,-16,-5,2
10090,Klrb1,12,9,2,0,18,15,7,0,242,212,218,233,242,-6,-6,-5,0
6346,Gabra5,15,7,2,0,40,28,7,2,242,187,207,233,240,-25,-21,-5,-2
20651,Uhrf2,50,20,2,2,39,16,7,2,242,153,206,233,238,11,4,-5,0
9978,Kiss1,13,13,8,5,16,16,13,7,242,213,213,221,230,-3,-3,-5,-2
18797,Taf12,44,23,4,3,46,31,9,1,242,152,188,229,238,-2,-8,-5,2
17004,Sdr39u1,20,12,7,5,63,41,12,8,242,159,189,223,229,-43,-29,-5,-3
6399,Galnt9,35,20,3,0,54,31,8,5,242,153,191,231,237,-19,-11,-5,-5
2767,Ccp110,39,19,2,1,61,42,7,2,242,142,181,233,239,-22,-23,-5,-1
19132,Tex24,24,13,0,0,31,13,5,4,242,187,216,237,238,-7,0,-5,-4
18778,Tab3,37,21,6,2,72,46,11,3,242,133,175,225,237,-35,-25,-5,-1
18779,Tac1,31,28,4,2,18,17,9,7,242,193,197,229,233,13,11,-5,-5
6390,Galnt17,45,16,0,0,49,24,5,0,242,148,202,237,242,-4,-8,-5,0
6389,Galnt16,39,23,10,4,61,43,15,10,242,142,176,217,228,-22,-20,-5,-6
20610,Ucp1,48,36,9,7,47,37,14,5,242,147,169,219,230,1,-1,-5,2
9911,Keap1,25,11,3,2,50,24,8,2,242,167,207,231,238,-25,-13,-5,0
16993,Sdhaf1,31,20,2,2,67,31,7,3,242,144,191,233,237,-36,-11,-5,-1
18784,Tacc3,37,16,2,0,67,44,7,4,242,138,182,233,238,-30,-28,-5,-4
20615,Ufd1,35,16,4,2,37,21,9,4,242,170,205,229,236,-2,-5,-5,-2
2735,Ccn4,62,42,2,1,71,39,7,3,242,109,161,233,238,-9,3,-5,-2
9941,Kif1c,43,20,2,2,44,20,7,2,242,155,202,233,238,-1,0,-5,0
18790,Tada1,56,24,2,2,63,36,7,2,242,123,182,233,238,-7,-12,-5,0
2692,Ccdc90b,33,21,4,3,53,27,9,6,242,156,194,229,233,-20,-6,-5,-3
2691,Ccdc9,44,16,5,3,46,29,10,5,242,152,197,227,234,-2,-13,-5,-2
9953,Kif2a,35,17,4,2,57,35,9,2,242,150,190,229,238,-22,-18,-5,0
18792,Tada2b,33,15,2,2,63,41,7,5,242,146,186,233,235,-30,-26,-5,-3
6361,Gad1,41,25,1,0,42,19,6,3,242,159,198,235,239,-1,6,-5,-3
9313,Igkv9-120,13,12,8,7,20,19,13,8,242,209,211,221,227,-7,-7,-5,-1
4578,Dgkq,34,19,3,3,67,39,8,3,242,141,184,231,236,-33,-20,-5,0
5358,Entpd5,34,15,2,2,54,32,7,2,242,154,195,233,238,-20,-17,-5,0
4904,Dsg1b,36,17,4,0,46,25,9,5,242,160,200,229,237,-10,-8,-5,-5
3949,Csnk1g2,29,16,3,2,56,33,8,2,242,157,193,231,238,-27,-17,-5,0
7856,Gm8906,6,5,5,1,15,15,10,7,242,221,222,227,234,-9,-10,-5,-6
18273,Spopfm1,16,14,1,0,27,21,6,0,242,199,207,235,242,-11,-7,-5,0
18280,Sppl2a,30,14,2,2,59,32,7,1,242,153,196,233,239,-29,-18,-5,1
17831,Slfn2,62,47,7,3,68,45,12,2,242,112,150,223,237,-6,2,-5,1
7330,Gm30083,10,5,0,0,14,11,5,3,242,218,226,237,239,-4,-6,-5,-3
17828,Slf2,51,28,2,2,37,23,7,1,242,154,191,233,239,14,5,-5,1
19546,Tmem242,31,15,2,2,35,25,7,3,242,176,202,233,237,-4,-10,-5,-1
3898,Cryba1,24,23,7,3,36,32,12,4,242,182,187,223,235,-12,-9,-5,-1
16725,Rufy2,42,28,8,3,64,30,13,6,242,136,184,221,233,-22,-2,-5,-3
4885,Drc7,32,17,1,0,27,14,6,4,242,183,211,235,238,5,3,-5,-4
4890,Drd5,17,10,0,0,18,10,5,0,242,207,222,237,242,-1,0,-5,0
3888,Crtap,38,20,5,2,56,30,10,3,242,148,192,227,237,-18,-10,-5,-1
3108,Cep20,39,22,2,2,50,28,7,4,242,153,192,233,236,-11,-6,-5,-2
3884,Crp,45,39,9,1,61,43,14,9,242,136,160,219,232,-16,-4,-5,-8
20009,Trav6n-5,2,1,1,1,8,7,6,5,242,232,234,235,236,-6,-6,-5,-4
18305,Sprr4,3,2,2,2,7,7,7,7,242,232,233,233,233,-4,-5,-5,-5
7295,Gm28845,24,19,8,2,31,29,13,6,242,187,194,221,234,-7,-10,-5,-4
3841,Creb1,48,23,3,2,43,26,8,5,242,151,193,231,235,5,-3,-5,-3
7955,Gnpat,26,14,2,2,64,29,7,1,242,152,199,233,239,-38,-15,-5,1
19520,Tmem214,25,15,3,3,59,33,8,4,242,158,194,231,235,-34,-18,-5,-1
17799,Slc9a1,30,12,2,2,61,29,7,2,242,151,201,233,238,-31,-17,-5,0
3836,Crb2,41,20,1,0,64,40,6,2,242,137,182,235,240,-23,-20,-5,-2
7291,Gm28635,26,20,11,9,31,26,16,12,242,185,196,215,221,-5,-6,-5,-3
7286,Gm28510,5,5,1,1,12,12,6,5,242,225,225,235,236,-7,-7,-5,-4
3835,Crb1,34,16,0,0,40,22,5,0,242,168,204,237,242,-6,-6,-5,0
4844,Dph1,35,17,2,2,58,29,7,5,242,149,196,233,235,-23,-12,-5,-3
4836,Dpagt1,36,24,2,2,60,35,7,3,242,146,183,233,237,-24,-11,-5,-1
19969,Trav14d-2,13,12,10,5,19,19,15,8,242,210,211,217,229,-6,-7,-5,-3
4829,Dolpp1,21,13,2,2,58,30,7,2,242,163,199,233,238,-37,-17,-5,0
4080,Cwc27,36,22,3,2,51,29,8,5,242,155,191,231,235,-15,-7,-5,-3
7811,Gm8104,24,17,5,1,35,31,10,5,242,183,194,227,236,-11,-14,-5,-4
18231,Spice1,41,19,2,0,52,26,7,2,242,149,197,233,240,-11,-7,-5,-2
4761,Dnajc2,40,20,3,2,47,30,8,2,242,155,192,231,238,-7,-10,-5,0
4764,Dnajc24,29,14,3,2,76,39,8,2,242,137,189,231,238,-47,-25,-5,0
4765,Dnajc25,34,20,2,2,57,23,7,4,242,151,199,233,236,-23,-3,-5,-2
4057,Ctxn1,46,24,3,1,55,31,8,2,242,141,187,231,239,-9,-7,-5,-1
19612,Tmem63c,48,24,4,0,32,22,9,3,242,162,196,229,239,16,2,-5,-3
7823,Gm8212,8,6,3,3,16,14,8,8,242,218,222,231,231,-8,-8,-5,-5
7824,Gm8220,20,19,12,7,25,25,17,15,242,197,198,213,220,-5,-6,-5,-8
4023,Ctps,50,22,3,3,47,26,8,2,242,145,194,231,237,3,-4,-5,1
7368,Gm3278,18,14,3,1,24,20,8,7,242,200,208,231,234,-6,-6,-5,-6
17885,Smarce1,29,15,3,2,41,17,8,6,242,172,210,231,234,-12,-2,-5,-4
4775,Dnajc7,30,11,2,2,31,16,7,1,242,181,215,233,239,-1,-5,-5,1
7365,Gm3269,2,0,0,0,14,12,5,3,242,226,230,237,239,-12,-12,-5,-3
3998,Ctcfl,56,32,7,2,49,29,12,6,242,137,181,223,234,7,3,-5,-4
4802,Dnph1,36,18,3,2,58,33,8,4,242,148,191,231,236,-22,-15,-5,-2
3997,Ctcf,27,12,2,2,59,30,7,1,242,156,200,233,239,-32,-18,-5,1
17876,Smarca5,31,15,2,2,43,25,7,1,242,168,202,233,239,-12,-10,-5,1
19588,Tmem40,43,32,6,0,68,42,11,1,242,131,168,225,241,-25,-10,-5,-1
17867,Smad6,47,28,3,1,64,43,8,1,242,131,171,231,240,-17,-15,-5,0
18263,Spns2,46,25,4,4,62,41,9,2,242,134,176,229,236,-16,-16,-5,2
18265,Spo11,24,16,1,1,57,40,6,1,242,161,186,235,240,-33,-24,-5,0
3964,Csrp3,31,27,10,4,36,30,15,5,242,175,185,217,233,-5,-3,-5,-1
17861,Sly,16,15,7,2,19,18,12,4,242,207,209,223,236,-3,-3,-5,-2
18316,Spsb4,18,10,3,2,69,41,8,2,242,155,191,231,238,-51,-31,-5,0
7988,Got1l1,40,29,11,5,49,36,16,7,242,153,177,215,230,-9,-7,-5,-2
3812,Cpsf6,51,35,4,3,32,21,9,5,242,159,186,229,234,19,14,-5,-2
8084,Gpr26,20,5,0,0,36,18,5,1,242,186,219,237,241,-16,-13,-5,-1
8091,Gpr37,51,29,1,0,75,43,6,3,242,116,170,235,239,-24,-14,-5,-3
4978,Dync1li2,42,21,2,2,48,28,7,4,242,152,193,233,236,-6,-7,-5,-2
17734,Slc4a5,44,26,1,0,44,22,6,1,242,154,194,235,241,0,4,-5,-1
18351,Srgap2,42,20,2,2,56,26,7,2,242,144,196,233,238,-14,-6,-5,0
8131,Gpx2,43,26,5,3,57,38,10,6,242,142,178,227,233,-14,-12,-5,-3
17721,Slc46a2,19,10,1,1,33,20,6,1,242,190,212,235,240,-14,-10,-5,0
19500,Tmem192,30,16,2,2,59,33,7,2,242,153,193,233,238,-29,-17,-5,0
8144,Grap,62,33,4,1,58,36,9,0,242,122,173,229,241,4,-3,-5,1
4989,Dynlt1c,44,21,2,1,47,28,7,3,242,151,193,233,238,-3,-7,-5,-2
4991,Dynlt2a1,58,51,30,24,62,53,35,29,242,122,138,177,189,-4,-2,-5,-5
3649,Col22a1,42,21,5,3,51,32,10,4,242,149,189,227,235,-9,-11,-5,-1
7184,Gm21761,43,25,4,1,53,39,9,3,242,146,178,229,238,-10,-14,-5,-2
5011,E030030I06Rik,45,21,5,1,51,29,10,2,242,146,192,227,239,-6,-8,-5,-1
20094,Trerf1,42,17,0,0,57,32,5,3,242,143,193,237,239,-15,-15,-5,-3
3645,Col19a1,14,8,3,0,23,15,8,7,242,205,219,231,235,-9,-7,-5,-7
5013,E130116L18Rik,32,30,21,19,52,42,26,18,242,158,170,195,205,-20,-12,-5,1
5015,E130218I03Rik,48,34,9,2,70,56,14,2,242,124,152,219,238,-22,-22,-5,0
8181,Grip2,46,28,4,1,55,38,9,3,242,141,176,229,238,-9,-10,-5,-2
17702,Slc3a1,69,39,7,4,66,45,12,2,242,107,158,223,236,3,-6,-5,2
7166,Gm21650,0,0,0,0,9,8,5,4,242,233,234,237,238,-9,-8,-5,-4
3635,Col10a1,34,18,2,0,52,30,7,4,242,156,194,233,238,-18,-12,-5,-4
8193,Grm5,10,2,0,0,13,8,5,0,242,219,232,237,242,-3,-6,-5,0
8206,Grxcr1,3,3,0,0,36,26,5,0,242,203,213,237,242,-33,-23,-5,0
17693,Slc39a14,60,30,3,2,54,28,8,1,242,128,184,231,239,6,2,-5,1
3629,Cog4,30,16,3,3,41,22,8,3,242,171,204,231,236,-11,-6,-5,0
4976,Dync1i2,28,12,2,2,40,20,7,3,242,174,210,233,237,-12,-8,-5,-1
3711,Cops5,30,17,2,2,40,24,7,4,242,172,201,233,236,-10,-7,-5,-2
8003,Gpat4,30,19,3,2,50,27,8,4,242,162,196,231,236,-20,-8,-5,-2
8071,Gpr173,28,15,0,0,51,28,5,0,242,163,199,237,242,-23,-13,-5,0
3804,Cpped1,34,18,3,2,58,29,8,5,242,150,195,231,235,-24,-11,-5,-3
3794,Cpne1,37,24,5,4,66,31,10,5,242,139,187,227,233,-29,-7,-5,-1
3776,Cpb2,30,23,2,0,44,33,7,2,242,168,186,233,240,-14,-10,-5,-2
8009,Gpatch4,39,15,3,3,51,32,8,4,242,152,195,231,235,-12,-17,-5,-1
3761,Cox7a2l,34,12,2,2,33,21,7,4,242,175,209,233,236,1,-9,-5,-2
18319,Sptb,34,13,0,0,46,27,5,0,242,162,202,237,242,-12,-14,-5,0
7277,Gm28305,27,25,23,23,35,33,28,24,242,180,184,191,195,-8,-8,-5,-1
19517,Tmem211,34,17,1,0,48,37,6,0,242,160,188,235,242,-14,-20,-5,0
8023,Gpd2,31,13,2,2,53,28,7,3,242,158,201,233,237,-22,-15,-5,-1
4929,Dtymk,26,10,2,2,47,22,7,0,242,169,210,233,240,-21,-12,-5,2
4930,Duox1,36,10,0,0,39,18,5,1,242,167,214,237,241,-3,-8,-5,-1
8040,Gpr107,28,16,2,2,45,20,7,5,242,169,206,233,235,-17,-4,-5,-3
17760,Slc6a12,50,39,13,4,63,47,18,6,242,129,156,211,232,-13,-8,-5,-2
17759,Slc6a11,12,6,1,0,24,18,6,1,242,206,218,235,241,-12,-12,-5,-1
7261,Gm28038,35,29,19,16,42,37,24,20,242,165,176,199,206,-7,-8,-5,-4
4936,Dus2,24,17,2,2,70,37,7,4,242,148,188,233,236,-46,-20,-5,-2
4940,Dusp10,52,27,2,0,65,46,7,0,242,125,169,233,242,-13,-19,-5,0
4948,Dusp19,45,25,6,3,58,40,11,7,242,139,177,225,232,-13,-15,-5,-4
8051,Gpr141b,29,15,0,0,25,15,5,4,242,188,212,237,238,4,0,-5,-4
8061,Gpr155,38,20,2,1,73,40,7,1,242,131,182,233,240,-35,-20,-5,0
19505,Tmem200a,47,29,9,3,66,47,14,7,242,129,166,219,232,-19,-18,-5,-4
4972,Dym,38,20,2,2,45,23,7,4,242,159,199,233,236,-7,-3,-5,-2
8065,Gpr160,51,33,9,2,66,43,14,9,242,125,166,219,231,-15,-10,-5,-7
19503,Tmem198b,25,15,3,1,76,42,8,2,242,141,185,231,239,-51,-27,-5,-1
7231,Gm21983,55,34,6,2,78,53,11,5,242,109,155,225,235,-23,-19,-5,-3
4760,Dnajc19,26,13,2,2,57,36,7,6,242,159,193,233,234,-31,-23,-5,-4
4081,Cwf19l1,34,19,2,1,57,37,7,3,242,151,186,233,238,-23,-18,-5,-2
4086,Cxadr,46,25,4,2,51,33,9,0,242,145,184,229,240,-5,-8,-5,2
18057,Snx4,30,15,2,2,69,35,7,1,242,143,192,233,239,-39,-20,-5,1
19783,Tomt,38,20,2,0,52,27,7,1,242,152,195,233,241,-14,-7,-5,-1
4447,Decr1,39,25,4,2,55,30,9,4,242,148,187,229,236,-16,-5,-5,-2
18138,Spag1,67,38,4,0,47,32,9,3,242,128,172,229,239,20,6,-5,-3
7637,Gm50253,44,26,5,0,66,41,10,3,242,132,175,227,239,-22,-15,-5,-3
18048,Snx24,50,33,6,3,57,30,11,1,242,135,179,225,238,-7,3,-5,2
7471,Gm42688,29,16,2,0,70,36,7,1,242,143,190,233,241,-41,-20,-5,-1
4440,Ddx55,27,12,1,0,66,38,6,2,242,149,192,235,240,-39,-26,-5,-2
18039,Snx15,31,12,2,2,46,28,7,0,242,165,202,233,240,-15,-16,-5,2
4606,Dhx33,32,19,5,1,74,44,10,4,242,136,179,227,237,-42,-25,-5,-3
4430,Ddx42,26,11,2,2,60,33,7,2,242,156,198,233,238,-34,-22,-5,0
18035,Snx11,35,16,3,1,52,23,8,3,242,155,203,231,238,-17,-7,-5,-2
4423,Ddx31,36,19,2,0,38,19,7,2,242,168,204,233,240,-2,0,-5,-2
18031,Snurf,29,25,13,13,22,19,18,18,242,191,198,211,211,7,6,-5,-5
7656,Gm5142,4,4,2,0,18,15,7,4,242,220,223,233,238,-14,-11,-5,-4
4615,Dhx8,29,15,3,2,52,31,8,3,242,161,196,231,237,-23,-16,-5,-1
18028,Sntn,13,10,0,0,24,23,5,0,242,205,209,237,242,-11,-13,-5,0
19805,Tox4,35,11,2,2,35,15,7,2,242,172,216,233,238,0,-4,-5,0
18025,Sntb2,43,16,2,2,47,24,7,0,242,152,202,233,240,-4,-8,-5,2
4409,Ddx1,26,10,3,2,59,38,8,5,242,157,194,231,235,-33,-28,-5,-3
4408,Ddt,39,18,4,3,49,31,9,6,242,154,193,229,233,-10,-13,-5,-3
4407,Ddrgk1,30,13,2,2,35,23,7,1,242,177,206,233,239,-5,-10,-5,1
18146,Spag6l,22,11,1,0,50,26,6,4,242,170,205,235,238,-28,-15,-5,-4
19710,Tnfrsf22,59,32,2,1,51,32,7,2,242,132,178,233,239,8,0,-5,-1
4623,Dimt1,48,22,5,2,49,28,10,4,242,145,192,227,236,-1,-6,-5,-2
19815,Tpgs1,23,10,2,2,48,28,7,4,242,171,204,233,236,-25,-18,-5,-2
7623,Gm49630,20,16,4,2,27,22,9,1,242,195,204,229,239,-7,-6,-5,1
7619,Gm49510,53,40,14,10,69,52,19,7,242,120,150,209,225,-16,-12,-5,3
18157,Spata17,55,35,6,0,63,39,11,3,242,124,168,225,239,-8,-4,-5,-3
18061,Snx8,44,27,3,3,51,24,8,2,242,147,191,231,237,-7,3,-5,1
19734,Tnk2,57,40,4,2,54,33,9,5,242,131,169,229,235,3,7,-5,-3
4569,Dgcr8,23,13,3,2,55,35,8,2,242,164,194,231,238,-32,-22,-5,0
7526,Gm45692,12,11,10,6,18,17,15,10,242,212,214,217,226,-6,-6,-5,-4
18104,Sox15,57,45,9,3,57,43,14,4,242,128,154,219,235,0,2,-5,-1
7531,Gm45753,21,8,0,0,20,12,5,3,242,201,222,237,239,1,-4,-5,-3
7532,Gm45783,58,39,16,5,68,53,21,6,242,116,150,205,231,-10,-14,-5,-1
19750,Tnp2,34,31,16,4,38,35,21,10,242,170,176,205,228,-4,-4,-5,-6
7544,Gm4707,51,44,28,25,72,62,33,28,242,119,136,181,189,-21,-18,-5,-3
18093,Sostdc1,35,20,2,2,50,27,7,5,242,157,195,233,235,-15,-7,-5,-3
4590,Dhrs1,28,18,2,2,52,30,7,2,242,162,194,233,238,-24,-12,-5,0
18127,Sp8,31,16,0,0,29,19,5,1,242,182,207,237,241,2,-3,-5,-1
4534,Dennd2c,45,20,0,0,58,32,5,2,242,139,190,237,240,-13,-12,-5,-2
4530,Dennd1a,32,21,5,3,55,37,10,4,242,155,184,227,235,-23,-16,-5,-1
7572,Gm4922,31,17,3,0,56,34,8,4,242,155,191,231,238,-25,-17,-5,-4
19769,Tollip,32,19,2,2,49,20,7,2,242,161,203,233,238,-17,-1,-5,0
19773,Tomm20,33,14,3,3,44,27,8,1,242,165,201,231,238,-11,-13,-5,2
18074,Sod2,26,14,2,2,44,23,7,3,242,172,205,233,237,-18,-9,-5,-1
7580,Gm49337,28,28,17,13,28,27,22,16,242,186,187,203,213,0,1,-5,-3
4501,Defb33,4,2,0,0,11,7,5,0,242,227,233,237,242,-7,-5,-5,0
18132,Spaca3,15,14,2,1,23,23,7,4,242,204,205,233,237,-8,-9,-5,-3
7591,Gm49359,49,32,5,1,46,28,10,2,242,147,182,227,239,3,4,-5,-1
7602,Gm49387,7,7,7,6,17,17,12,7,242,218,218,223,229,-10,-10,-5,-1
7604,Gm49391,28,27,18,10,52,46,23,15,242,162,169,201,217,-24,-19,-5,-5
7608,Gm49395,44,39,27,20,55,47,32,20,242,143,156,183,202,-11,-8,-5,0
7609,Gm49396,41,26,5,0,59,39,10,1,242,142,177,227,241,-18,-13,-5,-1
4637,Dis3,29,17,2,2,58,36,7,2,242,155,189,233,238,-29,-19,-5,0
18010,Snrnp70,28,12,3,2,52,28,8,3,242,162,202,231,237,-24,-16,-5,-1
4093,Cxcl15,30,17,3,1,60,34,8,0,242,152,191,231,241,-30,-17,-5,1
7742,Gm6408,13,12,5,1,19,19,10,8,242,210,211,227,233,-6,-7,-5,-7
19655,Tmprss11b,39,18,1,0,64,37,6,1,242,139,187,235,241,-25,-19,-5,-1
4722,Dnah5,16,5,0,0,16,11,5,0,242,210,226,237,242,0,-6,-5,0
18199,Spdye4c,23,21,7,4,22,20,12,8,242,197,201,223,230,1,1,-5,-4
4730,Dnai2,50,24,5,0,49,31,10,8,242,143,187,227,234,1,-7,-5,-8
4271,D3Ertd751e,41,22,4,3,77,37,9,2,242,124,183,229,237,-36,-15,-5,1
17957,Smpdl3b,54,28,2,0,58,37,7,2,242,130,177,233,240,-4,-9,-5,-2
7398,Gm35060,28,26,8,4,36,32,13,9,242,178,184,221,229,-8,-6,-5,-5
4264,D130043K22Rik,44,20,1,0,50,25,6,0,242,148,197,235,242,-6,-5,-5,0
4261,D10Wsu102e,34,13,0,0,36,20,5,2,242,172,209,237,240,-2,-7,-5,-2
18212,Spef1,46,27,3,1,60,40,8,2,242,136,175,231,239,-14,-13,-5,-1
4246,Cyrib,31,16,4,2,63,38,9,4,242,148,188,229,236,-32,-22,-5,-2
18214,Spef2,27,15,2,0,52,32,7,4,242,163,195,233,238,-25,-17,-5,-4
19629,Tmem86b,40,22,4,2,61,41,9,2,242,141,179,229,238,-21,-19,-5,0
7766,Gm7073,0,0,0,0,8,7,5,3,242,234,235,237,239,-8,-7,-5,-3
19886,Traj31,1,1,1,1,10,10,6,6,242,231,231,235,235,-9,-9,-5,-5
18218,Spen,42,24,2,2,48,31,7,0,242,152,187,233,240,-6,-7,-5,2
7778,Gm7347,12,11,5,2,35,25,10,8,242,195,206,227,232,-23,-14,-5,-6
4201,Cyp2w1,10,6,1,1,38,28,6,3,242,194,208,235,238,-28,-22,-5,-2
19620,Tmem72,35,20,4,2,61,31,9,3,242,146,191,229,237,-26,-11,-5,-1
4756,Dnajc15,25,13,4,2,56,36,9,3,242,161,193,229,237,-31,-23,-5,-1
18228,Spi1,56,39,8,1,81,50,13,5,242,105,153,221,236,-25,-11,-5,-4
4125,Cybrd1,50,20,1,1,51,30,6,4,242,141,192,235,237,-1,-10,-5,-3
4121,Cyb5rl,52,31,4,3,70,46,9,3,242,120,165,229,236,-18,-15,-5,0
4118,Cyb5r2,50,28,5,4,36,25,10,7,242,156,189,227,231,14,3,-5,-3
17919,Smim19,29,16,4,2,58,34,9,2,242,155,192,229,238,-29,-18,-5,0
4713,Dnaaf6b,22,14,1,0,29,23,6,2,242,191,205,235,240,-7,-9,-5,-2
17967,Smug1,50,23,2,1,69,37,7,5,242,123,182,233,236,-19,-14,-5,-4
4374,Dctn1,41,16,2,2,41,24,7,4,242,160,202,233,236,0,-8,-5,-2
18191,Spcs1,23,13,4,2,41,19,9,3,242,178,210,229,237,-18,-6,-5,-1
18007,Snrnp35,33,19,2,2,65,40,7,2,242,144,183,233,238,-32,-21,-5,0
4368,Dcps,37,21,2,2,40,20,7,3,242,165,201,233,237,-3,1,-5,-1
19701,Tnfrsf13b,38,25,5,2,69,50,10,3,242,135,167,227,237,-31,-25,-5,-1
7428,Gm3727,4,4,1,1,12,12,6,5,242,226,226,235,236,-8,-8,-5,-4
4644,Dixdc1,30,14,2,1,79,45,7,2,242,133,183,233,239,-49,-31,-5,-1
19826,Tpmt,58,36,4,2,60,36,9,5,242,124,170,229,235,-2,0,-5,-3
4359,Dclre1b,41,23,3,2,58,28,8,4,242,143,191,231,236,-17,-5,-5,-2
4645,Dkc1,47,23,4,2,60,36,9,4,242,135,183,229,236,-13,-13,-5,-2
4662,Dlgap2,20,11,0,0,40,27,5,0,242,182,204,237,242,-20,-16,-5,0
4355,Dclk1,50,27,4,1,54,31,9,1,242,138,184,229,240,-4,-4,-5,0
4674,Dlx3,49,25,5,0,40,32,10,4,242,153,185,227,238,9,-7,-5,-4
4351,Dcdc2c,63,34,8,0,58,40,13,8,242,121,168,221,234,5,-6,-5,-8
19680,Tmtc4,32,12,2,2,66,35,7,3,242,144,195,233,237,-34,-23,-5,-1
4340,Dcaf5,32,16,2,2,51,22,7,1,242,159,204,233,239,-19,-6,-5,1
4678,Dmac1,27,11,3,2,50,26,8,4,242,165,205,231,236,-23,-15,-5,-2
4679,Dmac2,33,11,4,2,61,35,9,5,242,148,196,229,235,-28,-24,-5,-3
17987,Snapc4,37,20,3,0,50,31,8,1,242,155,191,231,241,-13,-11,-5,-1
4333,Dcaf12,27,14,2,2,47,24,7,1,242,168,204,233,239,-20,-10,-5,1
19676,Tmsb4x,44,29,5,3,50,34,10,4,242,148,179,227,235,-6,-5,-5,-1
4319,Dbi,49,31,4,3,42,25,9,5,242,151,186,229,234,7,6,-5,-2
7720,Gm597,2,0,0,0,10,8,5,3,242,230,234,237,239,-8,-8,-5,-3
4312,Daw1,21,15,4,2,38,28,9,5,242,183,199,229,235,-17,-13,-5,-3
19663,Tmprss15,8,1,0,0,12,10,5,0,242,222,231,237,242,-4,-9,-5,0
4309,Dapp1,44,16,3,0,44,22,8,4,242,154,204,231,238,0,-6,-5,-4
4307,Dapk3,37,20,3,2,46,23,8,3,242,159,199,231,237,-9,-3,-5,-1
7165,Gm21637,3,3,1,1,7,7,6,3,242,232,232,235,238,-4,-4,-5,-2
17688,Slc39a1,52,29,7,3,60,32,12,8,242,130,181,223,231,-8,-3,-5,-5
3628,Cog3,29,12,2,2,47,30,7,0,242,166,200,233,240,-18,-18,-5,2
17416,Skint4,29,11,0,0,41,20,5,0,242,172,211,237,242,-12,-9,-5,0
8794,Hps1,46,21,2,2,59,28,7,1,242,137,193,233,239,-13,-7,-5,1
6973,Gm17018,38,16,3,3,44,29,8,4,242,160,197,231,235,-6,-13,-5,-1
3236,Chchd4,37,16,2,2,50,25,7,2,242,155,201,233,238,-13,-9,-5,0
3221,Cgref1,41,23,6,4,63,33,11,3,242,138,186,225,235,-22,-10,-5,1
20324,Tspyl3,45,17,1,1,65,39,6,3,242,132,186,235,238,-20,-22,-5,-2
8809,Hrh3,37,25,2,0,36,17,7,1,242,169,200,233,241,1,8,-5,-1
3216,Cga,20,16,6,0,29,24,11,3,242,193,202,225,239,-9,-8,-5,-3
8813,Hrob,36,22,3,0,70,44,8,4,242,136,176,231,238,-34,-22,-5,-4
17397,Six1,37,17,0,0,66,42,5,0,242,139,183,237,242,-29,-25,-5,0
17396,Siva1,55,25,2,2,41,21,7,3,242,146,196,233,237,14,4,-5,-1
8826,Hsbp1,24,15,2,2,45,28,7,3,242,173,199,233,237,-21,-13,-5,-1
3211,Cfl1,32,18,4,3,41,27,9,1,242,169,197,229,238,-9,-9,-5,2
18533,Stk4,43,24,3,2,56,32,8,3,242,143,186,231,237,-13,-8,-5,-1
6963,Gm16286,33,20,3,2,45,23,8,3,242,164,199,231,237,-12,-3,-5,-1
17386,Sirpb1c,24,16,4,3,47,40,9,4,242,171,186,229,235,-23,-24,-5,-1
8852,Hsf2,45,22,4,2,53,37,9,6,242,144,183,229,234,-8,-15,-5,-4
8856,Hsf5,23,11,1,1,50,26,6,0,242,169,205,235,241,-27,-15,-5,1
6961,Gm16223,42,25,2,0,50,29,7,1,242,150,188,233,241,-8,-4,-5,-1
17379,Sipa1,48,21,3,1,51,31,8,3,242,143,190,231,238,-3,-10,-5,-2
3194,Cfap73,26,21,8,3,60,43,13,7,242,156,178,221,232,-34,-22,-5,-4
3191,Cfap65,21,7,1,0,28,18,6,4,242,193,217,235,238,-7,-11,-5,-4
8895,Htr1f,13,4,0,0,23,12,5,4,242,206,226,237,238,-10,-8,-5,-4
17366,Siglech,58,41,4,0,57,41,9,5,242,127,160,229,237,1,0,-5,-5
8896,Htr2a,34,21,3,0,42,27,8,2,242,166,194,231,240,-8,-6,-5,-2
3188,Cfap57,33,15,1,0,43,22,6,1,242,166,205,235,241,-10,-7,-5,-1
18527,Stk33,33,23,4,1,57,43,9,0,242,152,176,229,241,-24,-20,-5,1
5196,Eif2b1,34,18,4,2,51,28,9,3,242,157,196,229,237,-17,-10,-5,-1
19353,Tm2d2,36,14,2,2,47,23,7,1,242,159,205,233,239,-11,-9,-5,1
8748,Hoxa3,58,35,8,3,68,43,13,3,242,116,164,221,236,-10,-8,-5,0
20287,Tshb,29,25,10,6,34,29,15,5,242,179,188,217,231,-5,-4,-5,1
3298,Chrm4,59,31,4,0,47,35,9,3,242,136,176,229,239,12,-4,-5,-3
8691,Hmgcr,35,20,2,2,70,41,7,1,242,137,181,233,239,-35,-21,-5,1
7017,Gm17660,24,18,10,3,26,21,15,11,242,192,203,217,228,-2,-3,-5,-8
17444,Slc10a7,28,16,1,0,68,38,6,0,242,146,188,235,242,-40,-22,-5,0
5182,Eif1ad19,53,34,6,1,50,34,11,5,242,139,174,225,236,3,0,-5,-4
8692,Hmgcs1,41,28,2,2,61,33,7,1,242,140,181,233,239,-20,-5,-5,1
20291,Tshz3,38,14,0,0,64,37,5,2,242,140,191,237,240,-26,-23,-5,-2
7014,Gm17654,9,7,3,1,18,17,8,8,242,215,218,231,233,-9,-10,-5,-7
8699,Hmgxb4,36,17,5,1,72,39,10,4,242,134,186,227,237,-36,-22,-5,-3
17438,Slc10a2,42,31,3,2,77,49,8,3,242,123,162,231,237,-35,-18,-5,-1
19372,Tmbim4,25,15,5,2,39,23,10,6,242,178,204,227,234,-14,-8,-5,-4
8702,Hmox2,33,15,3,2,51,28,8,4,242,158,199,231,236,-18,-13,-5,-2
3277,Chmp4b,35,15,3,3,33,22,8,3,242,174,205,231,236,2,-7,-5,0
3274,Chmp2a,28,19,2,2,32,19,7,2,242,182,204,233,238,-4,0,-5,0
8717,Hnrnpd,32,18,3,2,44,25,8,5,242,166,199,231,235,-12,-7,-5,-3
7008,Gm17604,35,31,27,27,43,38,32,31,242,164,173,183,184,-8,-7,-5,-4
7005,Gm17555,55,29,11,5,65,46,16,8,242,122,167,215,229,-10,-17,-5,-3
8720,Hnrnph1,36,17,3,2,40,24,8,1,242,166,201,231,239,-4,-7,-5,1
18517,Stk17b,37,20,2,2,49,25,7,1,242,156,197,233,239,-12,-5,-5,1
3260,Chid1,36,15,2,2,54,25,7,1,242,152,202,233,239,-18,-10,-5,1
19369,Tma16,31,14,2,0,37,24,7,2,242,174,204,233,240,-6,-10,-5,-2
5193,Eif2ak2,32,19,2,2,57,35,7,2,242,153,188,233,238,-25,-16,-5,0
17420,Skint8,11,9,0,0,22,16,5,1,242,209,217,237,241,-11,-7,-5,-1
8747,Hoxa2,55,31,2,1,56,33,7,1,242,131,178,233,240,-1,-2,-5,0
20352,Ttc21b,26,12,2,1,66,45,7,1,242,150,185,233,240,-40,-33,-5,0
6944,Gm15128,23,13,5,0,42,31,10,5,242,177,198,227,237,-19,-18,-5,-5
19381,Tmc7,34,18,2,0,53,32,7,1,242,155,192,233,241,-19,-14,-5,-1
5309,Emilin3,25,10,3,1,50,37,8,0,242,167,195,231,241,-25,-27,-5,1
18578,Stx1a,51,27,4,0,56,40,9,2,242,135,175,229,240,-5,-13,-5,-2
3151,Ces1h,17,11,1,1,39,23,6,2,242,186,208,235,239,-22,-12,-5,-1
9045,Ift81,47,30,7,3,55,35,12,6,242,140,177,223,233,-8,-5,-5,-3
19305,Tirap,41,20,3,0,58,32,8,3,242,143,190,231,239,-17,-12,-5,-3
9049,Igbp1b,3,2,0,0,25,21,5,3,242,214,219,237,239,-22,-19,-5,-3
18580,Stx2,42,23,3,2,77,46,8,2,242,123,173,231,238,-35,-23,-5,0
17293,Sh3d21,45,19,3,0,72,36,8,1,242,125,187,231,241,-27,-17,-5,-1
9116,Ighv1-47,5,4,4,3,14,12,9,5,242,223,226,229,234,-9,-8,-5,-2
6890,Gm14124,29,11,3,1,49,28,8,1,242,164,203,231,240,-20,-17,-5,0
9120,Ighv1-52,6,6,3,1,14,11,8,4,242,222,225,231,237,-8,-5,-5,-3
9124,Ighv1-56,3,3,2,2,11,10,7,6,242,228,229,233,234,-8,-7,-5,-4
17287,Sh3bp1,55,31,4,1,54,36,9,4,242,133,175,229,237,1,-5,-5,-3
19304,Tiprl,42,20,4,3,51,31,9,2,242,149,191,229,237,-9,-11,-5,1
9136,Ighv1-7,10,9,4,2,15,12,9,2,242,217,221,229,238,-5,-3,-5,0
5333,Enho,45,22,2,0,52,30,7,1,242,145,190,233,241,-7,-8,-5,-1
20408,Ttyh1,50,35,7,2,62,36,12,6,242,130,171,223,234,-12,-1,-5,-4
9153,Ighv11-2,7,7,4,4,16,12,9,4,242,219,223,229,234,-9,-5,-5,0
20411,Tub,51,32,8,3,50,33,13,2,242,141,177,221,237,1,-1,-5,1
20413,Tuba1b,39,28,4,2,54,37,9,3,242,149,177,229,237,-15,-9,-5,-1
3118,Cep57,35,14,2,2,46,27,7,2,242,161,201,233,238,-11,-13,-5,0
6876,Gm1330,1,1,1,0,10,9,6,3,242,231,232,235,239,-9,-8,-5,-3
20418,Tuba8,63,36,1,1,39,17,6,3,242,140,189,235,238,24,19,-5,-2
9261,Igkv3-9,6,5,3,3,8,8,8,6,242,228,229,231,233,-2,-3,-5,-3
9262,Igkv4-50,9,9,6,3,20,20,11,8,242,213,213,225,231,-11,-11,-5,-5
3111,Cep295,29,17,6,0,74,47,11,9,242,139,178,225,233,-45,-30,-5,-9
9040,Ift46,22,15,3,3,78,45,8,2,242,142,182,231,237,-56,-30,-5,1
17306,Sh3tc2,49,24,4,2,62,40,9,5,242,131,178,229,235,-13,-16,-5,-3
6942,Gm15114,13,10,2,1,15,14,7,4,242,214,218,233,237,-2,-4,-5,-3
5303,Eme1,40,20,1,1,58,31,6,3,242,144,191,235,238,-18,-11,-5,-2
8931,Iapp,15,14,5,2,19,19,10,3,242,208,209,227,237,-4,-5,-5,-1
3178,Cfap36,34,18,3,2,58,25,8,2,242,150,199,231,238,-24,-7,-5,0
17346,Shprh,31,12,3,1,55,29,8,3,242,156,201,231,238,-24,-17,-5,-2
18550,Stpg1,33,18,2,1,45,27,7,4,242,164,197,233,237,-12,-9,-5,-3
17343,Shoc2,37,23,2,2,49,25,7,1,242,156,194,233,239,-12,-2,-5,1
5233,Eif4enif1,33,15,2,2,59,36,7,1,242,150,191,233,239,-26,-21,-5,1
19346,Tlr7,51,34,9,2,60,42,14,4,242,131,166,219,236,-9,-8,-5,-2
5236,Eif4g3,33,14,2,2,68,37,7,2,242,141,191,233,238,-35,-23,-5,0
3175,Cfap298,43,22,4,3,55,34,9,0,242,144,186,229,239,-12,-12,-5,3
3174,Cfap221,27,16,5,1,51,28,10,5,242,164,198,227,236,-24,-12,-5,-4
8957,Idh3g,34,25,5,2,49,33,10,4,242,159,184,227,236,-15,-8,-5,-2
6922,Gm14443,37,15,0,0,57,35,5,2,242,148,192,237,240,-20,-20,-5,-2
5259,Elfn2,19,6,0,0,30,21,5,1,242,193,215,237,241,-11,-15,-5,-1
20374,Ttc39d,46,24,3,0,58,30,8,2,242,138,188,231,240,-12,-6,-5,-2
8972,Ifi202b,54,41,6,1,48,40,11,3,242,140,161,225,238,6,1,-5,-2
20378,Ttc6,24,15,3,0,43,31,8,4,242,175,196,231,238,-19,-16,-5,-4
8995,Ifit2,43,26,7,1,82,47,12,3,242,117,169,223,238,-39,-21,-5,-2
8996,Ifit3,56,45,12,3,65,43,17,4,242,121,154,213,235,-9,2,-5,-1
18567,Strn4,29,11,2,2,53,33,7,5,242,160,198,233,235,-24,-22,-5,-3
20383,Ttc9b,51,25,2,1,51,28,7,2,242,140,189,233,239,0,-3,-5,-1
20384,Ttc9c,51,20,3,2,32,15,8,3,242,159,207,231,237,19,5,-5,-1
20386,Ttf2,32,17,2,0,60,30,7,3,242,150,195,233,239,-28,-13,-5,-3
20387,Tti1,33,14,3,2,62,38,8,2,242,147,190,231,238,-29,-24,-5,0
5283,Elovl6,31,13,2,1,80,49,7,2,242,131,180,233,239,-49,-36,-5,-1
5294,Emc2,28,19,3,2,41,23,8,5,242,173,200,231,235,-13,-4,-5,-3
8683,Hmga1b,61,45,25,16,60,45,30,22,242,121,152,187,204,1,0,-5,-6
18494,Stau1,43,18,3,2,32,15,8,2,242,167,209,231,238,11,3,-5,0
7164,Gm21627,1,1,1,1,11,8,6,4,242,230,233,235,237,-10,-7,-5,-3
17632,Slc30a7,36,21,2,1,58,38,7,1,242,148,183,233,240,-22,-17,-5,0
7123,Gm20909,5,2,1,1,11,10,6,6,242,226,230,235,235,-6,-8,-5,-5
17628,Slc30a3,60,40,7,3,50,28,12,7,242,132,174,223,232,10,12,-5,-4
18419,Sstr3,28,15,4,1,55,32,9,2,242,159,195,229,239,-27,-17,-5,-1
5035,Eapp,42,18,2,2,41,24,7,4,242,159,200,233,236,1,-6,-5,-2
7121,Gm20897,2,2,2,2,7,7,7,7,242,233,233,233,233,-5,-5,-5,-5
8336,H1f10,52,29,5,0,65,35,10,2,242,125,178,227,240,-13,-6,-5,-2
3558,Cnga4,42,19,1,0,52,26,6,0,242,148,197,235,242,-10,-7,-5,0
3549,Cnbd2,43,21,2,0,41,22,7,4,242,158,199,233,238,2,-1,-5,-4
7118,Gm20890,0,0,0,0,10,10,5,5,242,232,232,237,237,-10,-10,-5,-5
3546,Cmya5,31,15,0,0,31,19,5,0,242,180,208,237,242,0,-4,-5,0
20151,Trim37,37,18,2,2,48,27,7,1,242,157,197,233,239,-11,-9,-5,1
5044,Ebf2,28,10,1,0,43,25,6,2,242,171,207,235,240,-15,-15,-5,-2
5054,Ecel1,33,16,2,1,39,21,7,2,242,170,205,233,239,-6,-5,-5,-1
3505,Clrn1,56,33,6,0,62,42,11,5,242,124,167,225,237,-6,-9,-5,-5
8391,H2ac18,39,24,7,6,62,41,12,4,242,141,177,223,232,-23,-17,-5,2
3489,Clmp,48,25,0,0,40,24,5,0,242,154,193,237,242,8,1,-5,0
18430,Ssxb10,12,11,8,2,24,21,13,9,242,206,210,221,231,-12,-10,-5,-7
5068,Ecsit,37,22,4,2,42,24,9,5,242,163,196,229,235,-5,-2,-5,-3
3476,Clic4,60,30,2,2,37,17,7,2,242,145,195,233,238,23,13,-5,0
8410,H2al1m,38,31,26,9,49,45,31,20,242,155,166,185,213,-11,-14,-5,-11
3466,Clec4f,21,10,0,0,22,11,5,0,242,199,221,237,242,-1,-1,-5,0
8422,H2bc11,63,42,19,12,64,49,24,19,242,115,151,199,211,-1,-7,-5,-7
17579,Slc25a44,39,17,2,2,52,31,7,2,242,151,194,233,238,-13,-14,-5,0
20199,Triqk,42,26,6,4,71,42,11,3,242,129,174,225,235,-29,-16,-5,1
8454,H3f3b,28,12,3,2,83,44,8,3,242,131,186,231,237,-55,-32,-5,-1
8310,Gulp1,45,27,6,0,65,35,11,5,242,132,180,225,237,-20,-8,-5,-5
8288,Gtpbp8,34,12,3,2,71,41,8,2,242,137,189,231,238,-37,-29,-5,0
8476,Hacd3,33,21,4,2,59,32,9,4,242,150,189,229,236,-26,-11,-5,-2
3583,Cnot6l,55,35,8,3,60,41,13,10,242,127,166,221,229,-5,-6,-5,-7
8212,Gsdma2,14,8,0,0,39,28,5,4,242,189,206,237,238,-25,-20,-5,-4
18385,Srsf3,36,17,3,3,47,25,8,2,242,159,200,231,237,-11,-8,-5,1
8215,Gsdmc2,34,23,3,1,42,19,8,0,242,166,200,231,241,-8,4,-5,1
8218,Gsdmd,51,28,4,1,65,45,9,2,242,126,169,229,239,-14,-17,-5,-1
18389,Srsf7,42,14,4,3,35,24,9,3,242,165,204,229,236,7,-10,-5,0
19470,Tmem167b,38,23,2,2,55,22,7,3,242,149,197,233,237,-17,1,-5,-1
7159,Gm21440,1,1,1,1,9,9,6,6,242,232,232,235,235,-8,-8,-5,-5
8237,Gstcd,33,12,3,1,53,39,8,4,242,156,191,231,237,-20,-27,-5,-3
8245,Gstm7,46,35,10,4,58,38,15,8,242,138,169,217,230,-12,-3,-5,-4
3615,Cntrob,26,15,1,0,80,43,6,0,242,136,184,235,242,-54,-28,-5,0
3613,Cntnap5c,8,1,0,0,13,9,5,3,242,221,232,237,239,-5,-8,-5,-3
18393,Sry,14,12,1,0,18,17,6,0,242,210,213,235,242,-4,-5,-5,0
7157,Gm21411,43,31,12,6,68,51,17,8,242,131,160,213,228,-25,-20,-5,-2
3605,Cntn5,13,3,0,0,32,15,5,3,242,197,224,237,239,-19,-12,-5,-3
18396,Ss18l2,38,22,5,3,58,29,10,4,242,146,191,227,235,-20,-7,-5,-1
18399,Ssbp2,42,20,5,3,61,33,10,8,242,139,189,227,231,-19,-13,-5,-5
17668,Slc35g3,42,28,4,1,47,36,9,5,242,153,178,229,236,-5,-8,-5,-4
7151,Gm21294,1,1,1,1,13,10,6,3,242,228,231,235,238,-12,-9,-5,-2
8264,Gtf2e2,40,19,3,3,39,27,8,4,242,163,196,231,235,1,-8,-5,-1
17661,Slc35f2,44,29,7,3,62,36,12,4,242,136,177,223,235,-18,-7,-5,-1
20127,Trim15,43,29,4,2,55,32,9,4,242,144,181,229,236,-12,-3,-5,-2
8279,Gtf3c4,31,16,2,2,56,26,7,0,242,155,200,233,240,-25,-10,-5,2
20128,Trim16,41,15,2,0,69,40,7,2,242,132,187,233,240,-28,-25,-5,-2
3584,Cnot7,31,16,3,2,40,25,8,3,242,171,201,231,237,-9,-9,-5,-1
8281,Gtf3c6,43,21,2,2,46,22,7,3,242,153,199,233,237,-3,-1,-5,-1
5080,Edem3,39,21,2,2,61,42,7,2,242,142,179,233,238,-22,-21,-5,0
8477,Hacd4,49,25,2,1,68,43,7,0,242,125,174,233,241,-19,-18,-5,1
7040,Gm2030,10,10,2,0,16,15,7,3,242,216,217,233,239,-6,-5,-5,-3
8561,Hdgfl1,14,5,1,0,25,19,6,4,242,203,218,235,238,-11,-14,-5,-4
3370,Ciz1,41,21,3,2,55,37,8,2,242,146,184,231,238,-14,-16,-5,0
8567,Hdlbp,33,16,2,2,46,22,7,1,242,163,204,233,239,-13,-6,-5,1
18472,Stambp,37,20,5,2,52,29,10,3,242,153,193,227,237,-15,-9,-5,-1
8587,Hells,52,27,3,0,64,35,8,3,242,126,180,231,239,-12,-8,-5,-3
5111,Efcab14,29,14,2,2,50,27,7,1,242,163,201,233,239,-21,-13,-5,1
8593,Hemk1,25,11,3,1,72,44,8,2,242,145,187,231,239,-47,-33,-5,-1
18476,Star,57,31,6,1,66,44,11,5,242,119,167,225,236,-9,-13,-5,-4
7067,Gm20662,34,32,23,17,45,39,28,21,242,163,171,191,204,-11,-7,-5,-4
3338,Ciao2a,33,15,2,2,51,30,7,1,242,158,197,233,239,-18,-15,-5,1
8601,Herc3,40,25,4,2,72,40,9,7,242,130,177,229,233,-32,-15,-5,-5
17494,Slc18b1,43,28,9,6,78,53,14,6,242,121,161,219,230,-35,-25,-5,0
5122,Efemp2,51,24,4,3,41,25,9,2,242,150,193,229,237,10,-1,-5,1
8619,Hey2,57,32,4,0,53,31,9,2,242,132,179,229,240,4,1,-5,-2
19391,Tmco5b,6,6,0,0,15,14,5,3,242,221,222,237,239,-9,-8,-5,-3
3333,Chtf8,59,29,5,4,40,26,10,7,242,143,187,227,231,19,3,-5,-3
3330,Chsy1,40,25,2,1,63,32,7,1,242,139,185,233,240,-23,-7,-5,0
3326,Chst5,21,9,0,0,34,19,5,1,242,187,214,237,241,-13,-10,-5,-1
17479,Slc16a7,39,21,5,2,63,32,10,5,242,140,189,227,235,-24,-11,-5,-3
3317,Chst10,38,22,5,2,57,31,10,4,242,147,189,227,236,-19,-9,-5,-2
8644,Higd1a,37,20,2,2,30,19,7,4,242,175,203,233,236,7,1,-5,-2
8650,Hinfp,53,27,3,1,48,32,8,2,242,141,183,231,239,5,-5,-5,-1
8656,Hipk1,35,16,3,2,49,34,8,3,242,158,192,231,237,-14,-18,-5,-1
20282,Tsg101,31,14,3,2,39,19,8,3,242,172,209,231,237,-8,-5,-5,-1
17459,Slc13a4,43,22,2,1,63,41,7,3,242,136,179,233,238,-20,-19,-5,-2
18492,Stat5b,48,30,2,2,43,19,7,0,242,151,193,233,240,5,11,-5,2
3372,Ckap2,41,24,5,2,74,46,10,6,242,127,172,227,234,-33,-22,-5,-4
8560,Hdgf,33,16,2,2,46,29,7,3,242,163,197,233,237,-13,-13,-5,-1
3430,Cldn34d,9,7,1,0,18,16,6,3,242,215,219,235,239,-9,-9,-5,-3
17525,Slc22a3,33,19,0,0,31,20,5,2,242,178,203,237,240,2,-1,-5,-2
7107,Gm20850,0,0,0,0,5,5,5,5,242,237,237,237,237,-5,-5,-5,-5
3426,Cldn34b4,5,4,3,0,9,9,8,7,242,228,229,231,235,-4,-5,-5,-7
7106,Gm20843,0,0,0,0,7,5,5,4,242,235,237,237,238,-7,-5,-5,-4
17559,Slc25a26,37,19,3,2,62,28,8,5,242,143,195,231,235,-25,-9,-5,-3
8493,Hapln1,22,13,0,0,47,20,5,2,242,173,209,237,240,-25,-7,-5,-2
20210,Trmt13,48,22,3,2,45,23,8,1,242,149,197,231,239,3,-1,-5,1
3422,Cldn34a,4,4,1,0,14,12,6,3,242,224,226,235,239,-10,-8,-5,-3
3420,Cldn24,24,21,10,5,32,25,15,7,242,186,196,217,230,-8,-4,-5,-2
5089,Eea1,42,21,3,2,52,25,8,3,242,148,196,231,237,-10,-4,-5,-1
5091,Eef1a1,35,15,6,5,48,32,11,6,242,159,195,225,231,-13,-17,-5,-1
7094,Gm20820,1,1,1,0,9,9,6,6,242,232,232,235,236,-8,-8,-5,-6
17547,Slc25a15,43,32,6,3,63,34,11,4,242,136,176,225,235,-20,-2,-5,-1
7093,Gm20817,1,1,1,1,9,8,6,2,242,232,233,235,239,-8,-7,-5,-1
5094,Eef1akmt2,47,29,2,1,44,28,7,1,242,151,185,233,240,3,1,-5,0
5096,Eef1akmt4,36,21,4,2,49,28,9,5,242,157,193,229,235,-13,-7,-5,-3
17543,Slc25a11,29,13,3,3,56,27,8,3,242,157,202,231,236,-27,-14,-5,0
20229,Trp53i13,22,10,3,1,56,35,8,4,242,164,197,231,237,-34,-25,-5,-3
19427,Tmem123,42,21,4,4,53,31,9,3,242,147,190,229,235,-11,-10,-5,1
18459,St8sia4,54,29,0,0,51,29,5,2,242,137,184,237,240,3,0,-5,-2
5107,Efcab1,30,15,0,0,49,31,5,0,242,163,196,237,242,-19,-16,-5,0
20232,Trp53rka,44,23,2,2,53,29,7,4,242,145,190,233,236,-9,-6,-5,-2
19419,Tmem115,28,15,3,2,53,31,8,1,242,161,196,231,239,-25,-16,-5,1
8548,Hdac11,42,27,6,5,57,34,11,5,242,143,181,225,232,-15,-7,-5,0
19416,Tmem109,41,19,2,2,42,28,7,5,242,159,195,233,235,-1,-9,-5,-3
8553,Hdac6,42,25,6,2,50,31,11,7,242,150,186,225,233,-8,-6,-5,-5
5200,Eif2b5,25,13,3,3,47,25,8,4,242,170,204,231,235,-22,-12,-5,-1
10079,Klra1,22,13,1,0,47,33,6,3,242,173,196,235,239,-25,-20,-5,-3
20861,Vhl,41,23,3,2,57,39,8,2,242,144,180,231,238,-16,-16,-5,0
21497,Xpo5,27,12,2,2,57,24,7,4,242,158,206,233,236,-30,-12,-5,-2
12291,Nin,51,30,9,1,76,51,14,5,242,115,161,219,236,-25,-21,-5,-4
12294,Ninl,45,25,4,3,70,41,9,2,242,127,176,229,237,-25,-16,-5,1
12302,Nipbl,34,13,3,2,58,32,8,1,242,150,197,231,239,-24,-19,-5,1
12303,Nipsnap1,38,29,5,2,64,39,10,4,242,140,174,227,236,-26,-10,-5,-2
12304,Nipsnap2,38,20,7,2,51,35,12,4,242,153,187,223,236,-13,-15,-5,-2
15825,Rab35,42,19,3,2,57,29,8,0,242,143,194,231,240,-15,-10,-5,2
12307,Nisch,38,19,4,3,49,24,9,2,242,155,199,229,237,-11,-5,-5,1
12313,Nkain4,42,34,11,3,45,34,16,12,242,155,174,215,227,-3,0,-5,-9
15818,Rab2b,41,17,5,1,70,42,10,0,242,131,183,227,241,-29,-25,-5,1
888,Agpat2,32,20,5,3,69,45,10,3,242,141,177,227,236,-37,-25,-5,0
21519,Yars2,31,18,3,2,50,28,8,2,242,161,196,231,238,-19,-10,-5,0
12330,Nkx2-4,32,24,4,1,34,24,9,7,242,176,194,229,234,-2,0,-5,-6
21521,Ybx1,32,21,5,3,49,29,10,3,242,161,192,227,236,-17,-8,-5,0
12332,Nkx2-6,7,3,0,0,18,12,5,3,242,217,227,237,239,-11,-9,-5,-3
12341,Nlgn2,44,24,2,0,63,35,7,0,242,135,183,233,242,-19,-11,-5,0
21524,Ydjc,40,19,3,0,67,34,8,1,242,135,189,231,241,-27,-15,-5,-1
15799,Rab14,36,18,3,3,50,25,8,3,242,156,199,231,236,-14,-7,-5,0
21527,Yes1,37,17,4,2,63,32,9,3,242,142,193,229,237,-26,-15,-5,-1
12364,Nlrp9c,22,9,2,0,39,23,7,1,242,181,210,233,241,-17,-14,-5,-1
15793,Rab11fip2,19,10,2,2,82,52,7,1,242,141,180,233,239,-63,-42,-5,1
21528,Yif1a,25,13,3,3,54,29,8,3,242,163,200,231,236,-29,-16,-5,0
12371,Nme3,37,17,5,4,53,31,10,5,242,152,194,227,233,-16,-14,-5,-1
15784,R3hcc1l,47,25,2,1,65,40,7,2,242,130,177,233,239,-18,-15,-5,-1
12400,Noct,52,30,3,2,46,26,8,3,242,144,186,231,237,6,4,-5,-1
21547,Ypel5,53,29,6,4,47,26,11,7,242,142,187,225,231,6,3,-5,-3
12424,Nop56,53,24,4,2,46,28,9,4,242,143,190,229,236,7,-4,-5,-2
859,Afg1l,39,21,2,2,40,19,7,2,242,163,202,233,238,-1,2,-5,0
15764,Pyy,21,16,7,2,28,21,12,5,242,193,205,223,235,-7,-5,-5,-3
12447,Npas1,42,19,3,1,48,33,8,3,242,152,190,231,238,-6,-14,-5,-2
15845,Rab4b,31,10,3,2,52,27,8,4,242,159,205,231,236,-21,-17,-5,-2
15847,Rab5b,31,16,2,2,46,21,7,4,242,165,205,233,236,-15,-5,-5,-2
15920,Ramp2,53,30,8,4,70,54,13,10,242,119,158,221,228,-17,-24,-5,-6
12260,Nfya,45,18,3,2,43,28,8,3,242,154,196,231,237,2,-10,-5,-1
21446,Wrn,30,16,2,2,70,39,7,1,242,142,187,233,239,-40,-23,-5,1
1035,Alg14,45,27,9,2,58,38,14,11,242,139,177,219,229,-13,-11,-5,-9
15915,Ralgps2,39,20,4,2,56,36,9,2,242,147,186,229,238,-17,-16,-5,0
15911,Ralgapa2,28,14,2,2,69,48,7,1,242,145,180,233,239,-41,-34,-5,1
12148,Ndufs1,32,19,3,3,41,23,8,5,242,169,200,231,234,-9,-4,-5,-2
15907,Rala,37,24,6,4,41,18,11,1,242,164,200,225,237,-4,6,-5,3
12154,Ndufs7,32,14,5,2,32,21,10,4,242,178,207,227,236,0,-7,-5,-2
1022,Aldh7a1,45,20,4,2,51,31,9,3,242,146,191,229,237,-6,-11,-5,-1
15896,Radil,53,35,9,1,66,45,14,4,242,123,162,219,237,-13,-10,-5,-3
15895,Rad9b,46,24,3,1,68,37,8,2,242,128,181,231,239,-22,-13,-5,-1
1021,Aldh6a1,42,33,7,2,49,29,12,7,242,151,180,223,233,-7,4,-5,-5
1004,Aldh16a1,36,21,4,2,54,28,9,5,242,152,193,229,235,-18,-7,-5,-3
12170,Nedd1,36,22,5,2,55,29,10,5,242,151,191,227,235,-19,-7,-5,-3
12173,Nedd8,35,19,2,2,37,24,7,1,242,170,199,233,239,-2,-5,-5,1
1002,Albfm1,22,7,0,0,50,29,5,0,242,170,206,237,242,-28,-22,-5,0
998,Alad,44,25,3,2,58,28,8,5,242,140,189,231,235,-14,-3,-5,-3
997,Aktip,41,23,2,2,39,21,7,4,242,162,198,233,236,2,2,-5,-2
12186,Nek3,32,15,1,0,57,33,6,1,242,153,194,235,241,-25,-18,-5,-1
975,Akp3,28,13,0,0,36,23,5,2,242,178,206,237,240,-8,-10,-5,-2
21475,Xkr8,27,14,2,0,81,50,7,2,242,134,178,233,240,-54,-36,-5,-2
15875,Rack1,43,24,4,4,31,24,9,4,242,168,194,229,234,12,0,-5,0
957,Akap11,19,11,3,2,76,49,8,2,242,147,182,231,238,-57,-38,-5,0
955,Akap1,35,17,4,3,65,41,9,1,242,142,184,229,238,-30,-24,-5,2
953,Ak9,49,30,4,1,47,28,9,5,242,146,184,229,236,2,2,-5,-4
12221,Neurod4,13,8,0,0,24,13,5,2,242,205,221,237,240,-11,-5,-5,-2
15857,Rab9b,38,21,1,0,35,15,6,4,242,169,206,235,238,3,6,-5,-4
939,Aipl1,45,21,1,0,54,30,6,0,242,143,191,235,242,-9,-9,-5,0
15852,Rab7,42,27,3,2,40,18,8,2,242,160,197,231,238,2,9,-5,0
12258,Nfx1,43,22,3,2,39,24,8,2,242,160,196,231,238,4,-2,-5,0
836,Adra2c,32,17,2,0,43,22,7,2,242,167,203,233,240,-11,-5,-5,-2
12458,Npdc1,45,25,2,2,40,24,7,5,242,157,193,233,235,5,1,-5,-3
833,Adra1d,62,33,6,0,66,38,11,3,242,114,171,225,239,-4,-5,-5,-3
12473,Npm3,26,14,3,3,57,28,8,1,242,159,200,231,238,-31,-14,-5,2
12599,Ntm,42,25,5,1,64,40,10,3,242,136,177,227,238,-22,-15,-5,-2
12607,Ntpcr,28,16,5,2,61,39,10,2,242,153,187,227,238,-33,-23,-5,0
15668,Ptpmt1,28,13,2,2,52,32,7,1,242,162,197,233,239,-24,-19,-5,1
700,Adam2,18,6,1,0,23,13,6,4,242,201,223,235,238,-5,-7,-5,-4
12619,Nubpl,31,16,2,2,61,36,7,3,242,150,190,233,237,-30,-20,-5,-1
693,Adam12,60,34,2,0,52,31,7,2,242,130,177,233,240,8,3,-5,-2
15657,Ptk6,50,24,2,0,41,22,7,0,242,151,196,233,242,9,2,-5,0
15655,Ptk2,34,20,4,3,52,21,9,2,242,156,201,229,237,-18,-1,-5,1
12627,Nudt1,34,16,5,2,69,38,10,4,242,139,188,227,236,-35,-22,-5,-2
691,Adam10,36,26,6,3,62,43,11,4,242,144,173,225,235,-26,-17,-5,-1
21643,Zcchc24,51,30,4,0,63,46,9,2,242,128,166,229,240,-12,-16,-5,-2
12661,Nup160,25,13,4,1,55,30,9,1,242,162,199,229,240,-30,-17,-5,0
682,Acvrl1,51,31,6,3,56,32,11,3,242,135,179,225,236,-5,-1,-5,0
21649,Zcrb1,35,22,4,3,34,21,9,7,242,173,199,229,232,1,1,-5,-4
12666,Nup214,33,17,2,2,67,35,7,1,242,142,190,233,239,-34,-18,-5,1
15634,Ptger1,45,27,3,0,54,28,8,0,242,143,187,231,242,-9,-1,-5,0
21653,Zdhhc1,22,10,3,2,81,44,8,2,242,139,188,231,238,-59,-34,-5,0
12671,Nup54,48,21,4,3,35,23,9,7,242,159,198,229,232,13,-2,-5,-4
12674,Nup85,35,10,2,2,51,24,7,4,242,156,208,233,236,-16,-14,-5,-2
667,Actr1b,33,15,2,2,27,15,7,1,242,182,212,233,239,6,0,-5,1
12683,Nusap1,35,20,5,0,71,46,10,3,242,136,176,227,239,-36,-26,-5,-3
15623,Ptchd3,3,0,0,0,26,14,5,0,242,213,228,237,242,-23,-14,-5,0
12695,Nxn,42,18,2,1,52,24,7,0,242,148,200,233,241,-10,-6,-5,1
664,Actn4,40,22,2,2,39,22,7,2,242,163,198,233,238,1,0,-5,0
12700,Nxpe4,41,24,3,0,88,61,8,0,242,113,157,231,242,-47,-37,-5,0
12724,Oas3,51,27,2,2,52,37,7,2,242,139,178,233,238,-1,-10,-5,0
15605,Pspc1,43,26,2,2,58,31,7,2,242,141,185,233,238,-15,-5,-5,0
21672,Zdhhc5,28,15,3,2,53,31,8,2,242,161,196,231,238,-25,-16,-5,0
15603,Psmg4,27,15,2,2,40,20,7,5,242,175,207,233,235,-13,-5,-5,-3
12598,Nthl1,44,29,5,4,50,29,10,4,242,148,184,227,234,-6,0,-5,0
21631,Zc3h8,40,20,3,1,42,19,8,4,242,160,203,231,237,-2,1,-5,-3
12595,Ntan1,29,11,3,3,49,29,8,2,242,164,202,231,237,-20,-18,-5,1
12518,Nr3c2,53,29,4,2,54,32,9,3,242,135,181,229,237,-1,-3,-5,-1
15750,Pxylp1,44,26,5,1,84,47,10,4,242,114,169,227,237,-40,-21,-5,-3
12482,Nprl3,25,14,3,2,57,32,8,2,242,160,196,231,238,-32,-18,-5,0
809,Adh7,50,28,2,2,58,35,7,5,242,134,179,233,235,-8,-7,-5,-3
12487,Nptx2,28,17,0,0,29,19,5,1,242,185,206,237,241,-1,-2,-5,-1
800,Adgrl2,35,16,4,2,89,48,9,3,242,118,178,229,237,-54,-32,-5,-1
21569,Zbed4,34,18,3,1,63,37,8,1,242,145,187,231,240,-29,-19,-5,0
782,Adgrb3,12,6,1,0,23,18,6,0,242,207,218,235,242,-11,-12,-5,0
777,Adgra1,17,4,0,0,47,24,5,0,242,178,214,237,242,-30,-20,-5,0
21578,Zbtb17,24,9,3,2,54,22,8,0,242,164,211,231,240,-30,-13,-5,2
12510,Nr2c2,30,14,2,2,73,35,7,5,242,139,193,233,235,-43,-21,-5,-3
758,Adck1,28,9,2,2,57,30,7,2,242,157,203,233,238,-29,-21,-5,0
21586,Zbtb26,43,22,4,0,65,41,9,2,242,134,179,229,240,-22,-19,-5,-2
15727,Pus7,43,26,4,1,47,25,9,4,242,152,191,229,237,-4,1,-5,-3
741,Adamts6,40,23,1,0,56,34,6,2,242,146,185,235,240,-16,-11,-5,-2
21627,Zc3h4,26,11,2,2,71,45,7,1,242,145,186,233,239,-45,-34,-5,1
12525,Nradd,47,28,4,0,54,27,9,3,242,141,187,229,239,-7,1,-5,-3
737,Adamts20,23,7,0,0,34,22,5,3,242,185,213,237,239,-11,-15,-5,-3
21603,Zbtb49,44,25,3,1,66,40,8,4,242,132,177,231,237,-22,-15,-5,-3
719,Adam5,43,14,2,0,52,28,7,6,242,147,200,233,236,-9,-14,-5,-6
715,Adam34,3,2,1,1,11,8,6,4,242,228,232,235,237,-8,-6,-5,-3
12543,Nrip2,41,23,4,2,60,37,9,3,242,141,182,229,237,-19,-14,-5,-1
710,Adam29,3,0,0,0,12,8,5,4,242,227,234,237,238,-9,-8,-5,-4
21615,Zc2hc1c,37,24,7,4,83,47,12,3,242,122,171,223,235,-46,-23,-5,1
15696,Ptprm,48,23,2,2,60,31,7,1,242,134,188,233,239,-12,-8,-5,1
21617,Zc3h11a,46,24,4,3,38,22,9,8,242,158,196,229,231,8,2,-5,-5
15685,Ptpn9,29,11,3,1,56,34,8,3,242,157,197,231,238,-27,-23,-5,-2
15683,Ptpn6,64,45,12,5,64,40,17,10,242,114,157,213,227,0,5,-5,-5
21626,Zc3h3,43,19,3,2,59,42,8,1,242,140,181,231,239,-16,-23,-5,1
12139,Ndufb3,29,14,4,3,42,23,9,4,242,171,205,229,235,-13,-9,-5,-1
1054,Alms1,37,17,2,0,59,35,7,1,242,146,190,233,241,-22,-18,-5,-1
1552,Asah2,39,22,7,2,71,47,12,4,242,132,173,223,236,-32,-25,-5,-2
16176,Rfc5,33,11,3,1,57,29,8,2,242,152,202,231,239,-24,-18,-5,-1
11649,Ms4a19,2,2,1,1,10,10,6,4,242,230,230,235,237,-8,-8,-5,-3
21254,Vps8,39,24,4,3,55,26,9,2,242,148,192,229,237,-16,-2,-5,1
1384,Arfip2,47,25,2,2,37,20,7,3,242,158,197,233,237,10,5,-5,-1
16167,Rex2,31,18,6,3,56,39,11,3,242,155,185,225,236,-25,-21,-5,0
11661,Ms4a7,39,33,9,1,55,45,14,5,242,148,164,219,236,-16,-12,-5,-4
16161,Retreg2,36,17,2,2,50,26,7,5,242,156,199,233,235,-14,-9,-5,-3
11664,Msantd2,59,25,4,2,51,35,9,6,242,132,182,229,234,8,-10,-5,-4
21260,Vsig1,25,13,0,0,23,9,5,1,242,194,220,237,241,2,4,-5,-1
16148,Rer1,27,10,2,2,34,23,7,4,242,181,209,233,236,-7,-13,-5,-2
1368,Arcn1,37,18,2,2,34,17,7,3,242,171,207,233,237,3,1,-5,-1
1361,Aqr,25,13,2,2,53,23,7,3,242,164,206,233,237,-28,-10,-5,-1
1350,Aqp1,55,27,6,2,57,34,11,3,242,130,181,225,237,-2,-7,-5,-1
21277,Vti1a,32,16,2,2,41,20,7,2,242,169,206,233,238,-9,-4,-5,0
11708,mt-Nd3,47,29,10,6,55,35,15,9,242,140,178,217,227,-8,-6,-5,-3
1343,Apool,36,24,6,3,57,38,11,4,242,149,180,225,235,-21,-14,-5,-1
16132,Rel,60,39,1,0,40,22,6,2,242,142,181,235,240,20,17,-5,-2
21283,Vwa3b,43,29,5,2,40,23,10,2,242,159,190,227,238,3,6,-5,0
21284,Vwa5a,44,34,5,3,64,44,10,3,242,134,164,227,236,-20,-10,-5,0
11725,Mtch2,30,16,3,2,47,28,8,2,242,165,198,231,238,-17,-12,-5,0
16123,Reep5,40,26,2,2,43,20,7,1,242,159,196,233,239,-3,6,-5,1
1292,Apcdd1,42,27,3,0,73,45,8,2,242,127,170,231,240,-31,-18,-5,-2
1291,Apc2,51,29,5,2,59,36,10,1,242,132,177,227,239,-8,-7,-5,1
1285,Apba3,57,23,3,2,38,20,8,3,242,147,199,231,237,19,3,-5,-1
1283,Apba1,41,21,1,1,39,23,6,2,242,162,198,235,239,2,-2,-5,-1
16111,Rdm1,41,28,10,3,56,40,15,7,242,145,174,217,232,-15,-12,-5,-4
1279,Ap5m1,38,22,5,2,62,29,10,2,242,142,191,227,238,-24,-7,-5,0
11742,Mtg2,37,16,4,2,48,27,9,4,242,157,199,229,236,-11,-11,-5,-2
1271,Ap3m2,47,20,0,0,43,22,5,0,242,152,200,237,242,4,-2,-5,0
21306,Washc3,38,17,7,3,36,22,12,7,242,168,203,223,232,2,-5,-5,-4
1400,Arhgap23,46,20,3,0,65,38,8,2,242,131,184,231,240,-19,-18,-5,-2
16178,Rffl,36,11,3,2,65,34,8,3,242,141,197,231,237,-29,-23,-5,-1
15928,Ranbp3l,54,27,3,2,53,36,8,4,242,135,179,231,236,1,-9,-5,-2
11631,Mrps35,36,21,6,4,62,41,11,3,242,144,180,225,235,-26,-20,-5,1
16256,Rhog,40,22,5,2,60,36,10,3,242,142,184,227,237,-20,-14,-5,-1
11515,Mras,43,20,3,2,51,30,8,5,242,148,192,231,235,-8,-10,-5,-3
11531,Mrgprb3,1,1,0,0,9,9,5,1,242,232,232,237,241,-8,-8,-5,-1
1529,Arrdc1,50,32,8,2,66,36,13,7,242,126,174,221,233,-16,-4,-5,-5
1524,Arpp19,33,17,5,2,46,29,10,6,242,163,196,227,234,-13,-12,-5,-4
16239,Rhbdl2,49,30,6,2,57,35,11,2,242,136,177,225,238,-8,-5,-5,0
11559,Mrpl1,25,15,2,2,52,32,7,4,242,165,195,233,236,-27,-17,-5,-2
11560,Mrpl10,30,15,2,2,48,25,7,4,242,164,202,233,236,-18,-10,-5,-2
1502,Armcx2,42,28,5,1,57,31,10,3,242,143,183,227,238,-15,-3,-5,-2
1499,Armc8,30,9,2,2,64,31,7,1,242,148,202,233,239,-34,-22,-5,1
11565,Mrpl15,25,15,5,2,49,33,10,3,242,168,194,227,237,-24,-18,-5,-1
11567,Mrpl17,30,14,2,2,51,25,7,1,242,161,203,233,239,-21,-11,-5,1
11572,Mrpl21,36,16,4,3,42,23,9,5,242,164,203,229,234,-6,-7,-5,-2
11584,Mrpl36,35,10,3,3,40,21,8,5,242,167,211,231,234,-5,-11,-5,-2
1475,Arl2bp,26,8,2,2,63,32,7,1,242,153,202,233,239,-37,-24,-5,1
16212,Rgs13,26,24,1,0,35,31,6,2,242,181,187,235,240,-9,-7,-5,-2
1465,Arl10,40,20,5,2,70,42,10,3,242,132,180,227,237,-30,-22,-5,-1
11604,Mrpl55,25,15,2,2,68,27,7,5,242,149,200,233,235,-43,-12,-5,-3
1451,Arhgef9,59,37,6,0,60,43,11,8,242,123,162,225,234,-1,-6,-5,-8
11606,Mrpl58,35,20,3,3,48,29,8,2,242,159,193,231,237,-13,-9,-5,1
11607,Mrpl9,39,18,2,2,24,18,7,1,242,179,206,233,239,15,0,-5,1
11615,Mrps18a,28,13,2,2,35,16,7,4,242,179,213,233,236,-7,-3,-5,-2
11619,Mrps21,37,23,5,2,45,25,10,4,242,160,194,227,236,-8,-2,-5,-2
21237,Vps35l,35,19,2,2,42,19,7,2,242,165,204,233,238,-7,0,-5,0
16191,Rfx3,43,27,1,0,53,32,6,1,242,146,183,235,241,-10,-5,-5,-1
1430,Arhgef11,28,12,2,2,62,33,7,0,242,152,197,233,240,-34,-21,-5,2
16185,Rft1,30,18,3,3,54,26,8,3,242,158,198,231,236,-24,-8,-5,0
11627,Mrps30,31,12,2,2,41,23,7,3,242,170,207,233,237,-10,-11,-5,-1
11628,Mrps31,40,20,2,2,51,35,7,3,242,151,187,233,237,-11,-15,-5,-1
1257,Ap1m1,25,13,2,2,62,42,7,1,242,155,187,233,239,-37,-29,-5,1
11768,Mto1,24,14,3,2,50,23,8,3,242,168,205,231,237,-26,-9,-5,-1
16091,Rcor2,46,27,2,0,67,38,7,1,242,129,177,233,241,-21,-11,-5,-1
16090,Rcor1,34,14,2,2,52,26,7,2,242,156,202,233,238,-18,-12,-5,0
12009,Nap1l2,30,15,1,0,45,23,6,2,242,167,204,235,240,-15,-8,-5,-2
15992,Rassf9,22,12,2,0,49,33,7,4,242,171,197,233,238,-27,-21,-5,-4
1168,Ankrd17,30,14,2,2,49,25,7,2,242,163,203,233,238,-19,-11,-5,0
1166,Ankrd13d,39,16,2,1,52,35,7,3,242,151,191,233,238,-13,-19,-5,-2
12014,Napb,49,26,1,0,35,19,6,1,242,158,197,235,241,14,7,-5,-1
15986,Rassf3,43,27,3,2,61,37,8,3,242,138,178,231,237,-18,-10,-5,-1
21389,Wfdc1,43,27,5,2,55,43,10,4,242,144,172,227,236,-12,-16,-5,-2
21392,Wfdc12,33,26,8,1,54,46,13,6,242,155,170,221,235,-21,-20,-5,-5
21396,Wfdc16,19,16,4,1,21,18,9,4,242,202,208,229,237,-2,-2,-5,-3
1142,Ank1,40,18,4,1,58,40,9,2,242,144,184,229,239,-18,-22,-5,-1
1139,Angptl7,59,30,2,2,62,36,7,3,242,121,176,233,237,-3,-6,-5,-1
12056,Ncapd2,28,13,1,0,72,40,6,2,242,142,189,235,240,-44,-27,-5,-2
1131,Angpt1,47,28,4,3,50,35,9,2,242,145,179,229,237,-3,-7,-5,1
1127,Ang5,14,12,2,0,13,9,7,4,242,215,221,233,238,1,3,-5,-4
12060,Ncaph,40,17,2,1,73,50,7,3,242,129,175,233,238,-33,-33,-5,-2
1118,Anapc15-ps,25,24,24,13,36,32,29,23,242,181,186,189,206,-11,-8,-5,-10
1113,Anapc1,30,18,2,2,66,40,7,1,242,146,184,233,239,-36,-22,-5,1
12084,Ncoa4,35,14,2,2,52,28,7,2,242,155,200,233,238,-17,-14,-5,0
1102,Ampd2,44,23,2,2,45,25,7,2,242,153,194,233,238,-1,-2,-5,0
12090,Ncr1,22,20,2,0,42,34,7,2,242,178,188,233,240,-20,-14,-5,-2
1096,Amn,47,35,4,2,60,43,9,2,242,135,164,229,238,-13,-8,-5,0
1085,Amer1,33,22,4,0,72,43,9,0,242,137,177,229,242,-39,-21,-5,0
12098,Ndfip2,23,12,5,2,52,25,10,3,242,167,205,227,237,-29,-13,-5,-1
1080,Amd1,33,15,2,2,65,40,7,2,242,144,187,233,238,-32,-25,-5,0
12119,Ndufa4l2,47,37,12,4,71,55,17,5,242,124,150,213,233,-24,-18,-5,-1
12123,Ndufa8,32,18,3,2,37,21,8,4,242,173,203,231,236,-5,-3,-5,-2
1070,Als2cl,50,26,4,4,44,25,9,3,242,148,191,229,235,6,1,-5,1
21438,Wnt7a,15,9,1,0,40,23,6,3,242,187,210,235,239,-25,-14,-5,-3
15929,Ranbp6,28,11,2,2,58,26,7,1,242,156,205,233,239,-30,-15,-5,1
1170,Ankrd22,24,15,5,0,53,25,10,3,242,165,202,227,239,-29,-10,-5,-3
11995,Naif1,40,19,1,0,43,27,6,1,242,159,196,235,241,-3,-8,-5,-1
1184,Ankrd36,27,18,2,1,32,23,7,6,242,183,201,233,235,-5,-5,-5,-5
21339,Wdr35,36,18,3,2,64,38,8,2,242,142,186,231,238,-28,-20,-5,0
16089,Rcn3,50,28,2,2,52,33,7,5,242,140,181,233,235,-2,-5,-5,-3
16087,Rcn1,44,29,5,2,56,29,10,5,242,142,184,227,235,-12,0,-5,-3
16086,Rcl1,41,19,3,2,46,24,8,4,242,155,199,231,236,-5,-5,-5,-2
11777,Mtrr,54,27,4,2,48,29,9,6,242,140,186,229,234,6,-2,-5,-4
11780,Mttp,38,20,4,2,55,34,9,5,242,149,188,229,235,-17,-14,-5,-3
16071,Rbsn,36,23,2,2,46,23,7,2,242,160,196,233,238,-10,0,-5,0
11814,Mup19,13,12,7,5,17,17,12,7,242,212,213,223,230,-4,-5,-5,-2
1215,Ano10,28,10,3,2,62,32,8,3,242,152,200,231,237,-34,-22,-5,-1
21332,Wdr24,26,17,2,2,67,34,7,1,242,149,191,233,239,-41,-17,-5,1
16059,Rbmxl1,38,21,5,2,40,24,10,5,242,164,197,227,235,-2,-3,-5,-3
21335,Wdr27,49,29,4,2,59,34,9,1,242,134,179,229,239,-10,-5,-5,1
16057,Rbmx,33,21,6,3,47,29,11,3,242,162,192,225,236,-14,-8,-5,0
11847,Mybl1,55,25,4,2,63,36,9,1,242,124,181,229,239,-8,-11,-5,1
16051,Rbm7,28,18,3,2,42,21,8,3,242,172,203,231,237,-14,-3,-5,-1
1186,Ankrd39,33,15,1,0,52,25,6,3,242,157,202,235,239,-19,-10,-5,-3
21340,Wdr36,30,15,2,2,43,22,7,2,242,169,205,233,238,-13,-7,-5,0
21344,Wdr41,24,13,2,2,55,27,7,2,242,163,202,233,238,-31,-14,-5,0
11892,Myl9,53,38,8,4,43,26,13,7,242,146,178,221,231,10,12,-5,-3
21346,Wdr44,38,24,6,2,74,37,11,4,242,130,181,225,236,-36,-13,-5,-2
11919,Myo5a,50,28,5,2,62,35,10,2,242,130,179,227,238,-12,-7,-5,0
11923,Myo7a,68,49,9,3,55,37,14,3,242,119,156,219,236,13,12,-5,0
11940,Myoz3,41,21,1,0,50,33,6,0,242,151,188,235,242,-9,-12,-5,0
1193,Ankrd50,37,19,2,2,60,35,7,1,242,145,188,233,239,-23,-16,-5,1
11946,Mysm1,24,12,2,1,57,31,7,4,242,161,199,233,237,-33,-19,-5,-3
11951,Mzf1,26,8,0,0,81,47,5,2,242,135,187,237,240,-55,-39,-5,-2
16022,Rbm15b,53,26,2,2,51,30,7,2,242,138,186,233,238,2,-4,-5,0
16018,Rbm12b1,71,44,4,1,35,25,9,4,242,136,173,229,237,36,19,-5,-3
16013,Rbl1,32,11,1,0,72,33,6,1,242,138,198,235,241,-40,-22,-5,-1
12738,Obox8,32,28,1,0,47,42,6,1,242,163,172,235,241,-15,-14,-5,-1
12755,Odad2,23,16,3,0,24,16,8,6,242,195,210,231,236,-1,0,-5,-6
15594,Psme2,41,31,6,2,44,23,11,6,242,157,188,225,234,-3,8,-5,-4
14400,Pde5a,38,20,1,0,60,31,6,1,242,144,191,235,241,-22,-11,-5,-1
14409,Pde8a,40,19,3,2,56,40,8,1,242,146,183,231,239,-16,-21,-5,1
14410,Pde8b,48,27,3,0,70,49,8,1,242,124,166,231,241,-22,-22,-5,-1
22025,Zfp933,29,15,3,3,76,50,8,1,242,137,177,231,238,-47,-35,-5,2
14435,Pdlim1,51,34,5,0,53,34,10,1,242,138,174,227,241,-2,0,-5,-1
15103,Ppia,27,17,4,4,41,27,9,4,242,174,198,229,234,-14,-10,-5,0
14440,Pdlim7,51,26,2,2,32,22,7,3,242,159,194,233,237,19,4,-5,-1
14443,Pdpk1,51,27,4,2,38,23,9,3,242,153,192,229,237,13,4,-5,-1
14450,Pdss2,28,17,2,2,69,38,7,3,242,145,187,233,237,-41,-21,-5,-1
228,4930402K13Rik,5,5,1,0,17,12,6,1,242,220,225,235,241,-12,-7,-5,-1
14469,Peak1,30,16,2,2,56,28,7,3,242,156,198,233,237,-26,-12,-5,-1
226,4930402F06Rik,24,19,6,1,36,34,11,4,242,182,189,225,237,-12,-15,-5,-3
14471,Pebp1,39,22,3,2,34,18,8,1,242,169,202,231,239,5,4,-5,1
22043,Zfp951,37,18,2,2,68,41,7,1,242,137,183,233,239,-31,-23,-5,1
223,4921524L21Rik,3,3,0,0,15,14,5,4,242,224,225,237,238,-12,-11,-5,-4
14483,Pelp1,25,10,4,3,71,43,9,5,242,146,189,229,234,-46,-33,-5,-2
14484,Pemt,49,22,7,1,61,35,12,6,242,132,185,223,235,-12,-13,-5,-5
14491,Perm1,44,26,4,2,43,30,9,1,242,155,186,229,239,1,-4,-5,1
14494,Pet100,30,21,4,3,55,28,9,7,242,157,193,229,232,-25,-7,-5,-4
14496,Pex1,39,13,3,2,58,31,8,1,242,145,198,231,239,-19,-18,-5,1
22047,Zfp955a,42,21,6,1,64,45,11,1,242,136,176,225,240,-22,-24,-5,0
14497,Pex10,32,16,2,2,52,24,7,2,242,158,202,233,238,-20,-8,-5,0
14512,Pex7,34,23,2,2,55,27,7,0,242,153,192,233,240,-21,-4,-5,2
14514,Pfas,31,15,4,3,65,35,9,5,242,146,192,229,234,-34,-20,-5,-2
22064,Zfp970,48,32,8,5,63,38,13,10,242,131,172,221,227,-15,-6,-5,-5
199,2810408A11Rik,34,23,3,0,75,46,8,3,242,133,173,231,239,-41,-23,-5,-3
195,2700097O09Rik,42,23,7,2,36,29,12,7,242,164,190,223,233,6,-6,-5,-5
193,2700062C07Rik,28,20,2,2,48,32,7,7,242,166,190,233,233,-20,-12,-5,-5
14526,Pfkp,55,28,4,4,44,26,9,7,242,143,188,229,231,11,2,-5,-3
14530,Pfn4,45,29,7,3,84,59,12,5,242,113,154,223,234,-39,-30,-5,-2
15118,Ppl,63,37,3,1,35,21,8,4,242,144,184,231,237,28,16,-5,-3
22003,Zfp865,30,15,2,2,52,35,7,3,242,160,192,233,237,-22,-20,-5,-1
12757,Odad4,46,22,2,0,74,39,7,5,242,122,181,233,237,-28,-17,-5,-5
21993,Zfp825,37,22,5,2,66,41,10,3,242,139,179,227,237,-29,-19,-5,-1
15213,Ppwd1,31,13,2,2,56,38,7,2,242,155,191,233,238,-25,-25,-5,0
21940,Zfp707,43,17,3,1,63,34,8,1,242,136,191,231,240,-20,-17,-5,0
15201,Ppp4r3a,31,18,2,2,52,34,7,3,242,159,190,233,237,-21,-16,-5,-1
14222,Patz1,40,23,5,2,66,39,10,4,242,136,180,227,236,-26,-16,-5,-2
14224,Pax1,38,15,0,0,39,21,5,0,242,165,206,237,242,-1,-6,-5,0
297,4932411N23Rik,33,15,3,0,31,17,8,7,242,178,210,231,235,2,-2,-5,-7
15192,Ppp2r5e,39,18,4,2,52,33,9,1,242,151,191,229,239,-13,-15,-5,1
14234,Paxip1,32,15,2,1,68,45,7,1,242,142,182,233,240,-36,-30,-5,0
14239,Pbld2,57,37,6,3,63,41,11,5,242,122,164,225,234,-6,-4,-5,-2
289,4931406C07Rik,26,14,2,2,60,27,7,3,242,156,201,233,237,-34,-13,-5,-1
21957,Zfp748,26,13,3,0,75,50,8,1,242,141,179,231,241,-49,-37,-5,-1
21961,Zfp760,45,28,7,0,58,33,12,4,242,139,181,223,238,-13,-5,-5,-4
14258,Pcdh10,27,13,0,0,41,23,5,1,242,174,206,237,241,-14,-10,-5,-1
283,4930590J08Rik,49,25,1,0,45,21,6,2,242,148,196,235,240,4,4,-5,-2
14285,Pcdhb12,27,11,2,0,53,23,7,2,242,162,208,233,240,-26,-12,-5,-2
14303,Pcdhb9,31,18,3,1,30,17,8,2,242,181,207,231,239,1,1,-5,-1
14304,Pcdhga1,40,19,3,1,70,42,8,0,242,132,181,231,241,-30,-23,-5,1
14307,Pcdhga12,31,16,4,0,61,32,9,4,242,150,194,229,238,-30,-16,-5,-4
21967,Zfp772,44,21,2,0,66,43,7,1,242,132,178,233,241,-22,-22,-5,-1
15158,Ppp1r21,42,20,2,2,43,22,7,2,242,157,200,233,238,-1,-2,-5,0
21972,Zfp780b,37,20,2,2,40,20,7,2,242,165,202,233,238,-3,0,-5,0
15155,Ppp1r1b,36,23,4,3,61,34,9,4,242,145,185,229,235,-25,-11,-5,-1
279,4930578I06Rik,9,9,0,0,16,15,5,3,242,217,218,237,239,-7,-6,-5,-3
14340,Pcmt1,27,12,2,2,43,27,7,3,242,172,203,233,237,-16,-15,-5,-1
14341,Pcmtd1,34,25,8,3,61,40,13,5,242,147,177,221,234,-27,-15,-5,-2
275,4930564D02Rik,10,7,1,0,21,20,6,5,242,211,215,235,237,-11,-13,-5,-5
15146,Ppp1r14c,38,23,1,1,61,34,6,1,242,143,185,235,240,-23,-11,-5,0
14365,Pcyox1,41,29,5,2,56,32,10,4,242,145,181,227,236,-15,-3,-5,-2
14371,Pdc,22,17,2,1,24,23,7,4,242,196,202,233,237,-2,-6,-5,-3
180,2610001J05Rik,40,23,4,2,62,34,9,2,242,140,185,229,238,-22,-11,-5,0
22088,Zfp994,38,19,3,1,55,31,8,3,242,149,192,231,238,-17,-12,-5,-2
22089,Zfp995,43,22,3,1,66,41,8,3,242,133,179,231,238,-23,-19,-5,-2
22092,Zfpl1,29,14,4,2,56,29,9,6,242,157,199,229,234,-27,-15,-5,-4
14683,Pik3c3,26,9,2,2,59,31,7,3,242,157,202,233,237,-33,-22,-5,-1
99,1700049E17Rik1,6,4,3,2,9,9,8,5,242,227,229,231,235,-3,-5,-5,-3
96,1700037C18Rik,48,26,4,4,73,43,9,1,242,121,173,229,237,-25,-17,-5,3
14693,Pik3r5,52,20,1,0,57,38,6,0,242,133,184,235,242,-5,-18,-5,0
14696,Pilra,66,36,4,0,62,37,9,5,242,114,169,229,237,4,-1,-5,-5
22157,Znhit6,26,16,2,2,47,27,7,2,242,169,199,233,238,-21,-11,-5,0
14940,Pnkd,29,18,2,2,35,18,7,0,242,178,206,233,240,-6,0,-5,2
22159,Znrf1,44,17,2,1,41,23,7,5,242,157,202,233,236,3,-6,-5,-4
14727,Pitpnb,40,13,2,2,32,18,7,3,242,170,211,233,237,8,-5,-5,-1
14745,Pkd1l3,33,16,2,0,61,38,7,0,242,148,188,233,242,-28,-22,-5,0
63,1700017N19Rik,20,17,2,1,21,18,7,2,242,201,207,233,239,-1,-1,-5,-1
22175,Zrsr1,68,30,2,2,40,19,7,4,242,134,193,233,236,28,11,-5,-2
14919,Pm20d1,55,22,4,3,63,42,9,1,242,124,178,229,238,-8,-20,-5,2
14763,Pknox2,52,33,6,2,59,39,11,3,242,131,170,225,237,-7,-6,-5,-1
22179,Zscan18,24,12,0,0,56,23,5,0,242,162,207,237,242,-32,-11,-5,0
22184,Zscan25,48,23,3,2,57,30,8,3,242,137,189,231,237,-9,-7,-5,-1
14790,Plaa,36,17,2,2,41,22,7,2,242,165,203,233,238,-5,-5,-5,0
45,1700010I14Rik,40,26,4,1,58,40,9,4,242,144,176,229,237,-18,-14,-5,-3
14807,Plbd2,29,12,2,2,39,22,7,4,242,174,208,233,236,-10,-10,-5,-2
20,1190007I07Rik,27,18,2,2,60,33,7,3,242,155,191,233,237,-33,-15,-5,-1
14816,Plcg1,36,19,2,2,66,35,7,3,242,140,188,233,237,-30,-16,-5,-1
14831,Pld6,51,36,11,4,65,45,16,4,242,126,161,215,234,-14,-9,-5,0
14837,Plekha3,42,24,2,2,39,21,7,2,242,161,197,233,238,3,3,-5,0
14884,Plp2,50,26,5,2,41,23,10,5,242,151,193,227,235,9,3,-5,-3
14838,Plekha4,59,30,3,0,71,48,8,3,242,112,164,231,239,-12,-18,-5,-3
14842,Plekha8,32,13,3,2,43,23,8,1,242,167,206,231,239,-11,-10,-5,1
14844,Plekhb2,34,20,4,2,57,29,9,4,242,151,193,229,236,-23,-9,-5,-2
13,1110038F14Rik,31,15,3,2,68,36,8,3,242,143,191,231,237,-37,-21,-5,-1
10,1110025L11Rik,4,4,3,2,10,9,8,6,242,228,229,231,234,-6,-5,-5,-4
14957,Pnp2,49,35,7,3,66,47,12,5,242,127,160,223,234,-17,-12,-5,-2
14677,Pih1d1,29,16,4,2,52,27,9,3,242,161,199,229,237,-23,-11,-5,-1
22136,Zmat4,30,16,4,0,56,29,9,2,242,156,197,229,240,-26,-13,-5,-2
14606,Phip,49,23,2,2,53,27,7,3,242,140,192,233,237,-4,-4,-5,-1
14548,Pggt1b,37,19,3,2,54,28,8,4,242,151,195,231,236,-17,-9,-5,-2
14551,Pgls,26,9,2,2,40,19,7,1,242,176,214,233,239,-14,-10,-5,1
15030,Polr3d,35,16,3,1,53,35,8,1,242,154,191,231,240,-18,-19,-5,0
14555,Pglyrp4,18,9,1,1,22,13,6,3,242,202,220,235,238,-4,-4,-5,-2
14561,Pgp,28,10,2,2,61,27,7,1,242,153,205,233,239,-33,-17,-5,1
14566,Pgrmc1,40,28,5,2,37,25,10,3,242,165,189,227,237,3,3,-5,-1
15024,Polr2k,42,27,8,3,62,32,13,9,242,138,183,221,230,-20,-5,-5,-6
15023,Polr2j,39,25,5,2,53,27,10,7,242,150,190,227,233,-14,-2,-5,-5
173,2410002F23Rik,42,28,6,3,61,37,11,3,242,139,177,225,236,-19,-9,-5,0
14576,Phc1,37,17,6,4,62,33,11,7,242,143,192,225,231,-25,-16,-5,-3
161,2310033P09Rik,32,18,2,2,57,27,7,1,242,153,197,233,239,-25,-9,-5,1
22107,Zfyve9,37,23,2,2,42,24,7,0,242,163,195,233,240,-5,-1,-5,2
15008,Polr1c,28,18,2,2,54,31,7,1,242,160,193,233,239,-26,-13,-5,1
14609,Phkb,34,22,4,2,53,33,9,3,242,155,187,229,237,-19,-11,-5,-1
14663,Pigm,30,16,1,1,57,42,6,1,242,155,184,235,240,-27,-26,-5,0
14625,Phrf1,38,19,2,2,43,26,7,2,242,161,197,233,238,-5,-7,-5,0
14995,Pole3,28,14,2,2,46,22,7,3,242,168,206,233,237,-18,-8,-5,-1
124,1700129C05Rik,5,4,4,3,13,10,9,6,242,224,228,229,233,-8,-6,-5,-3
122,1700123O20Rik,30,15,2,2,54,28,7,4,242,158,199,233,236,-24,-13,-5,-2
121,1700123L14Rik,20,13,1,0,42,29,6,4,242,180,200,235,238,-22,-16,-5,-4
14635,Pi16,70,39,7,3,57,29,12,4,242,115,174,223,235,13,10,-5,-1
14640,Pianp,70,47,10,4,58,43,15,12,242,114,152,217,226,12,4,-5,-8
119,1700122O11Rik,15,15,4,0,21,20,9,4,242,206,207,229,238,-6,-5,-5,-4
14645,Pibf1,39,18,2,0,52,33,7,0,242,151,191,233,242,-13,-15,-5,0
14651,Piezo2,46,24,2,0,57,36,7,2,242,139,182,233,240,-11,-12,-5,-2
22125,Zkscan17,34,14,2,2,61,41,7,2,242,147,187,233,238,-27,-27,-5,0
14655,Pigb,29,13,4,2,66,36,9,7,242,147,193,229,233,-37,-23,-5,-5
22130,Zkscan6,27,12,3,0,60,44,8,2,242,155,186,231,240,-33,-32,-5,-2
14192,Parp16,42,34,7,3,72,42,12,3,242,128,166,223,236,-30,-8,-5,0
21934,Zfp692,35,18,2,0,54,27,7,3,242,153,197,233,239,-19,-9,-5,-3
21933,Zfp691,67,49,15,9,81,55,20,12,242,94,138,207,221,-14,-6,-5,-3
474,Abca7,36,14,2,1,43,24,7,2,242,163,204,233,239,-7,-10,-5,-1
13068,Olfr1307,38,13,2,0,56,33,7,4,242,148,196,233,238,-18,-20,-5,-4
21737,Zfp24,34,13,2,2,49,27,7,3,242,159,202,233,237,-15,-14,-5,-1
543,Abo,23,13,1,0,33,20,6,2,242,186,209,235,240,-10,-7,-5,-2
13125,Olfr1366,15,9,0,0,36,19,5,0,242,191,214,237,242,-21,-10,-5,0
13167,Olfr1416,49,22,0,0,41,19,5,1,242,152,201,237,241,8,3,-5,-1
530,Abhd5,38,22,2,2,47,27,7,5,242,157,193,233,235,-9,-5,-5,-3
15483,Prss2,24,21,5,2,23,22,10,3,242,195,199,227,237,1,-1,-5,-1
13277,Olfr18,45,23,1,0,47,29,6,2,242,150,190,235,240,-2,-6,-5,-2
520,Abhd15,65,35,9,1,55,36,14,6,242,122,171,219,235,10,-1,-5,-5
13318,Olfr237,33,18,1,0,41,24,6,0,242,168,200,235,242,-8,-6,-5,0
13321,Olfr243,51,21,1,0,43,23,6,3,242,148,198,235,239,8,-2,-5,-3
15466,Prrc2a,35,19,3,3,57,33,8,1,242,150,190,231,238,-22,-14,-5,2
13326,Olfr251,29,14,1,0,45,27,6,1,242,168,201,235,241,-16,-13,-5,-1
15459,Prr33,30,16,2,0,58,38,7,1,242,154,188,233,241,-28,-22,-5,-1
508,Abcg3,47,22,1,0,47,19,6,3,242,148,201,235,239,0,3,-5,-3
13351,Olfr293,34,20,0,0,34,20,5,1,242,174,202,237,241,0,0,-5,-1
13355,Olfr298,1,1,0,0,15,13,5,2,242,226,228,237,240,-14,-12,-5,-2
21766,Zfp318,29,17,3,2,79,50,8,1,242,134,175,231,239,-50,-33,-5,1
21767,Zfp319,45,26,1,0,47,34,6,2,242,150,182,235,240,-2,-8,-5,-2
13359,Olfr301,5,2,1,0,11,10,6,2,242,226,230,235,240,-6,-8,-5,-2
13373,Olfr316,19,6,0,0,32,18,5,0,242,191,218,237,242,-13,-12,-5,0
13381,Olfr324,51,21,1,1,51,28,6,3,242,140,193,235,238,0,-7,-5,-2
13385,Olfr33,19,9,0,0,38,20,5,2,242,185,213,237,240,-19,-11,-5,-2
13404,Olfr354,29,8,0,0,46,23,5,2,242,167,211,237,240,-17,-15,-5,-2
505,Abcf3,39,19,2,2,50,27,7,3,242,153,196,233,237,-11,-8,-5,-1
13414,Olfr366,32,13,0,0,43,20,5,0,242,167,209,237,242,-11,-7,-5,0
13439,Olfr398,40,16,1,0,44,23,6,2,242,158,203,235,240,-4,-7,-5,-2
13442,Olfr402,13,4,0,0,16,12,5,2,242,213,226,237,240,-3,-8,-5,-2
21789,Zfp369,42,24,4,1,60,33,9,4,242,140,185,229,237,-18,-9,-5,-3
555,Acaca,37,18,2,2,60,35,7,2,242,145,189,233,238,-23,-17,-5,0
556,Acacb,55,36,8,1,62,35,13,10,242,125,171,221,231,-7,1,-5,-9
13044,Olfr1281,27,19,2,0,37,24,7,2,242,178,199,233,240,-10,-5,-5,-2
21706,Zfp12,49,24,2,1,39,19,7,2,242,154,199,233,239,10,5,-5,-1
21679,Zer1,30,14,2,2,63,32,7,0,242,149,196,233,240,-33,-18,-5,2
619,Acp2,32,15,3,2,60,33,8,3,242,150,194,231,237,-28,-18,-5,-1
15587,Psmd4,33,19,2,2,29,14,7,3,242,180,209,233,237,4,5,-5,-1
15583,Psmd13,32,19,2,2,39,17,7,3,242,171,206,233,237,-7,2,-5,-1
15580,Psmd10,36,19,5,2,43,26,10,3,242,163,197,227,237,-7,-7,-5,-1
21701,Zfp112,36,16,0,0,73,41,5,2,242,133,185,237,240,-37,-25,-5,-2
12784,Oit1,42,32,8,2,58,46,13,4,242,142,164,221,236,-16,-14,-5,-2
15573,Psmc2,31,19,3,2,43,28,8,4,242,168,195,231,236,-12,-9,-5,-2
15572,Psmc1,35,17,3,3,41,21,8,2,242,166,204,231,237,-6,-4,-5,1
12855,Olfr107,39,24,4,1,55,35,9,7,242,148,183,229,234,-16,-11,-5,-6
15560,Psma8,30,22,5,2,48,36,10,3,242,164,184,227,237,-18,-14,-5,-1
12894,Olfr1120,46,27,3,1,52,25,8,5,242,144,190,231,236,-6,2,-5,-4
15553,Psma1,47,23,5,2,34,24,10,3,242,161,195,227,237,13,-1,-5,-1
15549,Psg28,22,12,1,0,39,26,6,3,242,181,204,235,239,-17,-14,-5,-3
569,Acap2,42,21,2,2,51,29,7,4,242,149,192,233,236,-9,-8,-5,-2
21711,Zfp14,45,20,0,0,55,28,5,1,242,142,194,237,241,-10,-8,-5,-1
15545,Psg23,51,29,4,0,52,32,9,3,242,139,181,229,239,-1,-3,-5,-3
15541,Psg19,26,14,0,0,28,23,5,5,242,188,205,237,237,-2,-9,-5,-5
13001,Olfr1238,53,26,3,0,43,24,8,3,242,146,192,231,239,10,2,-5,-3
21714,Zfp143,28,12,3,2,65,28,8,3,242,149,202,231,237,-37,-16,-5,-1
21715,Zfp146,45,26,5,3,46,29,10,4,242,151,187,227,235,-1,-3,-5,-1
13010,Olfr1247,38,17,4,2,52,30,9,4,242,152,195,229,236,-14,-13,-5,-2
13014,Olfr1250,46,22,1,0,56,33,6,3,242,140,187,235,239,-10,-11,-5,-3
13021,Olfr1257,17,6,0,0,30,19,5,0,242,195,217,237,242,-13,-13,-5,0
13025,Olfr1260,51,19,1,0,50,23,6,3,242,141,200,235,239,1,-4,-5,-3
577,Acbd6,24,13,2,2,48,25,7,2,242,170,204,233,238,-24,-12,-5,0
15523,Prx,62,23,0,0,44,21,5,2,242,136,198,237,240,18,2,-5,-2
570,Acap3,26,10,1,0,51,24,6,1,242,165,208,235,241,-25,-14,-5,-1
478,Abcb10,29,17,2,2,67,40,7,2,242,146,185,233,238,-38,-23,-5,0
13554,Olfr543,26,16,3,0,50,44,8,0,242,166,182,231,242,-24,-28,-5,0
14183,Park7,26,10,3,2,42,29,8,3,242,174,203,231,237,-16,-19,-5,-1
13576,Olfr568,0,0,0,0,9,8,5,1,242,233,234,237,241,-9,-8,-5,-1
13962,Oog1,13,11,1,0,16,13,6,2,242,213,218,235,240,-3,-2,-5,-2
15317,Primpol,69,43,5,2,53,42,10,7,242,120,157,227,233,16,1,-5,-5
15314,Prim1,40,17,2,1,57,32,7,5,242,145,193,233,236,-17,-15,-5,-4
13984,Optc,50,32,3,1,58,37,8,0,242,134,173,231,241,-8,-5,-5,1
21875,Zfp580,32,21,4,0,91,51,9,3,242,119,170,229,239,-59,-30,-5,-3
14009,Osbpl5,47,29,4,2,59,36,9,2,242,136,177,229,238,-12,-7,-5,0
15295,Preb,20,10,2,2,41,21,7,1,242,181,211,233,239,-21,-11,-5,1
15294,Prdx6b,24,10,0,0,33,21,5,4,242,185,211,237,238,-9,-11,-5,-4
15293,Prdx6,39,22,3,3,43,24,8,2,242,160,196,231,237,-4,-2,-5,1
14020,Osgin2,43,19,3,0,54,31,8,4,242,145,192,231,238,-11,-12,-5,-4
21883,Zfp599,36,17,3,0,71,45,8,5,242,135,180,231,237,-35,-28,-5,-5
354,9030025P20Rik,40,23,6,1,68,47,11,4,242,134,172,225,237,-28,-24,-5,-3
21891,Zfp609,39,13,2,2,41,23,7,3,242,162,206,233,237,-2,-10,-5,-1
351,7530416G11Rik,33,30,6,1,44,38,11,3,242,165,174,225,238,-11,-8,-5,-2
346,6430571L13Rik,41,17,3,0,79,52,8,3,242,122,173,231,239,-38,-35,-5,-3
338,6030458C11Rik,35,15,2,1,66,35,7,2,242,141,192,233,239,-31,-20,-5,-1
14072,Oxsr1,40,20,2,2,53,25,7,1,242,149,197,233,239,-13,-5,-5,1
14074,Oxtr,34,17,1,1,55,24,6,1,242,153,201,235,240,-21,-7,-5,0
334,5730455P16Rik,43,25,3,3,61,28,8,5,242,138,189,231,234,-18,-3,-5,-2
14078,P2rx4,38,17,6,3,79,49,11,4,242,125,176,225,235,-41,-32,-5,-1
14100,Pa2g4,28,16,3,3,42,24,8,3,242,172,202,231,236,-14,-8,-5,0
21910,Zfp646,58,27,4,2,42,28,9,1,242,142,187,229,239,16,-1,-5,1
21916,Zfp653,23,10,2,0,75,45,7,2,242,144,187,233,240,-52,-35,-5,-2
318,4933421I07Rik,23,17,4,0,25,23,9,7,242,194,202,229,235,-2,-6,-5,-7
14160,Panx3,19,7,1,1,32,25,6,2,242,191,210,235,239,-13,-18,-5,-1
312,4933409G03Rik,2,1,0,0,9,9,5,3,242,231,232,237,239,-7,-8,-5,-3
21929,Zfp687,29,12,3,2,76,53,8,2,242,137,177,231,238,-47,-41,-5,0
14181,Pard6g,35,14,1,0,65,33,6,3,242,142,195,235,239,-30,-19,-5,-3
14182,Parg,36,17,2,2,49,23,7,2,242,157,202,233,238,-13,-6,-5,0
13954,Omg,43,19,1,0,40,24,6,2,242,159,199,235,240,3,-5,-5,-2
13933,Olfr981,33,11,1,0,46,30,6,2,242,163,201,235,240,-13,-19,-5,-2
13919,Olfr967,57,44,12,3,68,50,17,2,242,117,148,213,237,-11,-6,-5,1
15376,Prl8a9,8,8,0,0,16,16,5,2,242,218,218,237,240,-8,-8,-5,-2
21806,Zfp407,27,11,2,1,55,26,7,2,242,160,205,233,239,-28,-15,-5,-1
21811,Zfp418,50,26,6,0,73,44,11,1,242,119,172,225,241,-23,-18,-5,-1
13669,Olfr667,38,20,2,0,58,36,7,1,242,146,186,233,241,-20,-16,-5,-1
15394,Prob1,43,20,2,2,69,43,7,1,242,130,179,233,239,-26,-23,-5,1
13693,Olfr691,42,21,2,0,46,33,7,0,242,154,188,233,242,-4,-12,-5,0
15390,Prmt9,39,20,2,2,50,25,7,1,242,153,197,233,239,-11,-5,-5,1
13698,Olfr697,2,2,0,0,9,9,5,2,242,231,231,237,240,-7,-7,-5,-2
15388,Prmt7,28,21,3,2,52,27,8,1,242,162,194,231,239,-24,-6,-5,1
21825,Zfp449,43,25,5,0,66,41,10,2,242,133,176,227,240,-23,-16,-5,-2
13703,Olfr701,8,6,1,1,31,16,6,4,242,203,220,235,237,-23,-10,-5,-3
13705,Olfr703,6,3,0,0,12,7,5,3,242,224,232,237,239,-6,-4,-5,-3
13710,Olfr709-ps1,37,10,0,0,44,18,5,2,242,161,214,237,240,-7,-8,-5,-2
13730,Olfr73,39,13,1,1,70,33,6,3,242,133,196,235,238,-31,-20,-5,-2
15371,Prl7d1,24,15,3,0,36,23,8,3,242,182,204,231,239,-12,-8,-5,-3
13887,Olfr920,37,22,1,0,39,25,6,1,242,166,195,235,241,-2,-3,-5,-1
13743,Olfr742,53,35,4,0,47,28,9,7,242,142,179,229,235,6,7,-5,-7
15369,Prl7b1,6,5,1,1,8,8,6,2,242,228,229,235,239,-2,-3,-5,-1
13745,Olfr744,36,26,6,1,38,31,11,3,242,168,185,225,238,-2,-5,-5,-2
13761,Olfr769,44,20,2,0,54,27,7,3,242,144,195,233,239,-10,-7,-5,-3
21841,Zfp493,67,46,14,7,76,51,19,7,242,99,145,209,228,-9,-5,-5,0
21850,Zfp518a,26,14,5,3,77,49,10,2,242,139,179,227,237,-51,-35,-5,1
13785,Olfr794,45,26,4,0,60,40,9,1,242,137,176,229,241,-15,-14,-5,-1
15352,Prl2a1,5,5,1,0,11,10,6,2,242,226,227,235,240,-6,-5,-5,-2
21854,Zfp523,33,17,2,2,60,33,7,1,242,149,192,233,239,-27,-16,-5,1
13834,Olfr853,38,14,1,0,61,33,6,3,242,143,195,235,239,-23,-19,-5,-3
397,A430005L14Rik,29,20,4,2,53,24,9,5,242,160,198,229,235,-24,-4,-5,-3
13867,Olfr898,45,25,2,0,62,28,7,4,242,135,189,233,238,-17,-3,-5,-4
13881,Olfr914,40,16,2,1,62,36,7,6,242,140,190,233,235,-22,-20,-5,-5
21186,Vmn2r75,43,13,4,1,50,27,9,1,242,149,202,229,240,-7,-14,-5,0
5895,Fbxo3,25,12,2,2,60,40,7,1,242,157,190,233,239,-35,-28,-5,1
1823,B3galt1,48,28,2,0,62,34,7,2,242,132,180,233,240,-14,-6,-5,-2
11297,Mgrn1,37,17,2,2,52,21,7,2,242,153,204,233,238,-15,-4,-5,0
16456,Rnf40,27,13,2,2,58,34,7,2,242,157,195,233,238,-31,-21,-5,0
16455,Rnf4,33,19,2,2,45,21,7,4,242,164,202,233,236,-12,-2,-5,-2
10921,Map1a,38,16,0,0,61,32,5,0,242,143,194,237,242,-23,-16,-5,0
2194,Btbd35f10,3,1,0,0,8,8,5,5,242,231,233,237,237,-5,-7,-5,-5
2040,Bicdl1,35,20,2,2,65,44,7,1,242,142,178,233,239,-30,-24,-5,1
11289,Mgat4f,29,22,2,1,36,23,7,3,242,177,197,233,238,-7,-1,-5,-2
16416,Rnf167,26,12,4,3,63,32,9,2,242,153,198,229,237,-37,-20,-5,1
11406,Mmp19,63,33,2,0,47,31,7,4,242,132,178,233,238,16,2,-5,-4
16453,Rnf38,34,15,2,2,59,37,7,3,242,149,190,233,237,-25,-22,-5,-1
11094,Mcmdc2,41,20,7,6,76,46,12,7,242,125,176,223,229,-35,-26,-5,-1
2191,Btbd2,39,17,3,2,50,24,8,1,242,153,201,231,239,-11,-7,-5,1
11180,Mei4,52,31,1,0,47,26,6,1,242,143,185,235,241,5,5,-5,-1
1626,Atf2,33,14,4,2,57,34,9,4,242,152,194,229,236,-24,-20,-5,-2
2185,Btbd10,38,17,3,2,54,31,8,3,242,150,194,231,237,-16,-14,-5,-1
16312,Rilpl2,39,24,2,2,43,24,7,3,242,160,194,233,237,-4,0,-5,-1
2112,Borcs7,24,12,4,3,59,32,9,3,242,159,198,229,236,-35,-20,-5,0
1641,Atg16l2,57,29,5,0,48,25,10,5,242,137,188,227,237,9,4,-5,-5
21052,Vmn1r60,47,28,2,0,47,31,7,2,242,148,183,233,240,0,-3,-5,-2
1655,Atl1,36,18,2,2,67,40,7,3,242,139,184,233,237,-31,-22,-5,-1
16448,Rnf25,35,21,2,2,55,34,7,3,242,152,187,233,237,-20,-13,-5,-1
16319,Rims3,42,17,0,0,54,31,5,0,242,146,194,237,242,-12,-14,-5,0
2174,Bsg,32,17,3,3,43,21,8,4,242,167,204,231,235,-11,-4,-5,-1
16457,Rnf41,35,21,2,2,52,27,7,3,242,155,194,233,237,-17,-6,-5,-1
20996,Vmn1r236,38,16,3,0,52,28,8,1,242,152,198,231,241,-14,-12,-5,-1
2113,Borcs8,26,13,3,2,50,30,8,2,242,166,199,231,238,-24,-17,-5,0
10648,Lrrc42,39,22,3,3,62,36,8,3,242,141,184,231,236,-23,-14,-5,0
11435,Mob1b,39,16,3,2,64,39,8,4,242,139,187,231,236,-25,-23,-5,-2
11054,Mbnl1,50,33,6,3,61,38,11,6,242,131,171,225,233,-11,-5,-5,-3
2249,Bub3,29,15,3,3,44,23,8,5,242,169,204,231,234,-15,-8,-5,-2
1817,B230217C12Rik,59,44,5,0,65,41,10,1,242,118,157,227,241,-6,3,-5,-1
16522,Rpl15,30,14,3,3,32,21,8,1,242,180,207,231,238,-2,-7,-5,2
2231,Btg1b,4,4,0,0,8,8,5,4,242,230,230,237,238,-4,-4,-5,-4
10949,Map3k7,31,14,2,2,53,33,7,4,242,158,195,233,236,-22,-19,-5,-2
11431,Mnt,24,7,3,1,89,61,8,2,242,129,174,231,239,-65,-54,-5,-1
10947,Map3k5,46,23,3,2,47,30,8,6,242,149,189,231,234,-1,-7,-5,-4
20966,Vmn1r209,34,10,0,0,51,30,5,1,242,157,202,237,241,-17,-20,-5,-1
21033,Vmn1r43,27,15,1,0,44,29,6,0,242,171,198,235,242,-17,-14,-5,0
10657,Lrrc52,19,14,1,0,26,20,6,4,242,197,208,235,238,-7,-6,-5,-4
1819,B230307C23Rik,37,16,4,4,65,46,9,6,242,140,180,229,232,-28,-30,-5,-2
10823,Mab21l3,49,34,4,0,43,23,9,2,242,150,185,229,240,6,11,-5,-2
16605,Rps25,33,14,6,5,43,25,11,8,242,166,203,225,229,-10,-11,-5,-3
1874,Bag6,31,13,3,3,51,31,8,4,242,160,198,231,235,-20,-18,-5,-1
11197,Mepce,34,18,3,2,59,38,8,4,242,149,186,231,236,-25,-20,-5,-2
11072,Mcc,32,18,0,0,61,39,5,0,242,149,185,237,242,-29,-21,-5,0
10938,Map3k13,27,13,2,1,63,29,7,0,242,152,200,233,241,-36,-16,-5,1
11184,Meioc,26,13,2,1,43,26,7,1,242,173,203,233,240,-17,-13,-5,0
10936,Map3k11,36,11,2,2,63,42,7,2,242,143,189,233,238,-27,-31,-5,0
16607,Rps27,42,28,10,9,64,39,15,8,242,136,175,217,225,-22,-11,-5,1
21114,Vmn2r120,23,10,1,0,57,27,6,0,242,162,205,235,242,-34,-17,-5,0
10721,Lsp1,63,43,8,0,68,51,13,1,242,111,148,221,241,-5,-8,-5,-1
11205,Metap1,29,10,2,2,44,24,7,3,242,169,208,233,237,-15,-14,-5,-1
11139,Med10,34,16,3,2,34,19,8,4,242,174,207,231,236,0,-3,-5,-2
1676,Atp13a5,11,3,0,0,22,11,5,1,242,209,228,237,241,-11,-8,-5,-1
2021,Bfar,36,18,2,2,42,18,7,2,242,164,206,233,238,-6,0,-5,0
20983,Vmn1r224,42,26,3,1,51,33,8,1,242,149,183,231,240,-9,-7,-5,0
2123,Bpifb2,13,7,0,0,21,16,5,4,242,208,219,237,238,-8,-9,-5,-4
1996,Bcs1l,40,17,2,2,52,28,7,2,242,150,197,233,238,-12,-11,-5,0
11140,Med11,31,14,2,2,55,31,7,3,242,156,197,233,237,-24,-17,-5,-1
10867,Mageb5,2,2,0,0,8,7,5,4,242,232,233,237,238,-6,-5,-5,-4
16552,Rpl38,30,16,4,4,41,22,9,6,242,171,204,229,232,-11,-6,-5,-2
16330,Riox1,37,22,2,1,49,30,7,2,242,156,190,233,239,-12,-8,-5,-1
16626,Rps6kl1,35,14,0,0,48,24,5,0,242,159,204,237,242,-13,-10,-5,0
21125,Vmn2r17,55,24,1,0,46,27,6,5,242,141,191,235,237,9,-3,-5,-5
10835,Mad2l1bp,28,13,3,2,57,39,8,5,242,157,190,231,235,-29,-26,-5,-3
16556,Rpl4,33,15,3,3,36,20,8,3,242,173,207,231,236,-3,-5,-5,0
11342,Mink1,37,19,2,2,42,26,7,1,242,163,197,233,239,-5,-7,-5,1
1703,Atp5g2,35,19,5,3,44,24,10,2,242,163,199,227,237,-9,-5,-5,1
2003,Bean1,42,32,3,0,43,26,8,1,242,157,184,231,241,-1,6,-5,-1
11138,Med1,35,20,4,3,79,38,9,3,242,128,184,229,236,-44,-18,-5,0
11137,Mecr,38,16,2,2,33,23,7,3,242,171,203,233,237,5,-7,-5,-1
2142,Brd3,42,21,3,2,61,30,8,2,242,139,191,231,238,-19,-9,-5,0
10868,Mageb5b,2,2,1,0,9,9,6,3,242,231,231,235,239,-7,-7,-5,-3
2138,Brca2,23,12,1,0,71,41,6,1,242,148,189,235,241,-48,-29,-5,-1
10874,Magee2,42,17,1,0,34,19,6,3,242,166,206,235,239,8,-2,-5,-3
21046,Vmn1r55,37,13,0,0,57,30,5,2,242,148,199,237,240,-20,-17,-5,-2
21129,Vmn2r20,24,9,0,0,51,22,5,0,242,167,211,237,242,-27,-13,-5,0
1664,Atox1,41,25,5,2,36,24,10,7,242,165,193,227,233,5,1,-5,-5
16638,Rraga,29,13,2,2,59,35,7,1,242,154,194,233,239,-30,-22,-5,1
10724,Lst1,59,40,13,4,73,55,18,13,242,110,147,211,225,-14,-15,-5,-9
16322,Rin2,55,22,2,2,70,45,7,3,242,117,175,233,237,-15,-23,-5,-1
11117,Mdfic2,13,8,0,0,35,21,5,0,242,194,213,237,242,-22,-13,-5,0
11119,Mdga2,25,9,3,1,32,19,8,6,242,185,214,231,235,-7,-10,-5,-5
16343,Rit2,24,16,1,0,32,22,6,3,242,186,204,235,239,-8,-6,-5,-3
1666,Atp10b,26,10,1,1,42,31,6,0,242,174,201,235,241,-16,-21,-5,1
16639,Rragb,40,27,5,0,63,38,10,2,242,139,177,227,240,-23,-11,-5,-2
1668,Atp11a,27,20,2,2,67,40,7,2,242,148,182,233,238,-40,-20,-5,0
16538,Rpl3,44,19,6,6,37,31,11,4,242,161,192,225,232,7,-12,-5,2
1848,B4galt2,47,31,0,0,56,29,5,2,242,139,182,237,240,-9,2,-5,-2
11123,Mdk,49,29,6,5,57,36,11,4,242,136,177,225,233,-8,-7,-5,1
10765,Ly6g6f,28,25,5,0,38,31,10,3,242,176,186,227,239,-10,-6,-5,-3
1986,Bcl7c,28,17,4,2,53,29,9,2,242,161,196,229,238,-25,-12,-5,0
16326,Rint1,42,24,4,4,41,22,9,3,242,159,196,229,235,1,2,-5,1
1774,AU021092,52,34,5,1,70,53,10,5,242,120,155,227,236,-18,-19,-5,-4
11347,Mipep,23,13,3,2,52,29,8,1,242,167,200,231,239,-29,-16,-5,1
16614,Rps3a1,39,23,6,5,41,29,11,7,242,162,190,225,230,-2,-6,-5,-2
20988,Vmn1r229,36,20,0,0,35,15,5,2,242,171,207,237,240,1,5,-5,-2
10742,Luc7l2,40,16,2,2,42,21,7,1,242,160,205,233,239,-2,-5,-5,1
1989,Bclaf1,32,15,3,2,57,30,8,3,242,153,197,231,237,-25,-15,-5,-1
10886,Mak,20,10,2,0,64,36,7,3,242,158,196,233,239,-44,-26,-5,-3
10884,Maip1,27,16,2,2,42,27,7,1,242,173,199,233,239,-15,-11,-5,1
2250,Bud13,33,14,2,2,56,29,7,3,242,153,199,233,237,-23,-15,-5,-1
1705,Atp5h,28,16,2,2,40,23,7,3,242,174,203,233,237,-12,-7,-5,-1
11262,Mfsd14a,24,12,4,2,67,41,9,2,242,151,189,229,238,-43,-29,-5,0
16500,Rpap1,27,13,4,3,59,32,9,3,242,156,197,229,236,-32,-19,-5,0
10612,Lrp8,39,27,7,2,72,42,12,2,242,131,173,223,238,-33,-15,-5,0
11459,Morf4l1,36,16,3,2,62,31,8,3,242,144,195,231,237,-26,-15,-5,-1
2295,C2cd5,26,15,3,2,65,37,8,2,242,151,190,231,238,-39,-22,-5,0
2088,Bms1,36,16,2,2,48,28,7,1,242,158,198,233,239,-12,-12,-5,1
10607,Lrp2bp,59,35,5,0,59,41,10,6,242,124,166,227,236,0,-6,-5,-6
10620,Lrrc14b,50,35,4,0,52,37,9,5,242,140,170,229,237,-2,-2,-5,-5
16591,Rps15a,41,22,9,3,47,27,14,6,242,154,193,219,233,-6,-5,-5,-3
11259,Mfsd12,31,13,2,1,61,41,7,5,242,150,188,233,236,-30,-28,-5,-4
11001,Marchf7,17,10,3,2,89,48,8,5,242,136,184,231,235,-72,-38,-5,-3
1591,Asic4,50,28,4,0,44,28,9,6,242,148,186,229,236,6,0,-5,-6
11485,Mpi,28,15,4,3,63,40,9,2,242,151,187,229,237,-35,-25,-5,1
1753,Atpif1,25,12,2,2,51,25,7,5,242,166,205,233,235,-26,-13,-5,-3
16473,Rnps1,40,16,3,2,30,21,8,4,242,172,205,231,236,10,-5,-5,-2
1755,Atr,25,17,3,1,72,38,8,3,242,145,187,231,238,-47,-21,-5,-2
1931,BC035947,43,22,3,2,60,46,8,2,242,139,174,231,238,-17,-24,-5,0
16712,Rtn4ip1,42,25,2,2,58,29,7,1,242,142,188,233,239,-16,-4,-5,1
10983,Mapk9,40,20,4,2,45,23,9,2,242,157,199,229,238,-5,-3,-5,0
11484,Mphosph9,27,11,1,0,64,38,6,1,242,151,193,235,241,-37,-27,-5,-1
11223,Mettl23,44,20,2,2,44,21,7,2,242,154,201,233,238,0,-1,-5,0
10812,Lyzl6,18,17,3,2,17,17,8,5,242,207,208,231,235,1,0,-5,-3
2076,Bmp2k,45,26,5,4,62,34,10,4,242,135,182,227,234,-17,-8,-5,0
10973,Mapk1ip1,24,13,2,2,62,39,7,3,242,156,190,233,237,-38,-26,-5,-1
2308,C87436,48,25,5,2,44,24,10,2,242,150,193,227,238,4,1,-5,0
11481,Mphosph10,39,17,2,2,41,19,7,4,242,162,206,233,236,-2,-2,-5,-2
11475,Mpc1,36,21,2,2,49,25,7,3,242,157,196,233,237,-13,-4,-5,-1
16709,Rtn2,42,24,3,0,53,35,8,2,242,147,183,231,240,-11,-11,-5,-2
1908,Bbs10,51,26,2,0,65,40,7,2,242,126,176,233,240,-14,-14,-5,-2
11018,Maskbp3,36,24,3,1,52,35,8,6,242,154,183,231,235,-16,-11,-5,-5
16505,Rpf1,26,14,2,2,46,23,7,0,242,170,205,233,240,-20,-9,-5,2
11017,Mas1,30,23,10,4,74,49,15,8,242,138,170,217,230,-44,-26,-5,-4
11215,Mettl16,49,26,4,4,30,18,9,2,242,163,198,229,236,19,8,-5,2
2079,Bmp5,48,24,3,0,60,34,8,0,242,134,184,231,242,-12,-10,-5,0
16506,Rpf2,37,19,3,2,57,28,8,0,242,148,195,231,240,-20,-9,-5,2
11266,Mfsd3,40,24,6,0,65,30,11,1,242,137,188,225,241,-25,-6,-5,-1
1750,Atp9b,28,13,2,2,70,30,7,3,242,144,199,233,237,-42,-17,-5,-1
2089,Bmt2,49,29,4,2,43,24,9,2,242,150,189,229,238,6,5,-5,0
10818,Lzts3,34,16,2,2,51,27,7,0,242,157,199,233,240,-17,-11,-5,2
1937,BC049352,36,18,3,0,31,21,8,3,242,175,203,231,239,5,-3,-5,-3
21103,Vmn2r11,33,18,0,0,51,28,5,2,242,158,196,237,240,-18,-10,-5,-2
10638,Lrrc34,39,25,5,0,68,41,10,8,242,135,176,227,234,-29,-16,-5,-8
10996,Marchf2,37,18,5,3,52,29,10,5,242,153,195,227,234,-15,-11,-5,-2
11052,Mblac1,22,8,1,0,79,47,6,0,242,141,187,235,242,-57,-39,-5,0
11270,Mfsd4b5,44,27,3,2,60,38,8,4,242,138,177,231,236,-16,-11,-5,-2
16494,Rp2,34,22,3,2,65,36,8,3,242,143,184,231,237,-31,-14,-5,-1
21030,Vmn1r40,18,10,1,1,30,18,6,0,242,194,214,235,241,-12,-8,-5,1
16401,Rnf139,25,17,3,2,60,37,8,2,242,157,188,231,238,-35,-20,-5,0
16510,Rph3a,30,18,1,0,45,27,6,0,242,167,197,235,242,-15,-9,-5,0
10967,Mapk10,30,11,2,0,62,34,7,1,242,150,197,233,241,-32,-23,-5,-1
1766,Atxn3,31,20,4,2,71,43,9,1,242,140,179,229,239,-40,-23,-5,1
1556,Asb1,46,27,5,1,75,39,10,3,242,121,176,227,238,-29,-12,-5,-2
2265,C1qa,32,25,6,4,31,25,11,6,242,179,192,225,232,1,0,-5,-2
10981,Mapk8ip2,31,20,3,2,29,18,8,4,242,182,204,231,236,2,2,-5,-2
16578,Rpp38,29,18,7,0,78,48,12,5,242,135,176,223,237,-49,-30,-5,-5
2052,Birc6,41,19,3,2,63,38,8,1,242,138,185,231,239,-22,-19,-5,1
11437,Mob3a,46,23,2,1,58,40,7,4,242,138,179,233,237,-12,-17,-5,-3
11231,Mettl6,43,21,3,3,58,33,8,2,242,141,188,231,237,-15,-12,-5,1
1796,AW209491,34,16,2,2,48,33,7,3,242,160,193,233,237,-14,-17,-5,-1
376,9930012K11Rik,46,33,4,0,77,45,10,4,242,119,164,228,238,-31,-12,-6,-4
7217,Gm21943,1,0,0,0,9,9,6,4,242,232,233,236,238,-8,-9,-6,-4
2613,Ccdc173,54,37,5,0,58,38,11,8,242,130,167,226,234,-4,-1,-6,-8
21826,Zfp451,44,20,2,2,49,30,8,3,242,149,192,232,237,-5,-10,-6,-1
13993,Orc5,37,21,5,2,48,26,11,7,242,157,195,226,233,-11,-5,-6,-5
21794,Zfp382,67,40,7,2,63,49,13,6,242,112,153,222,234,4,-9,-6,-4
21879,Zfp593,40,18,2,0,49,25,8,3,242,153,199,232,239,-9,-7,-6,-3
10810,Lyzl1,3,2,1,0,10,9,7,4,242,229,231,234,238,-7,-7,-6,-4
7109,Gm20854,2,1,1,0,12,12,7,4,242,228,229,234,238,-10,-11,-6,-4
13485,Olfr465-ps1,36,18,1,0,32,18,7,2,242,174,206,234,240,4,0,-6,-2
2615,Ccdc175,28,15,3,0,45,16,9,5,242,169,211,230,237,-17,-1,-6,-5
21827,Zfp454,47,27,4,1,63,39,10,6,242,132,176,228,235,-16,-12,-6,-5
15384,Prmt2,60,34,8,2,43,29,14,4,242,139,179,220,236,17,5,-6,-2
20698,Upp2,56,30,8,3,45,32,14,7,242,141,180,220,232,11,-2,-6,-4
16923,Scgb2b21,1,1,0,0,12,10,6,2,242,229,231,236,240,-11,-9,-6,-2
15297,Prelid2,49,28,4,0,56,37,10,6,242,137,177,228,236,-7,-9,-6,-6
2029,Bhlha9,21,14,3,0,48,35,9,3,242,173,193,230,239,-27,-21,-6,-3
10120,Knop1,36,17,2,2,58,28,8,1,242,148,197,232,239,-22,-11,-6,1
14015,Oscp1,31,17,3,1,70,40,9,4,242,141,185,230,237,-39,-23,-6,-3
2058,Blmh,40,19,4,3,51,27,10,5,242,151,196,228,234,-11,-8,-6,-2
7241,Gm2411,6,4,3,1,12,11,9,5,242,224,227,230,236,-6,-7,-6,-4
19430,Tmem126b,51,28,4,2,37,21,10,7,242,154,193,228,233,14,7,-6,-5
7097,Gm20824,0,0,0,0,10,9,6,5,242,232,233,236,237,-10,-9,-6,-5
7270,Gm28079,12,12,6,4,20,18,12,7,242,210,212,224,231,-8,-6,-6,-3
13603,Olfr597,35,18,1,0,33,25,7,1,242,174,199,234,241,2,-7,-6,-1
13640,Olfr635,34,20,0,0,54,30,6,5,242,154,192,236,237,-20,-10,-6,-5
13657,Olfr654,34,16,0,0,39,26,6,4,242,169,200,236,238,-5,-10,-6,-4
19437,Tmem132a,46,20,2,1,38,23,8,1,242,158,199,232,240,8,-3,-6,0
13563,Olfr552,50,18,1,0,52,27,7,3,242,140,197,234,239,-2,-9,-6,-3
21816,Zfp426,43,18,2,2,44,24,8,2,242,155,200,232,238,-1,-6,-6,0
4926,Dtx3,35,19,4,2,50,24,10,3,242,157,199,228,237,-15,-5,-6,-1
18339,Srcap,30,13,2,2,61,40,8,2,242,151,189,232,238,-31,-27,-6,0
467,Abca16,11,7,0,0,19,15,6,4,242,212,220,236,238,-8,-8,-6,-4
2064,Bloc1s5,37,17,5,1,67,37,11,6,242,138,188,226,235,-30,-20,-6,-5
18454,St7,24,13,2,1,45,25,8,4,242,173,204,232,237,-21,-12,-6,-3
7098,Gm20825,2,2,1,1,12,11,7,5,242,228,229,234,236,-10,-9,-6,-4
5082,Edil3,32,11,2,0,69,46,8,2,242,141,185,232,240,-37,-35,-6,-2
14013,Osbpl9,34,17,2,2,43,26,8,1,242,165,199,232,239,-9,-9,-6,1
14011,Osbpl7,29,14,1,0,65,31,7,1,242,148,197,234,241,-36,-17,-6,-1
13684,Olfr682-ps1,2,1,0,0,8,7,6,0,242,232,234,236,242,-6,-6,-6,0
7272,Gm28102,1,1,0,0,8,8,6,3,242,233,233,236,239,-7,-7,-6,-3
10088,Klra8,21,17,4,2,28,22,10,5,242,193,203,228,235,-7,-5,-6,-3
7103,Gm20834,1,0,0,0,9,8,6,5,242,232,234,236,237,-8,-8,-6,-5
19462,Tmem159,50,29,3,2,64,36,9,1,242,128,177,230,239,-14,-7,-6,1
429,AA986860,31,17,4,2,87,51,10,2,242,124,174,228,238,-56,-34,-6,0
7112,Gm20867,5,4,2,1,9,9,8,7,242,228,229,232,234,-4,-5,-6,-6
15356,Prl2c3,25,18,14,6,50,42,20,13,242,167,182,208,223,-25,-24,-6,-7
2590,Ccdc142,47,34,12,2,77,51,18,7,242,118,157,212,233,-30,-17,-6,-5
13762,Olfr77,33,11,1,0,39,21,7,3,242,170,210,234,239,-6,-10,-6,-3
10138,Krit1,36,18,4,3,46,27,10,5,242,160,197,228,234,-10,-9,-6,-2
19473,Tmem17,35,11,1,0,60,37,7,3,242,147,194,234,239,-25,-26,-6,-3
10203,Krtap15,13,13,8,5,19,18,14,8,242,210,211,220,229,-6,-5,-6,-3
7162,Gm21560,32,23,12,1,44,38,18,10,242,166,181,212,231,-12,-15,-6,-9
407,A630023A22Rik,35,29,3,0,51,44,9,5,242,156,169,230,237,-16,-15,-6,-5
18386,Srsf4,31,13,2,2,42,15,8,1,242,169,214,232,239,-11,-2,-6,1
7161,Gm21497,0,0,0,0,9,8,6,4,242,233,234,236,238,-9,-8,-6,-4
19471,Tmem168,29,15,3,2,67,43,9,3,242,146,184,230,237,-38,-28,-6,-1
13894,Olfr930,1,0,0,0,16,15,6,1,242,225,227,236,241,-15,-15,-6,-1
4923,Dtwd2,39,24,1,0,82,53,7,3,242,121,165,234,239,-43,-29,-6,-3
15335,Prkcg,52,25,1,1,57,30,7,0,242,133,187,234,241,-5,-5,-6,1
16572,Rpn2,24,14,2,2,42,21,8,2,242,176,207,232,238,-18,-7,-6,0
399,A4galt,57,37,6,3,77,48,12,6,242,108,157,224,233,-20,-11,-6,-3
7120,Gm20896,1,1,0,0,7,7,6,6,242,234,234,236,236,-6,-6,-6,-6
5019,E230025N22Rik,35,18,0,0,59,34,6,1,242,148,190,236,241,-24,-16,-6,-1
7125,Gm20914,2,1,1,0,10,10,7,4,242,230,231,234,238,-8,-9,-6,-4
7155,Gm21394,3,3,1,0,10,10,7,4,242,229,229,234,238,-7,-7,-6,-4
13798,Olfr808,38,20,1,1,61,39,7,2,242,143,183,234,239,-23,-19,-6,-1
19467,Tmem164,37,20,5,2,75,41,11,4,242,130,181,226,236,-38,-21,-6,-2
13799,Olfr809,21,15,3,0,54,32,9,1,242,167,195,230,241,-33,-17,-6,-1
20714,Urb2,30,9,2,0,67,37,8,3,242,145,196,232,239,-37,-28,-6,-3
7126,Gm20917,3,3,1,1,12,12,7,7,242,227,227,234,234,-9,-9,-6,-6
13873,Olfr905,46,23,0,0,47,28,6,0,242,149,191,236,242,-1,-5,-6,0
13869,Olfr90,45,21,3,1,47,27,9,4,242,150,194,230,237,-2,-6,-6,-3
7145,Gm21209,1,1,1,0,9,9,7,7,242,232,232,234,235,-8,-8,-6,-7
5026,E2f7,43,21,0,0,61,39,6,0,242,138,182,236,242,-18,-18,-6,0
16576,Rpp25l,33,16,2,2,61,34,8,4,242,148,192,232,236,-28,-18,-6,-2
18405,Ssh2,50,31,3,1,65,38,9,4,242,127,173,230,237,-15,-7,-6,-3
15368,Prl7a2,10,6,3,1,18,17,9,4,242,214,219,230,237,-8,-11,-6,-3
19448,Tmem143,47,18,3,2,58,25,9,0,242,137,199,230,240,-11,-7,-6,2
7113,Gm20873,3,2,0,0,9,9,6,0,242,230,231,236,242,-6,-7,-6,0
18364,Srp72,24,17,2,2,49,22,8,1,242,169,203,232,239,-25,-5,-6,1
10216,Krtap22-2,1,1,1,1,7,7,7,6,242,234,234,234,235,-6,-6,-6,-5
16568,Rplp1,45,20,4,4,42,26,10,6,242,155,196,228,232,3,-6,-6,-2
7206,Gm21876,1,0,0,0,11,9,6,4,242,230,233,236,238,-10,-9,-6,-4
19493,Tmem185a,39,22,2,2,51,24,8,3,242,152,196,232,237,-12,-2,-6,-1
10814,Lztfl1,39,21,5,2,69,39,11,1,242,134,182,226,239,-30,-18,-6,1
5064,Ecm2,52,35,5,0,47,31,11,4,242,143,176,226,238,5,4,-6,-4
7203,Gm21865,3,3,3,1,15,13,9,1,242,224,226,230,240,-12,-10,-6,0
18359,Srp19,40,21,4,2,40,22,10,4,242,162,199,228,236,0,-1,-6,-2
19492,Tmem184c,31,17,4,3,46,27,10,8,242,165,198,228,231,-15,-10,-6,-5
5056,Echdc1,33,17,5,4,65,39,11,5,242,144,186,226,233,-32,-22,-6,-1
7136,Gm21095,1,1,1,0,10,10,7,3,242,231,231,234,239,-9,-9,-6,-3
7193,Gm21812,2,1,1,0,10,10,7,4,242,230,231,234,238,-8,-9,-6,-4
20959,Vmn1r202,28,13,2,0,49,26,8,2,242,165,203,232,240,-21,-13,-6,-2
18363,Srp68,23,14,2,2,44,26,8,3,242,175,202,232,237,-21,-12,-6,-1
10128,Kpna7,42,28,6,2,46,32,12,3,242,154,182,224,237,-4,-4,-6,-1
21858,Zfp532,49,27,8,0,64,48,14,6,242,129,167,220,236,-15,-21,-6,-6
13952,Oma1,36,20,3,2,58,34,9,5,242,148,188,230,235,-22,-14,-6,-3
392,A26c3,12,10,2,1,24,22,8,5,242,206,210,232,236,-12,-12,-6,-4
21830,Zfp457,63,36,6,2,68,47,12,5,242,111,159,224,235,-5,-11,-6,-3
18367,Srpk2,32,9,2,2,58,28,8,4,242,152,205,232,236,-26,-19,-6,-2
15373,Prl8a2,4,3,0,0,10,9,6,2,242,228,230,236,240,-6,-6,-6,-2
21831,Zfp458,60,37,8,3,68,52,14,1,242,114,153,220,238,-8,-15,-6,2
7182,Gm21750,45,24,6,5,70,47,12,8,242,127,171,224,229,-25,-23,-6,-3
7181,Gm21748,71,57,32,18,78,64,38,25,242,93,121,172,199,-7,-7,-6,-7
4994,Dynlt2b,37,17,3,2,48,28,9,2,242,157,197,230,238,-11,-11,-6,0
393,A2m,23,12,1,0,28,20,7,1,242,191,210,234,241,-5,-8,-6,-1
10831,Macroh2a1,27,14,3,3,39,27,9,4,242,176,201,230,235,-12,-13,-6,-1
18426,Ssx2ip,37,22,2,2,74,41,8,4,242,131,179,232,236,-37,-19,-6,-2
2578,Ccdc124,30,13,2,2,38,14,8,4,242,174,215,232,236,-8,-1,-6,-2
7175,Gm21719,7,5,0,0,12,10,6,3,242,223,227,236,239,-5,-5,-6,-3
20430,Tubg1,31,14,3,2,47,25,9,4,242,164,203,230,236,-16,-11,-6,-2
4805,Dnttip2,28,11,2,2,37,22,8,3,242,177,209,232,237,-9,-11,-6,-1
13470,Olfr45,32,10,1,0,63,35,7,3,242,147,197,234,239,-31,-25,-6,-3
594,Acly,38,19,3,2,56,28,9,3,242,148,195,230,237,-18,-9,-6,-1
16521,Rpl14,41,22,3,3,39,24,9,4,242,162,196,230,235,2,-2,-6,-1
4617,Diablo,31,11,2,2,51,32,8,0,242,160,199,232,240,-20,-21,-6,2
4610,Dhx37,41,19,3,0,51,28,9,4,242,150,195,230,238,-10,-9,-6,-4
18141,Spag16,26,12,1,0,43,19,7,4,242,173,211,234,238,-17,-7,-6,-4
12946,Olfr118,48,29,1,1,63,33,7,3,242,131,180,234,238,-15,-4,-6,-2
15552,Pskh1,34,19,3,2,80,46,9,6,242,128,177,230,234,-46,-27,-6,-4
4600,Dhtkd1,37,21,2,2,73,31,8,1,242,132,190,232,239,-36,-10,-6,1
21705,Zfp119b,48,24,2,0,57,39,8,3,242,137,179,232,239,-9,-15,-6,-3
18131,Spaca1,37,20,3,0,46,38,9,3,242,159,184,230,239,-9,-18,-6,-3
10946,Map3k4,38,18,2,2,56,31,8,4,242,148,193,232,236,-18,-13,-6,-2
7485,Gm43218,3,3,3,3,12,10,9,6,242,227,229,230,233,-9,-7,-6,-3
1923,BC024978,31,14,4,3,79,48,10,2,242,132,180,228,237,-48,-34,-6,1
12867,Olfr1090,43,23,5,0,66,45,11,3,242,133,174,226,239,-23,-22,-6,-3
21703,Zfp114,46,24,2,2,67,40,8,2,242,129,178,232,238,-21,-16,-6,0
9948,Kif24,26,13,1,0,87,62,7,4,242,129,167,234,238,-61,-49,-6,-4
12828,Olfr1037,5,4,0,0,11,10,6,0,242,226,228,236,242,-6,-6,-6,0
4582,Dhcr24,33,19,2,2,72,41,8,3,242,137,182,232,237,-39,-22,-6,-1
21702,Zfp113,39,14,2,0,71,40,8,3,242,132,188,232,239,-32,-26,-6,-3
9967,Kifbp,35,18,4,4,47,22,10,2,242,160,202,228,236,-12,-4,-6,2
20648,Uhrf1,57,25,5,0,53,37,11,1,242,132,180,226,241,4,-12,-6,-1
7455,Gm39653,32,23,5,0,38,33,11,5,242,172,186,226,237,-6,-10,-6,-5
4638,Dis3l,37,18,3,2,45,25,9,1,242,160,199,230,239,-8,-7,-6,1
20652,Uimc1,47,26,2,2,33,19,8,4,242,162,197,232,236,14,7,-6,-2
19679,Tmtc3,42,22,2,2,68,42,8,5,242,132,178,232,235,-26,-20,-6,-3
579,Accs,41,28,5,3,85,52,11,6,242,116,162,226,233,-44,-24,-6,-3
13032,Olfr127,48,23,0,0,50,34,6,1,242,144,185,236,241,-2,-11,-6,-1
4663,Dlgap3,30,12,1,1,56,34,7,2,242,156,196,234,239,-26,-22,-6,-1
21720,Zfp174,23,11,0,0,63,33,6,1,242,156,198,236,241,-40,-22,-6,-1
4658,Dlg3,37,14,3,2,47,31,9,3,242,158,197,230,237,-10,-17,-6,-1
4655,Dleu7,34,25,7,2,53,41,13,7,242,155,176,222,233,-19,-16,-6,-5
21717,Zfp157,34,14,5,2,71,45,11,5,242,137,183,226,235,-37,-31,-6,-3
584,Ace3,16,5,0,0,20,14,6,4,242,206,223,236,238,-4,-9,-6,-4
7432,Gm37419,28,21,12,8,26,24,18,16,242,188,197,212,218,2,-3,-6,-8
9972,Kin,52,23,3,2,47,32,9,1,242,143,187,230,239,5,-9,-6,1
9971,Kifc5b,42,18,2,0,54,29,8,3,242,146,195,232,239,-12,-11,-6,-3
15538,Psg16,43,17,2,2,38,21,8,3,242,161,204,232,237,5,-4,-6,-1
4639,Dis3l2,25,9,2,2,66,35,8,0,242,151,198,232,240,-41,-26,-6,2
18155,Spata13,42,19,3,2,77,48,9,6,242,123,175,230,234,-35,-29,-6,-4
7445,Gm38394,47,21,2,2,71,50,8,1,242,124,171,232,239,-24,-29,-6,1
4581,Dguok,47,25,4,2,40,27,10,3,242,155,190,228,237,7,-2,-6,-1
15569,Psmb7,32,20,4,4,37,21,10,5,242,173,201,228,233,-5,-1,-6,-1
1921,BC024063,46,24,4,2,68,46,10,4,242,128,172,228,236,-22,-22,-6,-2
2715,Ccl21b,10,9,8,7,18,16,14,12,242,214,217,220,223,-8,-7,-6,-5
19762,Tns4,44,21,1,0,49,32,7,3,242,149,189,234,239,-5,-11,-6,-3
19764,Tob1,48,25,3,2,56,35,9,1,242,138,182,230,239,-8,-10,-6,1
7566,Gm48551,61,33,3,1,70,44,9,2,242,111,165,230,239,-9,-11,-6,-1
18081,Sorbs1,46,27,2,2,78,45,8,4,242,118,170,232,236,-32,-18,-6,-2
4529,Dennd11,23,10,2,0,76,46,8,1,242,143,186,232,241,-53,-36,-6,-1
21674,Zdhhc7,31,16,2,2,50,28,8,3,242,161,198,232,237,-19,-12,-6,-1
12744,Obsl1,56,21,2,0,49,27,8,2,242,137,194,232,240,7,-6,-6,-2
15601,Psmg2,25,16,3,2,49,29,9,4,242,168,197,230,236,-24,-13,-6,-2
20623,Uggt2,29,20,2,0,78,50,8,1,242,135,172,232,241,-49,-30,-6,-1
9926,Kidins220,38,18,2,2,54,28,8,3,242,150,196,232,237,-16,-10,-6,-1
12727,Oat,37,27,5,2,51,30,11,8,242,154,185,226,232,-14,-3,-6,-6
2750,Ccne2,46,26,4,0,64,39,10,4,242,132,177,228,238,-18,-13,-6,-4
12717,Oas1c,48,28,3,1,80,53,9,4,242,114,161,230,237,-32,-25,-6,-3
654,Actl10,43,34,5,2,55,40,11,5,242,144,168,226,235,-12,-6,-6,-3
12710,Nynrin,42,26,5,1,69,49,11,6,242,131,167,226,235,-27,-23,-6,-5
12708,Nyap1,55,27,0,0,47,28,6,3,242,140,187,236,239,8,-1,-6,-3
15613,Ptar1,45,23,3,2,63,37,9,2,242,134,182,230,238,-18,-14,-6,0
9933,Kif16b,24,11,2,2,77,36,8,1,242,141,195,232,239,-53,-25,-6,1
4543,Dennd6b,29,10,2,0,66,35,8,3,242,147,197,232,239,-37,-25,-6,-3
1548,Arxes1,47,27,8,2,70,46,14,8,242,125,169,220,232,-23,-19,-6,-6
7548,Gm47429,14,13,11,1,26,21,17,4,242,202,208,214,237,-12,-8,-6,-3
18113,Sox6,30,20,4,2,57,33,10,4,242,155,189,228,236,-27,-13,-6,-2
21698,Zfp11,38,19,4,1,59,37,10,3,242,145,186,228,238,-21,-18,-6,-2
21697,Zfp109,45,24,6,2,63,47,12,4,242,134,171,224,236,-18,-23,-6,-2
4568,Dgcr6,24,12,3,2,46,31,9,4,242,172,199,230,236,-22,-19,-6,-2
21696,Zfp108,48,30,5,0,60,45,11,5,242,134,167,226,237,-12,-15,-6,-5
4563,Dffb,36,16,2,1,55,36,8,0,242,151,190,232,241,-19,-20,-6,1
12780,Ogg1,30,16,3,2,66,37,9,5,242,146,189,230,235,-36,-21,-6,-3
7527,Gm45711,4,1,0,0,17,16,6,0,242,221,225,236,242,-13,-15,-6,0
10975,Mapk3,28,12,3,2,44,23,9,4,242,170,207,230,236,-16,-11,-6,-2
618,Acp1,31,13,2,2,53,33,8,3,242,158,196,232,237,-22,-20,-6,-1
4560,Deup1,33,24,0,0,60,37,6,1,242,149,181,236,241,-27,-13,-6,-1
12764,Odf3,39,33,3,0,42,32,9,4,242,161,177,230,238,-3,1,-6,-4
7539,Gm45861,13,3,1,0,20,17,7,4,242,209,222,234,238,-7,-14,-6,-4
4557,Desi1,44,22,3,3,45,26,9,3,242,153,194,230,236,-1,-4,-6,0
21014,Vmn1r26,39,20,1,0,56,30,7,3,242,147,192,234,239,-17,-10,-6,-3
21684,Zfand4,41,25,4,0,81,50,10,3,242,120,167,228,239,-40,-25,-6,-3
18092,Sost,24,12,0,0,46,28,6,1,242,172,202,236,241,-22,-16,-6,-1
571,Acat1,36,22,2,2,58,31,8,1,242,148,189,232,239,-22,-9,-6,1
18180,Spata6,46,21,3,2,66,31,9,2,242,130,190,230,238,-20,-10,-6,0
13464,Olfr441,27,16,0,0,37,22,6,0,242,178,204,236,242,-10,-6,-6,0
511,Abcg8,29,14,0,0,43,22,6,4,242,170,206,236,238,-14,-8,-6,-4
7339,Gm3047,4,4,0,0,12,11,6,1,242,226,227,236,241,-8,-7,-6,-1
19567,Tmem265,36,25,17,9,70,45,23,17,242,136,172,202,216,-34,-20,-6,-8
10051,Klhl9,29,13,2,2,58,30,8,2,242,155,199,232,238,-29,-17,-6,0
7342,Gm30737,1,1,1,1,11,11,7,5,242,230,230,234,236,-10,-10,-6,-4
4828,Dolk,39,16,4,2,66,53,10,4,242,137,173,228,236,-27,-37,-6,-2
4815,Dock5,44,16,2,1,51,29,8,1,242,147,197,232,240,-7,-13,-6,0
13335,Olfr271-ps1,2,2,0,0,9,9,6,5,242,231,231,236,237,-7,-7,-6,-5
4808,Doc2g,67,35,5,0,52,37,11,5,242,123,170,226,237,15,-2,-6,-5
7354,Gm3173,27,26,21,14,35,33,27,26,242,180,183,194,202,-8,-7,-6,-12
18181,Spata6l,38,21,9,2,83,57,15,6,242,121,164,218,234,-45,-36,-6,-4
10908,Man2b2,41,18,3,2,52,27,9,6,242,149,197,230,234,-11,-9,-6,-4
4800,Dnmt3l,38,22,3,0,52,35,9,8,242,152,185,230,234,-14,-13,-6,-8
4791,Dnm1,54,31,2,0,63,40,8,2,242,125,171,232,240,-9,-9,-6,-2
4780,Dnali1,38,22,5,3,51,31,11,5,242,153,189,226,234,-13,-9,-6,-2
4779,Dnal4,30,13,4,2,50,36,10,2,242,162,193,228,238,-20,-23,-6,0
13311,Olfr224,57,32,3,1,59,36,9,5,242,126,174,230,236,-2,-4,-6,-4
512,Abhd1,58,40,6,1,61,37,12,2,242,123,165,224,239,-3,3,-6,-1
13283,Olfr19,9,6,0,0,15,9,6,2,242,218,227,236,240,-6,-3,-6,-2
19564,Tmem260,36,19,2,2,69,44,8,4,242,137,179,232,236,-33,-25,-6,-2
21768,Zfp322a,39,19,5,2,66,45,11,1,242,137,178,226,239,-27,-26,-6,1
19558,Tmem255a,29,19,3,1,49,23,9,2,242,164,200,230,239,-20,-4,-6,-1
19550,Tmem248,35,20,3,2,58,30,9,5,242,149,192,230,235,-23,-10,-6,-3
4919,Dtna,54,32,10,2,66,45,16,9,242,122,165,216,231,-12,-13,-6,-7
7293,Gm28729,31,15,4,2,38,25,10,6,242,173,202,228,234,-7,-10,-6,-4
7294,Gm28778,44,39,22,16,42,38,28,19,242,156,165,192,207,2,1,-6,-3
20685,Uox,42,24,6,4,53,38,12,3,242,147,180,224,235,-11,-14,-6,1
7301,Gm28961,1,0,0,0,12,11,6,4,242,229,231,236,238,-11,-11,-6,-4
7303,Gm28998,0,0,0,0,12,10,6,3,242,230,232,236,239,-12,-10,-6,-3
498,Abcd1,22,11,2,2,72,40,8,2,242,148,191,232,238,-50,-29,-6,0
7306,Gm29106,9,3,0,0,56,27,6,2,242,177,212,236,240,-47,-24,-6,-2
504,Abcf2,34,16,2,2,41,23,8,3,242,167,203,232,237,-7,-7,-6,-1
19538,Tmem235,40,23,3,0,44,30,9,4,242,158,189,230,238,-4,-7,-6,-4
4898,Dscam,20,8,1,0,27,21,7,2,242,195,213,234,240,-7,-13,-6,-2
2621,Ccdc182,17,14,2,0,27,27,8,4,242,198,201,232,238,-10,-13,-6,-4
21772,Zfp330,39,18,2,2,36,18,8,3,242,167,206,232,237,3,0,-6,-1
19545,Tmem241,56,37,7,3,77,51,13,7,242,109,154,222,232,-21,-14,-6,-4
21771,Zfp329,30,17,3,0,77,48,9,2,242,135,177,230,240,-47,-31,-6,-2
7331,Gm3012,15,15,9,4,23,22,15,11,242,204,205,218,227,-8,-7,-6,-7
7332,Gm3015,6,6,4,0,16,16,10,9,242,220,220,228,233,-10,-10,-6,-9
16944,Scn2a,36,18,0,0,62,39,6,1,242,144,185,236,241,-26,-21,-6,-1
7379,Gm33815,5,5,1,0,11,10,7,4,242,226,227,234,238,-6,-5,-6,-4
10914,Manf,54,26,3,2,35,18,9,1,242,153,198,230,239,19,8,-6,1
13096,Olfr1336,36,13,1,0,55,25,7,4,242,151,204,234,238,-19,-12,-6,-4
18210,Speer4f1,6,1,0,0,22,20,6,4,242,214,221,236,238,-16,-19,-6,-4
19633,Tmem88b,44,24,1,0,64,38,7,2,242,134,180,234,240,-20,-14,-6,-2
19635,Tmem8b,26,11,1,0,75,45,7,2,242,141,186,234,240,-49,-34,-6,-2
9992,Klf12,53,30,5,2,67,35,11,0,242,122,177,226,240,-14,-5,-6,2
4727,Dnah8,27,14,5,3,48,31,11,5,242,167,197,226,234,-21,-17,-6,-2
18202,Speer1,8,8,4,3,19,19,10,3,242,215,215,228,236,-11,-11,-6,0
4724,Dnah7a,10,4,0,0,25,16,6,4,242,207,222,236,238,-15,-12,-6,-4
13065,Olfr1303,32,14,0,0,42,23,6,0,242,168,205,236,242,-10,-9,-6,0
18198,Spdye4b,31,13,3,0,61,41,9,4,242,150,188,230,238,-30,-28,-6,-4
21736,Zfp239,22,12,1,0,79,57,7,0,242,141,173,234,242,-57,-45,-6,0
4721,Dnah3,20,9,2,0,25,14,8,4,242,197,219,232,238,-5,-5,-6,-4
550,Abtb1,30,15,2,2,75,46,8,2,242,137,181,232,238,-45,-31,-6,0
9987,Klc3,47,22,1,0,64,36,7,2,242,131,184,234,240,-17,-14,-6,-2
13047,Olfr1284,53,36,8,5,63,45,14,10,242,126,161,220,227,-10,-9,-6,-5
4701,Dmtf1,40,19,3,3,54,29,9,4,242,148,194,230,235,-14,-10,-6,-1
7408,Gm3594,10,8,4,4,15,14,10,7,242,217,220,228,231,-5,-6,-6,-3
4689,Dmpk,58,30,2,0,39,25,8,3,242,145,187,232,239,19,5,-6,-3
4740,Dnajb13,56,34,3,0,54,37,9,6,242,132,171,230,236,2,-3,-6,-6
19630,Tmem87a,39,24,4,3,37,25,10,1,242,166,193,228,238,2,-1,-6,2
13275,Olfr177,54,25,2,0,60,37,8,1,242,128,180,232,241,-6,-12,-6,-1
21741,Zfp260,39,22,6,3,59,33,12,2,242,144,187,224,237,-20,-11,-6,1
21754,Zfp280d,34,16,3,2,55,31,9,3,242,153,195,230,237,-21,-15,-6,-1
1977,Bcl2l13,51,25,5,2,59,39,11,6,242,132,178,226,234,-8,-14,-6,-4
15484,Prss21,6,6,1,0,12,11,7,6,242,224,225,234,236,-6,-5,-6,-6
18233,Spin1,42,21,5,2,52,27,11,6,242,148,194,226,234,-10,-6,-6,-4
13264,Olfr165,54,32,6,1,70,46,12,2,242,118,164,224,239,-16,-14,-6,-1
13254,Olfr1555-ps1,53,33,2,1,53,38,8,1,242,136,171,232,240,0,-5,-6,0
523,Abhd17a,22,11,2,2,50,21,8,1,242,170,210,232,239,-28,-10,-6,1
4759,Dnajc18,35,21,6,3,69,39,12,4,242,138,182,224,235,-34,-18,-6,-1
13191,Olfr1445,0,0,0,0,11,10,6,1,242,231,232,236,241,-11,-10,-6,-1
4757,Dnajc16,28,12,2,2,71,44,8,6,242,143,186,232,234,-43,-32,-6,-4
18224,Spg7,18,8,2,2,48,29,8,4,242,176,205,232,236,-30,-21,-6,-2
4755,Dnajc14,30,17,2,2,57,35,8,4,242,155,190,232,236,-27,-18,-6,-2
18222,Spg20,32,19,2,2,59,31,8,5,242,151,192,232,235,-27,-12,-6,-3
4754,Dnajc13,29,13,2,2,60,39,8,2,242,153,190,232,238,-31,-26,-6,0
13140,Olfr1383,49,29,5,0,58,40,11,3,242,135,173,226,239,-9,-11,-6,-3
13131,Olfr1371,15,13,2,0,15,14,8,3,242,212,215,232,239,0,-1,-6,-3
13127,Olfr1368,3,3,0,0,11,10,6,2,242,228,229,236,240,-8,-7,-6,-2
7086,Gm20806,2,1,0,0,12,11,6,6,242,228,230,236,236,-10,-10,-6,-6
5181,Eif1ad18,15,13,10,4,18,18,16,6,242,209,211,216,232,-3,-5,-6,-2
16588,Rps13,32,17,4,3,38,19,10,2,242,172,206,228,237,-6,-2,-6,1
10656,Lrrc51,50,23,4,3,50,36,10,4,242,142,183,228,235,0,-13,-6,-1
18799,Taf15,43,22,2,2,39,23,8,3,242,160,197,232,237,4,-1,-6,-1
20824,Vapb,41,17,2,2,40,23,8,3,242,161,202,232,237,1,-6,-6,-1
18796,Taf11,25,14,2,2,66,31,8,4,242,151,197,232,236,-41,-17,-6,-2
2416,Cand1,32,16,2,2,59,29,8,6,242,151,197,232,234,-27,-13,-6,-4
15015,Polr2b,28,17,2,2,61,37,8,3,242,153,188,232,237,-33,-20,-6,-1
14578,Phc3,40,22,4,2,51,32,10,4,242,151,188,228,236,-11,-10,-6,-2
18791,Tada2a,42,19,2,1,53,31,8,4,242,147,192,232,237,-11,-12,-6,-3
15017,Polr2d,44,19,3,2,45,23,9,6,242,153,200,230,234,-1,-4,-6,-4
16676,Rsph3a,46,26,11,6,63,44,17,6,242,133,172,214,230,-17,-18,-6,0
6384,Galnt11,34,23,6,3,65,43,12,1,242,143,176,224,238,-31,-20,-6,2
10686,Lrriq1,32,22,6,2,46,32,12,4,242,164,188,224,236,-14,-10,-6,-2
18785,Taco1,36,19,4,3,54,25,10,4,242,152,198,228,235,-18,-6,-6,-1
15020,Polr2g,41,22,2,2,36,23,8,2,242,165,197,232,238,5,-1,-6,0
14572,Phactr4,47,24,3,3,46,24,9,5,242,149,194,230,234,1,0,-6,-2
22094,Zfpm2,41,22,0,0,61,34,6,1,242,140,186,236,241,-20,-12,-6,-1
5670,Fam135b,31,16,2,0,38,24,8,5,242,173,202,232,237,-7,-8,-6,-5
10480,Lin7c,26,13,4,2,62,33,10,4,242,154,196,228,236,-36,-20,-6,-2
10688,Lrriq4,28,16,3,1,43,26,9,6,242,171,200,230,235,-15,-10,-6,-5
18777,Tab2,30,16,4,2,55,26,10,5,242,157,200,228,235,-25,-10,-6,-3
14602,Phf7,28,14,5,2,53,29,11,4,242,161,199,226,236,-25,-15,-6,-2
16774,S100g,43,33,25,10,53,44,31,12,242,146,165,186,220,-10,-11,-6,-2
14979,Pogk,35,16,6,2,65,37,12,7,242,142,189,224,233,-30,-21,-6,-5
19120,Tex13b,41,18,2,0,53,36,8,2,242,148,188,232,240,-12,-18,-6,-2
14981,Poglut2,49,29,6,2,58,29,12,3,242,135,184,224,237,-9,0,-6,-1
19102,Tes,45,28,3,2,44,31,9,2,242,153,183,230,238,1,-3,-6,0
14638,Pi4ka,30,16,3,3,51,26,9,3,242,161,200,230,236,-21,-10,-6,0
19105,Tescl,26,18,8,3,52,39,14,6,242,164,185,220,233,-26,-21,-6,-3
6316,Fzd8,31,20,5,0,72,37,11,3,242,139,185,226,239,-41,-17,-6,-3
14986,Polb,44,23,3,2,33,17,9,3,242,165,202,230,237,11,6,-6,-1
6320,G2e3,32,18,2,0,64,36,8,5,242,146,188,232,237,-32,-18,-6,-5
18817,Taf9b,33,19,2,2,77,43,8,2,242,132,180,232,238,-44,-24,-6,0
18816,Taf9,47,34,11,7,62,36,17,8,242,133,172,214,227,-15,-2,-6,-1
2411,Camsap1,45,22,2,1,53,37,8,2,242,144,183,232,239,-8,-15,-6,-1
20894,Vmn1r12,29,9,1,0,53,25,7,4,242,160,208,234,238,-24,-16,-6,-4
22119,Zic5,24,11,3,1,53,38,9,3,242,165,193,230,238,-29,-27,-6,-2
2222,Btbd6,35,22,3,2,68,38,9,1,242,139,182,230,239,-33,-16,-6,1
14994,Pole2,45,24,4,0,59,42,10,7,242,138,176,228,235,-14,-18,-6,-7
10493,Lipi,5,2,0,0,19,14,6,4,242,218,226,236,238,-14,-12,-6,-4
5697,Fam169a,29,9,0,0,52,33,6,1,242,161,200,236,241,-23,-24,-6,-1
6338,Gabbr2,21,11,1,0,40,27,7,0,242,181,204,234,242,-19,-16,-6,0
16773,S100b,46,27,0,0,53,28,6,3,242,143,187,236,239,-7,-1,-6,-3
14997,Polg,53,38,15,6,82,60,21,7,242,107,144,206,229,-29,-22,-6,-1
10700,Lrsam1,44,22,4,2,69,40,10,5,242,129,180,228,235,-25,-18,-6,-3
10468,Limd2,39,17,5,2,83,53,11,5,242,120,172,226,235,-44,-36,-6,-3
10702,Lrtm2,30,14,2,0,69,43,8,4,242,143,185,232,238,-39,-29,-6,-4
15032,Polr3f,35,13,2,2,42,25,8,4,242,165,204,232,236,-7,-12,-6,-2
205,3110021N24Rik,58,36,7,2,72,50,13,2,242,112,156,222,238,-14,-14,-6,0
14505,Pex19,32,17,3,2,64,28,9,4,242,146,197,230,236,-32,-11,-6,-2
217,4921504E06Rik,18,12,3,3,22,12,9,8,242,202,218,230,231,-4,0,-6,-5
220,4921511C20Rik,2,1,0,0,16,13,6,4,242,224,228,236,238,-14,-12,-6,-4
15066,Pou2f1,42,22,9,5,82,54,15,6,242,118,166,218,231,-40,-32,-6,-1
2451,Car14,54,37,6,2,65,46,12,4,242,123,159,224,236,-11,-9,-6,-2
6534,Gfpt1,28,17,2,2,56,35,8,2,242,158,190,232,238,-28,-18,-6,0
19164,Tfcp2,31,19,3,2,55,27,9,3,242,156,196,230,237,-24,-8,-6,-1
6549,Ggh,48,28,3,2,55,33,9,1,242,139,181,230,239,-7,-5,-6,1
22046,Zfp954,44,28,5,2,52,41,11,4,242,146,173,226,236,-8,-13,-6,-2
18727,Synpo2l,39,15,1,0,71,44,7,1,242,132,183,234,241,-32,-29,-6,-1
20793,Utp15,45,23,2,1,43,24,8,3,242,154,195,232,238,2,-1,-6,-2
6552,Ggnbp2,31,15,4,2,52,33,10,4,242,159,194,228,236,-21,-18,-6,-2
14485,Penk,42,27,6,1,67,43,12,2,242,133,172,224,239,-25,-16,-6,-1
16806,Samd4,50,25,0,0,56,28,6,3,242,136,189,236,239,-6,-3,-6,-3
10725,Lta,59,40,12,7,70,48,18,1,242,113,154,212,234,-11,-8,-6,6
14482,Pelo,25,13,2,2,58,30,8,3,242,159,199,232,237,-33,-17,-6,-1
5577,Exosc8,37,18,2,2,54,27,8,5,242,151,197,232,235,-17,-9,-6,-3
10415,Letmd1,39,16,2,2,54,30,8,4,242,149,196,232,236,-15,-14,-6,-2
15051,Pop1,41,19,3,2,57,32,9,3,242,144,191,230,237,-16,-13,-6,-1
20811,V1rd19,3,0,0,0,10,9,6,1,242,229,233,236,241,-7,-9,-6,-1
2433,Capn7,34,19,5,2,53,28,11,3,242,155,195,226,237,-19,-9,-6,-1
15039,Pom121l12,2,2,0,0,10,10,6,4,242,230,230,236,238,-8,-8,-6,-4
19133,Tex26,40,27,6,1,67,44,12,3,242,135,171,224,238,-27,-17,-6,-2
6406,Galt,38,19,2,2,41,22,8,2,242,163,201,232,238,-3,-3,-6,0
6408,Gan,35,12,1,0,64,39,7,2,242,143,191,234,240,-29,-27,-6,-2
6413,Gapdhs,37,21,3,2,52,34,9,6,242,153,187,230,234,-15,-13,-6,-4
6414,Gapt,26,14,1,0,44,29,7,1,242,172,199,234,241,-18,-15,-6,-1
6418,Garem2,38,13,0,0,53,32,6,1,242,151,197,236,241,-15,-19,-6,-1
178,2510009E07Rik,40,26,3,2,60,34,9,0,242,142,182,230,240,-20,-8,-6,2
2179,Bspry,33,18,3,2,54,34,9,3,242,155,190,230,237,-21,-16,-6,-1
19139,Tex33,16,16,1,1,28,19,7,3,242,198,207,234,238,-12,-3,-6,-2
10445,Lhpp,52,27,7,2,59,32,13,8,242,131,183,222,232,-7,-5,-6,-6
20815,Vamp2,37,20,2,2,54,33,8,1,242,151,189,232,239,-17,-13,-6,1
2431,Capn5,53,33,5,3,68,41,11,2,242,121,168,226,237,-15,-8,-6,1
16792,Safb2,36,13,2,2,48,27,8,2,242,158,202,232,238,-12,-14,-6,0
22078,Zfp984,43,22,4,2,72,46,10,6,242,127,174,228,234,-29,-24,-6,-4
6470,Gcc2,39,23,4,2,57,30,10,3,242,146,189,228,237,-18,-7,-6,-1
5649,Fam114a1,52,27,2,0,55,25,8,2,242,135,190,232,240,-3,2,-6,-2
2432,Capn6,44,29,4,0,57,34,10,5,242,141,179,228,237,-13,-5,-6,-5
10714,Lsm4,25,12,2,2,45,20,8,3,242,172,210,232,237,-20,-8,-6,-1
6300,Fxyd5,60,42,5,4,52,32,11,6,242,130,168,226,232,8,10,-6,-2
14977,Pofut1,33,13,2,1,71,39,8,4,242,138,190,232,237,-38,-26,-6,-3
18463,Stab2,51,19,2,0,55,39,8,3,242,136,184,232,239,-4,-20,-6,-3
10556,Loxl4,53,28,2,0,58,29,8,2,242,131,185,232,240,-5,-1,-6,-2
5842,Fastkd5,48,21,4,2,47,27,10,4,242,147,194,228,236,1,-6,-6,-2
18941,Tbk1,40,24,4,2,45,27,10,4,242,157,191,228,236,-5,-3,-6,-2
6002,Fgd2,45,21,4,0,52,28,10,6,242,145,193,228,236,-7,-7,-6,-6
6003,Fgd3,64,38,2,1,47,28,8,2,242,131,176,232,239,17,10,-6,-1
14795,Plac8,64,41,6,4,60,39,12,7,242,118,162,224,231,4,2,-6,-3
14794,Plac1,40,29,4,1,43,34,10,4,242,159,179,228,237,-3,-5,-6,-3
6017,Fgf2,66,35,2,1,50,32,8,3,242,126,175,232,238,16,3,-6,-2
5836,Fasl,52,31,6,4,57,34,12,5,242,133,177,224,233,-5,-3,-6,-1
22188,Zscan4-ps2,8,6,3,2,23,20,9,3,242,211,216,230,237,-15,-14,-6,-1
6020,Fgf22,47,33,5,3,60,42,11,5,242,135,167,226,234,-13,-9,-6,-2
47,1700011M02Rik,15,15,5,0,14,13,11,5,242,213,214,226,237,1,2,-6,-5
2352,Cacng5,19,9,0,0,27,20,6,1,242,196,213,236,241,-8,-11,-6,-1
6024,Fgf5,41,13,1,0,46,25,7,2,242,155,204,234,240,-5,-12,-6,-2
18921,Tbc1d25,32,12,2,1,61,40,8,2,242,149,190,232,239,-29,-28,-6,-1
10552,Loxhd1,7,2,0,0,27,16,6,2,242,208,224,236,240,-20,-14,-6,-2
6036,Fgfrl1,41,20,3,2,60,33,9,3,242,141,189,230,237,-19,-13,-6,-1
10551,Lox,64,32,1,1,44,27,7,1,242,134,183,234,240,20,5,-6,0
18911,Tbc1d16,56,33,9,4,66,44,15,2,242,120,165,218,236,-10,-11,-6,2
6051,Fhod1,31,16,2,1,71,42,8,2,242,140,184,232,239,-40,-26,-6,-1
22191,Zscan4c,11,8,0,0,22,15,6,3,242,209,219,236,239,-11,-7,-6,-3
16,1110059E24Rik,35,18,2,2,61,30,8,2,242,146,194,232,238,-26,-12,-6,0
14647,Pick1,23,11,4,2,55,37,10,3,242,164,194,228,237,-32,-26,-6,-1
5863,Fbrs,35,13,2,2,54,23,8,2,242,153,206,232,238,-19,-10,-6,0
4,0610030E20Rik,33,15,2,2,46,30,8,1,242,163,197,232,239,-13,-15,-6,1
14858,Plekhm1,41,16,2,2,53,29,8,1,242,148,197,232,239,-12,-13,-6,1
14854,Plekhh1,54,26,4,1,66,40,10,3,242,122,176,228,238,-12,-14,-6,-2
14853,Plekhg6,46,26,1,0,71,39,7,3,242,125,177,234,239,-25,-13,-6,-3
18988,Tcerg1l,15,9,0,0,43,27,6,1,242,184,206,236,241,-28,-18,-6,-1
2330,Cacna1a,43,16,1,0,68,43,7,2,242,131,183,234,240,-25,-27,-6,-2
5890,Fbxo22,41,14,2,2,50,24,8,3,242,151,204,232,237,-9,-10,-6,-1
14845,Plekhd1,32,16,5,1,65,31,11,3,242,145,195,226,238,-33,-15,-6,-2
5919,Fbxw10,38,19,0,0,76,37,6,4,242,128,186,236,238,-38,-18,-6,-4
16720,Rtraf,34,18,4,3,44,27,10,4,242,164,197,228,235,-10,-9,-6,-1
18967,Tbxas1,46,28,6,2,63,46,12,2,242,133,168,224,238,-17,-18,-6,0
10604,Lrp12,29,15,2,1,79,46,8,4,242,134,181,232,237,-50,-31,-6,-3
5938,Fbxw5,26,12,2,2,62,33,8,4,242,154,197,232,236,-36,-21,-6,-2
2311,C8g,33,22,4,4,67,39,10,5,242,142,181,228,233,-34,-17,-6,-1
14886,Plpp1,41,19,2,2,75,38,8,1,242,126,185,232,239,-34,-19,-6,1
5866,Fbxl13,48,27,3,0,65,40,9,6,242,129,175,230,236,-17,-13,-6,-6
14,1110051M20Rik,32,20,4,2,70,42,10,5,242,140,180,228,235,-38,-22,-6,-3
19000,Tcf7l1,39,23,2,0,68,27,8,3,242,135,192,232,239,-29,-4,-6,-3
19001,Tcf7l2,46,26,5,2,64,34,11,4,242,132,182,226,236,-18,-8,-6,-2
20873,Vkorc1l1,28,14,2,2,62,37,8,2,242,152,191,232,238,-34,-23,-6,0
65,1700018F24Rik,5,5,2,0,13,13,8,6,242,224,224,232,236,-8,-8,-6,-6
5813,Fam98c,40,23,4,2,51,29,10,4,242,151,190,228,236,-11,-6,-6,-2
14928,Pml,49,32,2,2,50,26,8,2,242,143,184,232,238,-1,6,-6,0
2377,Calhm2,56,29,6,0,63,43,12,5,242,123,170,224,237,-7,-14,-6,-5
105,1700066M21Rik,32,20,3,1,64,45,9,2,242,146,177,230,239,-32,-25,-6,-1
16757,Ryr3,24,5,1,0,27,16,7,1,242,191,221,234,241,-3,-11,-6,-1
6170,Foxf2,44,17,0,0,58,39,6,3,242,140,186,236,239,-14,-22,-6,-3
19073,Tefm,29,12,3,2,81,46,9,5,242,132,184,230,235,-52,-34,-6,-3
18855,Tas1r3,50,23,1,0,63,36,7,5,242,129,183,234,237,-13,-13,-6,-5
5747,Fam219a,24,10,2,1,74,50,8,1,242,144,182,232,240,-50,-40,-6,0
14667,Pigq,35,19,3,2,59,30,9,6,242,148,193,230,234,-24,-11,-6,-4
16694,Rtf1,35,16,2,2,48,23,8,2,242,159,203,232,238,-13,-7,-6,0
14660,Pigh,42,22,3,2,45,23,9,4,242,155,197,230,236,-3,-1,-6,-2
14658,Pigf,46,20,6,2,49,31,12,6,242,147,191,224,234,-3,-11,-6,-4
5744,Fam216b,22,12,2,0,30,18,8,5,242,190,212,232,237,-8,-6,-6,-5
18845,Tapt1,36,21,3,2,50,24,9,1,242,156,197,230,239,-14,-3,-6,1
2383,Calm2,39,20,3,3,60,33,9,7,242,143,189,230,232,-21,-13,-6,-4
6251,Fsip2,2,1,1,0,15,14,7,3,242,225,227,234,239,-13,-13,-6,-3
14654,Piga,38,19,2,2,62,37,8,4,242,142,186,232,236,-24,-18,-6,-2
6255,Fstl3,68,38,3,1,46,28,9,2,242,128,176,230,239,22,10,-6,-1
18835,Tango2,41,21,5,2,53,32,11,6,242,148,189,226,234,-12,-11,-6,-4
14649,Pidd1,46,18,2,1,57,29,8,3,242,139,195,232,238,-11,-11,-6,-2
104,1700066B19Rik,29,11,1,1,61,32,7,2,242,152,199,234,239,-32,-21,-6,-1
5760,Fam234a,41,18,3,2,59,28,9,2,242,142,196,230,238,-18,-10,-6,0
97,1700037H04Rik,25,11,3,2,48,25,9,3,242,169,206,230,237,-23,-14,-6,-1
10619,Lrrc14,30,12,2,2,71,45,8,2,242,141,185,232,238,-41,-33,-6,0
14740,Pja2,27,12,2,2,51,30,8,4,242,164,200,232,236,-24,-18,-6,-2
22167,Zpbp,40,19,1,1,56,26,7,4,242,146,197,234,237,-16,-7,-6,-3
72,1700020L24Rik,56,43,12,4,61,48,18,6,242,125,151,212,232,-5,-5,-6,-2
5805,Fam89a,46,25,2,0,65,38,8,5,242,131,179,232,237,-19,-13,-6,-5
5791,Fam76a,36,13,3,2,77,42,9,2,242,129,187,230,238,-41,-29,-6,0
14729,Pitpnm1,39,21,3,1,51,26,9,3,242,152,195,230,238,-12,-5,-6,-2
6086,Fktn,28,17,3,2,77,40,9,1,242,137,185,230,239,-49,-23,-6,1
14725,Pithd1,48,18,3,3,43,27,9,5,242,151,197,230,234,5,-9,-6,-2
14705,Pin4,35,17,6,4,38,23,12,8,242,169,202,224,230,-3,-6,-6,-4
2266,C1qb,36,22,7,5,40,28,13,4,242,166,192,222,233,-4,-6,-6,1
14703,Pin1,30,14,2,2,39,26,8,4,242,173,202,232,236,-9,-12,-6,-2
18885,Tas2r137,39,34,6,0,36,30,12,4,242,167,178,224,238,3,4,-6,-4
10537,Lmtk3,47,22,1,0,57,25,7,1,242,138,195,234,241,-10,-3,-6,-1
14699,Pim1,62,45,5,3,60,40,11,3,242,120,157,226,236,2,5,-6,0
2288,C2cd2,33,20,2,2,82,49,8,0,242,127,173,232,240,-49,-29,-6,2
6111,Fmn1,35,18,2,2,59,33,8,2,242,148,191,232,238,-24,-15,-6,0
6115,Fmnl3,37,15,2,2,55,23,8,2,242,150,204,232,238,-18,-8,-6,0
2278,C1qtnf5,53,31,8,3,56,36,14,4,242,133,175,220,235,-3,-5,-6,-1
19176,Tfpi,52,35,5,3,58,32,11,3,242,132,175,226,236,-6,3,-6,0
15081,Ppa1,38,20,3,3,36,24,9,6,242,168,198,230,233,2,-4,-6,-3
15082,Ppa2,21,12,2,2,57,38,8,6,242,164,192,232,234,-36,-26,-6,-4
5231,Eif4ebp2,40,22,3,3,69,43,9,4,242,133,177,230,235,-29,-21,-6,-1
18548,Stox1,49,33,8,4,70,45,14,5,242,123,164,220,233,-21,-12,-6,-1
21932,Zfp69,40,22,1,0,62,40,7,2,242,140,180,234,240,-22,-18,-6,-2
2097,Bnip3l,40,24,2,2,33,17,8,3,242,169,201,232,237,7,7,-6,-1
2093,Bnc2,48,32,5,2,71,48,11,4,242,123,162,226,236,-23,-16,-6,-2
10304,Lap3,37,20,2,2,32,19,8,3,242,173,203,232,237,5,1,-6,-1
310,4933405O20Rik,12,8,1,0,15,14,7,4,242,215,220,234,238,-3,-6,-6,-4
20739,Usp17la,62,30,4,1,52,30,10,5,242,128,182,228,236,10,0,-6,-4
6951,Gm15319,34,28,12,7,47,39,18,10,242,161,175,212,225,-13,-11,-6,-3
314,4933412E24Rik,4,2,0,0,13,10,6,4,242,225,230,236,238,-9,-8,-6,-4
14165,Papolg,31,13,2,1,48,33,8,5,242,163,196,232,236,-17,-20,-6,-4
10789,Lypd6,35,24,6,1,46,27,12,5,242,161,191,224,236,-11,-3,-6,-4
14159,Panx2,30,20,9,6,56,34,15,13,242,156,188,218,223,-26,-14,-6,-7
14157,Pank4,22,9,2,2,53,33,8,3,242,167,200,232,237,-31,-24,-6,-1
10793,Lypd9,3,3,1,0,14,12,7,5,242,225,227,234,237,-11,-9,-6,-5
14146,Palm,43,23,3,2,54,34,9,5,242,145,185,230,235,-11,-11,-6,-3
21919,Zfp658,40,25,1,0,65,36,7,3,242,137,181,234,239,-25,-11,-6,-3
14140,Pak5,16,6,1,0,33,20,7,2,242,193,216,234,240,-17,-14,-6,-2
2560,Ccar1,37,20,4,2,41,20,10,3,242,164,202,228,237,-4,0,-6,-1
21914,Zfp651,48,29,2,0,54,30,8,2,242,140,183,232,240,-6,-1,-6,-2
14188,Parp10,36,16,3,2,72,39,9,2,242,134,187,230,238,-36,-23,-6,0
15216,Pqlc3,52,33,6,1,58,35,12,5,242,132,174,224,236,-6,-2,-6,-4
10412,Leprotl1,43,26,2,2,49,24,8,3,242,150,192,232,237,-6,2,-6,-1
5235,Eif4g2,33,20,3,2,39,23,9,4,242,170,199,230,236,-6,-3,-6,-2
2542,Cbr4,40,25,6,3,73,46,12,7,242,129,171,224,232,-33,-21,-6,-4
292,4931417E11Rik,2,2,0,0,10,10,6,4,242,230,230,236,238,-8,-8,-6,-4
5330,Endov,28,10,2,1,65,30,8,4,242,149,202,232,237,-37,-20,-6,-3
14229,Pax6,42,24,6,2,74,53,12,2,242,126,165,224,238,-32,-29,-6,0
5315,Eml6,36,16,3,1,80,51,9,1,242,126,175,230,240,-44,-35,-6,0
10328,Lbhd2,40,30,9,6,51,42,15,3,242,151,170,218,233,-11,-12,-6,3
15198,Ppp4c,33,16,3,3,49,22,9,4,242,160,204,230,235,-16,-6,-6,-1
2544,Cbwd1,33,17,3,2,58,37,9,4,242,151,188,230,236,-25,-20,-6,-2
14221,Patl2,40,19,0,0,38,20,6,0,242,164,203,236,242,2,-1,-6,0
5267,Elmo2,47,26,4,3,45,29,10,5,242,150,187,228,234,2,-3,-6,-2
18565,Strn,39,18,2,1,65,34,8,1,242,138,190,232,240,-26,-16,-6,0
6912,Gm14403,68,41,14,7,58,44,20,6,242,116,157,208,229,10,-3,-6,1
14220,Patl1,52,25,3,2,48,32,9,3,242,142,185,230,237,4,-7,-6,-1
5262,Elk4,34,23,4,2,62,38,10,2,242,146,181,228,238,-28,-15,-6,0
14209,Pate13,21,11,2,0,39,31,8,3,242,182,200,232,239,-18,-20,-6,-3
21936,Zfp7,54,26,3,2,55,35,9,2,242,133,181,230,238,-1,-9,-6,0
307,4933402N22Rik,6,5,2,0,13,12,8,6,242,223,225,232,236,-7,-7,-6,-6
14193,Parp2,38,19,3,2,49,25,9,4,242,155,198,230,236,-11,-6,-6,-2
16606,Rps26,39,19,5,3,40,25,11,4,242,163,198,226,235,-1,-6,-6,-1
19364,Tm9sf1,38,26,3,2,53,28,9,4,242,151,188,230,236,-15,-2,-6,-2
14121,Padi6,34,18,0,0,38,24,6,4,242,170,200,236,238,-4,-6,-6,-4
14116,Pacsin3,51,26,5,2,53,38,11,3,242,138,178,226,237,-2,-12,-6,-1
14114,Pacsin1,36,27,2,0,51,27,8,3,242,155,188,232,239,-15,0,-6,-3
21892,Zfp61,35,21,0,0,70,30,6,2,242,137,191,236,240,-35,-9,-6,-2
5144,Egfl7,29,20,8,5,65,40,14,7,242,148,182,220,230,-36,-20,-6,-2
5124,Efhc1,49,26,2,1,56,27,8,4,242,137,189,232,237,-7,-1,-6,-3
2570,Ccdc113,35,20,2,0,49,36,8,6,242,158,186,232,236,-14,-16,-6,-6
18481,Stard4,35,20,3,2,73,42,9,2,242,134,180,230,238,-38,-22,-6,0
19404,Tmed9,42,18,2,2,44,21,8,3,242,156,203,232,237,-2,-3,-6,-1
18479,Stard3,48,20,2,2,40,23,8,5,242,154,199,232,235,8,-3,-6,-3
21889,Zfp607b,53,29,4,1,46,26,10,3,242,143,187,228,238,7,3,-6,-2
355,9030624G23Rik,40,22,1,0,52,35,7,1,242,150,185,234,241,-12,-13,-6,-1
19409,Tmem102,38,23,6,2,66,41,12,6,242,138,178,224,234,-28,-18,-6,-4
5114,Efcab3,31,24,3,1,29,24,9,5,242,182,194,230,236,2,0,-6,-4
15287,Prdm9,50,22,5,1,42,23,11,5,242,150,197,226,236,8,-1,-6,-4
15290,Prdx3,38,25,6,3,47,32,12,4,242,157,185,224,235,-9,-7,-6,-1
15291,Prdx4,26,15,2,2,51,32,8,5,242,165,195,232,235,-25,-17,-6,-3
10800,Lyrm7,42,21,5,1,57,35,11,5,242,143,186,226,236,-15,-14,-6,-4
2070,Bmf,43,28,5,0,79,46,11,2,242,120,168,226,240,-36,-18,-6,-2
5105,Eefsec,27,15,2,2,62,40,8,2,242,153,187,232,238,-35,-25,-6,0
10257,Kxd1,30,12,2,2,43,26,8,5,242,169,204,232,235,-13,-14,-6,-3
5104,Eef2kmt,24,13,2,2,63,31,8,4,242,155,198,232,236,-39,-18,-6,-2
7044,Gm2042,29,21,6,3,26,24,12,3,242,187,197,224,236,3,-3,-6,0
10799,Lyrm4,35,16,2,2,48,27,8,3,242,159,199,232,237,-13,-11,-6,-1
14060,Ovol1,54,25,4,1,66,43,10,2,242,122,174,228,239,-12,-18,-6,-1
333,5730409E04Rik,35,22,7,1,67,44,13,3,242,140,176,222,238,-32,-22,-6,-2
18522,Stk3,44,19,4,2,44,20,10,4,242,154,203,228,236,0,-1,-6,-2
6983,Gm17174,7,7,4,0,13,13,10,8,242,222,222,228,234,-6,-6,-6,-8
14106,Pabpc5,16,9,0,0,39,28,6,0,242,187,205,236,242,-23,-19,-6,0
14103,Pabpc2,15,1,0,0,18,11,6,4,242,209,230,236,238,-3,-10,-6,-4
6991,Gm17359,36,23,6,1,43,32,12,6,242,163,187,224,235,-7,-9,-6,-5
6999,Gm17472,3,3,3,3,16,15,9,7,242,223,224,230,232,-13,-12,-6,-4
16597,Rps19,45,24,4,4,33,21,10,2,242,164,197,228,236,12,3,-6,2
5186,Eif1ad6,21,16,5,3,51,36,11,8,242,170,190,226,231,-30,-20,-6,-5
14086,P2ry13,26,14,2,0,55,31,8,3,242,161,197,232,239,-29,-17,-6,-3
7039,Gm2026,57,39,25,14,84,65,31,23,242,101,138,186,205,-27,-26,-6,-9
21905,Zfp638,52,27,6,3,51,23,12,8,242,139,192,224,231,1,4,-6,-5
16595,Rps18-ps5,49,30,9,3,44,33,15,13,242,149,179,218,226,5,-3,-6,-10
5180,Eif1ad17,10,8,7,6,15,14,13,10,242,217,220,222,226,-5,-6,-6,-4
5177,Eif1ad14,8,7,6,4,17,15,12,10,242,217,220,224,228,-9,-8,-6,-6
10276,Lage3,38,23,3,3,50,26,9,3,242,154,193,230,236,-12,-3,-6,0
335,5730480H06Rik,29,12,3,1,67,42,9,6,242,146,188,230,235,-38,-30,-6,-5
7037,Gm20075,37,25,8,2,65,39,14,8,242,140,178,220,232,-28,-14,-6,-6
337,5730522E02Rik,42,35,7,2,40,34,13,6,242,160,173,222,234,2,1,-6,-4
15191,Ppp2r5d,43,17,2,2,32,18,8,2,242,167,207,232,238,11,-1,-6,0
16609,Rps27l,39,21,5,4,34,20,11,5,242,169,201,226,233,5,1,-6,-1
6891,Gm14137,44,20,6,2,56,33,12,5,242,142,189,224,235,-12,-13,-6,-3
15136,Ppp1r10,63,34,5,3,66,45,11,7,242,113,163,226,232,-3,-11,-6,-4
14420,Pdha1,41,27,5,2,42,21,11,6,242,159,194,226,234,-1,6,-6,-4
15113,Ppil3,36,17,3,2,65,35,9,4,242,141,190,230,236,-29,-18,-6,-2
19197,Tgif2lx2,0,0,0,0,9,7,6,4,242,233,235,236,238,-9,-7,-6,-4
16625,Rps6kc1,29,16,2,0,64,37,8,5,242,149,189,232,237,-35,-21,-6,-5
15115,Ppil6,45,38,11,6,77,54,17,5,242,120,150,214,231,-32,-16,-6,1
2143,Brd3os,39,23,3,0,42,26,9,1,242,161,193,230,241,-3,-3,-6,-1
5510,Esx1,27,18,3,0,36,24,9,0,242,179,200,230,242,-9,-6,-6,0
22023,Zfp931,47,33,8,4,56,40,14,6,242,139,169,220,232,-9,-7,-6,-2
15120,Ppm1b,28,15,2,2,51,23,8,2,242,163,204,232,238,-23,-8,-6,0
242,4930447F04Rik,5,4,1,0,17,15,7,4,242,220,223,234,238,-12,-11,-6,-4
6686,Gm10135,13,11,9,9,19,18,15,14,242,210,213,218,219,-6,-7,-6,-5
20773,Usp46,38,20,1,1,69,40,7,2,242,135,182,234,239,-31,-20,-6,-1
5470,Ero1a,44,28,7,3,49,28,13,7,242,149,186,222,232,-5,0,-6,-4
6704,Gm10230,12,12,9,4,23,22,15,11,242,207,208,218,227,-11,-10,-6,-7
5463,Erlin2,28,16,2,2,57,36,8,2,242,157,190,232,238,-29,-20,-6,0
6726,Gm10375,10,9,5,2,20,19,11,5,242,212,214,226,235,-10,-10,-6,-3
18652,Surf4,28,12,2,2,43,18,8,1,242,171,212,232,239,-15,-6,-6,1
6727,Gm10376,13,13,9,2,18,17,15,8,242,211,212,218,232,-5,-4,-6,-6
5458,Erich5,51,28,4,0,61,36,10,1,242,130,178,228,241,-10,-8,-6,-1
19196,Tgif2lx1,2,2,0,0,9,8,6,3,242,231,232,236,239,-7,-6,-6,-3
14428,Pdia6,45,26,2,2,41,23,8,0,242,156,193,232,240,4,3,-6,2
241,4930447C04Rik,47,38,10,3,50,36,16,6,242,145,168,216,233,-3,2,-6,-3
16630,Rpsa,37,17,4,4,44,29,10,3,242,161,196,228,235,-7,-12,-6,1
2146,Brd8,22,9,2,2,87,52,8,4,242,133,181,232,236,-65,-43,-6,-2
6591,Git1,36,15,2,2,52,27,8,3,242,154,200,232,237,-16,-12,-6,-1
14464,Pdzk1ip1,47,37,8,3,52,33,14,11,242,143,172,220,228,-5,4,-6,-8
14462,Pdzd9,48,32,7,3,77,54,13,5,242,117,156,222,234,-29,-22,-6,-2
10408,Leo1,32,18,2,2,48,30,8,5,242,162,194,232,235,-16,-12,-6,-3
6604,Gjb5,44,24,1,1,66,40,7,2,242,132,178,234,239,-22,-16,-6,-1
5561,Exoc3l4,43,25,3,1,73,45,9,3,242,126,172,230,238,-30,-20,-6,-2
230,4930404N11Rik,61,41,9,1,75,54,15,8,242,106,147,218,233,-14,-13,-6,-7
22033,Zfp941,27,12,3,0,89,61,9,2,242,126,169,230,240,-62,-49,-6,-2
14430,Pdilt,18,11,2,1,18,13,8,6,242,206,218,232,235,0,-2,-6,-5
16815,Samt1,3,3,1,1,16,13,7,4,242,223,226,234,237,-13,-10,-6,-3
239,4930444P10Rik,50,35,5,0,57,44,11,6,242,135,163,226,236,-7,-9,-6,-6
16629,Rps9,36,12,3,3,34,22,9,4,242,172,208,230,235,2,-10,-6,-1
18694,Sycp1,39,30,8,2,54,40,14,3,242,149,172,220,237,-15,-10,-6,-1
19189,Tgfbr1,34,17,2,2,55,35,8,4,242,153,190,232,236,-21,-18,-6,-2
22031,Zfp94,24,7,0,0,95,55,6,1,242,123,180,236,241,-71,-48,-6,-1
2493,Casp6,44,24,6,2,65,40,12,8,242,133,178,224,232,-21,-16,-6,-6
18690,Syce1l,38,34,10,2,54,50,16,8,242,150,158,216,232,-16,-16,-6,-6
16620,Rps6ka3,36,20,6,2,62,38,12,5,242,144,184,224,235,-26,-18,-6,-3
2127,Bpifb6,15,10,0,0,17,14,6,1,242,210,218,236,241,-2,-4,-6,-1
21950,Zfp729b,33,16,4,2,71,46,10,2,242,138,180,228,238,-38,-30,-6,0
21988,Zfp811,49,28,1,0,52,29,7,0,242,141,185,234,242,-3,-1,-6,0
10359,Lcmt1,33,18,2,2,55,32,8,7,242,154,192,232,233,-22,-14,-6,-5
5396,Ephb4,37,16,4,2,63,40,10,3,242,142,186,228,237,-26,-24,-6,-1
6851,Gm12789,68,51,7,2,71,56,13,5,242,103,135,222,235,-3,-5,-6,-3
18604,Sufu,31,14,2,2,65,42,8,3,242,146,186,232,237,-34,-28,-6,-1
6852,Gm12790,27,23,6,1,32,27,12,9,242,183,192,224,232,-5,-4,-6,-8
15169,Ppp1r3e,43,26,7,1,79,55,13,4,242,120,161,222,237,-36,-29,-6,-3
14263,Pcdh18,41,29,4,1,63,33,10,2,242,138,180,228,239,-22,-4,-6,-1
14260,Pcdh12,33,16,2,0,62,36,8,1,242,147,190,232,241,-29,-20,-6,-1
286,4930596D02Rik,1,0,0,0,12,11,6,3,242,229,231,236,239,-11,-11,-6,-3
18594,Styk1,44,25,5,0,70,49,11,0,242,128,168,226,242,-26,-24,-6,0
21959,Zfp758,55,27,4,2,55,37,10,4,242,132,178,228,236,0,-10,-6,-2
14252,Pcbp2,26,10,4,2,42,26,10,5,242,174,206,228,235,-16,-16,-6,-3
21958,Zfp750,46,26,7,1,76,48,13,2,242,120,168,222,239,-30,-22,-6,-1
16611,Rps28,38,20,7,4,41,28,13,6,242,163,194,222,232,-3,-8,-6,-2
14248,Pcare,8,2,0,0,24,18,6,4,242,210,222,236,238,-16,-16,-6,-4
21955,Zfp746,23,9,2,1,62,37,8,3,242,157,196,232,238,-39,-28,-6,-2
21953,Zfp74,45,24,4,0,46,27,10,3,242,151,191,228,239,-1,-3,-6,-3
18585,Stx7,44,37,6,3,58,33,12,7,242,140,172,224,232,-14,4,-6,-4
20753,Usp27x,45,21,4,1,71,41,10,2,242,126,180,228,239,-26,-20,-6,-1
2116,Bpi,21,11,0,0,24,13,6,4,242,197,218,236,238,-3,-2,-6,-4
6839,Gm12184,59,49,35,23,77,63,41,34,242,106,130,166,185,-18,-14,-6,-11
6825,Gm11639,18,10,1,0,18,9,7,4,242,206,223,234,238,0,1,-6,-4
20768,Usp40,26,12,2,1,67,35,8,2,242,149,195,232,239,-41,-23,-6,-1
18644,Supt3,42,16,2,2,42,27,8,1,242,158,199,232,239,0,-11,-6,1
21986,Zfp81,39,18,3,2,68,47,9,2,242,135,177,230,238,-29,-29,-6,0
15141,Ppp1r13b,29,15,3,2,51,26,9,2,242,162,201,230,238,-22,-11,-6,0
19242,Thoc7,24,14,7,2,55,35,13,5,242,163,193,222,235,-31,-21,-6,-3
15143,Ppp1r14a,53,37,7,2,64,51,13,4,242,125,154,222,236,-11,-14,-6,-2
6758,Gm10772,16,14,11,11,27,26,17,16,242,199,202,214,215,-11,-12,-6,-5
14351,Pcolce2,35,20,0,0,54,32,6,1,242,153,190,236,241,-19,-12,-6,-1
14345,Pcnt,31,11,2,2,61,37,8,2,242,150,194,232,238,-30,-26,-6,0
20767,Usp4,23,8,2,2,58,31,8,1,242,161,203,232,239,-35,-23,-6,1
10363,Lcn12,27,26,6,2,30,25,12,6,242,185,191,224,234,-3,1,-6,-4
10382,Ldha,40,18,6,4,53,34,12,2,242,149,190,224,236,-13,-16,-6,2
14339,Pcm1,33,14,2,2,63,41,8,2,242,146,187,232,238,-30,-27,-6,0
15152,Ppp1r17,25,16,1,1,26,20,7,2,242,191,206,234,239,-1,-4,-6,-1
19255,Thumpd2,39,19,4,0,54,39,10,7,242,149,184,228,235,-15,-20,-6,-7
10759,Ly6g2,25,21,2,2,35,32,8,2,242,182,189,232,238,-10,-11,-6,0
5430,Erc1,28,13,2,2,58,29,8,3,242,156,200,232,237,-30,-16,-6,-1
5426,Erbb2,28,11,2,2,77,52,8,1,242,137,179,232,239,-49,-41,-6,1
6806,Gm1141,42,25,2,0,56,38,8,3,242,144,179,232,239,-14,-13,-6,-3
19779,Tomm5,51,28,3,2,34,20,9,6,242,157,194,230,234,17,8,-6,-4
2694,Ccdc92,46,29,3,1,61,37,9,2,242,135,176,230,239,-15,-8,-6,-1
662,Actn2,43,26,3,0,58,36,9,2,242,141,180,230,240,-15,-10,-6,-2
20192,Triobp,45,20,2,2,41,20,8,6,242,156,202,232,234,4,0,-6,-4
11999,Naip6,33,11,0,0,40,19,6,3,242,169,212,236,239,-7,-8,-6,-3
15998,Rbak,43,18,2,0,54,31,8,3,242,145,193,232,239,-11,-13,-6,-3
1171,Ankrd23,49,31,7,6,61,41,13,2,242,132,170,222,234,-12,-10,-6,4
11990,Naga,43,26,3,3,48,20,9,6,242,151,196,230,233,-5,6,-6,-3
8428,H2bc21,50,28,5,0,76,51,11,1,242,116,163,226,241,-26,-23,-6,-1
1172,Ankrd24,44,22,4,3,40,22,10,4,242,158,198,228,235,4,0,-6,-1
11986,Nadk2,34,18,3,2,46,27,9,2,242,162,197,230,238,-12,-9,-6,0
1175,Ankrd28,31,13,3,2,68,41,9,3,242,143,188,230,237,-37,-28,-6,-1
3438,Cldnd2,34,31,15,2,48,47,21,9,242,160,164,206,231,-14,-16,-6,-7
12047,Nbeal1,47,20,2,2,58,32,8,0,242,137,190,232,240,-11,-12,-6,2
3437,Cldnd1,36,22,4,2,42,24,10,5,242,164,196,228,235,-6,-2,-6,-3
8451,H3c7,71,52,9,2,60,43,15,4,242,111,147,218,236,11,9,-6,-2
21378,Wdr89,47,28,3,3,49,27,9,4,242,146,187,230,235,-2,1,-6,-1
11311,Micos10,36,16,2,2,38,23,8,1,242,168,203,232,239,-2,-7,-6,1
1187,Ankrd40,35,22,5,2,47,26,11,8,242,160,194,226,232,-12,-4,-6,-6
3429,Cldn34c4,3,3,0,0,9,8,6,5,242,230,231,236,237,-6,-5,-6,-5
1188,Ankrd42,35,18,3,1,63,33,9,2,242,144,191,230,239,-28,-15,-6,-1
8492,Hap1,47,26,2,1,65,40,8,2,242,130,176,232,239,-18,-14,-6,-1
3468,Clec4n,51,40,7,2,45,32,13,5,242,146,170,222,235,6,8,-6,-3
8398,H2ac4,61,47,20,13,52,42,26,18,242,129,153,196,211,9,5,-6,-5
12008,Nap1l1,37,20,2,2,44,24,8,2,242,161,198,232,238,-7,-4,-6,0
1727,Atp6v1b1,48,31,8,2,51,33,14,5,242,143,178,220,235,-3,-2,-6,-3
3562,Cnih2,55,30,5,1,57,37,11,4,242,130,175,226,237,-2,-7,-6,-3
21106,Vmn2r112,39,18,2,0,57,33,8,3,242,146,191,232,239,-18,-15,-6,-3
12027,Nat3,17,16,2,0,30,28,8,2,242,195,198,232,240,-13,-12,-6,-2
3553,Cnep1r1,38,20,4,2,54,33,10,6,242,150,189,228,234,-16,-13,-6,-4
17618,Slc2a3,48,24,7,4,53,34,13,6,242,141,184,222,232,-5,-10,-6,-2
9606,Isl2,54,33,2,0,63,44,8,3,242,125,165,232,239,-9,-11,-6,-3
11275,Mfsd8,51,27,7,3,78,47,13,7,242,113,168,222,232,-27,-20,-6,-4
12022,Nasp,36,16,3,3,70,36,9,4,242,136,190,230,235,-34,-20,-6,-1
9600,Isca2,32,18,2,2,45,20,8,3,242,165,204,232,237,-13,-2,-6,-1
20153,Trim39,31,13,3,2,53,33,9,3,242,158,196,230,237,-22,-20,-6,-1
8372,H2-Q10,71,41,5,1,45,27,11,2,242,126,174,226,239,26,14,-6,-1
20157,Trim43a,49,30,4,1,70,47,10,3,242,123,165,228,238,-21,-17,-6,-2
8380,H2-T24,75,48,8,4,60,38,14,3,242,107,156,220,235,15,10,-6,1
17144,Serpina7,24,14,2,0,32,24,8,4,242,186,204,232,238,-8,-10,-6,-4
1734,Atp6v1f,29,17,2,2,39,21,8,4,242,174,204,232,236,-10,-4,-6,-2
3502,Clptm1,23,12,3,2,41,26,9,4,242,178,204,230,236,-18,-14,-6,-2
11282,Mgat2,35,21,3,3,59,31,9,3,242,148,190,230,236,-24,-10,-6,0
20208,Trmt112,29,12,2,2,29,20,8,4,242,184,210,232,236,0,-8,-6,-2
17560,Slc25a27,31,11,1,0,68,42,7,3,242,143,189,234,239,-37,-31,-6,-3
20496,Uap1,45,15,2,2,39,21,8,4,242,158,206,232,236,6,-6,-6,-2
11873,Myh15,12,5,2,0,19,12,8,7,242,211,225,232,235,-7,-7,-6,-7
8550,Hdac3,33,21,2,2,45,27,8,4,242,164,194,232,236,-12,-6,-6,-2
8558,Hddc2,35,23,7,2,53,33,13,10,242,154,186,222,230,-18,-10,-6,-8
17526,Slc22a30,29,7,2,2,47,28,8,2,242,166,207,232,238,-18,-21,-6,0
11864,Myef2,26,15,2,2,64,38,8,3,242,152,189,232,237,-38,-23,-6,-1
8563,Hdgfl3,35,23,2,0,59,30,8,1,242,148,189,232,241,-24,-7,-6,-1
16050,Rbm6,37,15,2,2,46,22,8,5,242,159,205,232,235,-9,-7,-6,-3
3371,CK137956,26,14,1,0,54,29,7,4,242,162,199,234,238,-28,-15,-6,-4
8566,Hdhd5,30,17,4,2,68,41,10,6,242,144,184,228,234,-38,-24,-6,-4
11337,Mindy1,31,12,2,2,68,31,8,4,242,143,199,232,236,-37,-19,-6,-2
11857,Mycbpap,53,30,0,0,39,21,6,4,242,150,191,236,238,14,9,-6,-4
8571,Heatr4,26,15,0,0,34,22,6,4,242,182,205,236,238,-8,-7,-6,-4
17512,Slc22a16,8,2,0,0,18,12,6,4,242,216,228,236,238,-10,-10,-6,-4
3358,Cip2a,38,18,2,0,65,42,8,1,242,139,182,232,241,-27,-24,-6,-1
8582,Hectd4,37,13,2,2,58,34,8,2,242,147,195,232,238,-21,-21,-6,0
21338,Wdr33,39,24,3,3,45,24,9,4,242,158,194,230,235,-6,0,-6,-1
20247,Trpd52l3,6,1,0,0,16,12,6,3,242,220,229,236,239,-10,-11,-6,-3
3343,Cib1,25,13,2,2,41,26,8,6,242,176,203,232,234,-16,-13,-6,-4
21343,Wdr4,30,17,5,4,62,34,11,6,242,150,191,226,232,-32,-17,-6,-2
20233,Trp53rkb,34,13,0,0,57,26,6,1,242,151,203,236,241,-23,-13,-6,-1
16023,Rbm17,40,14,3,2,36,21,9,7,242,166,207,230,233,4,-7,-6,-5
16042,Rbm43,29,18,4,1,72,39,10,3,242,141,185,228,238,-43,-21,-6,-2
20212,Trmt2a,36,16,3,2,52,31,9,4,242,154,195,230,236,-16,-15,-6,-2
1192,Ankrd49,24,8,3,1,79,51,9,2,242,139,183,230,239,-55,-43,-6,-1
16342,Rit1,38,22,3,3,53,25,9,2,242,151,195,230,237,-15,-3,-6,1
1194,Ankrd52,40,17,2,2,52,34,8,5,242,150,191,232,235,-12,-17,-6,-3
8509,Haus5,29,13,3,0,53,36,9,3,242,160,193,230,239,-24,-23,-6,-3
1195,Ankrd53,29,20,2,0,53,37,8,3,242,160,185,232,239,-24,-17,-6,-3
8512,Haus8,56,22,3,0,29,20,9,5,242,157,200,230,237,27,2,-6,-5
20491,U2af1,36,16,3,3,36,23,9,3,242,170,203,230,236,0,-7,-6,0
2996,Cdk7,36,21,2,2,48,23,8,3,242,158,198,232,237,-12,-2,-6,-1
17541,Slc25a1,45,23,3,2,51,26,9,2,242,146,193,230,238,-6,-3,-6,0
8525,Hbp1,45,20,3,3,58,40,9,4,242,139,182,230,235,-13,-20,-6,-1
8527,Hbq1b,35,30,15,5,39,32,21,11,242,168,180,206,226,-4,-2,-6,-6
8530,Hcar1,26,15,2,1,41,26,8,0,242,175,201,232,241,-15,-11,-6,1
11905,Myo16,24,9,0,0,38,20,6,1,242,180,213,236,241,-14,-11,-6,-1
1712,Atp5o,25,13,4,2,38,26,10,2,242,179,203,228,238,-13,-13,-6,0
21116,Vmn2r124,33,11,0,0,54,29,6,2,242,155,202,236,240,-21,-18,-6,-2
11325,Mier2,53,23,4,2,51,38,10,3,242,138,181,228,237,2,-15,-6,-1
12043,Naxe,32,13,3,2,40,27,9,3,242,170,202,230,237,-8,-14,-6,-1
1741,Atp7b,30,19,3,1,51,31,9,1,242,161,192,230,240,-21,-12,-6,0
3339,Ciao2b,35,19,4,4,47,32,10,4,242,160,191,228,234,-12,-13,-6,0
3648,Col20a1,80,46,3,1,52,35,9,3,242,110,161,230,238,28,11,-6,-2
9697,Jakmip2,13,7,3,0,32,18,9,5,242,197,217,230,237,-19,-11,-6,-5
17106,Septin7,39,22,4,2,45,23,10,3,242,158,197,228,237,-6,-1,-6,-1
8148,Grb2,42,24,7,2,61,34,13,6,242,139,184,222,234,-19,-10,-6,-4
21082,Vmn1r88,33,12,0,0,65,33,6,0,242,144,197,236,242,-32,-21,-6,0
2925,Cdc42se2,48,25,4,2,43,23,10,4,242,151,194,228,236,5,2,-6,-2
8167,Grik1,22,10,2,1,29,18,8,2,242,191,214,232,239,-7,-8,-6,-1
8168,Grik2,38,17,3,0,47,27,9,3,242,157,198,230,239,-9,-10,-6,-3
17710,Slc43a3,69,39,9,3,60,41,15,9,242,113,162,218,230,9,-2,-6,-6
12152,Ndufs5,33,16,3,2,38,18,9,5,242,171,208,230,235,-5,-2,-6,-3
8317,Gykl1,10,5,1,0,20,15,7,5,242,212,222,234,237,-10,-10,-6,-5
21457,Wwox,31,13,2,2,49,26,8,4,242,162,203,232,236,-18,-13,-6,-2
21085,Vmn1r90,32,10,0,0,51,28,6,0,242,159,204,236,242,-19,-18,-6,0
1029,Aldoc,43,23,2,2,56,36,8,1,242,143,183,232,239,-13,-13,-6,1
16388,Rnf115,43,26,5,2,46,28,11,2,242,153,188,226,238,-3,-2,-6,0
21453,Wtap,46,21,8,5,66,39,14,7,242,130,182,220,230,-20,-18,-6,-2
1034,Alg13,46,23,2,0,48,33,8,1,242,148,186,232,241,-2,-10,-6,-1
8185,Grk3,21,12,2,0,58,34,8,3,242,163,196,232,239,-37,-22,-6,-3
8186,Grk4,41,23,5,0,59,39,11,4,242,142,180,226,238,-18,-16,-6,-4
11219,Mettl21a,40,17,1,1,56,30,7,2,242,146,195,234,239,-16,-13,-6,-1
17720,Slc46a1,36,25,7,3,74,42,13,3,242,132,175,222,236,-38,-17,-6,0
21075,Vmn1r81,31,14,3,0,60,30,9,3,242,151,198,230,239,-29,-16,-6,-3
20088,Trem1,22,12,0,0,30,17,6,3,242,190,213,236,239,-8,-5,-6,-3
21479,Xlr3a,46,31,3,2,47,27,9,2,242,149,184,230,238,-1,4,-6,0
12202,Nenf,38,25,4,2,51,31,10,4,242,153,186,228,236,-13,-6,-6,-2
1799,AW554918,26,15,4,0,67,37,10,6,242,149,190,228,236,-41,-22,-6,-6
8079,Gpr19,39,23,4,2,75,54,10,5,242,128,165,228,235,-36,-31,-6,-3
12199,Nemf,27,12,2,2,53,32,8,3,242,162,198,232,237,-26,-20,-6,-1
15878,Rad18,41,22,3,0,61,38,9,2,242,140,182,230,240,-20,-16,-6,-2
3706,Copg2,29,14,4,3,52,26,10,6,242,161,202,228,233,-23,-12,-6,-3
12194,Nelfb,36,14,2,2,48,23,8,4,242,158,205,232,236,-12,-9,-6,-2
11206,Metap1d,36,13,3,3,41,22,9,4,242,165,207,230,235,-5,-9,-6,-1
8093,Gpr39,36,21,0,0,55,31,6,3,242,151,190,236,239,-19,-10,-6,-3
8102,Gpr63,50,31,6,3,56,39,12,3,242,136,172,224,236,-6,-8,-6,0
12184,Nek11,49,26,3,0,46,35,9,0,242,147,181,230,242,3,-9,-6,0
8109,Gpr85,50,26,3,0,60,42,9,2,242,132,174,230,240,-10,-16,-6,-2
8124,Gps2,36,20,3,2,39,29,9,5,242,167,193,230,235,-3,-9,-6,-3
11212,Mettl11b,17,11,1,0,26,19,7,2,242,199,212,234,240,-9,-8,-6,-2
8137,Gpx8,50,28,5,2,58,35,11,4,242,134,179,226,236,-8,-7,-6,-2
3666,Col5a3,46,24,1,0,49,19,7,1,242,147,199,234,241,-3,5,-6,-1
11227,Mettl27,34,25,6,2,75,45,12,5,242,133,172,224,235,-41,-20,-6,-3
8200,Grpel2,33,17,2,2,62,42,8,4,242,147,183,232,236,-29,-25,-6,-2
3634,Coil,29,14,2,0,77,50,8,4,242,136,178,232,238,-48,-36,-6,-4
8272,Gtf2i,28,11,2,2,53,31,8,2,242,161,200,232,238,-25,-20,-6,0
1109,Amy2a4,45,23,7,2,54,42,13,4,242,143,177,222,236,-9,-19,-6,-2
1111,Amz1,47,24,5,0,65,42,11,5,242,130,176,226,237,-18,-18,-6,-5
21101,Vmn2r108,39,13,0,0,41,26,6,1,242,162,203,236,241,-2,-13,-6,-1
12071,Nck1,47,19,2,2,50,24,8,2,242,145,199,232,238,-3,-5,-6,0
17650,Slc35b4,24,13,2,2,81,58,8,2,242,137,171,232,238,-57,-45,-6,0
8282,Gtpbp1,27,12,2,2,51,23,8,3,242,164,207,232,237,-24,-11,-6,-1
15961,Rasal1,41,18,3,0,57,34,9,3,242,144,190,230,239,-16,-16,-6,-3
1121,Anapc4,27,16,3,2,52,32,9,2,242,163,194,230,238,-25,-16,-6,0
1125,Ang2,30,26,11,3,42,35,17,7,242,170,181,214,232,-12,-9,-6,-4
17642,Slc35a1,41,22,4,2,56,33,10,2,242,145,187,228,238,-15,-11,-6,0
3572,Cnnm1,38,15,1,0,49,27,7,0,242,155,200,234,242,-11,-12,-6,0
17640,Slc34a2,29,22,6,1,49,33,12,6,242,164,187,224,235,-20,-11,-6,-5
20135,Trim26,41,22,5,2,58,24,11,4,242,143,196,226,236,-17,-2,-6,-2
8297,Gucd1,17,7,4,2,78,43,10,4,242,147,192,228,236,-61,-36,-6,-2
8306,Gucy2g,32,11,2,0,38,20,8,2,242,172,211,232,240,-6,-9,-6,-2
12057,Ncapd3,25,14,2,1,55,34,8,1,242,162,194,232,240,-30,-20,-6,0
12053,Ncam1,36,18,3,1,62,34,9,4,242,144,190,230,237,-26,-16,-6,-3
1103,Ampd3,43,24,5,2,71,47,11,4,242,128,171,226,236,-28,-23,-6,-2
20125,Trim13,36,17,6,2,72,48,12,3,242,134,177,224,237,-36,-31,-6,-1
15918,Ramac,24,10,3,2,55,34,9,4,242,163,198,230,236,-31,-24,-6,-2
15952,Rarg,49,30,3,3,51,33,9,3,242,142,179,230,236,-2,-3,-6,0
1770,Atxn7l3,30,8,2,2,62,33,8,2,242,150,201,232,238,-32,-25,-6,0
12135,Ndufb10,27,13,2,2,47,27,8,5,242,168,202,232,235,-20,-14,-6,-3
11241,Mex3d,47,24,4,1,57,31,10,2,242,138,187,228,239,-10,-7,-6,-1
17684,Slc38a6,40,18,5,2,43,23,11,3,242,159,201,226,237,-3,-5,-6,-1
9672,Itprip,73,39,5,1,48,31,11,6,242,121,172,226,235,25,8,-6,-5
3620,Coa7,36,17,2,1,70,39,8,4,242,136,186,232,237,-34,-22,-6,-3
12118,Ndufa4,42,27,8,3,49,30,14,10,242,151,185,220,229,-7,-3,-6,-7
8246,Gsto1,56,38,7,3,36,25,13,7,242,150,179,222,232,20,13,-6,-4
21433,Wnt3a,18,8,0,0,23,17,6,3,242,201,217,236,239,-5,-9,-6,-3
1751,Atpaf1,26,16,3,2,78,41,9,3,242,138,185,230,237,-52,-25,-6,-1
12102,Ndp,30,21,5,1,61,42,11,2,242,151,179,226,239,-31,-21,-6,-1
9658,Itln1,34,25,5,1,36,31,11,3,242,172,186,226,238,-2,-6,-6,-2
17664,Slc35f5,53,34,4,3,63,39,10,4,242,126,169,228,235,-10,-5,-6,-1
16369,Rnaseh1,36,16,2,1,51,28,8,3,242,155,198,232,238,-15,-12,-6,-2
1099,Amotl1,47,26,2,2,54,32,8,4,242,141,184,232,236,-7,-6,-6,-2
11261,Mfsd13b,60,45,14,4,68,51,20,11,242,114,146,208,227,-8,-6,-6,-7
21421,Wnk1,39,24,6,4,69,37,12,6,242,134,181,224,232,-30,-13,-6,-2
20252,Trpm5,56,34,3,0,44,35,9,0,242,142,173,230,242,12,-1,-6,0
11835,Mx1,64,43,3,1,67,39,9,6,242,111,160,230,235,-3,4,-6,-5
20538,Ube2j2,39,19,3,2,38,22,9,5,242,165,201,230,235,1,-3,-6,-3
21235,Vps33b,30,14,3,1,60,30,9,3,242,152,198,230,238,-30,-16,-6,-2
3082,Cenpl,35,14,2,0,71,44,8,1,242,136,184,232,241,-36,-30,-6,-1
8954,Idh2,35,22,4,2,62,37,10,3,242,145,183,228,237,-27,-15,-6,-1
17337,Shld1,52,37,7,3,66,47,13,2,242,124,158,222,237,-14,-10,-6,1
3083,Cenpm,52,39,10,3,58,46,16,8,242,132,157,216,231,-6,-7,-6,-5
8956,Idh3b,25,15,3,2,41,22,9,4,242,176,205,230,236,-16,-7,-6,-2
3085,Cenpo,34,14,3,0,67,41,9,3,242,141,187,230,239,-33,-27,-6,-3
1437,Arhgef2,36,18,4,4,72,34,10,4,242,134,190,228,234,-36,-16,-6,0
16197,Rfxank,25,9,2,2,55,26,8,3,242,162,207,232,237,-30,-17,-6,-1
9385,Il19,41,35,9,3,44,41,15,3,242,157,166,218,236,-3,-6,-6,0
9446,Immp1l,39,18,3,2,50,30,9,7,242,153,194,230,233,-11,-12,-6,-5
8986,Ifi30,49,30,4,2,45,31,10,1,242,148,181,228,239,4,-1,-6,1
1439,Arhgef26,36,20,1,0,57,40,7,2,242,149,182,234,240,-21,-20,-6,-2
20375,Ttc4,23,14,2,2,69,41,8,3,242,150,187,232,237,-46,-27,-6,-1
20376,Ttc41,49,29,7,1,59,41,13,7,242,134,172,222,234,-10,-12,-6,-6
8997,Ifit3b,64,41,9,2,79,56,15,4,242,99,145,218,236,-15,-15,-6,-2
11605,Mrpl57,20,11,2,2,50,28,8,3,242,172,203,232,237,-30,-17,-6,-1
20381,Ttc8,33,17,3,3,72,40,9,4,242,137,185,230,235,-39,-23,-6,-1
11451,Mon1a,34,14,3,2,43,22,9,4,242,165,206,230,236,-9,-8,-6,-2
20457,Twsg1,49,28,7,2,45,26,13,9,242,148,188,222,231,4,2,-6,-7
8952,Ide,25,13,3,2,59,31,9,0,242,158,198,230,240,-34,-18,-6,2
8943,Ice1,32,15,3,2,62,37,9,0,242,148,190,230,240,-30,-22,-6,2
9423,Il34,52,31,7,2,67,38,13,4,242,123,173,222,236,-15,-7,-6,-2
21258,Vrk3,29,15,2,2,62,33,8,4,242,151,194,232,236,-33,-18,-6,-2
3066,Celf6,38,23,2,0,52,30,8,5,242,152,189,232,237,-14,-7,-6,-5
16168,Rexo1,33,18,2,2,61,31,8,1,242,148,193,232,239,-28,-13,-6,1
20348,Ttc16,50,26,4,0,67,45,10,6,242,125,171,228,236,-17,-19,-6,-6
17363,Siglece,49,28,2,0,71,43,8,3,242,122,171,232,239,-22,-15,-6,-3
1607,Asrgl1,37,10,2,0,44,22,8,2,242,161,210,232,240,-7,-12,-6,-2
17213,Sf3a2,33,17,2,2,57,36,8,4,242,152,189,232,236,-24,-19,-6,-2
11647,Ms4a15,36,21,5,2,54,33,11,4,242,152,188,226,236,-18,-12,-6,-2
8919,Hyal4,2,0,0,0,12,10,6,4,242,228,232,236,238,-10,-10,-6,-4
17357,Siah3,20,13,0,0,26,18,6,1,242,196,211,236,241,-6,-5,-6,-1
9435,Il9,8,6,1,0,10,9,7,3,242,224,227,234,239,-2,-3,-6,-3
17354,Siah1a,32,11,2,2,68,36,8,1,242,142,195,232,239,-36,-25,-6,1
17353,Siae,38,22,3,2,58,35,9,5,242,146,185,230,235,-20,-13,-6,-3
8924,Hykk,39,19,4,2,68,37,10,3,242,135,186,228,237,-29,-18,-6,-1
11638,Mrs2,26,12,3,2,68,36,9,1,242,148,194,230,239,-42,-24,-6,1
1600,Asph,44,25,4,2,53,30,10,2,242,145,187,228,238,-9,-5,-6,0
16181,Rflnb,46,28,4,2,50,34,10,3,242,146,180,228,237,-4,-6,-6,-1
1463,Arih2,40,17,2,2,45,26,8,4,242,157,199,232,236,-5,-9,-6,-2
9032,Ifrd2,30,13,3,3,70,31,9,4,242,142,198,230,235,-40,-18,-6,-1
3162,Ces5a,22,7,1,1,44,21,7,2,242,176,214,234,239,-22,-14,-6,-1
17284,Sh3bgrl,40,27,6,3,55,35,12,4,242,147,180,224,235,-15,-8,-6,-1
3125,Cep78,30,14,1,0,63,36,7,3,242,149,192,234,239,-33,-22,-6,-3
21205,Vmn2r92,38,14,0,0,39,18,6,1,242,165,210,236,241,-1,-4,-6,-1
21203,Vmn2r90,49,24,2,0,63,35,8,2,242,130,183,232,240,-14,-11,-6,-2
17272,Sh2b3,41,17,3,3,62,45,9,1,242,139,180,230,238,-21,-28,-6,2
17270,Sh2b1,37,17,2,2,42,22,8,3,242,163,203,232,237,-5,-5,-6,-1
20412,Tuba1a,40,23,5,2,58,40,11,3,242,144,179,226,237,-18,-17,-6,-1
16266,Rhox11,2,1,1,0,13,13,7,4,242,227,228,234,238,-11,-12,-6,-4
11546,Mrm3,34,14,2,2,56,25,8,5,242,152,203,232,235,-22,-11,-6,-3
21187,Vmn2r76,38,10,0,0,51,23,6,1,242,153,209,236,241,-13,-13,-6,-1
11534,Mrgprb8,1,0,0,0,11,11,6,1,242,230,231,236,241,-10,-11,-6,-1
9257,Igkv3-3,10,8,2,1,13,10,8,7,242,219,224,232,234,-3,-2,-6,-6
11496,Mpp6,29,17,3,2,48,24,9,3,242,165,201,230,237,-19,-7,-6,-1
20419,Tubal3,26,17,1,0,41,25,7,2,242,175,200,234,240,-15,-8,-6,-2
3114,Cep41,34,19,5,1,81,56,11,6,242,127,167,226,235,-47,-37,-6,-5
17247,Sgcd,47,19,1,0,57,34,7,3,242,138,189,234,239,-10,-15,-6,-3
11509,Mpzl1,34,19,4,2,59,36,10,5,242,149,187,228,235,-25,-17,-6,-3
20427,Tubb6,50,30,6,2,55,35,12,1,242,137,177,224,239,-5,-5,-6,1
1505,Armcx5,36,23,5,0,70,39,11,2,242,136,180,226,240,-34,-16,-6,-2
17285,Sh3bgrl2,36,18,2,2,58,37,8,0,242,148,187,232,240,-22,-19,-6,2
16214,Rgs16,72,50,1,0,43,24,7,3,242,127,168,234,239,29,26,-6,-3
20438,Tuft1,43,22,4,3,67,43,10,3,242,132,177,228,236,-24,-21,-6,0
17232,Sft2d1,42,16,3,2,53,22,9,2,242,147,204,230,238,-11,-6,-6,0
11595,Mrpl46,31,14,2,2,58,33,8,4,242,153,195,232,236,-27,-19,-6,-2
9039,Ift43,44,26,6,3,53,39,12,9,242,145,177,224,230,-9,-13,-6,-6
1578,Ascl2,45,25,1,0,38,29,7,2,242,159,188,234,240,7,-4,-6,-2
9041,Ift52,24,13,2,2,55,28,8,6,242,163,201,232,234,-31,-15,-6,-4
11573,Mrpl22,26,13,4,4,60,32,10,5,242,156,197,228,233,-34,-19,-6,-1
9044,Ift80,37,19,5,2,68,41,11,6,242,137,182,226,234,-31,-22,-6,-4
1571,Asb7,25,10,2,1,67,45,8,1,242,150,187,232,240,-42,-35,-6,0
9057,Igf2bp3,35,14,0,0,64,38,6,1,242,143,190,236,241,-29,-24,-6,-1
9096,Ighmbp2,23,9,0,0,68,40,6,0,242,151,193,236,242,-45,-31,-6,0
3096,Cep120,29,18,2,2,47,25,8,2,242,166,199,232,238,-18,-7,-6,0
3136,Cerkl,36,23,5,1,58,39,11,5,242,148,180,226,236,-22,-16,-6,-4
16232,Rhag,54,31,2,0,55,32,8,2,242,133,179,232,240,-1,-1,-6,-2
1568,Asb4,39,17,4,2,55,32,10,5,242,148,193,228,235,-16,-15,-6,-3
16234,Rhbdd2,25,15,2,2,64,40,8,1,242,153,187,232,239,-39,-25,-6,1
17288,Sh3bp2,65,42,5,2,55,35,11,3,242,122,165,226,237,10,7,-6,-1
9340,Igsf9b,46,22,1,0,39,21,7,0,242,157,199,234,242,7,1,-6,0
20347,Ttc14,28,13,2,2,63,34,8,2,242,151,195,232,238,-35,-21,-6,0
17371,Sike1,46,26,4,3,62,34,10,7,242,134,182,228,232,-16,-8,-6,-4
9518,Ints4,33,14,3,3,45,25,9,0,242,164,203,230,239,-12,-11,-6,3
21315,Wbp4,32,17,2,2,61,29,8,1,242,149,196,232,239,-29,-12,-6,1
11775,Mtrf1,33,13,3,2,67,40,9,5,242,142,189,230,235,-34,-27,-6,-3
8667,Hk1,47,23,3,2,49,30,9,6,242,146,189,230,234,-2,-7,-6,-4
8673,Hltf,52,27,3,2,47,21,9,1,242,143,194,230,239,5,6,-6,1
3004,Cdkl5,53,29,7,0,61,34,13,3,242,128,179,222,239,-8,-5,-6,-3
8677,Hmces,41,19,3,2,34,22,9,4,242,167,201,230,236,7,-3,-6,-2
3008,Cdkn2a,51,28,6,1,46,31,12,2,242,145,183,224,239,5,-3,-6,-1
17450,Slc12a4,42,25,2,2,43,26,8,2,242,157,191,232,238,-1,-1,-6,0
8685,Hmgb1,37,19,3,3,48,23,9,3,242,157,200,230,236,-11,-4,-6,0
8690,Hmgcll1,32,20,3,0,54,31,9,0,242,156,191,230,242,-22,-11,-6,0
16162,Retreg3,39,15,2,2,44,25,8,4,242,159,202,232,236,-5,-10,-6,-2
11760,Mtmr2,24,10,2,2,65,29,8,5,242,153,203,232,235,-41,-19,-6,-3
21310,Wbp1,45,19,2,2,45,23,8,5,242,152,200,232,235,0,-4,-6,-3
1259,Ap1s1,35,19,2,2,48,29,8,3,242,159,194,232,237,-13,-10,-6,-1
11363,Mkrn2,25,9,2,0,58,28,8,1,242,159,205,232,241,-33,-19,-6,-1
11748,Mthfs,49,30,10,8,61,43,16,11,242,132,169,216,223,-12,-13,-6,-3
11746,Mthfd2l,40,19,5,3,63,38,11,6,242,139,185,226,233,-23,-19,-6,-3
8700,Hmmr,36,17,2,0,58,38,8,1,242,148,187,232,241,-22,-21,-6,-1
3280,Chmp6,20,9,2,2,74,46,8,2,242,148,187,232,238,-54,-37,-6,0
17466,Slc15a4,56,28,3,2,49,21,9,4,242,137,193,230,236,7,7,-6,-2
8660,Hira,33,16,2,2,47,25,8,4,242,162,201,232,236,-14,-9,-6,-2
20271,Tsc1,33,17,2,2,48,29,8,4,242,161,196,232,236,-15,-12,-6,-2
1221,Ano7,58,37,3,2,47,31,9,3,242,137,174,230,237,11,6,-6,-1
8608,Hes3,41,27,3,1,51,34,9,1,242,150,181,230,240,-10,-7,-6,0
8615,Hexdc,39,18,3,2,58,28,9,4,242,145,196,230,236,-19,-10,-6,-2
16063,Rbp2,37,33,11,3,39,35,17,3,242,166,174,214,236,-2,-2,-6,0
8616,Hexim1,40,22,2,2,70,40,8,1,242,132,180,232,239,-30,-18,-6,1
21330,Wdr20,30,16,5,2,55,35,11,7,242,157,191,226,233,-25,-19,-6,-5
9516,Ints2,48,22,5,2,61,35,11,6,242,133,185,226,234,-13,-13,-6,-4
11819,Mup3,14,11,2,1,24,22,8,2,242,204,209,232,239,-10,-11,-6,-1
8626,Hgh1,34,16,2,0,57,22,8,2,242,151,204,232,240,-23,-6,-6,-2
8627,Hgs,50,26,5,2,33,22,11,3,242,159,194,226,237,17,4,-6,-1
8629,Hhat,31,15,2,0,72,43,8,1,242,139,184,232,241,-41,-28,-6,-1
8636,Hibadh,35,23,3,2,35,23,9,6,242,172,196,230,234,0,0,-6,-4
11803,Mul1,34,14,2,2,65,39,8,3,242,143,189,232,237,-31,-25,-6,-1
11798,Mucl1,1,1,0,0,14,14,6,1,242,227,227,236,241,-13,-13,-6,-1
17480,Slc16a8,39,22,2,1,48,32,8,3,242,155,188,232,238,-9,-10,-6,-2
11789,Muc15,26,14,3,0,44,28,9,4,242,172,200,230,238,-18,-14,-6,-4
21324,Wdr11,27,13,2,2,64,38,8,4,242,151,191,232,236,-37,-25,-6,-2
8642,Hif1an,26,10,2,2,67,41,8,1,242,149,191,232,239,-41,-31,-6,1
8707,Hnf1b,25,18,2,2,66,43,8,3,242,151,181,232,237,-41,-25,-6,-1
8712,Hnrnpa1,37,16,3,3,43,28,9,4,242,162,198,230,235,-6,-12,-6,-1
11376,Mlkl,62,38,2,0,55,30,8,3,242,125,174,232,239,7,8,-6,-3
17204,Setdb1,24,9,2,2,62,31,8,4,242,156,202,232,236,-38,-22,-6,-2
8820,Hs3st4,17,6,0,0,47,21,6,0,242,178,215,236,242,-30,-15,-6,0
11688,Msra,30,18,3,2,57,35,9,3,242,155,189,230,237,-27,-17,-6,-1
1373,Arf3,34,17,2,2,51,30,8,2,242,157,195,232,238,-17,-13,-6,0
3207,Cfhr1,46,27,5,3,55,43,11,2,242,141,172,226,237,-9,-16,-6,1
11677,Msl1,40,21,2,2,67,39,8,2,242,135,182,232,238,-27,-18,-6,0
20337,Tst,41,25,6,2,61,38,12,2,242,140,179,224,238,-20,-13,-6,0
11675,Msi1,50,28,0,0,56,29,6,0,242,136,185,236,242,-6,-1,-6,0
17384,Sirpb1a,24,19,3,0,47,38,9,5,242,171,185,230,237,-23,-19,-6,-5
8850,Hsdl2,45,26,2,2,38,16,8,3,242,159,200,232,237,7,10,-6,-1
8851,Hsf1,38,21,3,3,49,24,9,4,242,155,197,230,235,-11,-3,-6,-1
1377,Arfgap1,20,8,2,2,62,33,8,3,242,160,201,232,237,-42,-25,-6,-1
1378,Arfgap2,18,9,3,2,66,32,9,5,242,158,201,230,235,-48,-23,-6,-3
8857,Hsfy2,6,5,0,0,10,8,6,4,242,226,229,236,238,-4,-3,-6,-4
8862,Hspa12a,28,18,3,3,64,45,9,7,242,150,179,230,232,-36,-27,-6,-4
8864,Hspa13,34,24,5,2,59,38,11,4,242,149,180,226,236,-25,-14,-6,-2
20465,Txndc12,35,17,4,3,37,21,10,6,242,170,204,228,233,-2,-4,-6,-3
17208,Sez6,28,16,1,1,41,29,7,3,242,173,197,234,238,-13,-13,-6,-2
1370,Arel1,40,21,4,2,64,46,10,5,242,138,175,228,235,-24,-25,-6,-3
11425,Mmut,26,17,2,2,61,35,8,2,242,155,190,232,238,-35,-18,-6,0
1287,Apbb1ip,47,16,1,0,67,42,7,2,242,128,184,234,240,-20,-26,-6,-2
3215,Cftr,22,13,2,1,45,25,8,2,242,175,204,232,239,-23,-12,-6,-1
11388,Mmaa,40,19,3,2,47,21,9,2,242,155,202,230,238,-7,-2,-6,0
3044,Ceacam20,36,24,2,1,60,44,8,2,242,146,174,232,239,-24,-20,-6,-1
11391,Mmadhc,33,15,2,2,45,31,8,1,242,164,196,232,239,-12,-16,-6,1
9459,Inafm1,38,19,4,2,63,34,10,3,242,141,189,228,237,-25,-15,-6,-1
8769,Hoxc5,28,16,0,0,50,31,6,1,242,164,195,236,241,-22,-15,-6,-1
3248,Chd8,47,25,5,2,61,34,11,4,242,134,183,226,236,-14,-9,-6,-2
16133,Rela,50,26,2,2,43,19,8,1,242,149,197,232,239,7,7,-6,1
1341,Apon,44,25,7,2,71,47,13,2,242,127,170,222,238,-27,-22,-6,0
1621,Atad5,38,17,0,0,60,26,6,0,242,144,199,236,242,-22,-9,-6,0
17200,Setd4,23,13,6,3,86,51,12,6,242,133,178,224,233,-63,-38,-6,-3
3230,Champ1,28,14,2,1,68,34,8,6,242,146,194,232,235,-40,-20,-6,-5
11706,mt-Nd1,42,28,11,6,71,45,17,7,242,129,169,214,229,-29,-17,-6,-1
21150,Vmn2r4,44,12,0,0,58,28,6,1,242,140,202,236,241,-14,-16,-6,-1
1346,Appl1,34,16,4,1,56,31,10,4,242,152,195,228,237,-22,-15,-6,-3
21275,Vta1,41,24,3,2,49,29,9,4,242,152,189,230,236,-8,-5,-6,-2
1348,Aprt,33,20,3,2,47,27,9,5,242,162,195,230,235,-14,-7,-6,-3
1617,Atad1,22,15,4,2,75,36,10,4,242,145,191,228,236,-53,-21,-6,-2
16406,Rnf145,29,15,2,2,71,34,8,2,242,142,193,232,238,-42,-19,-6,0
8293,Guca1a,51,34,8,3,53,42,14,10,242,138,166,220,229,-2,-8,-6,-7
17854,Slurp1,34,24,7,1,41,30,13,6,242,167,188,222,235,-7,-6,-6,-5
17863,Smad2,35,22,2,2,47,27,8,2,242,160,193,232,238,-12,-5,-6,0
9874,Kctd17,46,26,2,2,68,34,8,2,242,128,182,232,238,-22,-8,-6,0
2791,Cct6b,49,25,4,3,68,43,10,3,242,125,174,228,236,-19,-18,-6,0
12406,Nol11,29,14,2,2,51,30,8,3,242,162,198,232,237,-22,-16,-6,-1
12410,Nol4l,23,11,3,1,85,50,9,2,242,134,181,230,239,-62,-39,-6,-1
12417,Nomo1,30,12,2,2,37,22,8,3,242,175,208,232,237,-7,-10,-6,-1
7846,Gm8765,20,10,0,0,44,32,6,5,242,178,200,236,237,-24,-22,-6,-5
12624,Nudcd1,29,16,3,2,55,38,9,3,242,158,188,230,237,-26,-22,-6,-1
11038,Maz,41,22,3,2,47,24,9,5,242,154,196,230,235,-6,-2,-6,-3
7692,Gm5724,10,3,0,0,19,16,6,2,242,213,223,236,240,-9,-13,-6,-2
15660,Ptms,46,24,3,2,55,27,9,1,242,141,191,230,239,-9,-3,-6,1
3975,Csta2,54,43,25,11,59,54,31,12,242,129,145,186,219,-5,-11,-6,-1
19827,Tpo,14,6,0,0,34,19,6,3,242,194,217,236,239,-20,-13,-6,-3
9870,Kctd13,38,15,3,2,41,23,9,3,242,163,204,230,237,-3,-8,-6,-1
12616,Nub1,37,12,2,2,43,21,8,2,242,162,209,232,238,-6,-9,-6,0
12419,Nop10,28,15,4,4,46,30,10,7,242,168,197,228,231,-18,-15,-6,-3
21633,Zc3hav1l,49,23,0,0,50,34,6,1,242,143,185,236,241,-1,-11,-6,-1
3982,Cstdc5,8,7,1,0,14,13,7,5,242,220,222,234,237,-6,-6,-6,-5
3984,Cstf1,31,23,4,2,52,30,10,2,242,159,189,228,238,-21,-7,-6,0
3985,Cstf2,31,12,3,2,60,35,9,2,242,151,195,230,238,-29,-23,-6,0
16441,Rnf220,18,8,2,2,69,41,8,2,242,155,193,232,238,-51,-33,-6,0
11043,Mbd3,28,11,2,2,43,24,8,3,242,171,207,232,237,-15,-13,-6,-1
2868,Cd55,36,22,4,3,42,29,10,2,242,164,191,228,237,-6,-7,-6,1
19957,Trav13-5,23,21,18,7,33,30,24,13,242,186,191,200,222,-10,-9,-6,-6
12436,Notch4,30,8,2,0,69,40,8,1,242,143,194,232,241,-39,-32,-6,-1
12443,Nox4,38,21,4,3,68,47,10,4,242,136,174,228,235,-30,-26,-6,-1
4000,Ctdp1,33,12,2,2,59,35,8,1,242,150,195,232,239,-26,-23,-6,1
9780,Kcnab3,38,16,0,0,70,35,6,2,242,134,191,236,240,-32,-19,-6,-2
9782,Kcnb2,22,9,0,0,28,17,6,2,242,192,216,236,240,-6,-8,-6,-2
2859,Cd40,52,36,4,1,63,39,10,1,242,127,167,228,240,-11,-3,-6,0
860,Afg3l1,23,11,2,2,46,24,8,3,242,173,207,232,237,-23,-13,-6,-1
7852,Gm8879,11,11,6,2,22,21,12,6,242,209,210,224,234,-11,-10,-6,-4
12609,Ntrk2,59,35,2,0,42,22,8,5,242,141,185,232,237,17,13,-6,-5
2876,Cd69,40,26,6,4,42,34,12,6,242,160,182,224,232,-2,-8,-6,-2
19808,Tpbpa,35,29,13,4,56,49,19,9,242,151,164,210,229,-21,-20,-6,-5
3917,Cryz,44,20,3,2,54,33,9,6,242,144,189,230,234,-10,-13,-6,-4
7890,Gm9789,1,1,0,0,9,8,6,3,242,232,233,236,239,-8,-7,-6,-3
3918,Cryzl1,29,16,4,3,60,29,10,4,242,153,197,228,235,-31,-13,-6,-1
17842,Slitrk1,12,4,0,0,22,13,6,1,242,208,225,236,241,-10,-9,-6,-1
21644,Zcchc3,34,18,1,0,63,43,7,0,242,145,181,234,242,-29,-25,-6,0
3921,Csad,45,22,2,2,54,28,8,2,242,143,192,232,238,-9,-6,-6,0
12377,Nme9,36,22,5,2,51,43,11,3,242,155,177,226,237,-15,-21,-6,-1
9878,Kctd20,43,19,3,2,57,36,9,4,242,142,187,230,236,-14,-17,-6,-2
4401,Ddit4l,53,35,6,2,64,43,12,6,242,125,164,224,234,-11,-8,-6,-4
21533,Yipf4,36,20,2,2,49,29,8,3,242,157,193,232,237,-13,-9,-6,-1
7879,Gm9603,15,12,6,3,26,22,12,7,242,201,208,224,232,-11,-10,-6,-4
4395,Ddhd2,28,14,3,2,76,52,9,3,242,138,176,230,237,-48,-38,-6,-1
3936,Csl,29,11,2,0,51,23,8,4,242,162,208,232,238,-22,-12,-6,-4
686,Acyp2,33,18,5,3,56,34,11,8,242,153,190,226,231,-23,-16,-6,-5
15648,Ptgs1,50,27,6,4,60,33,12,3,242,132,182,224,235,-10,-6,-6,1
21027,Vmn1r38,41,14,1,0,63,30,7,1,242,138,198,234,241,-22,-16,-6,-1
3943,Csn2,11,11,4,1,14,13,10,5,242,217,218,228,236,-3,-2,-6,-4
4375,Dctn2,29,10,2,2,49,26,8,1,242,164,206,232,239,-20,-16,-6,1
3947,Csnk1e,43,20,2,2,47,23,8,3,242,152,199,232,237,-4,-3,-6,-1
3948,Csnk1g1,32,13,4,1,65,37,10,5,242,145,192,228,236,-33,-24,-6,-4
12633,Nudt15,36,12,1,0,63,34,7,0,242,143,196,234,242,-27,-22,-6,0
2320,Cables2,23,12,3,1,70,44,9,3,242,149,186,230,238,-47,-32,-6,-2
12630,Nudt12,39,22,6,3,80,52,12,1,242,123,168,224,238,-41,-30,-6,2
862,Afm,16,9,2,2,31,20,8,1,242,195,213,232,239,-15,-11,-6,1
7854,Gm8890,8,8,4,1,21,18,10,5,242,213,216,228,236,-13,-10,-6,-4
12384,Nmrk2,53,26,4,0,65,41,10,4,242,124,175,228,238,-12,-15,-6,-4
3955,Cspg4,41,22,2,1,56,37,8,1,242,145,183,232,240,-15,-15,-6,0
12395,Nob1,37,18,4,2,44,24,10,5,242,161,200,228,235,-7,-6,-6,-3
4343,Dcaf8,22,7,2,2,62,30,8,0,242,158,205,232,240,-40,-23,-6,2
827,Adprh,37,19,3,1,42,19,9,3,242,163,204,230,238,-5,0,-6,-2
683,Acy1,36,22,2,2,57,32,8,6,242,149,188,232,234,-21,-10,-6,-4
19917,Trak2,50,29,3,2,56,25,9,4,242,136,188,230,236,-6,4,-6,-2
705,Adam24,4,2,0,0,11,9,6,4,242,227,231,236,238,-7,-7,-6,-4
4082,Cwf19l2,22,12,2,2,69,33,8,3,242,151,197,232,237,-47,-21,-6,-1
1868,Bad,30,14,4,2,51,26,10,3,242,161,202,228,237,-21,-12,-6,-1
4098,Cxcl5,64,44,11,8,71,55,17,7,242,107,143,214,227,-7,-11,-6,1
12571,Nsmce1,24,13,2,2,50,30,8,4,242,168,199,232,236,-26,-17,-6,-2
2830,Cd274,44,19,4,1,58,26,10,5,242,140,197,228,236,-14,-7,-6,-4
7802,Gm7995,11,10,9,9,24,23,15,9,242,207,209,218,224,-13,-13,-6,0
7749,Gm6569,13,11,2,0,27,22,8,3,242,202,209,232,239,-14,-11,-6,-3
15694,Ptprj,30,17,2,2,69,40,8,0,242,143,185,232,240,-39,-23,-6,2
20577,Ubqln4,30,13,2,2,42,24,8,3,242,170,205,232,237,-12,-11,-6,-1
17956,Smpdl3a,24,14,3,2,57,39,9,5,242,161,189,230,235,-33,-25,-6,-3
15700,Ptprq,16,5,3,0,49,32,9,4,242,177,205,230,238,-33,-27,-6,-4
711,Adam3,33,23,6,2,35,26,12,3,242,174,193,224,237,-2,-3,-6,-1
21611,Zbtb8os,34,19,2,2,74,44,8,4,242,134,179,232,236,-40,-25,-6,-2
2852,Cd37,40,24,9,5,65,48,15,7,242,137,170,218,230,-25,-24,-6,-2
4242,Cypt3,10,8,5,1,24,21,11,3,242,208,213,226,238,-14,-13,-6,-2
12524,Nr6a1,40,19,0,0,55,32,6,0,242,147,191,236,242,-15,-13,-6,0
15721,Pura,30,17,2,2,60,30,8,2,242,152,195,232,238,-30,-13,-6,0
1875,Bahcc1,38,16,1,0,70,50,7,1,242,134,176,234,241,-32,-34,-6,-1
716,Adam34l,6,3,0,0,12,8,6,4,242,224,231,236,238,-6,-5,-6,-4
4160,Cyp2b19,26,10,0,0,25,19,6,1,242,191,213,236,241,1,-9,-6,-1
17936,Smim7,34,17,3,2,56,29,9,3,242,152,196,230,237,-22,-12,-6,-1
12529,Nrbf2,39,19,3,2,51,34,9,6,242,152,189,230,234,-12,-15,-6,-4
15708,Ptrh2,24,7,2,2,60,35,8,3,242,158,200,232,237,-36,-28,-6,-1
21596,Zbtb41,48,22,6,2,59,40,12,4,242,135,180,224,236,-11,-18,-6,-2
1873,Bag5,29,13,2,2,56,30,8,2,242,157,199,232,238,-27,-17,-6,0
21037,Vmn1r47,43,19,2,1,60,29,8,3,242,139,194,232,238,-17,-10,-6,-2
4202,Cyp39a1,42,15,2,2,69,42,8,2,242,131,185,232,238,-27,-27,-6,0
21597,Zbtb42,59,35,4,2,68,47,10,2,242,115,160,228,238,-9,-12,-6,0
4285,D930048N14Rik,35,17,0,0,67,46,6,2,242,140,179,236,240,-32,-29,-6,-2
20569,Ublcp1,32,18,5,2,67,37,11,2,242,143,187,226,238,-35,-19,-6,0
7828,Gm8246,10,7,0,0,19,15,6,4,242,213,220,236,238,-9,-8,-6,-4
4289,Dab2,42,27,7,3,73,36,13,3,242,127,179,222,236,-31,-9,-6,0
825,Adora3,61,36,7,0,63,42,13,7,242,118,164,222,235,-2,-6,-6,-7
17889,Smc2,42,19,3,0,59,39,9,4,242,141,184,230,238,-17,-20,-6,-4
12605,Ntng1,25,19,2,1,31,25,8,3,242,186,198,232,238,-6,-6,-6,-2
2800,Cd160,45,23,4,0,60,34,10,1,242,137,185,228,241,-15,-11,-6,-1
7715,Gm5935,3,3,1,0,10,10,7,6,242,229,229,234,236,-7,-7,-6,-6
4332,Dcaf11,33,20,3,3,43,32,9,6,242,166,190,230,233,-10,-12,-6,-3
4321,Dbn1,44,24,3,2,61,32,9,3,242,137,186,230,237,-17,-8,-6,-1
17896,Smco2,25,24,1,0,25,22,7,4,242,192,196,234,238,0,2,-6,-4
20587,Ubtd2,37,17,7,1,64,42,13,8,242,141,183,222,233,-27,-25,-6,-7
4314,Dazap1,32,14,4,2,55,27,10,5,242,155,201,228,235,-23,-13,-6,-3
4043,Ctsl,43,29,6,5,46,32,12,3,242,153,181,224,234,-3,-3,-6,2
7722,Gm6034,59,44,5,1,72,55,11,4,242,111,143,226,237,-13,-11,-6,-3
17047,Sele,39,21,1,0,55,27,7,0,242,148,194,234,242,-16,-6,-6,0
9792,Kcne2,42,29,5,1,64,47,11,0,242,136,166,226,241,-22,-18,-6,1
9839,Kcnk7,44,30,4,2,56,41,10,2,242,142,171,228,238,-12,-11,-6,0
4053,Cttnbp2,30,22,5,0,54,38,11,4,242,158,182,226,238,-24,-16,-6,-4
15681,Ptpn4,34,15,5,2,82,47,11,1,242,126,180,226,239,-48,-32,-6,1
15744,Pxdn,37,19,4,3,70,40,10,5,242,135,183,228,234,-33,-21,-6,-2
20582,Ubr3,35,17,2,2,58,31,8,0,242,149,194,232,240,-23,-14,-6,2
796,Adgrg5,39,18,1,0,58,34,7,2,242,145,190,234,240,-19,-16,-6,-2
7729,Gm6176,34,26,3,1,33,24,9,5,242,175,192,230,236,1,2,-6,-4
17043,Seh1l,38,21,2,2,43,24,8,3,242,161,197,232,237,-5,-3,-6,-1
20568,Ubl7,26,18,3,2,44,27,9,2,242,172,197,230,238,-18,-9,-6,0
17971,Smyd2,36,17,2,2,39,21,8,3,242,167,204,232,237,-3,-4,-6,-1
950,Ak6,31,16,5,2,48,26,11,6,242,163,200,226,234,-17,-10,-6,-4
4304,Dap3,25,11,2,2,43,22,8,1,242,174,209,232,239,-18,-11,-6,1
4077,Cwc15,33,14,5,2,34,21,11,6,242,175,207,226,234,-1,-7,-6,-4
12495,Npy5r,26,17,2,1,41,27,8,4,242,175,198,232,237,-15,-10,-6,-3
12502,Nr1d2,45,29,3,2,69,47,9,5,242,128,166,230,235,-24,-18,-6,-3
7892,Gm9833,19,18,12,6,25,23,18,8,242,198,201,212,228,-6,-5,-6,-2
11124,Mdm1,40,24,2,0,65,38,8,2,242,137,180,232,240,-25,-14,-6,-2
21598,Zbtb43,64,38,7,4,46,29,13,8,242,132,175,222,230,18,9,-6,-4
4446,Deaf1,48,20,3,3,45,26,9,3,242,149,196,230,236,3,-6,-6,0
3811,Cpsf4l,45,36,7,3,69,49,13,1,242,128,157,222,238,-24,-13,-6,2
673,Actr8,23,12,2,2,57,30,8,4,242,162,200,232,236,-34,-18,-6,-2
15834,Rab3d,45,25,3,1,58,35,9,3,242,139,182,230,238,-13,-10,-6,-2
885,Ago3,54,22,4,1,55,31,10,5,242,133,189,228,236,-1,-9,-6,-4
19790,Top3b,29,13,3,2,52,26,9,5,242,161,203,230,235,-23,-13,-6,-3
3805,Cpq,48,35,4,2,49,31,10,5,242,145,176,228,235,-1,4,-6,-3
20010,Trav6n-6,6,4,4,2,11,10,10,10,242,225,228,228,230,-5,-6,-6,-8
17778,Slc6a9,60,38,5,5,62,39,11,3,242,120,165,226,234,-2,-1,-6,2
8008,Gpatch3,31,11,2,1,56,42,8,2,242,155,189,232,239,-25,-31,-6,-1
9751,Kat8,55,26,5,2,36,25,11,5,242,151,191,226,235,19,1,-6,-3
4443,Ddx59,26,13,3,2,68,32,9,2,242,148,197,230,238,-42,-19,-6,0
21506,Xrcc5,30,17,2,2,43,24,8,0,242,169,201,232,240,-13,-7,-6,2
4445,Ddx60,48,29,4,2,69,44,10,3,242,125,169,228,237,-21,-15,-6,-1
9894,Kdm2b,36,15,2,2,68,47,8,1,242,138,180,232,239,-32,-32,-6,1
21045,Vmn1r54,13,5,1,0,18,14,7,5,242,211,223,234,237,-5,-9,-6,-5
21663,Zdhhc2,54,36,7,1,63,32,13,6,242,125,174,222,235,-9,4,-6,-5
3887,Crtam,49,30,2,0,44,27,8,5,242,149,185,232,237,5,3,-6,-5
21523,Ybx3,43,23,2,2,39,22,8,4,242,160,197,232,236,4,1,-6,-2
9753,Katnal1,42,21,5,3,63,42,11,3,242,137,179,226,236,-21,-21,-6,0
919,AI429214,45,27,5,1,84,62,11,3,242,113,153,226,238,-39,-35,-6,-2
12344,Nln,33,19,2,2,60,28,8,3,242,149,195,232,237,-27,-9,-6,-1
670,Actr3b,47,28,0,0,67,35,6,3,242,128,179,236,239,-20,-7,-6,-3
11153,Med22,38,19,2,2,55,28,8,3,242,149,195,232,237,-17,-9,-6,-1
12301,Nipal4,37,21,0,0,59,31,6,1,242,146,190,236,241,-22,-10,-6,-1
15826,Rab36,33,19,0,0,80,52,6,1,242,129,171,236,241,-47,-33,-6,-1
12310,Nkain1,37,23,3,1,69,47,9,1,242,136,172,230,240,-32,-24,-6,0
18041,Snx17,40,22,2,2,45,24,8,0,242,157,196,232,240,-5,-2,-6,2
12318,Nkd2,48,26,1,1,55,30,7,1,242,139,186,234,240,-7,-4,-6,0
21049,Vmn1r58,34,11,0,0,50,23,6,4,242,158,208,236,238,-16,-12,-6,-4
16997,Sdhb,25,14,2,2,33,24,8,6,242,184,204,232,234,-8,-10,-6,-4
21515,Yae1d1,42,22,3,2,46,24,9,3,242,154,196,230,237,-4,-2,-6,-1
16420,Rnf170,29,15,4,3,68,39,10,4,242,145,188,228,235,-39,-24,-6,-1
15624,Ptchd4,27,13,1,0,41,22,7,1,242,174,207,234,241,-14,-9,-6,-1
21530,Yipf1,30,16,2,2,47,28,8,6,242,165,198,232,234,-17,-12,-6,-4
3833,Cramp1l,39,21,2,1,59,28,8,3,242,144,193,232,238,-20,-7,-6,-2
11154,Med23,29,14,2,2,57,33,8,5,242,156,195,232,235,-28,-19,-6,-3
4442,Ddx58,38,16,2,2,60,32,8,2,242,144,194,232,238,-22,-16,-6,0
15816,Rab29,35,21,6,4,62,36,12,4,242,145,185,224,234,-27,-15,-6,0
7984,Gorasp2,25,10,2,2,45,26,8,2,242,172,206,232,238,-20,-16,-6,0
12321,Nkiras2,37,19,2,2,55,32,8,4,242,150,191,232,236,-18,-13,-6,-2
20026,Trav8d-2,12,8,6,4,12,12,12,12,242,218,222,224,226,0,-4,-6,-8
3813,Cpsf7,28,13,2,2,52,28,8,4,242,162,201,232,236,-24,-15,-6,-2
3862,Crip1,51,32,12,5,64,39,18,8,242,127,171,212,229,-13,-7,-6,-3
18044,Snx2,42,19,2,2,42,25,8,4,242,158,198,232,236,0,-6,-6,-2
9737,Kansl1l,46,19,5,2,59,34,11,2,242,137,189,226,238,-13,-15,-6,0
12284,Niban3,68,43,5,2,54,33,11,8,242,120,166,226,232,14,10,-6,-6
11163,Med4,36,20,2,2,41,32,8,5,242,165,190,232,235,-5,-12,-6,-3
4424,Ddx39a,25,15,2,2,43,20,8,1,242,174,207,232,239,-18,-5,-6,1
18055,Snx32,39,18,4,1,68,41,10,3,242,135,183,228,238,-29,-23,-6,-2
15860,Rabep2,31,15,2,2,65,31,8,5,242,146,196,232,235,-34,-16,-6,-3
3747,Cox19,33,18,3,2,51,32,9,3,242,158,192,230,237,-18,-14,-6,-1
949,Ak5,38,23,5,1,83,57,11,3,242,121,162,226,238,-45,-34,-6,-2
7914,Gmps,38,16,2,2,44,29,8,3,242,160,197,232,237,-6,-13,-6,-1
18026,Sntg1,23,10,1,0,33,24,7,4,242,186,208,234,238,-10,-14,-6,-4
2909,Cdc27,22,13,4,2,62,32,10,2,242,158,197,228,238,-40,-19,-6,0
11133,Meaf6,33,20,5,2,64,33,11,2,242,145,189,226,238,-31,-13,-6,0
12238,Nfe2,55,36,6,2,67,40,12,2,242,120,166,224,238,-12,-4,-6,0
17761,Slc6a13,44,23,4,3,38,28,10,3,242,160,191,228,236,6,-5,-6,0
11020,Masp2,73,53,16,4,71,47,22,11,242,98,142,204,227,2,6,-6,-7
16413,Rnf157,32,17,0,0,61,34,6,0,242,149,191,236,242,-29,-17,-6,0
2885,Cd82,36,23,5,2,54,30,11,9,242,152,189,226,231,-18,-7,-6,-7
7916,Gna12,45,22,2,2,54,24,8,1,242,143,196,232,239,-9,-2,-6,1
1910,Bbs2,28,12,2,1,54,27,8,4,242,160,203,232,237,-26,-15,-6,-3
4417,Ddx21,32,12,2,2,47,23,8,2,242,163,207,232,238,-15,-11,-6,0
19784,Tonsl,44,20,1,0,58,29,7,3,242,140,193,234,239,-14,-9,-6,-3
16408,Rnf148,20,12,1,0,28,21,7,3,242,194,209,234,239,-8,-9,-6,-3
12352,Nlrp1b,26,14,1,0,38,27,7,4,242,178,201,234,238,-12,-13,-6,-4
11014,Marveld1,46,26,6,2,71,43,12,2,242,125,173,224,238,-25,-17,-6,0
4449,Dedd,44,19,3,2,59,35,9,6,242,139,188,230,234,-15,-16,-6,-4
19993,Trav4d-3,8,8,6,5,16,13,12,11,242,218,221,224,226,-8,-5,-6,-6
880,Agl,40,20,2,2,41,28,8,3,242,161,194,232,237,-1,-8,-6,-1
929,Aif1,57,41,14,5,59,43,20,7,242,126,158,208,230,-2,-2,-6,-2
15803,Rab19,43,26,4,0,82,51,10,2,242,117,165,228,240,-39,-25,-6,-2
19988,Trav3-4,3,3,0,0,10,9,6,2,242,229,230,236,240,-7,-6,-6,-2
3266,Chit1,28,14,4,3,41,29,11,6,242,173,199,227,233,-13,-15,-7,-3
129,1810020O05Rik,44,24,3,0,48,29,10,5,242,150,189,229,237,-4,-5,-7,-5
5891,Fbxo24,45,20,3,1,57,34,10,5,242,140,188,229,236,-12,-14,-7,-4
21198,Vmn2r86,38,15,2,1,44,25,9,4,242,160,202,231,237,-6,-10,-7,-3
1307,Aplp2,37,20,3,3,48,26,10,4,242,157,196,229,235,-11,-6,-7,-1
1613,Asxl1,17,8,2,2,76,48,9,3,242,149,186,231,237,-59,-40,-7,-1
19138,Tex30,48,21,6,3,62,31,13,7,242,132,190,223,232,-14,-10,-7,-4
21200,Vmn2r88,37,14,2,0,52,33,9,1,242,153,195,231,241,-15,-19,-7,-1
3196,Cfap77,49,27,3,1,65,38,10,4,242,128,177,229,237,-16,-11,-7,-3
19668,Tmprss6,49,32,6,3,50,34,13,6,242,143,176,223,233,-1,-2,-7,-3
4620,Diaph3,43,27,1,0,68,53,8,5,242,131,162,233,237,-25,-26,-7,-5
3109,Cep250,30,17,3,2,70,41,10,2,242,142,184,229,238,-40,-24,-7,0
591,Ackr2,43,29,8,2,50,32,15,9,242,149,181,219,231,-7,-3,-7,-7
3193,Cfap70,40,24,1,0,52,29,8,5,242,150,189,233,237,-12,-5,-7,-5
1663,Atoh8,78,50,6,0,57,41,13,2,242,107,151,223,240,21,9,-7,-2
1939,BC049762,77,61,15,5,54,44,22,6,242,111,137,205,231,23,17,-7,-1
21630,Zc3h7b,40,22,5,2,49,28,12,3,242,153,192,225,237,-9,-6,-7,-1
1512,Arnt,32,13,2,2,49,29,9,2,242,161,200,231,238,-17,-16,-7,0
3257,Chia1,25,15,0,0,45,30,7,4,242,172,197,235,238,-20,-15,-7,-4
3201,Cfap99,35,19,2,0,55,33,9,6,242,152,190,231,236,-20,-14,-7,-6
701,Adam20,5,2,0,0,12,9,7,4,242,225,231,235,238,-7,-7,-7,-4
3113,Cep350,40,20,2,1,65,36,9,2,242,137,186,231,239,-25,-16,-7,-1
19778,Tomm40l,44,28,5,4,60,32,12,4,242,138,182,225,234,-16,-4,-7,0
1349,Aptx,36,19,3,3,45,28,10,4,242,161,195,229,235,-9,-9,-7,-1
1880,Baiap3,40,24,6,0,75,51,13,4,242,127,167,223,238,-35,-27,-7,-4
5888,Fbxo2,60,39,9,0,62,41,16,4,242,120,162,217,238,-2,-2,-7,-4
1360,Aqp9,42,24,5,2,51,34,12,4,242,149,184,225,236,-9,-10,-7,-2
21665,Zdhhc21,37,19,4,2,59,35,11,3,242,146,188,227,237,-22,-16,-7,-1
4284,D930020B18Rik,42,17,2,0,53,28,9,8,242,147,197,231,234,-11,-11,-7,-8
5669,Fam135a,27,14,3,2,71,42,10,3,242,144,186,229,237,-44,-28,-7,-1
19720,Tnfsf13,53,37,8,3,59,46,15,6,242,130,159,219,233,-6,-9,-7,-3
20865,Vinac1,35,19,3,1,57,33,10,5,242,150,190,229,236,-22,-14,-7,-4
20432,Tubgcp2,29,16,2,2,57,31,9,4,242,156,195,231,236,-28,-15,-7,-2
4640,Disc1,48,24,1,0,54,28,8,2,242,140,190,233,240,-6,-4,-7,-2
2312,C9,45,33,6,1,35,29,13,2,242,162,180,223,239,10,4,-7,-1
576,Acbd5,35,21,3,2,46,22,10,6,242,161,199,229,234,-11,-1,-7,-4
3062,Celf2,43,26,3,0,71,47,10,3,242,128,169,229,239,-28,-21,-7,-3
21609,Zbtb8a,32,15,2,0,59,38,9,2,242,151,189,231,240,-27,-23,-7,-2
20863,Vill,44,30,8,3,71,46,15,4,242,127,166,219,235,-27,-16,-7,-1
1535,Arsb,34,22,3,2,57,32,10,2,242,151,188,229,238,-23,-10,-7,0
3249,Chd9,36,21,9,4,68,45,16,6,242,138,176,217,232,-32,-24,-7,-2
158,2310022A10Rik,49,27,2,1,56,27,9,4,242,137,188,231,237,-7,0,-7,-3
702,Adam21,25,15,4,2,78,49,11,3,242,139,178,227,237,-53,-34,-7,-1
5882,Fbxl8,56,35,8,1,57,39,15,6,242,129,168,219,235,-1,-4,-7,-5
19858,Traf3ip3,56,42,11,1,63,47,18,11,242,123,153,213,230,-7,-5,-7,-10
1333,Apol7b,44,28,19,6,61,51,26,15,242,137,163,197,221,-17,-23,-7,-9
5872,Fbxl19,48,23,3,3,65,36,10,4,242,129,183,229,235,-17,-13,-7,-1
1332,Apol7a,34,21,5,3,66,43,12,5,242,142,178,225,234,-32,-22,-7,-2
19687,Tnc,47,22,2,0,52,31,9,6,242,143,189,231,236,-5,-9,-7,-6
18997,Tcf3,45,21,3,3,61,29,10,4,242,136,192,229,235,-16,-8,-7,-1
19672,Tmsb15a,18,15,10,7,34,33,17,10,242,190,194,215,225,-16,-18,-7,-3
5674,Fam13c,39,21,1,0,63,41,8,2,242,140,180,233,240,-24,-20,-7,-2
1473,Arl16,35,21,3,2,53,22,10,5,242,154,199,229,235,-18,-1,-7,-3
1883,Banf1,38,16,2,2,42,27,9,3,242,162,199,231,237,-4,-11,-7,-1
3169,Cfap157,39,23,2,1,67,34,9,3,242,136,185,231,238,-28,-11,-7,-2
5772,Fam3b,27,21,4,2,40,33,11,1,242,175,188,227,239,-13,-12,-7,1
4379,Dctn6,25,12,3,2,71,38,10,7,242,146,192,229,233,-46,-26,-7,-5
22149,Zmynd12,41,29,2,0,66,43,9,4,242,135,170,231,238,-25,-14,-7,-4
4567,Dgcr2,23,12,2,2,62,37,9,3,242,157,193,231,237,-39,-25,-7,-1
2771,Ccr10,47,17,3,0,54,33,10,5,242,141,192,229,237,-7,-16,-7,-5
5761,Fam234b,34,13,3,2,57,34,10,1,242,151,195,229,239,-23,-21,-7,1
22177,Zscan10,36,23,1,0,45,23,8,4,242,161,196,233,238,-9,0,-7,-4
2359,Cad,55,32,3,1,60,31,10,0,242,127,179,229,241,-5,1,-7,1
3282,Chn1,39,21,2,2,63,41,9,2,242,140,180,231,238,-24,-20,-7,0
19027,Tcte1,28,17,5,0,49,35,12,7,242,165,190,225,235,-21,-18,-7,-7
58,1700016C15Rik,49,39,9,3,48,40,16,3,242,145,163,217,236,1,-1,-7,0
5818,Fancd2,39,19,1,1,76,44,8,2,242,127,179,233,239,-37,-25,-7,-1
4373,Dctd,56,35,6,2,68,43,13,4,242,118,164,223,236,-12,-8,-7,-2
1497,Armc6,46,21,3,1,52,33,10,5,242,144,188,229,236,-6,-12,-7,-4
2695,Ccdc92b,25,9,0,0,59,38,7,2,242,158,195,235,240,-34,-29,-7,-2
19072,Tef,41,20,5,2,73,42,12,3,242,128,180,225,237,-32,-22,-7,-1
22182,Zscan21,30,14,3,2,57,35,10,0,242,155,193,229,240,-27,-21,-7,2
107,1700067P10Rik,5,4,0,0,11,11,7,5,242,226,227,235,237,-6,-7,-7,-5
2782,Ccs,29,13,3,2,50,28,10,6,242,163,201,229,234,-21,-15,-7,-4
4579,Dgkz,43,19,2,2,62,31,9,2,242,137,192,231,238,-19,-12,-7,0
5773,Fam3c,37,25,6,2,60,36,13,8,242,145,181,223,232,-23,-11,-7,-6
1440,Arhgef28,46,20,3,2,53,25,10,3,242,143,197,229,237,-7,-5,-7,-1
22207,Zwilch,44,26,6,1,77,47,13,7,242,121,169,223,234,-33,-21,-7,-6
20391,Ttll1,36,18,3,2,63,35,10,5,242,143,189,229,235,-27,-17,-7,-3
21647,Zcchc8,34,14,2,2,66,43,9,2,242,142,185,231,238,-32,-29,-7,0
1895,Batf2,56,34,3,0,48,37,10,3,242,138,171,229,239,8,-3,-7,-3
19757,Tnrc6b,37,23,6,5,66,40,13,10,242,139,179,223,227,-29,-17,-7,-5
1468,Arl13b,43,22,3,3,66,40,10,0,242,133,180,229,239,-23,-18,-7,3
5796,Fam81b,24,4,0,0,47,27,7,1,242,171,211,235,241,-23,-23,-7,-1
5790,Fam72a,54,18,1,0,55,29,8,3,242,133,195,233,239,-1,-11,-7,-3
1583,Asf1b,51,21,1,0,63,38,8,2,242,128,183,233,240,-12,-17,-7,-2
5782,Fam53c,32,14,2,2,62,41,9,1,242,148,187,231,239,-30,-27,-7,1
678,Acvr1b,26,13,2,2,75,53,9,0,242,141,176,231,240,-49,-40,-7,2
1587,Ash2l,26,15,2,2,63,41,9,3,242,153,186,231,237,-37,-26,-7,-1
1598,Aspdh,29,21,5,2,56,43,12,3,242,157,178,225,237,-27,-22,-7,-1
76,1700022I11Rik,62,41,11,2,64,44,18,8,242,116,157,213,232,-2,-3,-7,-6
19050,Tdrd6,13,8,0,0,39,21,7,5,242,190,213,235,237,-26,-13,-7,-5
21695,Zfp106,34,18,2,2,53,28,9,3,242,155,196,231,237,-19,-10,-7,-1
19051,Tdrd7,32,14,2,2,45,30,9,2,242,165,198,231,238,-13,-16,-7,0
60,1700016H13Rik,26,21,3,2,33,27,10,4,242,183,194,229,236,-7,-6,-7,-2
4544,Denr,28,16,3,3,54,34,10,6,242,160,192,229,233,-26,-18,-7,-3
3167,Cfap100,54,31,11,3,67,48,18,9,242,121,163,213,230,-13,-17,-7,-6
4391,Ddb1,35,18,2,2,36,21,9,4,242,171,203,231,236,-1,-3,-7,-2
5816,Fancb,53,22,3,0,62,37,10,5,242,127,183,229,237,-9,-15,-7,-5
19076,Tekt2,56,37,8,3,63,51,15,7,242,123,154,219,232,-7,-14,-7,-4
19077,Tekt3,24,10,1,1,31,12,8,6,242,187,220,233,235,-7,-2,-7,-5
2260,C130073F10Rik,34,29,6,2,47,35,13,3,242,161,178,223,237,-13,-6,-7,-1
5849,Faxc,46,22,2,1,51,32,9,3,242,145,188,231,238,-5,-10,-7,-2
20400,Ttll6,34,19,1,0,37,24,8,4,242,171,199,233,238,-3,-5,-7,-4
5736,Fam20a,44,22,1,0,66,43,8,2,242,132,177,233,240,-22,-21,-7,-2
3132,Cept1,41,23,3,2,51,33,10,3,242,150,186,229,237,-10,-10,-7,-1
4524,Degs2,40,28,6,3,84,55,13,2,242,118,159,223,237,-44,-27,-7,1
118,1700113H08Rik,17,14,1,0,22,20,8,5,242,203,208,233,237,-5,-6,-7,-5
3128,Cep85l,44,22,2,0,48,32,9,4,242,150,188,231,238,-4,-10,-7,-4
4350,Dcdc2b,53,40,13,4,79,61,20,7,242,110,141,209,231,-26,-21,-7,-3
4346,Dcbld1,36,24,2,2,63,36,9,6,242,143,182,231,234,-27,-12,-7,-4
28,1600014C23Rik,41,35,18,8,49,44,25,11,242,152,163,199,223,-8,-9,-7,-3
640,Acsm3,40,25,3,2,74,48,10,3,242,128,169,229,237,-34,-23,-7,-1
5751,Fam221b,31,14,0,0,46,24,7,3,242,165,204,235,239,-15,-10,-7,-3
3186,Cfap53,67,44,8,1,65,41,15,6,242,110,157,219,235,2,3,-7,-5
1888,Bard1,32,12,0,0,62,34,7,0,242,148,196,235,242,-30,-22,-7,0
22205,Zup1,41,14,3,2,64,36,10,3,242,137,192,229,237,-23,-22,-7,-1
19838,Tprn,48,31,2,2,53,30,9,4,242,141,181,231,236,-5,1,-7,-2
2246,Btrc,37,20,3,2,63,37,10,7,242,142,185,229,233,-26,-17,-7,-5
2688,Ccdc88b,48,26,3,1,62,37,10,5,242,132,179,229,236,-14,-11,-7,-4
120,1700123K08Rik,30,27,6,1,22,21,13,9,242,190,194,223,232,8,6,-7,-8
4603,Dhx29,34,16,2,2,41,25,9,4,242,167,201,231,236,-7,-9,-7,-2
3121,Cep68,31,12,3,3,61,37,10,3,242,150,193,229,236,-30,-25,-7,0
20399,Ttll5,47,28,3,2,50,26,10,3,242,145,188,229,237,-3,2,-7,-1
2310,C8b,19,4,0,0,37,22,7,4,242,186,216,235,238,-18,-18,-7,-4
21677,Zeb1,49,30,6,2,56,32,13,10,242,137,180,223,230,-7,-2,-7,-8
2251,Bud23,51,30,4,3,51,30,11,8,242,140,182,227,231,0,0,-7,-5
110,1700084M14Rik,20,17,7,0,22,20,14,3,242,200,205,221,239,-2,-3,-7,-3
111,1700086D15Rik,15,13,5,1,62,51,12,2,242,165,178,225,239,-47,-38,-7,-1
5748,Fam219b,29,13,2,1,66,40,9,1,242,147,189,231,240,-37,-27,-7,0
5824,Fancl,36,19,2,2,84,50,9,5,242,122,173,231,235,-48,-31,-7,-3
50,1700012B09Rik,30,21,13,6,40,37,20,9,242,172,184,209,227,-10,-16,-7,-3
21654,Zdhhc11,24,19,1,0,18,16,8,8,242,200,207,233,234,6,3,-7,-8
19084,Tenm3,44,31,3,2,46,30,10,5,242,152,181,229,235,-2,1,-7,-3
2722,Ccl28,38,25,3,0,81,51,10,3,242,123,166,229,239,-43,-26,-7,-3
1411,Arhgap33os,22,11,2,0,67,44,9,4,242,153,187,231,238,-45,-33,-7,-4
21159,Vmn2r5,28,11,1,0,40,26,8,1,242,174,205,233,241,-12,-15,-7,-1
636,Acsl5,37,13,2,2,62,37,9,6,242,143,192,231,234,-25,-24,-7,-4
2345,Cacnb2,44,28,1,0,52,36,8,5,242,146,178,233,237,-8,-8,-7,-5
2378,Calhm3,18,17,3,1,34,30,10,4,242,190,195,229,237,-16,-13,-7,-3
3075,Cenpc1,24,12,2,2,78,55,9,6,242,140,175,231,234,-54,-43,-7,-4
22126,Zkscan2,29,15,0,0,50,33,7,1,242,163,194,235,241,-21,-18,-7,-1
5838,Fastk,28,10,2,2,55,34,9,3,242,159,198,231,237,-27,-24,-7,-1
19090,Tent5b,63,34,5,1,52,33,12,6,242,127,175,225,235,11,1,-7,-5
1919,BC005624,34,21,2,2,32,19,9,3,242,176,202,231,237,2,2,-7,-1
3183,Cfap46,42,24,2,1,52,30,9,5,242,148,188,231,236,-10,-6,-7,-4
4592,Dhrs13,35,15,2,0,62,40,9,5,242,145,187,231,237,-27,-25,-7,-5
19466,Tmem163,43,21,2,0,54,34,9,1,242,145,187,231,241,-11,-13,-7,-1
2652,Ccdc50,26,16,4,2,54,33,11,2,242,162,193,227,238,-28,-17,-7,0
19530,Tmem225,1,1,0,0,13,11,7,4,242,228,230,235,238,-12,-10,-7,-4
3552,Cndp2,43,32,6,4,54,38,13,7,242,145,172,223,231,-11,-6,-7,-3
21786,Zfp365,47,25,3,0,60,42,10,0,242,135,175,229,242,-13,-17,-7,0
1145,Ankar,8,1,0,0,19,14,7,4,242,215,227,235,238,-11,-13,-7,-4
3568,Cnmd,44,24,2,1,60,41,9,0,242,138,177,231,241,-16,-17,-7,1
19363,Tm7sf3,32,21,4,2,55,33,11,5,242,155,188,227,235,-23,-12,-7,-3
879,Agk,28,11,2,2,75,48,9,5,242,139,183,231,235,-47,-37,-7,-3
1859,B9d2,33,18,3,2,60,31,10,2,242,149,193,229,238,-27,-13,-7,0
3570,Cnn2,51,25,4,2,57,29,11,3,242,134,188,227,237,-6,-4,-7,-1
20136,Trim27,42,21,2,2,50,30,9,4,242,150,191,231,236,-8,-9,-7,-2
3905,Crybg2,29,18,4,1,77,52,11,2,242,136,172,227,239,-48,-34,-7,-1
5191,Eif2a,34,21,4,2,47,25,11,5,242,161,196,227,235,-13,-4,-7,-3
19780,Tomm6,29,15,6,5,40,25,13,7,242,173,202,223,230,-11,-10,-7,-2
21795,Zfp383,42,20,4,2,58,35,11,3,242,142,187,227,237,-16,-15,-7,-1
465,Abca14,9,5,0,0,26,16,7,6,242,207,221,235,236,-17,-11,-7,-6
19996,Trav5-4,13,12,9,6,17,17,16,10,242,212,213,217,226,-4,-5,-7,-4
2969,Cdin1,39,17,2,0,53,39,9,2,242,150,186,231,240,-14,-22,-7,-2
3896,Cryaa,42,36,3,0,47,35,10,4,242,153,171,229,238,-5,1,-7,-4
2620,Ccdc181,38,19,2,2,49,29,9,3,242,155,194,231,237,-11,-10,-7,-1
21903,Zfp629,40,24,9,4,82,61,16,2,242,120,157,217,236,-42,-37,-7,2
19375,Tmc1,23,12,4,1,47,34,11,5,242,172,196,227,236,-24,-22,-7,-4
456,Aasdhppt,34,19,3,2,33,24,10,4,242,175,199,229,236,1,-5,-7,-2
20506,Ubac1,33,15,2,2,61,34,9,3,242,148,193,231,237,-28,-19,-7,-1
2011,Best1,37,20,3,1,67,37,10,5,242,138,185,229,236,-30,-17,-7,-4
454,Aarsd1,26,14,3,3,58,31,10,6,242,158,197,229,233,-32,-17,-7,-3
5174,Eif1ad11,14,14,9,7,24,22,16,11,242,204,206,217,224,-10,-8,-7,-4
4918,Dtl,53,22,4,0,72,49,11,3,242,117,171,227,239,-19,-27,-7,-3
1158,Ankra2,28,15,2,2,62,30,9,2,242,152,197,231,238,-34,-15,-7,0
4709,Dnaaf3,41,17,1,0,53,30,8,3,242,148,195,233,239,-12,-13,-7,-3
20945,Vmn1r19,19,11,1,1,39,23,8,0,242,184,208,233,241,-20,-12,-7,1
20189,Triml1,7,5,0,0,19,11,7,4,242,216,226,235,238,-12,-6,-7,-4
3461,Clec4a4,18,16,7,3,23,22,14,10,242,201,204,221,229,-5,-6,-7,-7
4884,Drc3,53,28,4,1,51,36,11,2,242,138,178,227,239,2,-8,-7,-1
20748,Usp21,38,15,2,2,59,34,9,4,242,145,193,231,236,-21,-19,-7,-2
21945,Zfp712,30,16,1,0,68,37,8,0,242,144,189,233,242,-38,-21,-7,0
2106,Bola3,39,18,2,2,59,27,9,1,242,144,197,231,239,-20,-9,-7,1
3939,Csmd3,13,7,0,0,12,10,7,3,242,217,225,235,239,1,-3,-7,-3
3499,Clpp,36,18,2,2,34,20,9,2,242,172,204,231,238,2,-2,-7,0
20168,Trim55,22,8,1,0,28,16,8,1,242,192,218,233,241,-6,-8,-7,-1
4901,Dse,50,25,4,0,68,38,11,4,242,124,179,227,238,-18,-13,-7,-4
4903,Dsg1a,3,1,0,0,15,11,7,4,242,224,230,235,238,-12,-10,-7,-4
20746,Usp2,55,28,4,2,65,46,11,2,242,122,168,227,238,-10,-18,-7,0
3503,Clptm1l,22,10,2,2,48,26,9,2,242,172,206,231,238,-26,-16,-7,0
1167,Ankrd16,39,19,2,2,51,27,9,3,242,152,196,231,237,-12,-8,-7,-1
20162,Trim46,60,40,8,2,70,49,15,4,242,112,153,219,236,-10,-9,-7,-2
21108,Vmn2r114,43,21,2,0,59,32,9,4,242,140,189,231,238,-16,-11,-7,-4
866,Aga,38,24,7,4,59,40,14,7,242,145,178,221,231,-21,-16,-7,-3
871,Agbl2,42,22,2,0,62,33,9,4,242,138,187,231,238,-20,-11,-7,-4
2973,Cdk1,59,35,9,1,74,47,16,7,242,109,160,217,234,-15,-12,-7,-6
1162,Ankrd12,48,29,2,2,48,26,9,2,242,146,187,231,238,0,3,-7,0
3534,Cmss1,32,13,2,2,44,27,9,6,242,166,202,231,234,-12,-14,-7,-4
2557,Cc2d1b,28,8,2,2,47,24,9,3,242,167,210,231,237,-19,-16,-7,-1
3536,Cmtm2a,13,10,4,1,29,26,11,8,242,200,206,227,233,-16,-16,-7,-7
5902,Fbxo38,27,11,2,2,57,28,9,3,242,158,203,231,237,-30,-17,-7,-1
21930,Zfp688,33,19,2,2,76,41,9,3,242,133,182,231,237,-43,-22,-7,-1
5173,Eif1ad10,13,12,11,11,23,21,18,11,242,206,209,213,220,-10,-9,-7,0
453,Aars2,27,15,2,2,63,37,9,3,242,152,190,231,237,-36,-22,-7,-1
21898,Zfp62,38,18,4,2,74,38,11,3,242,130,186,227,237,-36,-20,-7,-1
2567,Ccdc107,38,25,3,2,39,24,10,5,242,165,193,229,235,-1,1,-7,-3
1840,B3gntl1,35,16,2,0,71,40,9,5,242,136,186,231,237,-36,-24,-7,-5
4993,Dynlt2a3,59,56,40,22,69,63,47,39,242,114,123,155,181,-10,-7,-7,-17
894,Agr3,11,9,1,1,24,19,8,5,242,207,214,233,236,-13,-10,-7,-4
5079,Edem2,31,13,2,2,58,37,9,5,242,153,192,231,235,-27,-24,-7,-3
21868,Zfp566,45,19,2,1,54,30,9,3,242,143,193,231,238,-9,-11,-7,-2
2592,Ccdc146,44,20,2,0,54,33,9,4,242,144,189,231,238,-10,-13,-7,-4
1831,B3glct,31,15,3,1,53,26,10,2,242,158,201,229,239,-22,-11,-7,-1
20967,Vmn1r21,12,7,0,0,29,20,7,2,242,201,215,235,240,-17,-13,-7,-2
905,Ahctf1,38,12,4,3,67,40,11,4,242,137,190,227,235,-29,-28,-7,-1
3687,Commd10,34,21,2,2,51,32,9,5,242,157,189,231,235,-17,-11,-7,-3
999,Alas1,56,29,4,2,53,31,11,5,242,133,182,227,235,3,-2,-7,-3
913,Ahrr,33,13,0,0,74,46,7,0,242,135,183,235,242,-41,-33,-7,0
3693,Commd6,45,26,4,3,33,19,11,5,242,164,197,227,234,12,7,-7,-2
1795,AW146154,41,18,3,2,59,36,10,5,242,142,188,229,235,-18,-18,-7,-3
2583,Ccdc130,56,38,7,2,60,42,14,2,242,126,162,221,238,-4,-4,-7,0
1829,B3gat2,24,13,4,3,50,35,11,4,242,168,194,227,235,-26,-22,-7,-1
20072,Trbv31,9,8,7,6,17,16,14,3,242,216,218,221,233,-8,-8,-7,3
3751,Cox5a,30,21,3,3,44,29,10,7,242,168,192,229,232,-14,-8,-7,-4
3748,Cox20,23,13,4,4,47,25,11,3,242,172,204,227,235,-24,-12,-7,1
21856,Zfp526,35,19,2,0,79,52,9,2,242,128,171,231,240,-44,-33,-7,-2
5021,E2f2,39,22,0,0,74,41,7,1,242,129,179,235,241,-35,-19,-7,-1
3714,Cops7b,25,12,2,1,55,31,9,5,242,162,199,231,236,-30,-19,-7,-4
21855,Zfp524,34,15,4,3,59,37,11,5,242,149,190,227,234,-25,-22,-7,-2
19465,Tmem161b,40,25,8,4,73,42,15,8,242,129,175,219,230,-33,-17,-7,-4
3733,Coro1c,42,28,2,2,49,28,9,5,242,151,186,231,235,-7,0,-7,-3
21514,Xylt2,36,25,3,1,75,38,10,2,242,131,179,229,239,-39,-13,-7,-1
20527,Ube2dnl1,9,6,2,1,19,16,9,7,242,214,220,231,234,-10,-10,-7,-6
370,9530003J23Rik,18,16,5,2,37,31,12,1,242,187,195,225,239,-19,-15,-7,1
1752,Atpaf2,29,10,2,2,45,28,9,3,242,168,204,231,237,-16,-18,-7,-1
1087,Amer3,10,3,0,0,34,24,7,2,242,198,215,235,240,-24,-21,-7,-2
3597,Cntd1,55,32,2,1,65,42,9,2,242,122,168,231,239,-10,-10,-7,-1
2569,Ccdc112,52,34,3,0,59,34,10,2,242,131,174,229,240,-7,0,-7,-2
19392,Tmco6,33,11,2,1,64,38,9,5,242,145,193,231,236,-31,-27,-7,-4
20510,Ubap1,36,22,2,2,52,27,9,3,242,154,193,231,237,-16,-5,-7,-1
19401,Tmed6,38,24,6,2,50,41,13,8,242,154,177,223,232,-12,-17,-7,-6
3606,Cntn6,17,8,1,0,34,18,8,5,242,191,216,233,237,-17,-10,-7,-5
2614,Ccdc174,32,14,4,2,52,27,11,6,242,158,201,227,234,-20,-13,-7,-4
3618,Coa5,29,18,4,2,57,29,11,5,242,156,195,227,235,-28,-11,-7,-3
21887,Zfp606,30,13,2,1,62,37,9,3,242,150,192,231,238,-32,-24,-7,-2
2611,Ccdc171,58,29,1,0,54,34,8,2,242,130,179,233,240,4,-5,-7,-2
3625,Coch,47,31,2,0,59,35,9,3,242,136,176,231,239,-12,-4,-7,-3
2927,Cdc5l,30,13,2,2,39,27,9,4,242,173,202,231,236,-9,-14,-7,-2
5110,Efcab12,39,17,2,0,59,35,9,4,242,144,190,231,238,-20,-18,-7,-4
3846,Creb3l4,41,28,4,1,81,56,11,5,242,120,158,227,236,-40,-28,-7,-4
1039,Alg6,42,23,4,1,76,44,11,2,242,124,175,227,239,-34,-21,-7,-1
2607,Ccdc167,27,9,2,1,55,32,9,6,242,160,201,231,235,-28,-23,-7,-5
889,Agpat3,30,15,3,2,50,29,10,2,242,162,198,229,238,-20,-14,-7,0
3631,Cog6,32,18,2,2,67,40,9,4,242,143,184,231,236,-35,-22,-7,-2
3632,Cog7,22,12,2,2,66,36,9,2,242,154,194,231,238,-44,-24,-7,0
5100,Eef1e1,38,23,4,2,40,21,11,4,242,164,198,227,236,-2,2,-7,-2
891,Agpat5,42,23,2,2,43,24,9,3,242,157,195,231,237,-1,-1,-7,-1
366,9430015G10Rik,35,17,2,0,59,38,9,5,242,148,187,231,237,-24,-21,-7,-5
4986,Dynlrb2,17,15,9,1,43,37,16,7,242,182,190,217,234,-26,-22,-7,-6
4874,Dpysl3,44,26,2,1,49,26,9,4,242,149,190,231,237,-5,0,-7,-3
21770,Zfp326,37,13,3,2,42,24,10,9,242,163,205,229,231,-5,-11,-7,-7
4854,Dpp3,26,13,3,2,74,36,10,2,242,142,193,229,238,-48,-23,-7,0
22022,Zfp930,52,30,5,5,54,32,12,6,242,136,180,225,231,-2,-2,-7,-1
2147,Brd8dc,85,60,8,2,51,35,15,4,242,106,147,219,236,34,25,-7,-2
4115,Cyb5d1,33,23,6,4,69,40,13,2,242,140,179,223,236,-36,-17,-7,2
4112,Cyb561d2,31,17,5,4,58,34,12,2,242,153,191,225,236,-27,-17,-7,2
20270,Tsacc,35,19,9,4,78,48,16,10,242,129,175,217,228,-43,-29,-7,-6
4110,Cyb561a3,27,10,2,2,63,37,9,4,242,152,195,231,236,-36,-27,-7,-2
4099,Cxcl9,47,31,5,2,68,45,12,6,242,127,166,225,234,-21,-14,-7,-4
2650,Ccdc43,44,22,2,2,56,27,9,4,242,142,193,231,236,-12,-5,-7,-2
1219,Ano5,20,9,0,0,35,22,7,4,242,187,211,235,238,-15,-13,-7,-4
20664,Unc13a,33,17,0,0,56,32,7,1,242,153,193,235,241,-23,-15,-7,-1
236,4930433I11Rik,7,2,0,0,15,9,7,6,242,220,231,235,236,-8,-7,-7,-6
19624,Tmem79,46,22,3,1,60,33,10,2,242,136,187,229,239,-14,-11,-7,-1
19920,Tram2,28,16,1,0,78,53,8,3,242,136,173,233,239,-50,-37,-7,-3
5558,Exoc3,29,19,4,2,54,31,11,5,242,159,192,227,235,-25,-12,-7,-3
4078,Cwc22,34,19,2,2,79,48,9,3,242,129,175,231,237,-45,-29,-7,-1
2649,Ccdc42,21,19,2,1,34,26,9,6,242,187,197,231,235,-13,-7,-7,-5
2494,Casp7,38,21,5,3,82,54,12,4,242,122,167,225,235,-44,-33,-7,-1
22030,Zfp938,28,13,4,1,57,28,11,3,242,157,201,227,238,-29,-15,-7,-2
20567,Ubl5b,33,30,20,7,38,34,27,16,242,171,178,195,219,-5,-4,-7,-9
22028,Zfp936,39,21,8,3,86,57,15,2,242,117,164,219,237,-47,-36,-7,1
20251,Trpm4,33,24,5,2,68,43,12,4,242,141,175,225,236,-35,-19,-7,-2
19931,Trappc3,38,21,2,2,37,23,9,3,242,167,198,231,237,1,-2,-7,-1
3351,Cideb,48,33,12,7,73,51,19,8,242,121,158,211,227,-25,-18,-7,-1
5532,Etv3,45,22,2,2,52,31,9,2,242,145,189,231,238,-7,-9,-7,0
5523,Ethe1,45,27,3,2,47,29,10,7,242,150,186,229,233,-2,-2,-7,-5
1704,Atp5g3,34,23,2,2,46,26,9,5,242,162,193,231,235,-12,-3,-7,-3
1222,Ano8,42,25,1,0,66,32,8,2,242,134,185,233,240,-24,-7,-7,-2
22044,Zfp952,49,27,5,3,63,37,12,4,242,130,178,225,235,-14,-10,-7,-1
20272,Tsc2,39,22,2,2,36,17,9,5,242,167,203,231,235,3,5,-7,-3
5590,Ezh2,42,22,5,1,65,38,12,4,242,135,182,225,237,-23,-16,-7,-3
20481,Tymp,43,24,1,0,71,40,8,2,242,128,178,233,240,-28,-16,-7,-2
19149,Tex48,13,13,5,0,24,20,12,3,242,205,209,225,239,-11,-7,-7,-3
3289,Chpf2,30,16,2,1,88,48,9,3,242,124,178,231,238,-58,-32,-7,-2
561,Acad9,33,17,2,2,56,34,9,2,242,153,191,231,238,-23,-17,-7,0
2434,Capn8,24,10,1,0,41,22,8,2,242,177,210,233,240,-17,-12,-7,-2
740,Adamts5,38,23,3,1,59,42,10,3,242,145,177,229,238,-21,-19,-7,-2
19155,Tfam,34,20,3,2,61,33,10,2,242,147,189,229,238,-27,-13,-7,0
22055,Zfp963,51,25,4,1,58,38,11,5,242,133,179,227,236,-7,-13,-7,-4
4723,Dnah6,24,11,0,0,22,15,7,4,242,196,216,235,238,2,-4,-7,-4
21593,Zbtb39,41,19,4,0,53,35,11,4,242,148,188,227,238,-12,-16,-7,-4
1232,Anxa1,44,27,5,2,64,37,12,6,242,134,178,225,234,-20,-10,-7,-4
3012,Cdkn2c,35,14,2,2,84,54,9,4,242,123,174,231,236,-49,-40,-7,-2
3310,Chrnb2,26,6,0,0,72,41,7,2,242,144,195,235,240,-46,-35,-7,-2
4726,Dnah7c,9,4,1,0,42,23,8,4,242,191,215,233,238,-33,-19,-7,-4
21319,Wdfy3,49,24,2,2,69,41,9,2,242,124,177,231,238,-20,-17,-7,0
20286,Tsga8,10,7,0,0,22,21,7,5,242,210,214,235,237,-12,-14,-7,-5
4120,Cyb5r4,32,16,2,2,54,31,9,4,242,156,195,231,236,-22,-15,-7,-2
754,Adarb2,29,14,0,0,60,29,7,1,242,153,199,235,241,-31,-15,-7,-1
20280,Tsen54,43,16,3,2,48,31,10,2,242,151,195,229,238,-5,-15,-7,0
5588,Eya4,48,29,1,0,48,27,8,0,242,146,186,233,242,0,2,-7,0
20278,Tsen2,43,22,3,0,60,34,10,4,242,139,186,229,238,-17,-12,-7,-4
4731,Dnai3,25,13,0,0,51,28,7,4,242,166,201,235,238,-26,-15,-7,-4
20277,Tsen15,48,22,2,2,52,29,9,7,242,142,191,231,233,-4,-7,-7,-5
19639,Tmem94,32,17,2,2,61,34,9,0,242,149,191,231,240,-29,-17,-7,2
3362,Cisd1,29,16,3,3,37,20,10,7,242,176,206,229,232,-8,-4,-7,-4
20238,Trpc1,45,23,3,2,36,18,10,4,242,161,201,229,236,9,5,-7,-2
1713,Atp5pb,26,14,2,2,43,31,9,5,242,173,197,231,235,-17,-17,-7,-3
19939,Trarg1,38,17,1,0,42,29,8,2,242,162,196,233,240,-4,-12,-7,-2
5422,Eqtn,45,35,10,1,63,48,17,5,242,134,159,215,236,-18,-13,-7,-4
280,4930579F01Rik,36,18,1,0,39,30,8,3,242,167,194,233,239,-3,-12,-7,-3
20494,U2surp,36,25,4,3,54,32,11,5,242,152,185,227,234,-18,-7,-7,-2
20682,Ung,46,22,0,0,63,39,7,2,242,133,181,235,240,-17,-17,-7,-2
4831,Dop1a,33,16,4,1,71,36,11,4,242,138,190,227,237,-38,-20,-7,-3
20762,Usp35,22,7,0,0,63,33,7,1,242,157,202,235,241,-41,-26,-7,-1
3424,Cldn34b2,10,7,1,0,17,16,8,8,242,215,219,233,234,-7,-9,-7,-8
2990,Cdk5r1,69,39,3,0,44,31,10,1,242,129,172,229,241,25,8,-7,-1
19569,Tmem267,49,35,7,3,74,39,14,6,242,119,168,221,233,-25,-4,-7,-3
21361,Wdr62,38,17,0,0,60,32,7,0,242,144,193,235,242,-22,-15,-7,0
5395,Ephb3,62,28,1,1,54,35,8,3,242,126,179,233,238,8,-7,-7,-2
2518,Catsperz,60,50,21,11,65,52,28,18,242,117,140,193,213,-5,-2,-7,-7
2523,Cavin2,50,24,3,3,52,29,10,2,242,140,189,229,237,-2,-5,-7,1
5390,Epha6,18,8,0,0,17,12,7,3,242,207,222,235,239,1,-4,-7,-3
5389,Epha5,42,23,3,0,50,31,10,3,242,150,188,229,239,-8,-8,-7,-3
20205,Trmt10b,38,19,5,3,70,42,12,6,242,134,181,225,233,-32,-23,-7,-3
21965,Zfp770,30,12,4,0,68,42,11,5,242,144,188,227,237,-38,-30,-7,-5
21367,Wdr73,23,9,2,2,81,49,9,4,242,138,184,231,236,-58,-40,-7,-2
20683,Unk,22,9,3,1,76,48,10,1,242,144,185,229,240,-54,-39,-7,0
2525,Cavin4,42,22,2,2,58,35,9,2,242,142,185,231,238,-16,-13,-7,0
21964,Zfp768,22,12,2,2,71,41,9,6,242,149,189,231,234,-49,-29,-7,-4
3428,Cldn34c2,10,8,6,4,15,15,13,10,242,217,219,223,228,-5,-7,-7,-6
21369,Wdr75,30,15,3,2,50,25,10,2,242,162,202,229,238,-20,-10,-7,0
5359,Entpd6,24,8,2,2,67,34,9,2,242,151,200,231,238,-43,-26,-7,0
20559,Ube4a,39,18,3,2,60,30,10,4,242,143,194,229,236,-21,-12,-7,-2
2994,Cdk5rap3,30,13,2,2,60,37,9,4,242,152,192,231,236,-30,-24,-7,-2
2517,Catsperg2,30,14,1,0,50,32,8,4,242,162,196,233,238,-20,-18,-7,-4
21353,Wdr5,35,18,4,3,50,33,11,2,242,157,191,227,237,-15,-15,-7,1
20772,Usp45,39,17,3,3,58,33,10,7,242,145,192,229,232,-19,-16,-7,-4
22018,Zfp90,38,19,3,0,69,42,10,3,242,135,181,229,239,-31,-23,-7,-3
21563,Zan,33,14,3,0,41,33,10,8,242,168,195,229,234,-8,-19,-7,-8
22016,Zfp882,48,25,4,3,59,37,11,5,242,135,180,227,234,-11,-12,-7,-2
258,4930513O06Rik,3,2,1,0,11,10,8,5,242,228,230,233,237,-8,-8,-7,-5
1860,Baalc,46,29,2,0,63,36,9,1,242,133,177,231,241,-17,-7,-7,-1
515,Abhd12,28,15,3,2,50,30,10,4,242,164,197,229,236,-22,-15,-7,-2
4027,Ctrc,29,28,13,7,41,37,20,8,242,172,177,209,227,-12,-9,-7,-1
5465,Ermard,36,19,2,2,62,37,9,4,242,144,186,231,236,-26,-18,-7,-2
262,4930522L14Rik,48,21,6,2,59,31,13,3,242,135,190,223,237,-11,-10,-7,-1
819,Adnp,57,28,7,3,64,37,14,6,242,121,177,221,233,-7,-9,-7,-3
265,4930544D05Rik,22,19,7,3,46,41,14,8,242,174,182,221,231,-24,-22,-7,-5
5460,Erich6b,14,6,0,0,36,28,7,5,242,192,208,235,237,-22,-22,-7,-5
1205,Ankrd9,32,17,2,0,77,50,9,5,242,133,175,231,237,-45,-33,-7,-5
1211,Ankub1,37,13,2,0,63,36,9,2,242,142,193,231,240,-26,-23,-7,-2
21342,Wdr38,52,29,6,2,45,32,13,4,242,145,181,223,236,7,-3,-7,-2
4776,Dnajc8,38,22,5,5,46,22,12,6,242,158,198,225,231,-8,0,-7,-1
21992,Zfp821,34,17,3,2,50,25,10,2,242,158,200,229,238,-16,-8,-7,0
4782,Dnase1l1,53,38,5,1,59,30,12,5,242,130,174,225,236,-6,8,-7,-4
1980,Bcl2l2,40,24,5,2,63,35,12,7,242,139,183,225,233,-23,-11,-7,-5
20564,Ubl4a,34,18,2,2,48,28,9,3,242,160,196,231,237,-14,-10,-7,-1
4801,Dnpep,37,20,2,2,61,40,9,5,242,144,182,231,235,-24,-20,-7,-3
5444,Erfl,19,17,2,0,49,40,9,4,242,174,185,231,238,-30,-23,-7,-4
21985,Zfp809,34,17,2,2,61,34,9,5,242,147,191,231,235,-27,-17,-7,-3
19249,Thsd1,39,22,0,0,66,39,7,1,242,137,181,235,241,-27,-17,-7,-1
2648,Ccdc40,37,16,1,0,44,18,8,5,242,161,208,233,237,-7,-2,-7,-5
18543,Stoml1,41,22,2,0,59,38,9,1,242,142,182,231,241,-18,-16,-7,-1
10406,Leng8,34,15,3,2,56,34,10,4,242,152,193,229,236,-22,-19,-7,-2
10588,Lrfn4,46,23,0,0,55,32,7,0,242,141,187,235,242,-9,-9,-7,0
10592,Lrif1,37,13,4,3,62,38,11,3,242,143,191,227,236,-25,-25,-7,0
8420,H2az2,41,17,3,2,52,32,10,5,242,149,193,229,235,-11,-15,-7,-3
17587,Slc25a54,29,17,6,3,38,34,13,8,242,175,191,223,231,-9,-17,-7,-5
18483,Stard6,62,37,8,1,67,46,15,7,242,113,159,219,234,-5,-9,-7,-6
11238,Mex3a,49,23,0,0,63,39,7,1,242,130,180,235,241,-14,-16,-7,-1
16716,Rtp1,10,5,0,0,25,19,7,6,242,207,218,235,236,-15,-14,-7,-6
7422,Gm3676,3,3,3,1,13,12,10,5,242,226,227,229,236,-10,-9,-7,-4
13037,Olfr1275,0,0,0,0,12,11,7,2,242,230,231,235,240,-12,-11,-7,-2
13030,Olfr1265,26,14,0,0,49,31,7,3,242,167,197,235,239,-23,-17,-7,-3
15531,Psd,56,37,6,2,64,42,13,3,242,122,163,223,237,-8,-5,-7,-1
16192,Rfx4,22,9,0,0,32,15,7,4,242,188,218,235,238,-10,-6,-7,-4
12987,Olfr1221,43,22,1,0,73,39,8,4,242,126,181,233,238,-30,-17,-7,-4
7841,Gm8362,18,16,6,2,22,19,13,10,242,202,207,223,230,-4,-3,-7,-8
16708,Rtn1,24,14,0,0,47,25,7,0,242,171,203,235,242,-23,-11,-7,0
16381,Rnf103,35,20,2,2,64,36,9,3,242,143,186,231,237,-29,-16,-7,-1
8437,H2bc9,58,30,3,0,63,42,10,3,242,121,170,229,239,-5,-12,-7,-3
7054,Gm20503,28,22,12,9,31,25,19,16,242,183,195,211,217,-3,-3,-7,-7
6984,Gm17175,4,4,1,0,13,12,8,7,242,225,226,233,235,-9,-8,-7,-7
17578,Slc25a43,39,26,4,0,67,44,11,7,242,136,172,227,235,-28,-18,-7,-7
16737,Rusf1,30,17,2,2,58,31,9,2,242,154,194,231,238,-28,-14,-7,0
17881,Smarcc2,29,15,2,2,50,25,9,4,242,163,202,231,236,-21,-10,-7,-2
15981,Rasl12,43,31,3,0,75,49,10,0,242,124,162,229,242,-32,-18,-7,0
15493,Prss33,38,26,0,0,44,31,7,1,242,160,185,235,241,-6,-5,-7,-1
15978,Rasl10b,59,25,1,0,49,30,8,3,242,134,187,233,239,10,-5,-7,-3
8483,Hagh,35,22,5,2,49,31,12,5,242,158,189,225,235,-14,-9,-7,-3
8482,Hadhb,36,18,2,2,49,25,9,5,242,157,199,231,235,-13,-7,-7,-3
17569,Slc25a35,34,12,4,2,78,45,11,4,242,130,185,227,236,-44,-33,-7,-2
13116,Olfr1356,40,16,1,1,49,29,8,1,242,153,197,233,240,-9,-13,-7,0
13107,Olfr1348,13,12,5,0,25,20,12,2,242,204,210,225,240,-12,-8,-7,-2
15508,Prss48,28,20,5,0,52,41,12,1,242,162,181,225,241,-24,-21,-7,-1
10561,Lpar5,44,31,6,1,67,50,13,2,242,131,161,223,239,-23,-19,-7,-1
7042,Gm20390,28,11,0,0,27,19,7,7,242,187,212,235,235,1,-8,-7,-7
13072,Olfr1310,56,31,4,1,58,33,11,5,242,128,178,227,236,-2,-2,-7,-4
16375,Rnaset2a,46,25,5,2,60,29,12,8,242,136,188,225,232,-14,-4,-7,-6
7849,Gm884,3,2,0,0,11,9,7,5,242,228,231,235,237,-8,-7,-7,-5
12063,Ncbp2,44,18,2,2,34,19,9,2,242,164,205,231,238,10,-1,-7,0
15563,Psmb11,53,26,1,1,51,24,8,3,242,138,192,233,238,2,2,-7,-2
18469,Stag3,54,37,10,3,70,48,17,8,242,118,157,215,231,-16,-11,-7,-5
18436,Ssxb9,7,7,2,0,20,20,9,4,242,215,215,231,238,-13,-13,-7,-4
18435,Ssxb8,6,6,5,2,15,13,12,9,242,221,223,225,231,-9,-7,-7,-7
12086,Ncoa6,29,13,4,3,66,34,11,4,242,147,195,227,235,-37,-21,-7,-1
16686,Rsrc1,24,15,3,2,63,37,10,5,242,155,190,229,235,-39,-22,-7,-3
8351,H2-DMb2,55,33,7,3,58,38,14,5,242,129,171,221,234,-3,-5,-7,-2
12763,Odf2l,30,18,2,2,70,38,9,4,242,142,186,231,236,-40,-20,-7,-2
17859,Slx4ip,40,21,3,2,63,33,10,3,242,139,188,229,237,-23,-12,-7,-1
18423,Ssty2,3,2,1,1,11,11,8,6,242,228,229,233,235,-8,-9,-7,-5
12759,Odaph,47,36,11,4,74,53,18,9,242,121,153,213,229,-27,-17,-7,-5
16675,Rsph14,32,21,3,0,53,32,10,4,242,157,189,229,238,-21,-11,-7,-4
8337,H1f2,32,22,10,6,105,58,17,7,242,105,162,215,229,-73,-36,-7,-1
16672,Rslcan18,85,61,8,2,60,48,15,4,242,97,133,219,236,25,13,-7,-2
12745,Oc90,35,21,3,1,41,29,10,1,242,166,192,229,240,-6,-8,-7,0
10669,Lrrc71,44,23,6,0,57,37,13,6,242,141,182,223,236,-13,-14,-7,-6
7409,Gm36028,72,56,9,4,61,47,16,7,242,109,139,217,231,11,9,-7,-3
17610,Slc29a2,37,18,0,0,63,35,7,0,242,142,189,235,242,-26,-17,-7,0
7108,Gm20852,2,1,0,0,9,9,7,6,242,231,232,235,236,-7,-8,-7,-6
7100,Gm20828,2,1,0,0,13,12,7,4,242,227,229,235,238,-11,-11,-7,-4
17602,Slc27a4,40,19,2,2,49,23,9,0,242,153,200,231,240,-9,-4,-7,2
18468,Stag2,41,22,3,2,53,32,10,7,242,148,188,229,233,-12,-10,-7,-5
8393,H2ac20,47,39,12,9,72,56,19,10,242,123,147,211,223,-25,-17,-7,-1
7077,Gm20736,10,10,7,6,18,17,14,8,242,214,215,221,228,-8,-7,-7,-2
15959,Rasa3,38,14,1,0,71,47,8,4,242,133,181,233,238,-33,-33,-7,-4
15958,Rasa2,38,13,3,2,66,31,10,2,242,138,198,229,238,-28,-18,-7,0
16693,Rtel1,26,16,5,1,81,51,12,6,242,135,175,225,235,-55,-35,-7,-5
12076,Nckap5l,46,32,5,0,83,48,12,3,242,113,162,225,239,-37,-16,-7,-3
12778,Ogfr,32,14,2,2,54,31,9,1,242,156,197,231,239,-22,-17,-7,1
16692,Rtcb,27,16,2,2,36,24,9,7,242,179,202,231,233,-9,-8,-7,-5
7091,Gm20815,3,2,1,0,11,11,8,5,242,228,229,233,237,-8,-9,-7,-5
7850,Gm8857,5,4,3,1,14,14,10,7,242,223,224,229,234,-9,-10,-7,-6
12085,Ncoa5,28,20,2,2,61,31,9,1,242,153,191,231,239,-33,-11,-7,1
12781,Ogn,58,35,8,3,62,37,15,8,242,122,170,219,231,-4,-2,-7,-5
10642,Lrrc39,55,26,2,0,61,34,9,2,242,126,182,231,240,-6,-8,-7,-2
13292,Olfr2,39,19,1,0,55,33,8,3,242,148,190,233,239,-16,-14,-7,-3
6982,Gm17124,6,6,3,0,20,17,10,5,242,216,219,229,237,-14,-11,-7,-5
7129,Gm20924,4,3,1,0,13,13,8,6,242,225,226,233,236,-9,-10,-7,-6
13751,Olfr750,19,5,0,0,25,11,7,4,242,198,226,235,238,-6,-6,-7,-4
10409,Lep,20,12,4,1,27,21,11,1,242,195,209,227,240,-7,-9,-7,0
13734,Olfr733,32,14,2,1,36,25,9,2,242,174,203,231,239,-4,-11,-7,-1
13732,Olfr731,34,11,0,0,55,34,7,3,242,153,197,235,239,-21,-23,-7,-3
16809,Samd7,28,16,0,0,37,24,7,5,242,177,202,235,237,-9,-8,-7,-5
15386,Prmt5,28,13,2,2,36,23,9,2,242,178,206,231,238,-8,-10,-7,0
15387,Prmt6,30,12,3,1,77,48,10,2,242,135,182,229,239,-47,-36,-7,-1
11346,Mip,37,18,2,0,53,33,9,3,242,152,191,231,239,-16,-15,-7,-3
18573,Stx12,41,18,2,2,47,27,9,2,242,154,197,231,238,-6,-9,-7,0
17492,Slc18a2,24,9,1,0,59,29,8,1,242,159,204,233,241,-35,-20,-7,-1
13677,Olfr676,45,19,1,1,59,37,8,3,242,138,186,233,238,-14,-18,-7,-2
13674,Olfr671,47,25,2,0,69,35,9,2,242,126,182,231,240,-22,-10,-7,-2
7469,Gm42669,44,24,5,3,68,40,12,4,242,130,178,225,235,-24,-16,-7,-1
15401,Prok2,40,29,6,2,45,38,13,8,242,157,175,223,232,-5,-9,-7,-6
13650,Olfr646,38,23,3,0,61,42,10,3,242,143,177,229,239,-23,-19,-7,-3
11312,Micos13,29,16,3,2,44,26,10,3,242,169,200,229,237,-15,-10,-7,-1
6889,Gm13941,0,0,0,0,10,10,7,4,242,232,232,235,238,-10,-10,-7,-4
15839,Rab40b,43,24,1,0,65,33,8,3,242,134,185,233,239,-22,-9,-7,-3
6979,Gm17079,15,15,10,3,24,23,17,10,242,203,204,215,229,-9,-8,-7,-7
7479,Gm4297,17,11,1,0,48,20,8,3,242,177,211,233,239,-31,-9,-7,-3
15345,Prkg1,32,12,1,0,57,33,8,2,242,153,197,233,240,-25,-21,-7,-2
15348,Prkra,39,24,3,2,48,35,10,3,242,155,183,229,237,-9,-11,-7,-1
10390,Ldlrad3,39,25,7,2,70,44,14,3,242,133,173,221,237,-31,-19,-7,-1
11945,Myrip,64,36,7,1,54,40,14,4,242,124,166,221,237,10,-4,-7,-3
7484,Gm43191,44,40,31,23,41,40,38,16,242,157,162,173,203,3,0,-7,7
7809,Gm8082,2,2,0,0,17,15,7,7,242,223,225,235,235,-15,-13,-7,-7
18133,Spaca4,27,24,11,4,43,38,18,10,242,172,180,213,228,-16,-14,-7,-6
6866,Gm13271,14,13,10,2,24,23,17,7,242,204,206,215,233,-10,-10,-7,-5
17477,Slc16a5,40,20,5,2,78,43,12,3,242,124,179,225,237,-38,-23,-7,-1
11372,Mlf2,44,27,2,2,32,20,9,2,242,166,195,231,238,12,7,-7,0
13768,Olfr775,43,22,1,0,58,33,8,3,242,141,187,233,239,-15,-11,-7,-3
16821,Samt4,1,0,0,0,9,9,7,6,242,232,233,235,236,-8,-9,-7,-6
16819,Samt2b,5,4,1,1,19,19,8,7,242,218,219,233,234,-14,-15,-7,-6
17478,Slc16a6,45,25,4,1,84,49,11,3,242,113,168,227,238,-39,-24,-7,-2
15362,Prl3d2,10,8,3,2,17,15,10,4,242,215,219,229,236,-7,-7,-7,-2
15408,Prorp,31,17,3,2,64,45,10,4,242,147,180,229,236,-33,-28,-7,-2
13613,Olfr607,47,20,1,0,57,28,8,2,242,138,194,233,240,-10,-8,-7,-2
11281,Mgat1,27,16,2,2,76,45,9,1,242,139,181,231,239,-49,-29,-7,1
16799,Samd10,17,7,2,2,72,44,9,2,242,153,191,231,238,-55,-37,-7,0
17892,Smc5,37,15,3,2,46,31,10,2,242,159,196,229,238,-9,-16,-7,0
11271,Mfsd5,37,21,2,2,62,42,9,3,242,143,179,231,237,-25,-21,-7,-1
18547,Ston2,49,26,4,2,54,36,11,2,242,139,180,227,238,-5,-10,-7,0
16367,Rnase6,47,32,3,1,52,37,10,5,242,143,173,229,236,-5,-5,-7,-4
7829,Gm8247,13,8,2,0,16,16,9,8,242,213,218,231,234,-3,-8,-7,-8
7459,Gm4125,12,10,4,3,21,21,11,7,242,209,211,227,232,-9,-11,-7,-4
10516,Lmbr1l,28,7,2,2,68,45,9,2,242,146,190,231,238,-40,-38,-7,0
13358,Olfr30,44,18,1,0,56,30,8,0,242,142,194,233,242,-12,-12,-7,0
10534,Lmod2,19,7,0,0,42,26,7,1,242,181,209,235,241,-23,-19,-7,-1
18536,Stmn1,44,23,6,3,46,32,13,8,242,152,187,223,231,-2,-9,-7,-5
6964,Gm16405,9,9,5,3,17,16,12,7,242,216,217,225,232,-8,-7,-7,-4
8502,Has3,41,16,2,0,60,39,9,2,242,141,187,231,240,-19,-23,-7,-2
6967,Gm16440,11,11,3,0,19,18,10,5,242,212,213,229,237,-8,-7,-7,-5
7442,Gm3839,50,30,5,1,56,37,12,7,242,136,175,225,234,-6,-7,-7,-6
6976,Gm17027,4,3,0,0,9,9,7,4,242,229,230,235,238,-5,-6,-7,-4
6932,Gm14819,3,1,0,0,10,10,7,6,242,229,231,235,236,-7,-9,-7,-6
17535,Slc23a4,34,16,1,1,70,43,8,2,242,138,183,233,239,-36,-27,-7,-1
6926,Gm14525,3,3,2,2,11,11,9,7,242,228,228,231,233,-8,-8,-7,-5
10466,Limch1,30,13,5,2,69,48,12,2,242,143,181,225,238,-39,-35,-7,0
6915,Gm14409,70,50,13,10,70,43,20,11,242,102,149,209,221,0,7,-7,-1
13526,Olfr51,36,15,1,0,49,32,8,3,242,157,195,233,239,-13,-17,-7,-3
10437,Lhb,44,27,5,1,67,46,12,7,242,131,169,225,234,-23,-19,-7,-6
16356,Rmnd1,40,17,4,2,60,35,11,3,242,142,190,227,237,-20,-18,-7,-1
11276,Mfsd9,30,14,3,1,85,62,10,1,242,127,166,229,240,-55,-48,-7,0
8575,Heatr9,32,9,1,0,51,32,8,3,242,159,201,233,239,-19,-23,-7,-3
16789,Sacs,33,13,1,0,50,30,8,2,242,159,199,233,240,-17,-17,-7,-2
10481,Lin9,36,14,4,0,61,36,11,6,242,145,192,227,236,-25,-22,-7,-6
6923,Gm14444,55,49,18,9,81,62,25,13,242,106,131,199,220,-26,-13,-7,-4
17518,Slc22a21,41,20,6,0,83,56,13,6,242,118,166,223,236,-42,-36,-7,-6
16788,Sacm1l,45,25,4,2,49,24,11,9,242,148,193,227,231,-4,1,-7,-7
16786,Saal1,23,9,1,0,61,35,8,3,242,158,198,233,239,-38,-26,-7,-3
13420,Olfr374,37,13,0,0,47,26,7,5,242,158,203,235,237,-10,-13,-7,-5
17893,Smc6,33,18,2,2,55,38,9,3,242,154,186,231,237,-22,-20,-7,-1
12714,Oard1,27,12,2,2,50,32,9,6,242,165,198,231,234,-23,-20,-7,-4
10687,Lrriq3,48,24,4,0,67,50,11,2,242,127,168,227,240,-19,-26,-7,-2
7493,Gm43720,32,13,2,0,47,27,9,1,242,163,202,231,241,-15,-14,-7,-1
12509,Nr2c1,30,15,2,1,69,41,9,1,242,143,186,231,240,-39,-26,-7,0
7908,Gmnc,36,22,4,1,50,40,11,2,242,156,180,227,239,-14,-18,-7,-1
12506,Nr1h5,34,17,1,0,46,30,8,3,242,162,195,233,239,-12,-13,-7,-3
17756,Slc66a1,39,19,3,2,64,41,10,3,242,139,182,229,237,-25,-22,-7,-1
11135,Mecom,37,21,7,2,74,47,14,4,242,131,174,221,236,-37,-26,-7,-2
11134,Meak7,51,30,3,2,66,39,10,3,242,125,173,229,237,-15,-9,-7,-1
18275,Spopfm3,19,16,2,0,30,24,9,5,242,193,202,231,237,-11,-8,-7,-5
15742,Pwwp4d,15,5,0,0,42,24,7,4,242,185,213,235,238,-27,-19,-7,-4
8049,Gpr139,13,9,0,0,27,20,7,3,242,202,213,235,239,-14,-11,-7,-3
12488,Nptxr,39,11,0,0,47,21,7,1,242,156,210,235,241,-8,-10,-7,-1
10931,Map2k5,28,17,3,2,61,32,10,2,242,153,193,229,238,-33,-15,-7,0
15869,Rabl3,28,15,2,2,58,33,9,6,242,156,194,231,234,-30,-18,-7,-4
15749,Pxt1,45,40,15,6,48,42,22,11,242,149,160,205,225,-3,-2,-7,-5
17764,Slc6a16,27,16,3,2,38,26,10,5,242,177,200,229,235,-11,-10,-7,-3
15867,Rabif,29,15,2,2,55,32,9,5,242,158,195,231,235,-26,-17,-7,-3
16529,Rpl22l1,41,18,4,2,56,36,11,6,242,145,188,227,234,-15,-18,-7,-4
12201,Nemp2,47,24,1,1,64,32,8,4,242,131,186,233,237,-17,-8,-7,-3
8062,Gpr156,16,8,0,0,58,32,7,4,242,168,202,235,238,-42,-24,-7,-4
7313,Gm29427,44,32,5,3,45,33,12,3,242,153,177,225,236,-1,-1,-7,0
18203,Speer2,10,7,1,0,22,22,8,4,242,210,213,233,238,-12,-15,-7,-4
12533,Nrd1,30,15,2,2,40,21,9,2,242,172,206,231,238,-10,-6,-7,0
17835,Slfn8,48,25,4,0,74,47,11,3,242,120,170,227,239,-26,-22,-7,-3
10816,Lzts1,53,32,4,1,61,36,11,1,242,128,174,227,240,-8,-4,-7,0
15717,Puf60,26,15,3,3,47,28,10,7,242,169,199,229,232,-21,-13,-7,-4
8125,Gpsm1,50,29,3,0,56,35,10,3,242,136,178,229,239,-6,-6,-7,-3
15903,Rag2,25,11,2,0,49,31,9,3,242,168,200,231,239,-24,-20,-7,-3
15887,Rad51b,42,20,1,0,70,42,8,2,242,130,180,233,240,-28,-22,-7,-2
7905,Gmip,50,28,5,1,58,32,12,3,242,134,182,225,238,-8,-4,-7,-2
18287,Spred3,44,21,1,0,59,33,8,2,242,139,188,233,240,-15,-12,-7,-2
15881,Rad23a,26,14,2,2,52,33,9,4,242,164,195,231,236,-26,-19,-7,-2
10832,Macroh2a2,43,22,2,1,69,45,9,2,242,130,175,231,239,-26,-23,-7,-1
12200,Nemp1,32,14,2,0,70,38,9,3,242,140,190,231,239,-38,-24,-7,-3
10860,Mageb1,21,16,4,0,26,25,11,2,242,195,201,227,240,-5,-9,-7,-2
18201,Specc1l,29,16,2,2,49,28,9,3,242,164,198,231,237,-20,-12,-7,-1
18281,Sppl2b,24,12,2,2,79,51,9,4,242,139,179,231,236,-55,-39,-7,-2
12459,Npepl1,29,17,4,2,50,29,11,3,242,163,196,227,237,-21,-12,-7,-1
17775,Slc6a6,28,14,2,2,75,48,9,5,242,139,180,231,235,-47,-34,-7,-3
17776,Slc6a7,24,14,0,0,46,30,7,2,242,172,198,235,240,-22,-16,-7,-2
12426,Nop9,25,15,3,3,63,36,10,2,242,154,191,229,237,-38,-21,-7,1
17815,Slco1a5,40,25,2,0,48,31,9,1,242,154,186,231,241,-8,-6,-7,-1
12350,Nlrp14,6,3,0,0,20,16,7,3,242,216,223,235,239,-14,-13,-7,-3
15810,Rab24,35,18,3,2,53,29,10,5,242,154,195,229,235,-18,-11,-7,-3
11049,Mbip,37,21,2,2,70,44,9,5,242,135,177,231,235,-33,-23,-7,-3
12324,Nktr,30,16,3,2,66,37,10,3,242,146,189,229,237,-36,-21,-7,-1
7373,Gm3327,3,3,2,1,21,20,9,6,242,218,219,231,235,-18,-17,-7,-5
7943,Gng3,38,19,3,1,62,40,10,1,242,142,183,229,240,-24,-21,-7,0
12305,Nipsnap3a,4,4,1,0,13,13,8,6,242,225,225,233,236,-9,-9,-7,-6
11064,Mbtps2,44,24,3,2,64,40,10,4,242,134,178,229,236,-20,-16,-7,-2
12296,Nipa1,35,22,4,0,67,32,11,4,242,140,188,227,238,-32,-10,-7,-4
11074,Mccc2,34,19,2,2,59,35,9,3,242,149,188,231,237,-25,-16,-7,-1
18226,Sphk2,39,20,2,2,55,29,9,2,242,148,193,231,238,-16,-9,-7,0
15837,Rab3il1,54,29,3,2,57,31,10,1,242,131,182,229,239,-3,-2,-7,1
7385,Gm3409,3,3,2,0,10,10,9,9,242,229,229,231,233,-7,-7,-7,-9
12290,Nim1k,22,6,0,0,74,42,7,1,242,146,194,235,241,-52,-36,-7,-1
7923,Gnal,41,23,4,1,65,46,11,4,242,136,173,227,237,-24,-23,-7,-3
7957,Gnpda2,26,14,5,3,73,42,12,7,242,143,186,225,232,-47,-28,-7,-4
12268,Ngly1,33,16,3,2,59,35,10,8,242,150,191,229,232,-26,-19,-7,-6
17825,Slco6c1,33,18,5,1,52,35,12,7,242,157,189,225,234,-19,-17,-7,-6
8006,Gpatch2,32,15,2,2,64,39,9,2,242,146,188,231,238,-32,-24,-7,0
16512,Rpia,35,15,3,2,57,32,10,3,242,150,195,229,237,-22,-17,-7,-1
10969,Mapk12,42,26,3,0,62,35,10,1,242,138,181,229,241,-20,-9,-7,-1
8004,Gpatch1,29,15,3,1,64,39,10,2,242,149,188,229,239,-35,-24,-7,-1
17783,Slc7a13,35,20,4,2,54,42,11,1,242,153,180,227,239,-19,-22,-7,1
8001,Gpat2,37,15,1,0,56,34,8,4,242,149,193,233,238,-19,-19,-7,-4
12379,Nmnat1,35,18,2,2,43,25,9,2,242,164,199,231,238,-8,-7,-7,0
12264,Ngdn,41,19,2,2,27,19,9,7,242,174,204,231,233,14,0,-7,-5
7353,Gm3164,17,14,4,1,33,23,11,8,242,192,205,227,233,-16,-9,-7,-7
7990,Gp1ba,43,22,4,2,49,29,11,4,242,150,191,227,236,-6,-7,-7,-2
11130,Me2,44,25,5,3,49,27,12,9,242,149,190,225,230,-5,-2,-7,-6
18253,Spinkl,9,8,5,3,16,14,12,5,242,217,220,225,234,-7,-6,-7,-2
7922,Gnai3,47,25,2,2,39,24,9,3,242,156,193,231,237,8,1,-7,-1
17790,Slc7a6,51,21,3,2,66,35,10,4,242,125,186,229,236,-15,-14,-7,-2
7315,Gm2956,17,14,6,4,31,29,13,9,242,194,199,223,229,-14,-15,-7,-5
8127,Gpsm3,46,26,4,1,64,38,11,5,242,132,178,227,236,-18,-12,-7,-4
16407,Rnf146,44,16,2,2,46,27,9,4,242,152,199,231,236,-2,-11,-7,-2
11178,Megf9,47,21,3,2,73,46,10,4,242,122,175,229,236,-26,-25,-7,-2
8258,Gtdc1,36,15,2,1,61,29,9,3,242,145,198,231,238,-25,-14,-7,-2
15629,Pter,41,27,9,4,59,44,16,10,242,142,171,217,228,-18,-17,-7,-6
15917,Ralyl,31,21,2,1,36,24,9,2,242,175,197,231,239,-5,-3,-7,-1
8252,Gstt2,38,16,4,4,79,38,11,4,242,125,188,227,234,-41,-22,-7,0
10718,Lsm8,38,17,3,2,57,28,10,5,242,147,197,229,235,-19,-11,-7,-3
7888,Gm9758,15,13,3,1,21,18,10,7,242,206,211,229,234,-6,-5,-7,-6
12656,Numbl,46,25,0,0,50,28,7,2,242,146,189,235,240,-4,-3,-7,-2
16633,Rpusd1,38,17,1,0,72,44,8,2,242,132,181,233,240,-34,-27,-7,-2
7404,Gm3550,43,22,4,2,73,49,11,5,242,126,171,227,235,-30,-27,-7,-3
18365,Srp9,28,15,3,2,42,24,10,4,242,172,203,229,236,-14,-9,-7,-2
10747,Luzp1,52,22,2,2,51,23,9,3,242,139,197,231,237,1,-1,-7,-1
7196,Gm21830,13,11,9,9,16,16,16,16,242,213,215,217,217,-3,-5,-7,-7
18193,Spcs3,41,18,2,2,68,44,9,1,242,133,180,231,239,-27,-26,-7,1
12646,Nudt6,42,22,3,2,72,46,10,2,242,128,174,229,238,-30,-24,-7,0
10749,Luzp4,21,13,4,0,27,24,11,7,242,194,205,227,235,-6,-11,-7,-7
17667,Slc35g2,37,28,1,0,56,41,8,2,242,149,173,233,240,-19,-13,-7,-2
15923,Ranbp1,38,19,2,2,43,18,9,3,242,161,205,231,237,-5,1,-7,-1
8138,Gramd1a,48,21,3,3,47,27,10,5,242,147,194,229,234,1,-6,-7,-2
8271,Gtf2h5,37,19,3,3,41,25,10,8,242,164,198,229,231,-4,-6,-7,-5
12698,Nxpe2,37,27,5,0,91,59,12,3,242,114,156,225,239,-54,-32,-7,-3
12120,Ndufa5,28,17,2,2,53,30,9,9,242,161,195,231,231,-25,-13,-7,-7
7139,Gm21118,3,2,0,0,10,10,7,5,242,229,230,235,237,-7,-8,-7,-5
8292,Gtsf2,4,4,2,0,14,13,9,8,242,224,225,231,234,-10,-9,-7,-8
18401,Ssbp4,37,24,4,3,48,24,11,5,242,157,194,227,234,-11,0,-7,-2
10708,Lsm11,45,19,1,0,56,37,8,2,242,141,186,233,240,-11,-18,-7,-2
7158,Gm21425,1,1,0,0,10,9,7,7,242,231,232,235,235,-9,-8,-7,-7
16648,Rrm2,51,24,6,2,88,57,13,8,242,103,161,223,232,-37,-33,-7,-6
11181,Meig1,38,27,16,4,53,42,23,13,242,151,173,203,225,-15,-15,-7,-9
18388,Srsf6,30,14,2,2,45,26,9,2,242,167,202,231,238,-15,-12,-7,0
8284,Gtpbp2,39,19,3,3,68,47,10,3,242,135,176,229,236,-29,-28,-7,0
7163,Gm21586,11,10,10,7,19,18,17,16,242,212,214,215,219,-8,-8,-7,-9
12128,Ndufaf3,39,25,6,3,62,35,13,2,242,141,182,223,237,-23,-10,-7,1
17653,Slc35d1,30,14,2,1,64,42,9,3,242,148,186,231,238,-34,-28,-7,-2
8276,Gtf3c1,32,18,3,2,68,34,10,4,242,142,190,229,236,-36,-16,-7,-2
12621,Nucb2,42,23,4,2,45,20,11,7,242,155,199,227,233,-3,3,-7,-5
18355,Srl,33,22,3,0,93,60,10,2,242,116,160,229,240,-60,-38,-7,-2
8234,Gsta3,54,33,4,3,55,39,11,6,242,133,170,227,233,-1,-6,-7,-3
12143,Ndufb7,23,12,2,2,45,24,9,6,242,174,206,231,234,-22,-12,-7,-4
17706,Slc41a2,52,33,6,2,78,52,13,4,242,112,157,223,236,-26,-19,-7,-2
10797,Lyrm1,34,21,5,3,68,42,12,2,242,140,179,225,237,-34,-21,-7,1
18312,Spryd7,25,16,3,2,57,30,10,2,242,160,196,229,238,-32,-14,-7,0
10803,Lysmd2,52,30,2,0,59,39,9,1,242,131,173,231,241,-7,-9,-7,-1
11155,Med24,33,12,2,2,75,41,9,4,242,134,189,231,236,-42,-29,-7,-2
12559,Nsa2,29,14,4,3,41,22,11,4,242,172,206,227,235,-12,-8,-7,-1
8142,Gramd3,45,20,3,2,59,37,10,4,242,138,185,229,236,-14,-17,-7,-2
12551,Nrp2,43,15,2,2,58,38,9,1,242,141,189,231,239,-15,-23,-7,1
8140,Gramd1c,28,16,2,0,73,47,9,4,242,141,179,231,238,-45,-31,-7,-4
7292,Gm28710,15,7,1,0,28,19,8,5,242,199,216,233,237,-13,-12,-7,-5
16586,Rps11,34,17,6,4,40,24,13,6,242,168,201,223,232,-6,-7,-7,-2
12536,Nrf1,37,18,2,2,51,29,9,3,242,154,195,231,237,-14,-11,-7,-1
7297,Gm2888,11,8,2,0,21,16,9,8,242,210,218,231,234,-10,-8,-7,-8
16582,Rprd2,30,14,2,2,54,30,9,4,242,158,198,231,236,-24,-16,-7,-2
10815,Lztr1,21,13,3,2,48,26,10,2,242,173,203,229,238,-27,-13,-7,0
12570,Nsmaf,22,11,2,2,73,43,9,3,242,147,188,231,237,-51,-32,-7,-1
12147,Ndufc2,37,21,4,3,48,31,11,7,242,157,190,227,232,-11,-10,-7,-4
15691,Ptpre,34,23,4,1,67,44,11,4,242,141,175,227,237,-33,-21,-7,-3
12577,Nsun2,30,17,2,2,47,23,9,3,242,165,202,231,237,-17,-6,-7,-1
7207,Gm21882,7,6,0,0,16,15,7,3,242,219,221,235,239,-9,-9,-7,-3
12617,Nubp1,27,13,3,3,65,37,10,8,242,150,192,229,231,-38,-24,-7,-5
16618,Rps6ka1,28,18,3,2,81,46,10,0,242,133,178,229,240,-53,-28,-7,2
10771,Ly6m,60,37,8,1,69,43,15,9,242,113,162,219,232,-9,-6,-7,-8
18194,Spdef,40,26,3,0,68,48,10,4,242,134,168,229,238,-28,-22,-7,-4
7889,Gm9774,52,43,17,7,61,52,24,13,242,129,147,201,222,-9,-9,-7,-6
16608,Rps27a,36,19,3,3,44,25,10,5,242,162,198,229,234,-8,-6,-7,-2
10796,Lyplal1,42,26,6,2,52,30,13,5,242,148,186,223,235,-10,-4,-7,-3
7243,Gm266,27,14,2,0,58,37,9,3,242,157,191,231,239,-31,-23,-7,-3
10783,Lypd10,5,5,2,1,27,24,9,6,242,210,213,231,235,-22,-19,-7,-5
7250,Gm26920,52,45,21,11,69,57,28,17,242,121,140,193,214,-17,-12,-7,-6
16418,Rnf169,37,22,2,2,65,43,9,2,242,140,177,231,238,-28,-21,-7,0
16602,Rps23,33,15,4,3,43,27,11,6,242,166,200,227,233,-10,-12,-7,-3
8183,Grk1,35,13,0,0,60,33,7,3,242,147,196,235,239,-25,-20,-7,-3
8664,Hivep3,42,20,0,0,53,28,7,0,242,147,194,235,242,-11,-8,-7,0
7387,Gm3415,6,6,2,1,12,11,9,9,242,224,225,231,232,-6,-5,-7,-8
17915,Smim14,31,15,4,3,56,33,11,3,242,155,194,227,236,-25,-18,-7,0
18038,Snx14,21,9,2,2,62,34,9,5,242,159,199,231,235,-41,-25,-7,-3
7640,Gm50367,47,32,15,4,78,60,22,18,242,117,150,205,220,-31,-28,-7,-14
14764,Pkp1,43,20,0,0,58,28,7,3,242,141,194,235,239,-15,-8,-7,-3
14404,Pde6d,36,21,6,6,60,36,13,8,242,146,185,223,228,-24,-15,-7,-2
9141,Ighv1-76,8,7,6,4,19,18,13,8,242,215,217,223,230,-11,-11,-7,-4
9147,Ighv1-84,12,7,4,3,18,15,11,9,242,212,220,227,230,-6,-8,-7,-6
17277,Sh2d3c,45,21,3,0,67,43,10,3,242,130,178,229,239,-22,-22,-7,-3
15119,Ppm1a,37,19,5,5,46,26,12,8,242,159,197,225,229,-9,-7,-7,-3
9947,Kif23,57,30,3,1,76,50,10,4,242,109,162,229,237,-19,-20,-7,-3
9151,Ighv10-3,7,7,5,2,20,19,12,11,242,215,216,225,229,-13,-12,-7,-9
14429,Pdik1l,42,23,7,3,63,39,14,7,242,137,180,221,232,-21,-16,-7,-4
16980,Sdad1,30,12,3,1,65,44,10,4,242,147,186,229,237,-35,-32,-7,-3
18776,Tab1,28,14,2,1,83,59,9,4,242,131,169,231,237,-55,-45,-7,-3
11547,Mrnip,27,15,4,4,79,46,11,4,242,136,181,227,234,-52,-31,-7,0
6022,Fgf3,16,10,3,0,32,22,10,3,242,194,210,229,239,-16,-12,-7,-3
9927,Kif11,41,19,1,0,71,38,8,1,242,130,185,233,241,-30,-19,-7,-1
16992,Sdha,23,14,3,2,46,29,10,4,242,173,199,229,236,-23,-15,-7,-2
6378,Galk1,17,10,2,2,67,31,9,4,242,158,201,231,236,-50,-21,-7,-2
6367,Gadl1,57,36,2,0,53,29,9,4,242,132,177,231,238,4,7,-7,-4
14758,Pkmyt1,40,23,1,0,53,33,8,3,242,149,186,233,239,-13,-10,-7,-3
11723,Mtbp,31,20,2,0,62,36,9,5,242,149,186,231,237,-31,-16,-7,-5
14445,Pdpr,37,20,4,2,79,46,11,7,242,126,176,227,233,-42,-26,-7,-5
9719,Jph3,39,23,3,1,42,25,10,3,242,161,194,229,238,-3,-2,-7,-2
9923,Khk,35,22,2,2,54,27,9,3,242,153,193,231,237,-19,-5,-7,-1
14459,Pdzd4,42,20,0,0,54,26,7,2,242,146,196,235,240,-12,-6,-7,-2
9285,Igkv4-90,9,8,8,7,24,21,15,10,242,209,213,219,225,-15,-13,-7,-3
15093,Ppdpf,41,24,5,2,52,32,12,9,242,149,186,225,231,-11,-8,-7,-7
15091,Ppcdc,41,20,4,3,40,23,11,5,242,161,199,227,234,1,-3,-7,-2
9918,Khdc3,33,24,5,0,39,26,12,4,242,170,192,225,238,-6,-2,-7,-4
15080,Pp2d1,47,24,1,0,57,44,8,2,242,138,174,233,240,-10,-20,-7,-2
18033,Snx1,30,14,2,2,50,29,9,6,242,162,199,231,234,-20,-15,-7,-4
6443,Gatb,31,21,4,2,43,27,11,4,242,168,194,227,236,-12,-6,-7,-2
6021,Fgf23,28,16,2,1,62,44,9,2,242,152,182,231,239,-34,-28,-7,-1
9968,Kifc1,46,24,6,4,67,40,13,5,242,129,178,223,233,-21,-16,-7,-1
6447,Gatm,45,27,6,4,52,35,13,11,242,145,180,223,227,-7,-8,-7,-7
11488,Mplkip,33,14,3,2,65,36,10,4,242,144,192,229,236,-32,-22,-7,-2
9754,Katnal2,52,34,6,1,71,46,13,4,242,119,162,223,237,-19,-12,-7,-3
11492,Mpp2,45,24,0,0,41,27,7,1,242,156,191,235,241,4,-3,-7,-1
11644,Ms4a12,53,27,0,0,58,37,7,2,242,131,178,235,240,-5,-10,-7,-2
6537,Gfra2,45,28,0,0,56,34,7,2,242,141,180,235,240,-11,-6,-7,-2
18731,Sypl,28,14,4,2,64,27,11,3,242,150,201,227,237,-36,-13,-7,-1
6527,Gfer,32,14,4,2,40,23,11,2,242,170,205,227,238,-8,-9,-7,0
9019,Ifnar1,40,21,3,3,62,36,10,2,242,140,185,229,237,-22,-15,-7,1
16260,Rhot1,32,12,2,2,53,26,9,5,242,157,204,231,235,-21,-14,-7,-3
18735,Syt10,11,6,0,0,38,24,7,1,242,193,212,235,241,-27,-18,-7,-1
7761,Gm6882,50,36,9,2,76,53,16,3,242,116,153,217,237,-26,-17,-7,-1
17092,Senp8,42,23,3,2,85,56,10,4,242,115,163,229,236,-43,-33,-7,-2
9035,Ift172,50,27,5,2,50,34,12,6,242,142,181,225,234,0,-7,-7,-4
9036,Ift20,32,13,2,2,36,23,9,3,242,174,206,231,237,-4,-10,-7,-1
14908,Plxdc1,34,17,3,2,70,43,10,4,242,138,182,229,236,-36,-26,-7,-2
11514,Mrap2,45,29,2,1,61,30,9,6,242,136,183,231,235,-16,-1,-7,-5
6513,Gdpd5,49,25,3,1,64,39,10,0,242,129,178,229,241,-15,-14,-7,1
11536,Mrgpre,41,25,1,0,68,42,8,0,242,133,175,233,242,-27,-17,-7,0
14391,Pde1c,32,17,3,1,47,29,10,5,242,163,196,229,236,-15,-12,-7,-4
11737,Mtfp1,36,14,2,2,56,39,9,0,242,150,189,231,240,-20,-25,-7,2
16250,Rhobtb1,27,12,2,2,82,54,9,5,242,133,176,231,235,-55,-42,-7,-3
7628,Gm49776,31,25,20,13,41,35,27,21,242,170,182,195,208,-10,-10,-7,-8
17954,Smpd4,42,26,6,3,64,39,13,6,242,136,177,223,233,-22,-13,-7,-3
7687,Gm5622,26,17,0,0,40,31,7,5,242,176,194,235,237,-14,-14,-7,-5
6487,Gcnt4,37,25,1,0,63,35,8,3,242,142,182,233,239,-26,-10,-7,-3
7634,Gm49948,18,17,6,2,34,33,13,5,242,190,192,223,235,-16,-16,-7,-3
16115,Reck,30,16,3,0,70,40,10,3,242,142,186,229,239,-40,-24,-7,-3
18928,Tbc1d7,33,19,4,2,70,41,11,4,242,139,182,227,236,-37,-22,-7,-2
14775,Pla2g2c,19,13,1,0,53,36,8,4,242,170,193,233,238,-34,-23,-7,-4
17251,Sgf29,35,17,3,3,46,27,10,4,242,161,198,229,235,-11,-10,-7,-1
18922,Tbc1d2b,55,30,6,2,65,44,13,6,242,122,168,223,234,-10,-14,-7,-4
14373,Pdcd10,30,18,4,2,55,34,11,4,242,157,190,227,236,-25,-16,-7,-2
11583,Mrpl35,30,12,2,2,55,31,9,2,242,157,199,231,238,-25,-19,-7,0
14608,Phka2,35,18,6,4,54,33,13,7,242,153,191,223,231,-19,-15,-7,-3
9824,Kcnj6,29,14,3,1,45,29,10,4,242,168,199,229,237,-16,-15,-7,-3
6130,Fnbp1l,30,18,2,2,47,24,9,3,242,165,200,231,237,-17,-6,-7,-1
9499,Insig2,38,23,5,2,67,39,12,6,242,137,180,225,234,-29,-16,-7,-4
11655,Ms4a4c,55,45,16,4,52,42,23,7,242,135,155,203,231,3,3,-7,-3
17036,Sec61g,32,18,5,5,39,24,12,6,242,171,200,225,231,-7,-6,-7,-1
14633,Phykpl,38,17,2,2,59,28,9,1,242,145,197,231,239,-21,-11,-7,1
17039,Secisbp2,23,8,2,2,55,30,9,1,242,164,204,231,239,-32,-22,-7,1
14643,Pias3,39,20,3,2,63,41,10,3,242,140,181,229,237,-24,-21,-7,-1
6114,Fmnl2,41,24,2,2,49,31,9,2,242,152,187,231,238,-8,-7,-7,0
9795,Kcnf1,32,12,4,1,57,30,11,3,242,153,200,227,238,-25,-18,-7,-2
17049,Selenbp2,56,48,18,9,71,57,25,10,242,115,137,199,223,-15,-9,-7,-1
6107,Flvcr2,43,23,3,2,57,38,10,2,242,142,181,229,238,-14,-15,-7,0
17050,Selenof,30,15,2,2,39,25,9,5,242,173,202,231,235,-9,-10,-7,-3
11588,Mrpl4,27,10,2,2,44,28,9,5,242,171,204,231,235,-17,-18,-7,-3
17248,Sgce,51,32,4,2,34,21,11,5,242,157,189,227,235,17,11,-7,-3
7678,Gm5460,25,10,0,0,47,26,7,4,242,170,206,235,238,-22,-16,-7,-4
9463,Incenp,36,21,1,0,86,52,8,3,242,120,169,233,239,-50,-31,-7,-3
17053,Selenok,29,14,3,2,34,18,10,5,242,179,210,229,235,-5,-4,-7,-3
9469,Ing5,19,6,2,2,73,47,9,7,242,150,189,231,233,-54,-41,-7,-5
14955,Pnoc,35,24,5,0,70,52,12,2,242,137,166,225,240,-35,-28,-7,-2
14681,Pik3c2b,39,17,0,0,57,28,7,1,242,146,197,235,241,-18,-11,-7,-1
14685,Pik3cb,29,20,2,2,63,30,9,4,242,150,192,231,236,-34,-10,-7,-2
14690,Pik3r2,40,21,4,4,66,46,11,6,242,136,175,227,232,-26,-25,-7,-2
9767,Kbtbd7,34,15,2,2,58,25,9,0,242,150,202,231,240,-24,-10,-7,2
6076,Fkbp2,32,17,2,2,43,26,9,2,242,167,199,231,238,-11,-9,-7,0
9749,Kat6b,33,22,4,2,58,33,11,4,242,151,187,227,236,-25,-11,-7,-2
17059,Selenot,30,17,2,2,49,28,9,3,242,163,197,231,237,-19,-11,-7,-1
9755,Katnb1,25,8,3,1,76,41,10,2,242,141,193,229,239,-51,-33,-7,-1
14946,Pnma1,52,34,5,0,59,38,12,3,242,131,170,225,239,-7,-4,-7,-3
17023,Sec22c,30,17,3,0,72,45,10,3,242,140,180,229,239,-42,-28,-7,-3
6142,Fndc8,49,21,2,0,53,33,9,4,242,140,188,231,238,-4,-12,-7,-4
6146,Fnta,27,15,2,2,47,29,9,3,242,168,198,231,237,-20,-14,-7,-1
6172,Foxh1,44,26,4,1,66,52,11,0,242,132,164,227,241,-22,-26,-7,1
14509,Pex5,37,16,2,2,53,30,9,3,242,152,196,231,237,-16,-14,-7,-1
16996,Sdhaf4,28,18,3,2,66,37,10,8,242,148,187,229,232,-38,-19,-7,-6
14923,Pmel,59,30,3,0,67,41,10,8,242,116,171,229,234,-8,-11,-7,-8
14517,Pfdn4,38,17,2,2,49,26,9,4,242,155,199,231,236,-11,-9,-7,-2
17005,Sdr42e1,33,17,4,1,59,35,11,1,242,150,190,227,240,-26,-18,-7,0
11596,Mrpl47,24,12,2,2,46,27,9,4,242,172,203,231,236,-22,-15,-7,-2
9873,Kctd16,43,27,4,0,34,24,11,5,242,165,191,227,237,9,3,-7,-5
9354,Ikzf5,36,23,5,2,86,56,12,4,242,120,163,225,236,-50,-33,-7,-2
6270,Ftmt,3,1,0,0,11,10,7,4,242,228,231,235,238,-8,-9,-7,-4
7739,Gm6370,10,10,3,2,13,12,10,9,242,219,220,229,231,-3,-2,-7,-7
18908,Tbc1d13,30,13,2,2,54,30,9,7,242,158,199,231,233,-24,-17,-7,-5
9861,Kcnu1,40,23,4,2,81,56,11,5,242,121,163,227,235,-41,-33,-7,-3
11696,Msto1,25,10,2,2,66,37,9,3,242,151,195,231,237,-41,-27,-7,-1
17226,Sfr1,31,16,3,2,47,29,10,3,242,164,197,229,237,-16,-13,-7,-1
6240,Fsbp,44,24,5,1,80,51,12,0,242,118,167,225,241,-36,-27,-7,1
14538,Pgap2,43,20,4,1,50,29,11,6,242,149,193,227,235,-7,-9,-7,-5
15037,Polrmt,21,13,2,2,60,35,9,3,242,161,194,231,237,-39,-22,-7,-1
15036,Polr3k,41,18,2,2,40,22,9,3,242,161,202,231,237,1,-4,-7,-1
18853,Tas1r1,49,24,0,0,54,25,7,3,242,139,193,235,239,-5,-1,-7,-3
9388,Il1f10,1,1,1,0,9,9,8,2,242,232,232,233,240,-8,-8,-7,-2
17020,Sec16b,35,17,0,0,65,32,7,1,242,142,193,235,241,-30,-15,-7,-1
14736,Piwil1,13,4,0,0,39,24,7,4,242,190,214,235,238,-26,-20,-7,-4
9392,Il1f9,67,40,2,1,53,29,9,2,242,122,173,231,239,14,11,-7,-1
6191,Foxo4,48,21,2,2,50,31,9,1,242,144,190,231,239,-2,-10,-7,1
14579,Pheta1,28,10,2,2,67,42,9,5,242,147,190,231,235,-39,-32,-7,-3
9829,Kcnk12,42,24,2,1,33,26,9,3,242,167,192,231,238,9,-2,-7,-2
6174,Foxi2,6,2,0,0,21,14,7,4,242,215,226,235,238,-15,-12,-7,-4
14590,Phf14,29,14,5,3,55,32,12,10,242,158,196,225,229,-26,-18,-7,-7
15002,Poll,35,15,2,2,70,46,9,3,242,137,181,231,237,-35,-31,-7,-1
18721,Synj1,47,19,4,2,62,37,11,7,242,133,186,227,233,-15,-18,-7,-5
11608,Mrps10,26,13,2,2,44,22,9,5,242,172,207,231,235,-18,-9,-7,-3
10011,Klhdc7a,35,16,2,2,53,27,9,2,242,154,199,231,238,-18,-11,-7,0
10322,Lats1,26,8,3,2,60,36,10,2,242,156,198,229,238,-34,-28,-7,0
6757,Gm10770,13,13,3,2,28,25,10,2,242,201,204,229,238,-15,-12,-7,0
14067,Oxgr1,14,5,2,2,31,18,9,5,242,197,219,231,235,-17,-13,-7,-3
9646,Itgb4,43,22,0,0,48,27,7,1,242,151,193,235,241,-5,-5,-7,-1
7806,Gm8024,13,10,5,2,23,20,12,10,242,206,212,225,230,-10,-10,-7,-8
10301,Lancl2,27,12,3,2,65,40,10,4,242,150,190,229,236,-38,-28,-7,-2
7510,Gm45021,23,19,13,8,31,22,20,17,242,188,201,209,217,-8,-3,-7,-9
9645,Itgb3bp,32,16,3,1,80,48,10,0,242,130,178,229,241,-48,-32,-7,1
14827,Pld2,49,33,2,1,41,26,9,6,242,152,183,231,235,8,7,-7,-5
6744,Gm10643,34,22,3,2,75,38,10,2,242,133,182,229,238,-41,-16,-7,0
14084,P2ry10b,66,41,9,2,63,49,16,3,242,113,152,217,237,3,-8,-7,-1
8786,Hpcal4,36,21,2,0,41,19,9,7,242,165,202,231,235,-5,2,-7,-7
11433,Moap1,47,33,11,8,70,45,18,8,242,125,164,213,226,-23,-12,-7,0
8789,Hpf1,36,22,3,2,38,23,10,7,242,168,197,229,233,-2,-1,-7,-5
17407,Skap2,31,18,2,2,39,24,9,2,242,172,200,231,238,-8,-6,-7,0
14101,Pabpc1,34,17,4,3,42,28,11,3,242,166,197,227,236,-8,-11,-7,0
11839,Mxd4,48,20,5,3,54,39,12,6,242,140,183,225,233,-6,-19,-7,-3
7799,Gm7970,19,16,2,0,23,23,9,6,242,200,203,231,236,-4,-7,-7,-6
14107,Pabpc6,17,9,1,0,27,21,8,7,242,198,212,233,235,-10,-12,-7,-7
10256,Ktn1,38,25,5,2,49,27,12,7,242,155,190,225,233,-11,-2,-7,-5
6725,Gm10358,59,36,12,5,56,43,19,11,242,127,163,211,226,3,-7,-7,-6
6722,Gm10340,18,15,6,1,30,26,13,9,242,194,201,223,232,-12,-11,-7,-8
8808,Hrh2,31,14,0,0,62,27,7,0,242,149,201,235,242,-31,-13,-7,0
8810,Hrh4,25,20,1,0,28,24,8,4,242,189,198,233,238,-3,-4,-7,-4
14134,Paip2b,25,11,2,2,47,28,9,5,242,170,203,231,235,-22,-17,-7,-3
14822,Plcxd1,46,21,2,0,51,29,9,2,242,145,192,231,240,-5,-8,-7,-2
17929,Smim4,40,23,3,3,43,25,10,4,242,159,194,229,235,-3,-2,-7,-1
17094,Sephs2,20,11,4,3,96,56,11,5,242,126,175,227,234,-76,-45,-7,-2
16887,Sccpdh,39,18,4,2,55,35,11,5,242,148,189,227,235,-16,-17,-7,-3
11831,Mvb12b,44,29,3,2,71,40,10,3,242,127,173,229,237,-27,-11,-7,-1
11413,Mmp24,41,23,0,0,40,26,7,2,242,161,193,235,240,1,-3,-7,-2
16852,Saysd1,38,15,4,2,45,29,11,1,242,159,198,227,239,-7,-14,-7,1
7798,Gm7954,7,7,1,0,12,11,8,8,242,223,224,233,234,-5,-4,-7,-8
14036,Otop1,35,16,1,0,50,32,8,4,242,157,194,233,238,-15,-16,-7,-4
17463,Slc15a1,55,26,2,1,53,30,9,2,242,134,186,231,239,2,-4,-7,-1
11390,Mmachc,29,15,4,2,61,35,11,3,242,152,192,227,237,-32,-20,-7,-1
16836,Sarnp,41,20,3,2,31,19,10,8,242,170,203,229,232,10,1,-7,-6
10357,Lck,48,22,4,3,54,33,11,5,242,140,187,227,234,-6,-11,-7,-2
6846,Gm12394,30,16,2,0,60,34,9,5,242,152,192,231,237,-30,-18,-7,-5
17460,Slc13a5,38,19,3,0,46,25,10,5,242,158,198,229,237,-8,-6,-7,-5
8684,Hmga2,34,15,2,0,72,43,9,0,242,136,184,231,242,-38,-28,-7,0
15302,Prepl,42,21,5,2,46,23,12,8,242,154,198,225,232,-4,-2,-7,-6
7497,Gm44501,7,7,0,0,23,22,7,4,242,212,213,235,238,-16,-15,-7,-4
17445,Slc11a1,63,38,5,2,56,36,12,3,242,123,168,225,237,7,2,-7,-1
16305,Ric8b,46,21,3,2,49,23,10,6,242,147,198,229,234,-3,-2,-7,-4
7501,Gm44511,19,18,11,4,30,28,18,7,242,193,196,213,231,-11,-10,-7,-3
5908,Fbxo43,42,20,1,0,53,32,8,1,242,147,190,233,241,-11,-12,-7,-1
6835,Gm11992,32,10,2,2,61,39,9,4,242,149,193,231,236,-29,-29,-7,-2
6801,Gm11236,10,9,4,1,14,12,11,3,242,218,221,227,238,-4,-3,-7,-2
10336,Lce1a1,8,8,3,0,11,11,10,2,242,223,223,229,240,-3,-3,-7,-2
9682,Izumo1,57,39,3,0,39,28,10,5,242,146,175,229,237,18,11,-7,-5
7504,Gm44790,37,34,20,13,44,42,27,23,242,161,166,195,206,-7,-8,-7,-10
14018,Osgepl1,28,22,3,3,54,32,10,4,242,160,188,229,235,-26,-10,-7,-1
14029,Ostn,25,21,1,0,31,25,8,4,242,186,196,233,238,-6,-4,-7,-4
17434,Slamf8,47,32,6,1,59,39,13,4,242,136,171,223,237,-12,-7,-7,-3
10335,Lcat,73,47,4,0,48,37,11,5,242,121,158,227,237,25,10,-7,-5
7508,Gm44973,34,33,18,11,62,45,25,16,242,146,164,199,215,-28,-12,-7,-5
18624,Sult2a8,37,26,15,11,80,53,22,16,242,125,163,205,215,-43,-27,-7,-5
5912,Fbxo47,54,25,5,1,69,33,12,0,242,119,184,225,241,-15,-8,-7,1
17997,Snhg11,44,20,3,2,53,33,10,3,242,145,189,229,237,-9,-13,-7,-1
17114,Serhl,35,16,3,2,58,27,10,4,242,149,199,229,236,-23,-11,-7,-2
17428,Sla2,47,22,3,0,65,38,10,4,242,130,182,229,238,-18,-16,-7,-4
14033,Otog,27,9,0,0,26,15,7,3,242,189,218,235,239,1,-6,-7,-3
5960,Fcor,58,38,19,9,70,53,26,12,242,114,151,197,221,-12,-15,-7,-3
10243,Krtap6-3,3,2,0,0,7,7,7,1,242,232,233,235,241,-4,-5,-7,-1
14155,Pank2,33,18,3,3,65,37,10,6,242,144,187,229,233,-32,-19,-7,-3
10110,Kmt2d,48,25,5,2,57,32,12,6,242,137,185,225,234,-9,-7,-7,-4
10176,Krt73,7,1,1,1,16,9,8,2,242,219,232,233,239,-9,-8,-7,-1
14246,Pbx4,58,41,5,0,57,37,12,2,242,127,164,225,240,1,4,-7,-2
6638,Glipr2,39,17,2,0,53,28,9,2,242,150,197,231,240,-14,-11,-7,-2
9686,Izumo4,36,18,2,0,81,54,9,1,242,125,170,231,241,-45,-36,-7,-1
16077,Rcan3,42,23,5,2,79,42,12,4,242,121,177,225,236,-37,-19,-7,-2
16911,Scgb1b30,15,14,9,4,24,22,16,5,242,203,206,217,233,-9,-8,-7,-1
6635,Glipr1l1,11,10,2,0,10,10,9,8,242,221,222,231,234,1,0,-7,-8
18946,Tbl3,24,10,2,2,69,37,9,3,242,149,195,231,237,-45,-27,-7,-1
14256,Pccb,36,25,3,2,50,31,10,9,242,156,186,229,231,-14,-6,-7,-7
11456,Morc2b,17,8,0,0,30,18,7,4,242,195,216,235,238,-13,-10,-7,-4
10121,Knstrn,55,27,4,2,75,46,11,4,242,112,169,227,236,-20,-19,-7,-2
18697,Sycp3,52,36,13,2,74,56,20,6,242,116,150,209,234,-22,-20,-7,-4
9689,Jade3,50,34,4,1,52,34,11,2,242,140,174,227,239,-2,0,-7,-1
16083,Rccd1,44,22,0,0,62,37,7,2,242,136,183,235,240,-18,-15,-7,-2
16088,Rcn2,35,18,3,2,47,26,10,5,242,160,198,229,235,-12,-8,-7,-3
6648,Glp2r,20,13,0,0,35,25,7,4,242,187,204,235,238,-15,-12,-7,-4
9552,Iqcg,36,22,1,0,65,36,8,1,242,141,184,233,241,-29,-14,-7,-1
11466,Mos,38,23,4,1,52,44,11,7,242,152,175,227,234,-14,-21,-7,-6
16930,Scgb3a2,4,4,3,2,10,10,10,5,242,228,228,229,235,-6,-6,-7,-3
18003,Snrk,53,31,4,2,61,32,11,9,242,128,179,227,231,-8,-1,-7,-7
5995,Ffar1,42,22,0,0,39,24,7,3,242,161,196,235,239,3,-2,-7,-3
14328,Pcgf1,23,7,2,2,65,37,9,3,242,154,198,231,237,-42,-30,-7,-1
11480,Mpg,27,14,4,2,59,36,11,3,242,156,192,227,237,-32,-22,-7,-1
14342,Pcmtd2,35,15,3,3,64,35,10,4,242,143,192,229,235,-29,-20,-7,-1
17944,Smoc2,57,28,5,1,52,33,12,3,242,133,181,225,238,5,-5,-7,-2
16945,Scn2b,48,24,2,0,53,32,9,1,242,141,186,231,241,-5,-8,-7,-1
14352,Pcp2,43,34,16,7,68,54,23,13,242,131,154,203,222,-25,-20,-7,-6
18006,Snrnp27,39,28,6,2,34,20,13,8,242,169,194,223,232,5,8,-7,-6
11756,Mtmr10,45,23,2,2,58,39,9,3,242,139,180,231,237,-13,-16,-7,-1
6575,Gimap6,50,27,7,2,71,48,14,3,242,121,167,221,237,-21,-21,-7,-1
14241,Pbrm1,23,10,2,2,70,39,9,6,242,149,193,231,234,-47,-29,-7,-4
6070,Fkbp10,51,24,4,0,46,29,11,4,242,145,189,227,238,5,-5,-7,-4
10122,Kntc1,38,25,1,0,61,40,8,3,242,143,177,233,239,-23,-15,-7,-3
7545,Gm47189,2,2,2,0,9,9,9,8,242,231,231,231,234,-7,-7,-7,-8
15217,Pradc1,47,17,2,2,45,23,9,4,242,150,202,231,236,2,-6,-7,-2
11625,Mrps27,36,17,2,2,49,31,9,7,242,157,194,231,233,-13,-14,-7,-5
6676,Gm10033,61,34,8,5,60,41,15,3,242,121,167,219,234,1,-7,-7,2
18955,Tbx15,57,36,4,1,47,30,11,6,242,138,176,227,235,10,6,-7,-5
11809,Mup14,17,16,6,4,21,20,13,6,242,204,206,223,232,-4,-4,-7,-2
14175,Paqr8,39,19,0,0,70,46,7,4,242,133,177,235,238,-31,-27,-7,-4
8915,Hvcn1,54,33,6,1,66,37,13,4,242,122,172,223,237,-12,-4,-7,-3
6665,Glt8d2,54,35,3,2,65,43,10,3,242,123,164,229,237,-11,-8,-7,-1
7562,Gm4836,3,3,2,1,10,10,9,7,242,229,229,231,234,-7,-7,-7,-6
11449,Mogs,32,14,2,2,54,35,9,1,242,156,193,231,239,-22,-21,-7,1
14805,Plb1,27,13,0,0,44,27,7,2,242,171,202,235,240,-17,-14,-7,-2
15202,Ppp4r3b,32,17,3,2,62,32,10,2,242,148,193,229,238,-30,-15,-7,0
10137,Kri1,22,11,2,2,59,27,9,3,242,161,204,231,237,-37,-16,-7,-1
18948,Tbpl1,41,21,5,3,56,36,12,3,242,145,185,225,236,-15,-15,-7,0
15199,Ppp4r1,41,18,2,2,53,28,9,3,242,148,196,231,237,-12,-10,-7,-1
6658,Glrx5,36,22,3,2,43,23,10,5,242,163,197,229,235,-7,-1,-7,-3
17113,Sergef,29,18,3,3,47,23,10,8,242,166,201,229,231,-18,-5,-7,-5
17362,Siglec15,27,20,5,1,37,34,12,3,242,178,188,225,238,-10,-14,-7,-2
10123,Kpna1,36,16,3,2,48,29,10,2,242,158,197,229,238,-12,-13,-7,0
15220,Pram1,46,24,3,1,55,35,10,1,242,141,183,229,240,-9,-11,-7,0
1474,Arl2,26,13,3,3,42,23,11,5,242,174,206,228,234,-16,-10,-8,-2
1459,Arid4b,42,19,3,2,43,26,11,6,242,157,197,228,234,-1,-7,-8,-4
17983,Snapc1,56,22,4,3,57,34,12,3,242,129,186,226,236,-1,-12,-8,0
11112,Mcub,59,38,4,0,61,38,12,3,242,122,166,226,239,-2,0,-8,-3
19846,Tpx2,45,15,2,0,61,31,10,4,242,136,196,230,238,-16,-16,-8,-4
7709,Gm5891,44,25,2,1,56,39,10,3,242,142,178,230,238,-12,-14,-8,-2
17830,Slfn14,24,16,0,0,34,20,8,1,242,184,206,234,241,-10,-4,-8,-1
11613,Mrps16,32,12,2,2,41,26,10,6,242,169,204,230,234,-9,-14,-8,-4
3904,Crybg1,52,24,2,2,58,32,10,4,242,132,186,230,236,-6,-8,-8,-2
17989,Snapin,24,11,4,2,77,47,12,6,242,141,184,226,234,-53,-36,-8,-4
7910,Gmppa,31,17,3,2,58,30,11,2,242,153,195,228,238,-27,-13,-8,0
3895,Cry2,41,26,2,2,74,47,10,2,242,127,169,230,238,-33,-21,-8,0
16458,Rnf43,39,22,0,0,77,48,8,2,242,126,172,234,240,-38,-26,-8,-2
17826,Slco6d1,7,5,0,0,16,10,8,5,242,219,227,234,237,-9,-5,-8,-5
4326,Dbr1,33,18,3,1,72,38,11,4,242,137,186,228,237,-39,-20,-8,-3
3883,Crot,34,20,3,2,73,43,11,3,242,135,179,228,237,-39,-23,-8,-1
11617,Mrps18c,33,22,6,3,47,28,14,11,242,162,192,222,228,-14,-6,-8,-8
1537,Arsi,43,26,1,0,69,42,9,3,242,130,174,232,239,-26,-16,-8,-3
16217,Rgs19,29,14,3,2,65,41,11,6,242,148,187,228,234,-36,-27,-8,-4
7838,Gm8297,14,11,4,3,20,19,12,5,242,208,212,226,234,-6,-8,-8,-2
1588,Asic1,26,12,1,0,66,37,9,5,242,150,193,232,237,-40,-25,-8,-5
1756,Atraid,25,15,5,2,56,36,13,9,242,161,191,224,231,-31,-21,-8,-7
16372,Rnaseh2c,26,17,2,2,47,20,10,3,242,169,205,230,237,-21,-3,-8,-1
17880,Smarcc1,37,18,3,2,54,28,11,4,242,151,196,228,236,-17,-10,-8,-2
4002,Ctdsp2,39,16,2,2,74,43,10,3,242,129,183,230,237,-35,-27,-8,-1
4005,Ctf1,38,23,4,2,69,45,12,4,242,135,174,226,236,-31,-22,-8,-2
11450,Mok,41,22,5,3,64,34,13,6,242,137,186,224,233,-23,-12,-8,-3
4011,Ctla2b,68,54,12,4,52,38,20,6,242,122,150,210,232,16,16,-8,-2
1601,Asphd1,41,23,3,2,55,42,11,4,242,146,177,228,236,-14,-19,-8,-2
17882,Smarcd1,26,13,3,2,88,58,11,4,242,128,171,228,236,-62,-45,-8,-2
16370,Rnaseh2a,29,13,2,2,57,34,10,4,242,156,195,230,236,-28,-21,-8,-2
11436,Mob2,37,18,4,2,41,25,12,12,242,164,199,226,228,-4,-7,-8,-10
1748,Atp8b5,45,17,3,0,70,42,11,3,242,127,183,228,239,-25,-25,-8,-3
17928,Smim38,50,45,13,6,62,51,21,6,242,130,146,208,230,-12,-6,-8,0
7800,Gm7980,3,2,0,0,11,11,8,6,242,228,229,234,236,-8,-9,-8,-6
7805,Gm8020,4,3,0,0,14,12,8,7,242,224,227,234,235,-10,-9,-8,-7
11430,Mns1,75,52,12,7,49,34,20,6,242,118,156,210,229,26,18,-8,1
7821,Gm8180,6,4,0,0,12,12,8,8,242,224,226,234,234,-6,-8,-8,-8
11287,Mgat4d,13,13,0,0,15,13,8,4,242,214,216,234,238,-2,0,-8,-4
21119,Vmn2r129,19,7,1,0,31,23,9,2,242,192,212,232,240,-12,-16,-8,-2
1692,Atp2b4,59,33,9,5,55,35,17,6,242,128,174,216,231,4,-2,-8,-1
17907,Smg9,35,21,4,2,57,31,12,5,242,150,190,226,235,-22,-10,-8,-3
1669,Atp11b,34,22,2,2,61,33,10,2,242,147,187,230,238,-27,-11,-8,0
17920,Smim20,42,26,4,2,45,24,12,7,242,155,192,226,233,-3,2,-8,-5
11348,Mipol1,39,21,2,1,55,32,10,2,242,148,189,230,239,-16,-11,-8,-1
11365,Mkrn3,49,27,2,1,68,33,10,2,242,125,182,230,239,-19,-6,-8,-1
4094,Cxcl16,38,26,3,2,52,36,11,2,242,152,180,228,238,-14,-10,-8,0
1763,Atxn1l,28,13,5,2,67,39,13,10,242,147,190,224,230,-39,-26,-8,-8
7840,Gm8356,27,20,6,2,42,32,14,8,242,173,190,222,232,-15,-12,-8,-6
1850,B4galt4,52,32,6,3,69,44,14,4,242,121,166,222,235,-17,-12,-8,-1
7781,Gm7361,24,14,3,2,40,30,11,5,242,178,198,228,235,-16,-16,-8,-3
19853,Traf1,49,29,3,1,63,43,11,2,242,130,170,228,239,-14,-14,-8,-1
11574,Mrpl23,39,18,4,2,40,22,12,6,242,163,202,226,234,-1,-4,-8,-4
11563,Mrpl13,36,14,3,3,32,20,11,5,242,174,208,228,234,4,-6,-8,-2
11558,Mroh9,10,4,1,1,19,14,9,8,242,213,224,232,233,-9,-10,-8,-7
11557,Mroh8,44,14,4,0,52,33,12,3,242,146,195,226,239,-8,-19,-8,-3
1511,Armt1,31,14,2,2,56,35,10,3,242,155,193,230,237,-25,-21,-8,-1
11554,Mroh5,20,10,1,0,46,32,9,4,242,176,200,232,238,-26,-22,-8,-4
1515,Arntl2,48,24,1,0,56,36,9,1,242,138,182,232,241,-8,-12,-8,-1
7746,Gm6482,6,6,2,0,17,17,10,7,242,219,219,230,235,-11,-11,-8,-7
16243,Rhd,31,18,3,1,64,40,11,3,242,147,184,228,238,-33,-22,-8,-2
11553,Mroh4,20,8,1,1,43,33,9,5,242,179,201,232,236,-23,-25,-8,-4
7751,Gm6588,20,7,1,0,22,15,9,9,242,200,220,232,233,-2,-8,-8,-9
4270,D2hgdh,48,37,9,4,60,41,17,6,242,134,164,216,232,-12,-4,-8,-2
1822,B3galnt2,42,20,3,2,46,24,11,3,242,154,198,228,237,-4,-4,-8,-1
19872,Traj19,1,0,0,0,8,8,8,8,242,233,234,234,234,-7,-8,-8,-8
17852,Sltm,29,17,2,2,50,34,10,4,242,163,191,230,236,-21,-17,-8,-2
11385,Mlxip,42,17,2,2,48,29,10,4,242,152,196,230,236,-6,-12,-8,-2
11216,Mettl17,35,20,9,5,65,40,17,5,242,142,182,216,232,-30,-20,-8,0
1776,AU040320,34,15,3,2,66,35,11,7,242,142,192,228,233,-32,-20,-8,-5
4262,D11Wsu47e,27,10,2,1,83,52,10,4,242,132,180,230,237,-56,-42,-8,-3
17860,Slxl1,4,3,2,0,17,15,10,7,242,221,224,230,235,-13,-12,-8,-7
1546,Arv1,24,13,3,0,69,45,11,6,242,149,184,228,236,-45,-32,-8,-6
19966,Trav14-2,4,3,3,2,11,11,11,6,242,227,228,228,234,-7,-8,-8,-4
16261,Rhot2,27,16,3,2,48,23,11,4,242,167,203,228,236,-21,-7,-8,-2
21178,Vmn2r68,2,0,0,0,12,12,8,5,242,228,230,234,237,-10,-12,-8,-5
1769,Atxn7l2,20,8,3,2,83,51,11,4,242,139,183,228,236,-63,-43,-8,-2
3977,Cstad,59,47,11,2,70,57,19,10,242,113,138,212,230,-11,-10,-8,-8
14861,Plekhn1,36,13,3,1,64,41,11,3,242,142,188,228,238,-28,-28,-8,-2
2300,C3ar1,39,28,3,0,79,57,11,4,242,124,157,228,238,-40,-29,-8,-4
17812,Slc9c1,4,2,0,0,11,10,8,6,242,227,230,234,236,-7,-8,-8,-6
20331,Tssk1,37,19,1,0,47,30,9,5,242,158,193,232,237,-10,-11,-8,-5
8845,Hsd3b4,36,27,14,10,38,35,22,17,242,168,180,206,215,-2,-8,-8,-7
8849,Hsdl1,39,22,4,3,73,45,12,11,242,130,175,226,228,-34,-23,-8,-8
10132,Kras,37,18,2,2,43,27,10,4,242,162,197,230,236,-6,-9,-8,-2
10129,Kpnb1,26,9,2,2,52,29,10,3,242,164,204,230,237,-26,-20,-8,-1
20704,Uqcr11,31,22,2,2,39,26,10,1,242,172,194,230,239,-8,-4,-8,1
8882,Hspb9,47,35,9,0,57,38,17,4,242,138,169,216,238,-10,-3,-8,-4
3189,Cfap58,20,10,2,1,33,23,10,7,242,189,209,230,234,-13,-13,-8,-6
2609,Ccdc17,36,19,1,0,82,53,9,1,242,124,170,232,241,-46,-34,-8,-1
8921,Hyal6,5,3,0,0,19,13,8,7,242,218,226,234,235,-14,-10,-8,-7
8925,Hyls1,40,20,2,0,66,38,10,0,242,136,184,230,242,-26,-18,-8,0
3181,Cfap44,26,16,6,1,51,34,14,4,242,165,192,222,237,-25,-18,-8,-3
2617,Ccdc178,10,5,0,0,25,17,8,6,242,207,220,234,236,-15,-12,-8,-6
2618,Ccdc18,41,21,1,0,69,37,9,1,242,132,184,232,241,-28,-16,-8,-1
8955,Idh3a,41,23,5,2,42,29,13,8,242,159,190,224,232,-1,-6,-8,-6
2639,Ccdc28a,35,21,7,4,74,49,15,8,242,133,172,220,230,-39,-28,-8,-4
8970,Iffo1,36,16,2,1,63,35,10,3,242,143,191,230,238,-27,-19,-8,-2
8990,Ifi47,37,25,9,2,74,53,17,4,242,131,164,216,236,-37,-28,-8,-2
10006,Klhdc1,44,23,3,0,73,39,11,5,242,125,180,228,237,-29,-16,-8,-5
9004,Ifitm7,40,31,4,0,68,49,12,3,242,134,162,226,239,-28,-18,-8,-3
10001,Klf5,58,38,3,1,57,34,11,3,242,127,170,228,238,1,4,-8,-2
2651,Ccdc47,29,20,2,2,47,25,10,5,242,166,197,230,235,-18,-5,-8,-3
9983,Kl,27,17,4,2,69,41,12,1,242,146,184,226,239,-42,-24,-8,1
2659,Ccdc60,43,18,3,0,54,32,11,4,242,145,192,228,238,-11,-14,-8,-4
20334,Tssk4,53,34,5,0,56,35,13,4,242,133,173,224,238,-3,-1,-8,-4
2576,Ccdc121,30,20,1,0,42,27,9,3,242,170,195,232,239,-12,-7,-8,-3
17307,Sh3yl1,33,18,2,2,51,26,10,4,242,158,198,230,236,-18,-8,-8,-2
10251,Krtcap3,25,15,5,1,72,49,13,7,242,145,178,224,234,-47,-34,-8,-6
3311,Chrnb3,44,27,1,0,54,30,9,1,242,144,185,232,241,-10,-3,-8,-1
20775,Usp48,32,17,2,2,57,33,10,3,242,153,192,230,237,-25,-16,-8,-1
3308,Chrna9,33,19,5,2,53,36,13,2,242,156,187,224,238,-20,-17,-8,0
3305,Chrna5,33,13,0,0,42,21,8,5,242,167,208,234,237,-9,-8,-8,-5
10387,Ldlr,38,19,2,2,68,42,10,2,242,136,181,230,238,-30,-23,-8,0
2514,Catspere1,11,4,0,0,33,23,8,6,242,198,215,234,236,-22,-19,-8,-6
10378,Ldb1,48,26,4,3,58,31,12,3,242,136,185,226,236,-10,-5,-8,0
10356,Lce6a,4,4,2,1,26,21,10,3,242,212,217,230,238,-22,-17,-8,-2
8695,Hmgn2,38,18,2,2,53,38,10,2,242,151,186,230,238,-15,-20,-8,0
10352,Lce3c,12,10,5,1,20,19,13,5,242,210,213,224,236,-8,-9,-8,-4
2530,Cbl,40,20,5,3,72,50,13,5,242,130,172,224,234,-32,-30,-8,-2
17435,Slamf9,39,26,3,2,70,52,11,3,242,133,164,228,237,-31,-26,-8,-1
2537,Cbln3,35,10,0,0,44,19,8,2,242,163,213,234,240,-9,-9,-8,-2
10333,Lca5,39,15,3,0,79,51,11,2,242,124,176,228,240,-40,-36,-8,-2
10320,Lat,60,37,8,4,63,45,16,7,242,119,160,218,231,-3,-8,-8,-3
2559,Cc2d2b,22,13,7,5,45,28,15,7,242,175,201,220,230,-23,-15,-8,-2
20308,Tspan3,43,26,2,2,47,30,10,4,242,152,186,230,236,-4,-4,-8,-2
10297,Lamtor3-ps,17,12,4,1,26,22,12,8,242,199,208,226,233,-9,-10,-8,-7
10295,Lamtor2,44,30,2,2,38,23,10,6,242,160,189,230,234,6,7,-8,-4
10293,Lamp5,23,14,3,1,34,22,11,6,242,185,206,228,235,-11,-8,-8,-5
16874,Scamp4,27,18,2,2,62,32,10,7,242,153,192,230,233,-35,-14,-8,-5
3229,Chaf1b,37,23,3,0,61,40,11,5,242,144,179,228,237,-24,-17,-8,-5
16875,Scamp5,43,32,11,5,89,57,19,9,242,110,153,212,228,-46,-25,-8,-4
2668,Ccdc71,25,12,2,2,67,41,10,4,242,150,189,230,236,-42,-29,-8,-2
9043,Ift74,38,22,2,2,54,35,10,5,242,150,185,230,235,-16,-13,-8,-3
10398,Lefty2,29,19,1,1,52,30,9,4,242,161,193,232,237,-23,-11,-8,-3
9820,Kcnj2,49,25,2,0,65,40,10,2,242,128,177,230,240,-16,-15,-8,-2
9784,Kcnc2,35,13,0,0,49,36,8,2,242,158,193,234,240,-14,-23,-8,-2
17205,Setdb2,28,14,4,1,63,34,12,5,242,151,194,226,236,-35,-20,-8,-4
9452,Impa2,32,15,2,0,63,33,10,1,242,147,194,230,241,-31,-18,-8,-1
17199,Setd3,32,16,2,2,44,30,10,2,242,166,196,230,238,-12,-14,-8,0
9470,Inha,33,20,7,1,91,63,15,4,242,118,159,220,237,-58,-43,-8,-3
9477,Inka2,53,30,1,0,69,44,9,2,242,120,168,232,240,-16,-14,-8,-2
9481,Ino80c,31,16,2,2,71,35,10,2,242,140,191,230,238,-40,-19,-8,0
2903,Cdc20b,32,23,7,6,43,35,15,10,242,167,184,220,226,-11,-12,-8,-4
3002,Cdkl3,54,31,2,1,66,38,10,2,242,122,173,230,239,-12,-7,-8,-1
9739,Kansl3,41,21,5,2,55,37,13,8,242,146,184,224,232,-14,-16,-8,-6
17091,Senp7,36,14,2,2,55,30,10,2,242,151,198,230,238,-19,-16,-8,0
9539,Ipp,35,23,5,2,56,33,13,4,242,151,186,224,236,-21,-10,-8,-2
17093,Sephs1,26,15,2,2,71,49,10,4,242,145,178,230,236,-45,-34,-8,-2
9546,Iqcd,50,31,1,0,71,49,9,4,242,121,162,232,238,-21,-18,-8,-4
9703,Jazf1,40,20,1,0,61,38,9,2,242,141,184,232,240,-21,-18,-8,-2
9565,Iqub,38,20,0,0,38,20,8,7,242,166,202,234,235,0,0,-8,-7
17111,Serf1,40,22,7,3,63,45,15,12,242,139,175,220,227,-23,-23,-8,-9
2926,Cdc45,44,26,2,0,67,39,10,7,242,131,177,230,235,-23,-13,-8,-7
20525,Ube2d2b,29,13,1,0,49,41,9,4,242,164,188,232,238,-20,-28,-8,-4
2928,Cdc6,58,32,1,0,61,43,9,1,242,123,167,232,241,-3,-11,-8,-1
9653,Itih2,55,34,9,4,61,46,17,5,242,126,162,216,233,-6,-12,-8,-1
9662,Itpa,39,21,2,2,42,22,10,7,242,161,199,230,233,-3,-1,-8,-5
2931,Cdca2,59,35,3,0,70,40,11,2,242,113,167,228,240,-11,-5,-8,-2
17034,Sec61a2,36,17,4,2,49,29,12,7,242,157,196,226,233,-13,-12,-8,-5
20452,Twf1,46,29,5,2,51,27,13,7,242,145,186,224,233,-5,2,-8,-5
9047,Iftap,33,17,2,2,70,41,10,5,242,139,184,230,235,-37,-24,-8,-3
3087,Cenpq,34,16,4,3,72,43,12,5,242,136,183,226,234,-38,-27,-8,-2
16959,Sco2,46,32,6,2,61,40,14,2,242,135,170,222,238,-15,-8,-8,0
9097,Ighv1-11,4,2,2,1,10,10,10,5,242,228,230,230,236,-6,-8,-8,-4
20395,Ttll13,46,24,3,0,62,39,11,1,242,134,179,228,241,-16,-15,-8,-1
2672,Ccdc77,33,16,2,1,72,34,10,4,242,137,192,230,237,-39,-18,-8,-3
20397,Ttll3,69,42,2,0,48,29,10,3,242,125,171,230,239,21,13,-8,-3
3134,Cercam,45,23,3,0,72,48,11,3,242,125,171,228,239,-27,-25,-8,-3
9964,Kif7,27,5,0,0,60,33,8,2,242,155,204,234,240,-33,-28,-8,-2
2680,Ccdc83,21,20,2,1,39,29,10,6,242,182,193,230,235,-18,-9,-8,-5
2686,Ccdc87,23,12,3,0,71,39,11,5,242,148,191,228,237,-48,-27,-8,-5
17269,Sgtb,39,21,3,0,60,34,11,4,242,143,187,228,238,-21,-13,-8,-4
9190,Ighv6-5,0,0,0,0,9,9,8,8,242,233,233,234,234,-9,-9,-8,-8
9218,Igkv1-117,16,16,10,3,28,24,18,7,242,198,202,214,232,-12,-8,-8,-4
2739,Ccna2,51,24,4,0,68,40,12,6,242,123,178,226,236,-17,-16,-8,-6
20616,Ufl1,21,8,2,2,75,35,10,8,242,146,199,230,232,-54,-27,-8,-6
17254,Sgk2,43,17,2,2,85,44,10,1,242,114,181,230,239,-42,-27,-8,1
9289,Igkv5-39,8,7,5,1,19,18,13,10,242,215,217,224,231,-11,-11,-8,-9
2753,Ccng2,47,24,3,2,58,45,11,3,242,137,173,228,237,-11,-21,-8,-1
9886,Kctd9,29,15,2,2,75,49,10,6,242,138,178,230,234,-46,-34,-8,-4
20602,Uchl5,39,17,2,2,45,25,10,8,242,158,200,230,232,-6,-8,-8,-6
5903,Fbxo39,41,24,2,0,41,29,10,3,242,160,189,230,239,0,-5,-8,-3
20594,Ubxn2b,43,22,2,2,48,23,10,5,242,151,197,230,235,-5,-1,-8,-3
20591,Ubxn10,22,11,0,0,56,40,8,3,242,164,191,234,239,-34,-29,-8,-3
9846,Kcnn1,54,31,6,2,64,42,14,4,242,124,169,222,236,-10,-11,-8,-2
8652,Hint2,35,22,5,2,48,36,13,4,242,159,184,224,236,-13,-14,-8,-2
16818,Samt2,1,1,0,0,18,15,8,7,242,223,226,234,235,-17,-14,-8,-7
16462,Rnf7,28,15,2,2,57,30,10,7,242,157,197,230,233,-29,-15,-8,-5
20073,Trbv5,10,9,5,3,18,15,13,10,242,214,218,224,229,-8,-6,-8,-7
16577,Rpp30,38,23,4,2,49,30,12,6,242,155,189,226,234,-11,-7,-8,-4
2049,Birc2,44,16,2,2,52,31,10,7,242,146,195,230,233,-8,-15,-8,-5
3676,Col9a1,11,6,0,0,42,30,8,6,242,189,206,234,236,-31,-24,-8,-6
8163,Grid1,20,11,2,0,50,27,10,4,242,172,204,230,238,-30,-16,-8,-4
3642,Col16a1,49,30,4,0,66,44,12,5,242,127,168,226,237,-17,-14,-8,-5
10788,Lypd5,40,25,1,0,48,28,9,3,242,154,189,232,239,-8,-3,-8,-3
17691,Slc39a12,18,9,1,0,22,13,9,4,242,202,220,232,238,-4,-4,-8,-4
10781,Lynx1,57,31,10,2,57,38,18,7,242,128,173,214,233,0,-7,-8,-5
16619,Rps6ka2,41,26,5,2,69,40,13,3,242,132,176,224,237,-28,-14,-8,-1
16624,Rps6kb2,36,22,4,2,58,36,12,3,242,148,184,226,237,-22,-14,-8,-1
10745,Lurap1,23,13,2,0,74,52,10,2,242,145,177,230,240,-51,-39,-8,-2
16634,Rpusd2,33,11,1,0,63,41,9,5,242,146,190,232,237,-30,-30,-8,-5
16645,Rreb1,46,31,2,2,65,40,10,3,242,131,171,230,237,-19,-9,-8,-1
2168,Brsk1,49,24,1,1,53,32,9,3,242,140,186,232,238,-4,-8,-8,-2
8270,Gtf2h4,30,10,2,2,70,41,10,5,242,142,191,230,235,-40,-31,-8,-3
2173,Bsdc1,47,20,4,3,40,25,12,4,242,155,197,226,235,7,-5,-8,-1
10716,Lsm6,28,15,2,2,57,33,10,5,242,157,194,230,235,-29,-18,-8,-3
8291,Gtsf1l,28,20,3,1,36,27,11,6,242,178,195,228,235,-8,-7,-8,-5
8307,Guf1,31,16,2,2,62,36,10,2,242,149,190,230,238,-31,-20,-8,0
10694,Lrrn4,31,17,1,0,53,35,9,2,242,158,190,232,240,-22,-18,-8,-2
10676,Lrrc8a,51,25,4,4,64,45,12,7,242,127,172,226,231,-13,-20,-8,-3
10663,Lrrc6,17,7,0,0,34,25,8,4,242,191,210,234,238,-17,-18,-8,-4
16680,Rsph9,45,27,4,3,61,41,12,8,242,136,174,226,231,-16,-14,-8,-5
8103,Gpr65,29,14,1,0,59,38,9,1,242,154,190,232,241,-30,-24,-8,-1
2014,Bet1,41,25,2,2,43,25,10,3,242,158,192,230,237,-2,0,-8,-1
16682,Rspo2,33,19,2,0,52,34,10,1,242,157,189,230,241,-19,-15,-8,-1
10859,Magea9,24,17,2,0,33,30,10,4,242,185,195,230,238,-9,-13,-8,-4
1881,Bak1,37,17,2,2,77,43,10,4,242,128,182,230,236,-40,-26,-8,-2
16470,Rnpc3,37,17,2,2,44,32,10,4,242,161,193,230,236,-7,-15,-8,-2
11035,Mau2,18,11,2,2,56,22,10,4,242,168,209,230,236,-38,-11,-8,-2
17803,Slc9a3r2,42,21,2,2,49,26,10,5,242,151,195,230,235,-7,-5,-8,-3
11029,Matk,46,27,3,2,73,48,11,4,242,123,167,228,236,-27,-21,-8,-2
11025,Mastl,42,22,1,0,65,44,9,4,242,135,176,232,238,-23,-22,-8,-4
7981,Gopc,30,15,3,2,60,29,11,6,242,152,198,228,234,-30,-14,-8,-4
1909,Bbs12,45,22,3,0,63,43,11,3,242,134,177,228,239,-18,-21,-8,-3
10978,Mapk7,46,21,2,0,60,40,10,5,242,136,181,230,237,-14,-19,-8,-5
3815,Cpt1b,65,46,12,2,66,52,20,7,242,111,144,210,233,-1,-6,-8,-5
7991,Gp1bb,37,32,16,8,69,61,24,12,242,136,149,202,222,-32,-29,-8,-4
10965,Map9,49,34,6,0,55,42,14,5,242,138,166,222,237,-6,-8,-8,-5
8015,Gpc2,34,13,0,0,45,25,8,6,242,163,204,234,236,-11,-12,-8,-6
8027,Gphn,23,12,2,2,64,37,10,3,242,155,193,230,237,-41,-25,-8,-1
1966,Bcl11a,19,6,0,0,52,25,8,2,242,171,211,234,240,-33,-19,-8,-2
1976,Bcl2l12,41,21,2,1,62,37,10,2,242,139,184,230,239,-21,-16,-8,-1
3739,Cotl1,55,33,2,2,42,29,10,6,242,145,180,230,234,13,4,-8,-4
10917,Maoa,44,28,5,2,51,30,13,3,242,147,184,224,237,-7,-2,-8,-1
10912,Manea,37,15,5,3,80,50,13,7,242,125,177,224,232,-43,-35,-8,-4
10909,Man2c1,24,10,2,2,63,39,10,4,242,155,193,230,236,-39,-29,-8,-2
16541,Rpl32,22,14,3,3,44,27,11,7,242,176,201,228,232,-22,-13,-8,-4
10887,Mak16,33,14,2,2,51,33,10,5,242,158,195,230,235,-18,-19,-8,-3
16550,Rpl37,33,15,3,3,44,28,11,4,242,165,199,228,235,-11,-13,-8,-1
20148,Trim34b,45,33,3,1,74,57,11,4,242,123,152,228,237,-29,-24,-8,-3
17611,Slc29a3,29,15,3,2,80,44,11,5,242,133,183,228,235,-51,-29,-8,-3
2486,Casp1,32,25,5,2,59,42,13,2,242,151,175,224,238,-27,-17,-8,0
17561,Slc25a28,22,11,3,2,67,39,11,5,242,153,192,228,235,-45,-28,-8,-3
17555,Slc25a22,48,36,13,5,80,59,21,13,242,114,147,208,224,-32,-23,-8,-8
10535,Lmod3,39,25,4,1,62,40,12,2,242,141,177,226,239,-23,-15,-8,-1
10530,Lmo3,20,11,4,1,40,26,12,6,242,182,205,226,235,-20,-15,-8,-5
3381,Cks1b,46,23,3,1,64,38,11,5,242,132,181,228,236,-18,-15,-8,-4
16768,S100a6,54,35,4,2,49,32,12,6,242,139,175,226,234,5,3,-8,-4
20827,Vash1,45,19,0,0,63,31,8,3,242,134,192,234,239,-18,-12,-8,-3
8514,Havcr2,58,38,3,0,65,41,11,4,242,119,163,228,238,-7,-3,-8,-4
3377,Cklf,49,32,6,2,56,33,14,4,242,137,177,222,236,-7,-1,-8,-2
8519,Hbb-bh1,6,5,3,1,19,15,11,5,242,217,222,228,236,-13,-10,-8,-4
10474,Lin28a,25,16,2,0,24,19,10,4,242,193,207,230,238,1,-3,-8,-4
8576,Hebp1,45,31,5,2,54,35,13,5,242,143,176,224,235,-9,-4,-8,-3
16793,Sag,65,37,2,1,66,42,10,4,242,111,163,230,237,-1,-5,-8,-3
3344,Cib2,50,28,4,0,51,35,12,6,242,141,179,226,236,-1,-7,-8,-6
20808,Uxs1,45,27,6,3,51,26,14,8,242,146,189,222,231,-6,1,-8,-5
20807,Uvssa,20,8,2,0,67,38,10,0,242,155,196,230,242,-47,-30,-8,0
2437,Capns2,54,44,10,2,63,53,18,7,242,125,145,214,233,-9,-9,-8,-5
20253,Trpm6,38,15,2,2,45,28,10,7,242,159,199,230,233,-7,-13,-8,-5
20797,Utp25,42,24,2,0,64,45,10,1,242,136,173,230,241,-22,-21,-8,-1
8600,Herc2,35,19,2,2,55,37,10,5,242,152,186,230,235,-20,-18,-8,-3
17490,Slc17a9,35,16,0,0,64,39,8,1,242,143,187,234,241,-29,-23,-8,-1
10418,Lgals1,46,26,2,2,56,34,10,7,242,140,182,230,233,-10,-8,-8,-5
17487,Slc17a6,23,13,2,0,49,25,10,5,242,170,204,230,237,-26,-12,-8,-5
2485,Caskin2,45,15,2,2,60,34,10,5,242,137,193,230,235,-15,-19,-8,-3
8501,Has2,39,28,1,0,49,28,9,2,242,154,186,232,240,-10,0,-8,-2
20207,Trmt11,28,16,5,1,72,36,13,5,242,142,190,224,236,-44,-20,-8,-4
10645,Lrrc4,45,24,2,0,49,29,10,1,242,148,189,230,241,-4,-5,-8,-1
3425,Cldn34b3,2,2,0,0,9,9,8,7,242,231,231,234,235,-7,-7,-8,-7
2247,Bub1,47,24,3,0,67,38,11,8,242,128,180,228,234,-20,-14,-8,-8
8382,H2ab1,3,2,2,2,11,10,10,8,242,228,230,230,232,-8,-8,-8,-6
10640,Lrrc37a,4,1,0,0,11,10,8,7,242,227,231,234,235,-7,-9,-8,-7
20161,Trim45,39,23,1,0,54,34,9,1,242,149,185,232,241,-15,-11,-8,-1
16696,Rtkn,44,25,4,2,61,34,12,1,242,137,183,226,239,-17,-9,-8,1
3504,Clpx,25,15,3,2,57,36,11,4,242,160,191,228,236,-32,-21,-8,-2
10629,Lrrc25,53,25,2,0,65,48,10,5,242,124,169,230,237,-12,-23,-8,-5
3494,Clnk,20,13,2,0,50,38,10,6,242,172,191,230,236,-30,-25,-8,-6
3492,Cln6,23,9,2,2,79,40,10,7,242,140,193,230,233,-56,-31,-8,-5
2279,C1qtnf6,51,38,14,8,86,67,22,15,242,105,137,206,219,-35,-29,-8,-7
8396,H2ac23,38,36,28,17,57,51,36,28,242,147,155,178,197,-19,-15,-8,-11
2296,C2cd6,26,10,0,0,55,33,8,5,242,161,199,234,237,-29,-23,-8,-5
3475,Clic3,55,37,13,5,78,58,21,13,242,109,147,208,224,-23,-21,-8,-8
10605,Lrp1b,13,7,1,1,32,22,9,4,242,197,213,232,237,-19,-15,-8,-3
3471,Clec9a,32,24,4,2,42,34,12,6,242,168,184,226,234,-10,-10,-8,-4
8409,H2al1k,15,14,8,2,21,20,16,5,242,206,208,218,235,-6,-6,-8,-3
3462,Clec4b1,21,20,4,2,36,34,12,3,242,185,188,226,237,-15,-14,-8,-1
2316,Cab39l,31,16,2,2,51,27,10,4,242,160,199,230,236,-20,-11,-8,-2
2317,Cabcoco1,21,17,2,2,50,34,10,4,242,171,191,230,236,-29,-17,-8,-2
2327,Cabyr,50,25,4,1,67,44,12,9,242,125,173,226,232,-17,-19,-8,-8
16733,Runx2,47,21,0,0,66,40,8,4,242,129,181,234,238,-19,-19,-8,-4
8484,Haghl,21,9,3,2,88,50,11,2,242,133,183,228,238,-67,-41,-8,0
16736,Rusc2,54,39,6,2,64,34,14,3,242,124,169,222,237,-10,5,-8,-1
21238,Vps36,29,12,2,2,41,26,10,2,242,172,204,230,238,-12,-14,-8,0
11843,Myadm,43,24,5,3,70,48,13,5,242,129,170,224,234,-27,-24,-8,-2
9684,Izumo2,8,7,1,0,16,12,9,1,242,218,223,232,241,-8,-5,-8,-1
633,Acsl1,47,24,2,2,60,34,10,3,242,135,184,230,237,-13,-10,-8,-1
12756,Odad3,41,16,3,0,62,39,11,5,242,139,187,228,237,-21,-23,-8,-5
637,Acsl6,24,17,1,0,60,41,9,3,242,158,184,232,239,-36,-24,-8,-3
7122,Gm20906,0,0,0,0,8,8,8,7,242,234,234,234,235,-8,-8,-8,-7
7127,Gm20918,5,3,0,0,12,11,8,3,242,225,228,234,239,-7,-8,-8,-3
6512,Gdpd4,26,15,3,0,43,32,11,4,242,173,195,228,238,-17,-17,-8,-4
12699,Nxpe3,30,13,1,1,84,53,9,1,242,128,176,232,240,-54,-40,-8,0
18409,Sspn,43,26,4,0,73,52,12,2,242,126,164,226,240,-30,-26,-8,-2
22009,Zfp870,48,26,3,3,69,49,11,3,242,125,167,228,236,-21,-23,-8,0
7138,Gm21117,2,2,1,0,12,12,9,6,242,228,228,232,236,-10,-10,-8,-6
665,Actr10,34,15,4,3,55,41,12,5,242,153,186,226,234,-21,-26,-8,-2
18398,Ssbp1,34,18,3,2,56,31,11,5,242,152,193,228,235,-22,-13,-8,-3
7152,Gm21310,1,1,0,0,10,9,8,6,242,231,232,234,236,-9,-8,-8,-6
12694,Nxf7,54,30,5,1,66,42,13,6,242,122,170,224,235,-12,-12,-8,-5
7160,Gm21454,1,1,0,0,10,9,8,4,242,231,232,234,238,-9,-8,-8,-4
6490,Gcsh,39,25,3,2,51,32,11,5,242,152,185,228,235,-12,-7,-8,-3
19474,Tmem170,34,14,4,2,73,38,12,5,242,135,190,226,235,-39,-24,-8,-3
21658,Zdhhc15,39,27,1,0,56,33,9,1,242,147,182,232,241,-17,-6,-8,-1
7172,Gm21698,24,17,10,5,28,25,18,11,242,190,200,214,226,-4,-8,-8,-6
18375,Srrm1,32,16,2,2,51,27,10,2,242,159,199,230,238,-19,-11,-8,0
12676,Nup93,24,11,2,1,66,37,10,5,242,152,194,230,236,-42,-26,-8,-4
5648,Fam111a,48,24,4,0,63,41,12,3,242,131,177,226,239,-15,-17,-8,-3
5007,Dzip1l,40,20,3,2,65,38,11,3,242,137,184,228,237,-25,-18,-8,-1
12667,Nup35,45,19,2,2,34,20,10,5,242,163,203,230,235,11,-1,-8,-3
18427,Ssx9,1,1,1,1,10,10,9,9,242,231,231,232,232,-9,-9,-8,-8
22001,Zfp850,42,16,4,0,70,47,12,4,242,130,179,226,238,-28,-31,-8,-4
19140,Tex35,37,30,12,4,55,47,20,2,242,150,165,210,236,-18,-17,-8,2
14389,Pde1a,44,18,2,2,64,33,10,1,242,134,191,230,239,-20,-15,-8,1
15539,Psg17,33,16,2,0,44,25,10,4,242,165,201,230,238,-11,-9,-8,-4
19410,Tmem104,37,17,2,1,64,42,10,2,242,141,183,230,239,-27,-25,-8,-1
7703,Gm5799,35,28,8,3,58,52,16,6,242,149,162,218,233,-23,-24,-8,-3
12960,Olfr1195,51,31,0,0,57,29,8,4,242,134,182,234,238,-6,2,-8,-4
14361,Pcsk7,27,18,2,2,52,27,10,3,242,163,197,230,237,-25,-9,-8,-1
21709,Zfp13,26,12,2,2,78,57,10,4,242,138,173,230,236,-52,-45,-8,-2
12957,Olfr1191-ps1,36,12,0,0,44,24,8,4,242,162,206,234,238,-8,-12,-8,-4
15557,Psma5,39,22,5,4,49,32,13,7,242,154,188,224,231,-10,-10,-8,-3
12823,Olfr1031,50,44,14,8,59,49,22,10,242,133,149,206,224,-9,-5,-8,-2
6565,Ghrl,65,50,20,7,61,51,28,16,242,116,141,194,219,4,-1,-8,-9
7079,Gm20738,1,1,1,0,10,10,9,7,242,231,231,232,235,-9,-9,-8,-7
19166,Tfdp1,36,16,2,2,70,44,10,4,242,136,182,230,236,-34,-28,-8,-2
5103,Eef2k,33,19,1,0,67,33,9,3,242,142,190,232,239,-34,-14,-8,-3
18462,Stab1,67,47,14,3,65,47,22,13,242,110,148,206,226,2,0,-8,-10
14379,Pdcd5,33,18,2,2,46,27,10,5,242,163,197,230,235,-13,-9,-8,-3
5612,Fa2h,44,28,5,2,56,34,13,10,242,142,180,224,230,-12,-6,-8,-8
7095,Gm20821,6,4,1,1,11,11,9,6,242,225,227,232,235,-5,-7,-8,-5
7096,Gm20823,3,2,0,0,9,9,8,8,242,230,231,234,234,-6,-7,-8,-8
6523,Get1,49,21,3,2,65,43,11,2,242,128,178,228,238,-16,-22,-8,0
6522,Gen1,51,25,0,0,65,36,8,5,242,126,181,234,237,-14,-11,-8,-5
613,Acot9,36,18,3,2,49,25,11,10,242,157,199,228,230,-13,-7,-8,-8
615,Acox2,37,25,3,2,77,40,11,1,242,128,177,228,239,-40,-15,-8,1
15590,Psmd7,41,16,2,2,36,22,10,4,242,165,204,230,236,5,-6,-8,-2
251,4930480E11Rik,0,0,0,0,10,9,8,6,242,232,233,234,236,-10,-9,-8,-6
12665,Nup210l,49,22,2,0,41,29,10,4,242,152,191,230,238,8,-7,-8,-4
13039,Olfr1277,31,12,0,0,55,36,8,1,242,156,194,234,241,-24,-24,-8,-1
718,Adam4,64,43,6,2,56,38,14,5,242,122,161,222,235,8,5,-8,-3
19131,Tex22,41,29,12,4,69,61,20,11,242,132,152,210,227,-28,-32,-8,-7
7316,Gm29564,0,0,0,0,11,10,8,6,242,231,232,234,236,-11,-10,-8,-6
12530,Nrbp1,29,16,2,2,64,36,10,6,242,149,190,230,234,-35,-20,-8,-4
5668,Fam133b,33,18,3,2,41,23,11,5,242,168,201,228,235,-8,-5,-8,-3
21594,Zbtb4,36,23,2,2,67,33,10,3,242,139,186,230,237,-31,-10,-8,-1
7321,Gm29695,33,18,0,0,43,30,8,0,242,166,194,234,242,-10,-12,-8,0
15723,Purg,58,31,5,0,47,29,13,3,242,137,182,224,239,11,2,-8,-3
18781,Tac4,49,35,7,1,54,44,15,3,242,139,163,220,238,-5,-9,-8,-2
14432,Pdk2,33,18,2,2,81,42,10,3,242,128,182,230,237,-48,-24,-8,-1
15726,Pus3,27,10,4,3,51,34,12,6,242,164,198,226,233,-24,-24,-8,-3
18798,Taf13,43,21,3,2,41,25,11,8,242,158,196,228,232,2,-4,-8,-6
4883,Drc1,45,20,1,0,46,23,9,4,242,151,199,232,238,-1,-3,-8,-4
757,Adat3,28,19,12,8,68,43,20,9,242,146,180,210,225,-40,-24,-8,-1
760,Adck5,26,7,2,2,67,34,10,6,242,149,201,230,234,-41,-27,-8,-4
767,Adcy6,37,18,4,2,67,43,12,4,242,138,181,226,236,-30,-25,-8,-2
768,Adcy7,42,24,2,0,61,35,10,3,242,139,183,230,239,-19,-11,-8,-3
19556,Tmem253,49,31,6,0,74,52,14,3,242,119,159,222,239,-25,-21,-8,-3
19557,Tmem254a,42,28,6,3,76,45,14,5,242,124,169,222,234,-34,-17,-8,-2
4867,Dpy19l2,6,3,0,0,22,13,8,6,242,214,226,234,236,-16,-10,-8,-6
5683,Fam160b2,22,11,2,1,66,36,10,3,242,154,195,230,238,-44,-25,-8,-2
18808,Taf5,28,12,2,0,51,32,10,3,242,163,198,230,239,-23,-20,-8,-3
4849,Dph7,41,18,3,2,74,47,11,5,242,127,177,228,235,-33,-29,-8,-3
4848,Dph6,32,19,3,2,42,28,11,7,242,168,195,228,233,-10,-9,-8,-5
15710,Pts,39,28,7,3,63,43,15,7,242,140,171,220,232,-24,-15,-8,-4
18306,Sprtn,28,9,2,2,65,40,10,1,242,149,193,230,239,-37,-31,-8,1
18366,Srpk1,42,20,2,2,52,28,10,2,242,148,194,230,238,-10,-8,-8,0
19526,Tmem220,45,28,11,6,75,45,19,9,242,122,169,212,227,-30,-17,-8,-3
14399,Pde4dip,41,23,2,2,51,29,10,2,242,150,190,230,238,-10,-6,-8,0
21641,Zcchc18,42,16,0,0,47,30,8,0,242,153,196,234,242,-5,-14,-8,0
7205,Gm21874,38,28,9,7,49,39,17,11,242,155,175,216,224,-11,-11,-8,-4
12634,Nudt16,34,23,7,6,68,43,15,10,242,140,176,220,226,-34,-20,-8,-4
19498,Tmem190,35,30,14,7,47,39,22,13,242,160,173,206,222,-12,-9,-8,-6
15663,Ptp4a1,64,38,9,3,41,28,17,14,242,137,176,216,225,23,10,-8,-11
12596,Ntf3,24,22,2,1,62,49,10,4,242,156,171,230,237,-38,-27,-8,-3
5654,Fam118b,38,24,5,2,70,37,13,5,242,134,181,224,235,-32,-13,-8,-3
12580,Nsun5,41,19,3,1,48,30,11,8,242,153,193,228,233,-7,-11,-8,-7
7242,Gm26566,54,41,7,2,69,50,15,2,242,119,151,220,238,-15,-9,-8,0
18336,Srarp,31,25,4,0,44,40,12,2,242,167,177,226,240,-13,-15,-8,-2
18333,Sqor,38,21,5,4,56,35,13,6,242,148,186,224,232,-18,-14,-8,-2
12575,Nsmf,35,16,3,2,63,34,11,2,242,144,192,228,238,-28,-18,-8,0
707,Adam26a,2,1,0,0,9,9,8,7,242,231,232,234,235,-7,-8,-8,-7
708,Adam26b,29,12,1,0,39,21,9,4,242,174,209,232,238,-10,-9,-8,-4
18327,Sptssa,39,20,3,2,58,31,11,5,242,145,191,228,235,-19,-11,-8,-3
18324,Sptlc1,28,20,2,2,57,28,10,4,242,157,194,230,236,-29,-8,-8,-2
7274,Gm28171,2,2,0,0,9,9,8,6,242,231,231,234,236,-7,-7,-8,-6
7290,Gm28557,58,28,5,3,68,40,13,8,242,116,174,224,231,-10,-12,-8,-5
21616,Zc3h10,43,22,2,2,60,33,10,3,242,139,187,230,237,-17,-11,-8,-1
243,4930449I24Rik,4,3,1,0,9,9,9,8,242,229,230,232,234,-5,-6,-8,-8
12566,Nsfl1c,32,17,2,2,35,19,10,6,242,175,206,230,234,-3,-2,-8,-4
12552,Nrros,38,17,3,0,68,50,11,6,242,136,175,228,236,-30,-33,-8,-6
5574,Exosc5,24,13,5,4,62,40,13,4,242,156,189,224,234,-38,-27,-8,0
21723,Zfp184,42,19,1,0,74,48,9,2,242,126,175,232,240,-32,-29,-8,-2
4839,Dpep2nb,33,30,4,1,46,43,12,8,242,163,169,226,233,-13,-13,-8,-7
13994,Orc6,48,25,2,2,44,22,10,5,242,150,195,230,235,4,3,-8,-3
319,4933424G06Rik,57,47,15,2,55,46,23,11,242,130,149,204,229,2,1,-8,-9
5394,Ephb2,38,19,3,0,51,36,11,4,242,153,187,228,238,-13,-17,-8,-4
13941,Olfr99,20,12,0,0,36,25,8,0,242,186,205,234,242,-16,-13,-8,0
6700,Gm10220,20,13,4,2,32,24,12,7,242,190,205,226,233,-12,-11,-8,-5
15330,Prkar2b,52,27,2,1,65,36,10,2,242,125,179,230,239,-13,-9,-8,-1
19283,Timm21,26,13,3,2,58,31,11,0,242,158,198,228,240,-32,-18,-8,2
21920,Zfp661,30,14,4,1,78,55,12,7,242,134,173,226,234,-48,-41,-8,-6
21846,Zfp512,41,20,3,1,42,24,11,6,242,159,198,228,235,-1,-4,-8,-5
18598,Sucla2,18,14,2,2,57,33,10,7,242,167,195,230,233,-39,-19,-8,-5
403,A530064D06Rik,28,15,0,0,59,31,8,2,242,155,196,234,240,-31,-16,-8,-2
5364,Eogt,46,25,3,2,69,42,11,9,242,127,175,228,231,-23,-17,-8,-7
5362,Entr1,33,17,2,2,53,22,10,3,242,156,203,230,237,-20,-5,-8,-1
18593,Stxbp6,47,30,6,4,68,40,14,6,242,127,172,222,232,-21,-10,-8,-2
6691,Gm10160,43,36,24,24,44,39,32,28,242,155,167,186,190,-1,-3,-8,-4
410,A630089N07Rik,45,26,2,2,54,30,10,2,242,143,186,230,238,-9,-4,-8,0
18589,Stxbp3,47,26,5,2,63,36,13,3,242,132,180,224,237,-16,-10,-8,-1
316,4933416I08Rik,26,22,2,1,28,25,10,6,242,188,195,230,235,-2,-3,-8,-5
5334,Enkd1,39,17,2,1,63,32,10,1,242,140,193,230,240,-24,-15,-8,0
13759,Olfr767,34,16,0,0,51,32,8,0,242,157,194,234,242,-17,-16,-8,0
6892,Gm14139,36,22,3,2,52,34,11,1,242,154,186,228,239,-16,-12,-8,1
21923,Zfp667,33,13,1,0,87,56,9,0,242,122,173,232,242,-54,-43,-8,0
14168,Papss1,40,26,5,2,49,30,13,4,242,153,186,224,236,-9,-4,-8,-2
5497,Esp6,19,16,6,3,28,27,14,4,242,195,199,222,235,-9,-11,-8,-1
15312,Prickle3,49,28,5,1,60,40,13,3,242,133,174,224,238,-11,-12,-8,-2
322,4933428M09Rik,14,13,1,1,15,15,9,5,242,213,214,232,236,-1,-2,-8,-4
21814,Zfp422,30,16,2,2,68,45,10,4,242,144,181,230,236,-38,-29,-8,-2
6845,Gm12353,38,34,21,9,54,50,29,8,242,150,158,192,225,-16,-16,-8,1
6738,Gm10488,0,0,0,0,9,9,8,6,242,233,233,234,236,-9,-9,-8,-6
5450,Erh,29,19,5,2,55,32,13,7,242,158,191,224,233,-26,-13,-8,-5
18645,Supt4a,39,21,4,3,31,21,12,5,242,172,200,226,234,8,0,-8,-2
19240,Thoc5,26,13,2,2,47,33,10,3,242,169,196,230,237,-21,-20,-8,-1
14076,P2rx2,34,21,2,0,59,34,10,4,242,149,187,230,238,-25,-13,-8,-4
18640,Sun5,7,6,1,0,17,16,9,4,242,218,220,232,238,-10,-10,-8,-4
14071,Oxsm,17,10,2,2,96,68,10,3,242,129,164,230,237,-79,-58,-8,-1
6756,Gm10767,64,32,5,1,62,48,13,5,242,116,162,224,236,2,-16,-8,-4
19233,Thg1l,38,22,4,2,64,41,12,5,242,140,179,226,235,-26,-19,-8,-3
14055,Otx1,44,19,2,0,66,40,10,4,242,132,183,230,238,-22,-21,-8,-4
15277,Prdm12,31,13,0,0,48,24,8,4,242,163,205,234,238,-17,-11,-8,-4
14050,Otud6b,32,19,2,2,45,24,10,4,242,165,199,230,236,-13,-5,-8,-2
14031,Otoa,47,33,11,2,64,49,19,3,242,131,160,212,237,-17,-16,-8,-1
18625,Sult2b1,62,43,6,1,62,41,14,4,242,118,158,222,237,0,2,-8,-3
15286,Prdm8,33,17,3,2,45,32,11,5,242,164,193,228,235,-12,-15,-8,-3
6728,Gm10377,0,0,0,0,12,11,8,5,242,230,231,234,237,-12,-11,-8,-5
5423,Eral1,25,13,2,2,55,31,10,5,242,162,198,230,235,-30,-18,-8,-3
21880,Zfp595,35,14,3,0,59,41,11,3,242,148,187,228,239,-24,-27,-8,-3
19228,Them6,37,15,2,1,65,37,10,6,242,140,190,230,235,-28,-22,-8,-5
21878,Zfp592,37,15,2,2,54,29,10,3,242,151,198,230,237,-17,-14,-8,-1
6721,Gm10338,17,17,9,5,32,25,17,9,242,193,200,216,228,-15,-8,-8,-4
19269,Tigar,52,27,5,0,55,33,13,8,242,135,182,224,234,-3,-6,-8,-8
5409,Epor,41,29,5,2,83,59,13,3,242,118,154,224,237,-42,-30,-8,-1
21818,Zfp429,57,35,14,5,85,61,22,8,242,100,146,206,229,-28,-26,-8,-3
14187,Parp1,45,22,3,2,46,21,11,5,242,151,199,228,235,-1,1,-8,-3
13041,Olfr1279,18,5,0,0,29,16,8,3,242,195,221,234,239,-11,-11,-8,-3
6966,Gm16434,27,20,8,2,47,36,16,11,242,168,186,218,229,-20,-16,-8,-9
15160,Ppp1r27,37,29,11,5,73,60,19,8,242,132,153,212,229,-36,-31,-8,-3
21763,Zfp300,37,19,1,0,68,38,9,0,242,137,185,232,242,-31,-19,-8,0
13333,Olfr27,0,0,0,0,12,11,8,6,242,230,231,234,236,-12,-11,-8,-6
13302,Olfr212,40,17,0,0,58,34,8,3,242,144,191,234,239,-18,-17,-8,-3
18513,Stk10,39,20,2,0,71,45,10,5,242,132,177,230,237,-32,-25,-8,-5
13279,Olfr181,0,0,0,0,13,10,8,8,242,229,232,234,234,-13,-10,-8,-8
13278,Olfr180,2,2,0,0,11,10,8,5,242,229,230,234,237,-9,-8,-8,-5
13221,Olfr1487,51,25,0,0,53,30,8,2,242,138,187,234,240,-2,-5,-8,-2
21969,Zfp775,37,14,2,0,68,45,10,2,242,137,183,230,240,-31,-31,-8,-2
7028,Gm19426,52,24,4,2,59,40,12,5,242,131,178,226,235,-7,-16,-8,-3
21746,Zfp27,28,9,2,1,78,49,10,3,242,136,184,230,238,-50,-40,-8,-2
21739,Zfp251,42,21,2,2,61,35,10,1,242,139,186,230,239,-19,-14,-8,1
5165,Ei24,39,24,3,2,50,25,11,6,242,153,193,228,234,-11,-1,-8,-4
13055,Olfr1293-ps,49,24,3,2,43,25,11,5,242,150,193,228,235,6,-1,-8,-3
554,Acaa2,43,25,4,2,48,29,12,8,242,151,188,226,232,-5,-4,-8,-6
13048,Olfr1286,45,25,2,1,58,41,10,4,242,139,176,230,237,-13,-16,-8,-3
19393,Tmdd1,28,20,5,0,26,21,13,4,242,188,201,224,238,2,-1,-8,-4
18709,Syncrip,37,17,4,2,41,21,12,9,242,164,204,226,231,-4,-4,-8,-7
15518,Prss8,41,27,6,4,70,45,14,2,242,131,170,222,236,-29,-18,-8,2
21729,Zfp212,25,6,2,1,66,43,10,4,242,151,193,230,237,-41,-37,-8,-3
15524,Prxl2a,49,34,5,2,47,30,13,5,242,146,178,224,235,2,4,-8,-3
5119,Efcab9,47,40,12,4,68,53,20,11,242,127,149,210,227,-21,-13,-8,-7
21725,Zfp189,61,31,4,2,58,39,12,2,242,123,172,226,238,3,-8,-8,0
5565,Exoc6b,41,27,3,2,48,29,11,4,242,153,186,228,236,-7,-2,-8,-2
6606,Gjc1,43,20,3,1,64,37,11,4,242,135,185,228,237,-21,-17,-8,-3
5290,Elp6,40,17,3,1,43,24,11,5,242,159,201,228,236,-3,-7,-8,-4
6949,Gm1527,15,9,1,0,33,17,9,5,242,194,216,232,237,-18,-8,-8,-5
6673,Glyctk,21,15,3,3,94,62,11,4,242,127,165,228,235,-73,-47,-8,-1
466,Abca15,5,5,2,0,16,14,10,7,242,221,223,230,235,-11,-9,-8,-7
15416,Proz,34,16,3,1,58,43,11,3,242,150,183,228,238,-24,-27,-8,-2
15207,Ppp6r2,37,18,2,2,71,48,10,4,242,134,176,230,236,-34,-30,-8,-2
13495,Olfr477,44,22,3,0,71,43,11,3,242,127,177,228,239,-27,-21,-8,-3
5258,Elfn1,40,15,2,0,52,28,10,6,242,150,199,230,236,-12,-13,-8,-6
19334,Tln1,47,27,3,3,49,30,11,4,242,146,185,228,235,-2,-3,-8,-1
19335,Tln2,41,17,2,2,74,33,10,1,242,127,192,230,239,-33,-16,-8,1
479,Abcb11,23,8,0,0,28,18,8,2,242,191,216,234,240,-5,-10,-8,-2
19337,Tlr1,46,22,3,0,67,50,11,3,242,129,170,228,239,-21,-28,-8,-3
5252,Elavl4,19,6,1,0,44,31,9,0,242,179,205,232,242,-25,-25,-8,0
15427,Prpf40b,31,10,2,2,68,48,10,1,242,143,184,230,239,-37,-38,-8,1
13425,Olfr381,37,15,0,0,56,27,8,2,242,149,200,234,240,-19,-12,-8,-2
21780,Zfp354a,49,24,3,1,57,33,11,3,242,136,185,228,238,-8,-9,-8,-2
503,Abcf1,40,20,2,2,38,18,10,4,242,164,204,230,236,2,2,-8,-2
18553,Stpg4,49,43,20,7,53,44,28,12,242,140,155,194,223,-4,-1,-8,-5
21778,Zfp35,42,19,4,2,58,35,12,1,242,142,188,226,239,-16,-16,-8,1
14226,Pax3,24,14,0,0,62,33,8,2,242,156,195,234,240,-38,-19,-8,-2
14240,Pbp2,32,26,5,1,54,40,13,4,242,156,176,224,237,-22,-14,-8,-3
287,4931400O07Rik,0,0,0,0,9,9,8,7,242,233,233,234,235,-9,-9,-8,-7
15180,Ppp2r1b,32,18,2,2,53,28,10,3,242,157,196,230,237,-21,-10,-8,-1
13374,Olfr317,8,5,2,2,21,20,10,5,242,213,217,230,235,-13,-15,-8,-3
15174,Ppp1r8,34,15,3,2,63,42,11,7,242,145,185,228,233,-29,-27,-8,-5
12483,Nps,37,32,6,2,63,55,14,4,242,142,155,222,236,-26,-23,-8,-2
14090,P2ry6,45,27,1,0,63,35,9,5,242,134,180,232,237,-18,-8,-8,-5
7653,Gm5134,21,8,0,0,46,30,8,4,242,175,204,234,238,-25,-22,-8,-4
21377,Wdr88,24,11,1,0,39,26,9,4,242,179,205,232,238,-15,-15,-8,-4
1156,Ankmy1,49,29,4,1,66,47,12,7,242,127,166,226,234,-17,-18,-8,-6
5776,Fam47c,1,1,0,0,9,9,8,7,242,232,232,234,235,-8,-8,-8,-7
5777,Fam47e,53,44,10,2,52,39,18,4,242,137,159,214,236,1,5,-8,-2
19053,Tdrkh,38,23,1,1,63,30,9,1,242,141,189,232,240,-25,-7,-8,0
11988,Nae1,35,18,4,2,51,27,12,8,242,156,197,226,232,-16,-9,-8,-6
11985,Nadk,35,20,3,2,51,30,11,6,242,156,192,228,234,-16,-10,-8,-4
14664,Pign,50,25,3,2,59,31,11,5,242,133,186,228,235,-9,-6,-8,-3
4627,Dip2a,34,13,2,2,75,44,10,3,242,133,185,230,237,-41,-31,-8,-1
18150,Spam1,5,0,0,0,11,9,8,7,242,226,233,234,235,-6,-9,-8,-7
113,1700092M07Rik,54,36,24,17,71,58,32,27,242,117,148,186,198,-17,-22,-8,-10
18945,Tbl2,43,22,2,2,51,31,10,5,242,148,189,230,235,-8,-9,-8,-3
1176,Ankrd29,50,33,8,3,64,44,16,4,242,128,165,218,235,-14,-11,-8,-1
19714,Tnfrsf4,50,27,8,1,74,52,16,7,242,118,163,218,234,-24,-25,-8,-6
5846,Fat4,33,16,1,0,52,25,9,2,242,157,201,232,240,-19,-9,-8,-2
18893,Tasor2,30,11,4,2,64,38,12,1,242,148,193,226,239,-34,-27,-8,1
16113,Rec114,52,39,14,6,70,49,22,11,242,120,154,206,225,-18,-10,-8,-5
11965,Naa25,23,10,2,2,71,40,10,1,242,148,192,230,239,-48,-30,-8,1
1189,Ankrd44,43,25,2,1,72,44,10,2,242,127,173,230,239,-29,-19,-8,-1
22147,Zmynd10,48,31,7,4,61,41,15,4,242,133,170,220,234,-13,-10,-8,0
14694,Pik3r6,33,14,2,0,52,35,10,3,242,157,193,230,239,-19,-21,-8,-3
11732,Mterf3,32,17,2,2,67,43,10,4,242,143,182,230,236,-35,-26,-8,-2
12025,Nat14,58,45,4,2,50,33,12,3,242,134,164,226,237,8,12,-8,-1
16119,Reep1,47,27,4,0,63,37,12,6,242,132,178,226,236,-16,-10,-8,-6
4651,Dlat,30,13,2,2,48,29,10,4,242,164,200,230,236,-18,-16,-8,-2
12091,Ncs1,43,16,2,1,76,46,10,2,242,123,180,230,239,-33,-30,-8,-1
14621,Phospho2,43,18,3,2,50,24,11,3,242,149,200,228,237,-7,-6,-8,-1
7416,Gm3633,3,3,2,1,13,13,10,10,242,226,226,230,231,-10,-10,-8,-9
6128,Fn3krp,36,18,7,6,63,34,15,8,242,143,190,220,228,-27,-16,-8,-2
16125,Reg1,48,36,8,4,41,32,16,9,242,153,174,218,229,7,4,-8,-5
14989,Pold3,33,17,2,2,61,31,10,2,242,148,194,230,238,-28,-14,-8,0
4676,Dlx5,40,28,1,0,42,35,9,3,242,160,179,232,239,-2,-7,-8,-3
12062,Ncbp1,26,14,2,2,43,26,10,4,242,173,202,230,236,-17,-12,-8,-2
7419,Gm3642,10,5,1,0,28,22,9,7,242,204,215,232,235,-18,-17,-8,-7
7420,Gm3646,8,7,6,2,18,15,14,5,242,216,220,222,235,-10,-8,-8,-3
15966,Rasef,17,10,0,0,53,28,8,5,242,172,204,234,237,-36,-18,-8,-5
18168,Spata31,1,0,0,0,14,13,8,7,242,227,229,234,235,-13,-13,-8,-7
14642,Pias2,31,20,4,2,48,35,12,1,242,163,187,226,239,-17,-15,-8,1
1317,Apobec4,27,19,1,1,26,20,9,4,242,189,203,232,237,1,-1,-8,-3
11729,Mterf1a,39,26,3,1,61,37,11,4,242,142,179,228,237,-22,-11,-8,-3
14659,Pigg,31,12,2,2,56,32,10,7,242,155,198,230,233,-25,-20,-8,-5
22131,Zkscan7,26,13,2,1,76,52,10,3,242,140,177,230,238,-50,-39,-8,-2
19693,Tnfaip8,44,27,4,2,78,43,12,8,242,120,172,226,232,-34,-16,-8,-6
1149,Ankfn1,17,7,0,0,46,24,8,0,242,179,211,234,242,-29,-17,-8,0
21365,Wdr70,37,17,3,3,36,19,11,7,242,169,206,228,232,1,-2,-8,-4
95,1700034J05Rik,28,12,1,1,46,32,9,0,242,168,198,232,241,-18,-20,-8,1
4452,Def8,38,22,4,2,63,33,12,8,242,141,187,226,232,-25,-11,-8,-6
19012,Tcl1b4,3,1,0,0,24,21,8,3,242,215,220,234,239,-21,-20,-8,-3
39,1700006A11Rik,7,4,1,0,21,17,9,6,242,214,221,232,236,-14,-13,-8,-6
1204,Ankrd7,26,22,7,1,41,36,15,6,242,175,184,220,235,-15,-14,-8,-5
22166,Zp3r,10,6,0,0,27,17,8,4,242,205,219,234,238,-17,-11,-8,-4
18913,Tbc1d19,38,23,3,2,50,27,11,6,242,154,192,228,234,-12,-4,-8,-4
11900,Mymx,40,29,10,5,49,34,18,5,242,153,179,214,232,-9,-5,-8,0
6008,Fgf10,37,19,1,1,70,37,9,2,242,135,186,232,239,-33,-18,-8,-1
1209,Anks4b,37,19,2,2,43,29,10,2,242,162,194,230,238,-6,-10,-8,0
11870,Myh11,49,26,4,2,45,32,12,5,242,148,184,226,235,4,-6,-8,-3
61,1700016K19Rik,25,17,2,2,44,34,10,6,242,173,191,230,234,-19,-17,-8,-4
2935,Cdca7,48,27,2,0,60,35,10,4,242,134,180,230,238,-12,-8,-8,-4
4561,Dexi,29,12,2,2,66,37,10,4,242,147,193,230,236,-37,-25,-8,-2
21333,Wdr25,50,28,8,2,65,44,16,6,242,127,170,218,234,-15,-16,-8,-4
7543,Gm4631,52,20,3,3,49,29,11,5,242,141,193,228,234,3,-9,-8,-2
21331,Wdr20rt,38,23,3,0,85,51,11,2,242,119,168,228,240,-47,-28,-8,-2
11830,Mvb12a,31,18,3,2,37,26,11,7,242,174,198,228,233,-6,-8,-8,-5
21329,Wdr19,23,9,3,0,79,52,11,3,242,140,181,228,239,-56,-43,-8,-3
21327,Wdr17,54,31,9,6,68,49,17,8,242,120,162,216,228,-14,-18,-8,-2
7553,Gm4787,45,22,4,2,69,41,12,8,242,128,179,226,232,-24,-19,-8,-6
14780,Pla2g4a,55,34,8,3,65,42,16,6,242,122,166,218,233,-10,-8,-8,-3
1203,Ankrd66,36,26,4,1,68,49,12,8,242,138,167,226,233,-32,-23,-8,-7
4527,Denn2b,54,34,2,2,60,40,10,1,242,128,168,230,239,-6,-6,-8,1
7611,Gm49403,6,6,5,0,16,15,13,7,242,220,221,224,235,-10,-9,-8,-7
21352,Wdr49,31,22,3,0,36,25,11,6,242,175,195,228,236,-5,-3,-8,-6
21301,Wasf1,53,30,0,0,53,35,8,2,242,136,177,234,240,0,-5,-8,-2
93,1700034E13Rik,21,15,12,4,32,25,20,7,242,189,202,210,231,-11,-10,-8,-3
84,1700028P14Rik,14,11,0,0,29,22,8,4,242,199,209,234,238,-15,-11,-8,-4
18066,Socs1,51,19,1,0,65,39,9,2,242,126,184,232,240,-14,-20,-8,-2
1273,Ap3s2,32,21,2,2,57,34,10,1,242,153,187,230,239,-25,-13,-8,1
19721,Tnfsf13b,47,36,0,0,67,41,8,2,242,128,165,234,240,-20,-5,-8,-2
4605,Dhx32,23,14,2,2,65,38,10,3,242,154,190,230,237,-42,-24,-8,-1
11947,Myt1,21,11,2,1,44,28,10,5,242,177,203,230,236,-23,-17,-8,-4
5991,Fez1,37,25,4,2,61,36,12,5,242,144,181,226,235,-24,-11,-8,-3
7588,Gm49355,42,23,2,0,56,27,10,0,242,144,192,230,242,-14,-4,-8,0
18135,Spaca6,65,42,6,3,63,43,14,2,242,114,157,222,237,2,-1,-8,1
14936,Pms2,54,29,3,0,70,45,11,3,242,118,168,228,239,-16,-16,-8,-3
4595,Dhrs4,30,13,3,2,51,35,11,5,242,161,194,228,235,-21,-22,-8,-3
1261,Ap1s3,33,19,3,3,60,40,11,5,242,149,183,228,234,-27,-21,-8,-2
7578,Gm49333,35,32,17,10,42,34,25,15,242,165,176,200,217,-7,-2,-8,-5
4593,Dhrs2,30,23,3,2,39,34,11,7,242,173,185,228,233,-9,-11,-8,-5
11942,Mypop,45,25,2,0,49,28,10,2,242,148,189,230,240,-4,-3,-8,-2
11925,Myo9a,26,11,2,2,75,46,10,2,242,141,185,230,238,-49,-35,-8,0
4583,Dhcr7,45,29,4,2,80,47,12,8,242,117,166,226,232,-35,-18,-8,-6
12092,Ncstn,35,23,3,2,54,26,11,3,242,153,193,228,237,-19,-3,-8,-1
11763,Mtmr6,39,21,2,2,70,48,10,4,242,133,173,230,236,-31,-27,-8,-2
7654,Gm5136,16,14,0,0,37,32,8,0,242,189,196,234,242,-21,-18,-8,0
12359,Nlrp4f,23,18,4,1,48,38,12,1,242,171,186,226,240,-25,-20,-8,0
18012,Snrpa1,37,15,2,2,44,23,10,5,242,161,204,230,235,-7,-8,-8,-3
4798,Dnmt3b,31,13,1,0,77,43,9,2,242,134,186,232,240,-46,-30,-8,-2
7682,Gm550,23,16,7,2,59,44,15,5,242,160,182,220,235,-36,-28,-8,-3
5951,Fcgr4,54,39,8,3,72,54,16,10,242,116,149,218,229,-18,-15,-8,-7
7677,Gm5458,6,4,1,1,16,14,9,7,242,220,224,232,234,-10,-10,-8,-6
11671,Msh3,31,18,2,2,60,34,10,4,242,151,190,230,236,-29,-16,-8,-2
21529,Yif1b,25,13,3,2,66,32,11,4,242,151,197,228,236,-41,-19,-8,-2
22076,Zfp982,44,29,3,0,74,44,11,5,242,124,169,228,237,-30,-15,-8,-5
18815,Taf8,30,13,2,2,52,32,10,2,242,160,197,230,238,-22,-19,-8,0
15049,Pon2,24,15,2,2,51,24,10,3,242,167,203,230,237,-27,-9,-8,-1
5874,Fbxl20,48,30,2,2,62,34,10,3,242,132,178,230,237,-14,-4,-8,-1
12334,Nkx3-1,24,10,0,0,43,24,8,6,242,175,208,234,236,-19,-14,-8,-6
7,1110004F10Rik,28,11,2,2,36,19,10,6,242,178,212,230,234,-8,-8,-8,-4
7366,Gm32717,41,21,7,4,51,40,15,2,242,150,181,220,236,-10,-19,-8,2
5972,Fdxacb1,33,16,2,2,68,43,10,5,242,141,183,230,235,-35,-27,-8,-3
19092,Tent5d,33,19,4,0,57,39,12,4,242,152,184,226,238,-24,-20,-8,-4
7663,Gm5169,2,2,1,0,13,11,9,7,242,227,229,232,235,-11,-9,-8,-7
12297,Nipa2,42,27,3,2,62,33,11,5,242,138,182,228,235,-20,-6,-8,-3
17998,Snhg4,57,36,13,6,67,43,21,15,242,118,163,208,221,-10,-7,-8,-9
829,Adprm,22,10,2,2,60,37,10,4,242,160,195,230,236,-38,-27,-8,-2
7383,Gm3404,5,5,1,0,17,17,9,8,242,220,220,232,234,-12,-12,-8,-8
15062,Poteg,1,0,0,0,12,12,8,4,242,229,230,234,238,-11,-12,-8,-4
18264,Spns3,31,18,1,1,70,47,9,2,242,141,177,232,239,-39,-29,-8,-1
21550,Ythdc2,27,11,1,0,70,43,9,2,242,145,188,232,240,-43,-32,-8,-2
16188,Rfwd3,35,17,2,2,44,23,10,6,242,163,202,230,234,-9,-6,-8,-4
15777,Qrsl1,28,13,2,2,64,38,10,6,242,150,191,230,234,-36,-25,-8,-4
7695,Gm5751,29,27,23,6,46,43,31,20,242,167,172,188,216,-17,-16,-8,-14
21542,Yod1,20,6,2,0,87,47,10,3,242,135,189,230,239,-67,-41,-8,-3
844,Adtrp,41,26,4,2,60,40,12,6,242,141,176,226,234,-19,-14,-8,-4
4369,Dcst1,40,24,4,1,73,44,12,7,242,129,174,226,234,-33,-20,-8,-6
7351,Gm31571,1,1,0,0,11,11,8,5,242,230,230,234,237,-10,-10,-8,-5
19101,Tert,39,19,2,0,70,47,10,3,242,133,176,230,239,-31,-28,-8,-3
7352,Gm3159,12,10,2,0,20,17,10,7,242,210,215,230,235,-8,-7,-8,-7
14855,Plekhh2,41,19,0,0,60,39,8,2,242,141,184,234,240,-19,-20,-8,-2
872,Agbl3,41,23,5,3,83,53,13,3,242,118,166,224,236,-42,-30,-8,0
16171,Rexo5,50,21,3,1,67,37,11,8,242,125,184,228,233,-17,-16,-8,-7
874,Agbl5,40,25,3,2,66,38,11,5,242,136,179,228,235,-26,-13,-8,-3
19107,Tesk2,31,13,2,2,68,50,10,1,242,143,179,230,239,-37,-37,-8,1
5925,Fbxw17,33,15,3,2,62,39,11,6,242,147,188,228,234,-29,-24,-8,-4
14878,Pllp,48,28,9,5,77,48,17,5,242,117,166,216,232,-29,-20,-8,0
7382,Gm3402,8,8,1,0,11,11,9,8,242,223,223,232,234,-3,-3,-8,-8
7389,Gm3435,54,31,11,7,80,57,19,9,242,108,154,212,226,-26,-26,-8,-2
14571,Phactr3,43,20,3,1,52,37,11,6,242,147,185,228,235,-9,-17,-8,-5
16190,Rfx2,45,21,1,0,80,48,9,1,242,117,173,232,241,-35,-27,-8,-1
15874,Racgap1,39,17,4,0,70,40,12,9,242,133,185,226,233,-31,-23,-8,-9
176,2410137M14Rik,27,22,10,0,41,33,18,6,242,174,187,214,236,-14,-11,-8,-6
19802,Tox,27,16,0,0,51,24,8,0,242,164,202,234,242,-24,-8,-8,0
12151,Ndufs4,27,13,4,2,62,32,12,7,242,153,197,226,233,-35,-19,-8,-5
4719,Dnah17,28,12,2,1,35,23,10,4,242,179,207,230,237,-7,-11,-8,-3
22197,Zswim2,18,16,4,0,33,29,12,7,242,191,197,226,235,-15,-13,-8,-7
15019,Polr2f,38,16,2,2,45,28,10,6,242,159,198,230,234,-7,-12,-8,-4
5750,Fam221a,51,25,3,1,77,59,11,2,242,114,158,228,239,-26,-34,-8,-1
4420,Ddx25,20,8,1,0,38,23,9,4,242,184,211,232,238,-18,-15,-8,-4
4710,Dnaaf4,31,19,3,2,54,39,11,0,242,157,184,228,240,-23,-20,-8,2
1040,Alg8,30,17,2,1,61,40,10,5,242,151,185,230,236,-31,-23,-8,-4
4706,Dna2,32,12,1,0,68,43,9,3,242,142,187,232,239,-36,-31,-8,-3
1071,Alx1,23,15,5,1,59,35,13,1,242,160,192,224,240,-36,-20,-8,0
19109,Tesl2,6,6,0,0,15,15,8,6,242,221,221,234,236,-9,-9,-8,-6
137,1810062G17Rik,53,35,6,0,75,61,14,5,242,114,146,222,237,-22,-26,-8,-5
11719,Mta3,47,20,4,4,42,23,12,5,242,153,199,226,233,5,-3,-8,-1
12116,Ndufa2,26,15,3,2,44,27,11,5,242,172,200,228,235,-18,-12,-8,-3
12287,Nid2,43,19,4,3,53,35,12,4,242,146,188,226,235,-10,-16,-8,-1
12440,Nova2,34,14,0,0,57,35,8,0,242,151,193,234,242,-23,-21,-8,0
960,Akap14,37,20,1,1,44,28,9,5,242,161,194,232,236,-7,-8,-8,-4
15863,Rabgap1l,30,14,2,2,68,38,10,5,242,144,190,230,235,-38,-24,-8,-3
7391,Gm3460,13,10,3,0,20,19,11,5,242,209,213,228,237,-7,-9,-8,-5
5911,Fbxo46,40,18,2,2,64,43,10,1,242,138,181,230,239,-24,-25,-8,1
18220,Spesp1,25,13,0,0,23,17,8,6,242,194,212,234,236,2,-4,-8,-6
21501,Xpr1,35,16,3,2,69,41,11,5,242,138,185,228,235,-34,-25,-8,-3
920,AI467606,29,19,0,0,70,46,8,3,242,143,177,234,239,-41,-27,-8,-3
182,2610008E11Rik,36,16,4,1,73,52,12,7,242,133,174,226,234,-37,-36,-8,-6
22086,Zfp992,23,14,4,1,85,51,12,3,242,134,177,226,238,-62,-37,-8,-2
22203,Zswim8,34,15,2,2,46,23,10,4,242,162,204,230,236,-12,-8,-8,-2
21491,Xpc,40,21,4,2,61,33,12,10,242,141,188,226,230,-21,-12,-8,-8
18211,Speer4f2,15,10,0,0,24,20,8,4,242,203,212,234,238,-9,-10,-8,-4
15865,Rabggta,27,15,3,3,64,26,11,4,242,151,201,228,235,-37,-11,-8,-1
4735,Dnaja3,43,16,2,2,48,24,10,3,242,151,202,230,237,-5,-8,-8,-1
19637,Tmem91,60,46,10,3,63,44,18,8,242,119,152,214,231,-3,2,-8,-5
12215,Neurl1b,41,22,3,2,67,41,11,3,242,134,179,228,237,-26,-19,-8,-1
7662,Gm5168,6,5,3,1,17,16,11,6,242,219,221,228,235,-11,-11,-8,-5
2599,Ccdc154,59,30,3,1,48,25,12,7,242,135,187,227,234,11,5,-9,-6
2602,Ccdc159,45,26,2,0,69,37,11,3,242,128,179,229,239,-24,-11,-9,-3
14800,Plagl2,27,13,3,0,61,34,12,2,242,154,195,227,240,-34,-21,-9,-2
20705,Uqcrb,26,16,5,5,53,36,14,10,242,163,190,223,227,-27,-20,-9,-5
2596,Ccdc150,36,10,1,1,52,28,10,1,242,154,204,231,240,-16,-18,-9,0
14894,Plppr2,37,18,1,0,68,36,10,1,242,137,188,231,241,-31,-18,-9,-1
15254,Pramel41,13,12,3,2,24,21,12,5,242,205,209,227,235,-11,-9,-9,-3
2929,Cdc7,41,20,0,0,59,37,9,2,242,142,185,233,240,-18,-17,-9,-2
10264,L2hgdh,30,18,3,2,70,42,12,2,242,142,182,227,238,-40,-24,-9,0
14889,Plpp4,24,16,3,0,34,26,12,5,242,184,200,227,237,-10,-10,-9,-5
315,4933414I15Rik,1,0,0,0,15,14,9,6,242,226,228,233,236,-14,-14,-9,-6
2588,Ccdc14,28,9,0,0,73,41,9,2,242,141,192,233,240,-45,-32,-9,-2
14143,Palb2,44,21,1,0,68,37,10,3,242,130,184,231,239,-24,-16,-9,-3
20530,Ube2e2,44,23,4,2,68,42,13,9,242,130,177,225,231,-24,-19,-9,-7
16893,Scfd1,26,13,3,2,42,28,12,5,242,174,201,227,235,-16,-15,-9,-3
14895,Plppr3,50,26,0,0,58,40,9,4,242,134,176,233,238,-8,-14,-9,-4
10244,Krtap6-5,5,5,2,1,14,12,11,3,242,223,225,229,238,-9,-7,-9,-2
31,1700001J03Rik,52,44,12,6,68,57,21,10,242,122,141,209,226,-16,-13,-9,-4
2582,Ccdc13,41,25,3,1,72,48,12,4,242,129,169,227,237,-31,-23,-9,-3
46,1700011L22Rik,20,18,2,0,46,40,11,2,242,176,184,229,240,-26,-22,-9,-2
22041,Zfp949,53,34,5,3,73,52,14,5,242,116,156,223,234,-20,-18,-9,-2
14675,Pigyl,28,15,4,3,76,35,13,11,242,138,192,225,228,-48,-20,-9,-8
14750,Pkdrej,17,6,0,0,32,16,9,5,242,193,220,233,237,-15,-10,-9,-5
9852,Kcnq3,18,6,0,0,48,25,9,3,242,176,211,233,239,-30,-19,-9,-3
2795,Ccz1,26,15,2,2,55,26,11,6,242,161,201,229,234,-29,-11,-9,-4
15121,Ppm1d,40,15,2,2,54,36,11,2,242,148,191,229,238,-14,-21,-9,0
22072,Zfp978,56,43,13,6,66,47,22,9,242,120,152,207,227,-10,-4,-9,-3
247,4930467E23Rik,36,29,8,1,44,34,17,12,242,162,179,217,229,-8,-5,-9,-11
9871,Kctd14,50,38,6,1,72,53,15,3,242,120,151,221,238,-22,-15,-9,-2
183,2610021A01Rik,28,17,2,0,68,40,11,2,242,146,185,229,240,-40,-23,-9,-2
254,4930503E14Rik,40,32,11,4,54,45,20,11,242,148,165,211,227,-14,-13,-9,-7
14211,Pate2,48,22,4,1,77,50,13,3,242,117,170,225,238,-29,-28,-9,-2
255,4930503L19Rik,50,27,3,0,57,35,12,2,242,135,180,227,240,-7,-8,-9,-2
15042,Pomgnt1,29,14,3,3,61,34,12,3,242,152,194,227,236,-32,-20,-9,0
256,4930505A04Rik,44,39,7,2,57,46,16,5,242,141,157,219,235,-13,-7,-9,-3
16960,Scoc,39,20,6,2,65,42,15,8,242,138,180,221,232,-26,-22,-9,-6
2808,Cd1d2,27,15,2,0,32,25,11,5,242,183,202,229,237,-5,-10,-9,-5
2810,Cd200,54,35,6,2,56,33,15,3,242,132,174,221,237,-2,2,-9,-1
202,2900092C05Rik,11,11,4,2,34,26,13,7,242,197,205,225,233,-23,-15,-9,-5
2687,Ccdc88a,38,21,2,0,61,39,11,3,242,143,182,229,239,-23,-18,-9,-3
22063,Zfp97,44,22,5,4,73,52,14,5,242,125,168,223,233,-29,-30,-9,-1
22026,Zfp934,39,23,4,2,71,40,13,7,242,132,179,225,233,-32,-17,-9,-5
208,3110082I17Rik,27,13,2,0,67,42,11,3,242,148,187,229,239,-40,-29,-9,-3
9892,Kdm1b,46,27,2,2,53,27,11,5,242,143,188,229,235,-7,0,-9,-3
22056,Zfp964,38,19,1,0,57,35,10,3,242,147,188,231,239,-19,-16,-9,-3
2566,Ccdc106,53,35,3,1,70,50,12,3,242,119,157,227,238,-17,-15,-9,-2
9935,Kif18a,39,17,1,0,92,62,10,1,242,111,163,231,241,-53,-45,-9,-1
15102,Pphln1,42,17,2,2,51,32,11,3,242,149,193,229,237,-9,-15,-9,-1
15067,Pou2f2,51,34,2,0,70,44,11,1,242,121,164,229,241,-19,-10,-9,-1
2737,Ccn6,36,29,3,2,60,48,12,5,242,146,165,227,235,-24,-19,-9,-3
14441,Pdp1,37,16,2,1,56,38,11,8,242,149,188,229,233,-19,-22,-9,-7
2742,Ccnb2,47,28,8,3,77,53,17,8,242,118,161,217,231,-30,-25,-9,-5
15097,Ppfia2,18,6,1,0,28,20,10,6,242,196,216,231,236,-10,-14,-9,-6
2749,Ccne1,47,24,4,2,74,48,13,4,242,121,170,225,236,-27,-24,-9,-2
2745,Ccnd1,34,13,4,2,65,38,13,3,242,143,191,225,237,-31,-25,-9,-1
168,2310057M21Rik,32,18,3,1,76,53,12,2,242,134,171,227,239,-44,-35,-9,-1
22008,Zfp87,44,29,4,3,61,37,13,6,242,137,176,225,233,-17,-8,-9,-3
2828,Cd24a,57,33,2,2,39,25,11,5,242,146,184,229,235,18,8,-9,-3
10037,Klhl32,43,29,5,2,65,41,14,7,242,134,172,223,233,-22,-12,-9,-5
14922,Pmch,26,19,4,2,32,23,13,5,242,184,200,225,235,-6,-4,-9,-3
2606,Ccdc166,30,15,0,0,65,45,9,1,242,147,182,233,241,-35,-30,-9,-1
300,4932429P05Rik,0,0,0,0,10,9,9,8,242,232,233,233,234,-10,-9,-9,-8
15194,Ppp3cb,26,13,3,2,54,35,12,4,242,162,194,227,236,-28,-22,-9,-2
14253,Pcbp3,38,21,2,2,51,33,11,7,242,153,188,229,233,-13,-12,-9,-5
14272,Pcdha2,16,9,2,1,38,21,11,7,242,188,212,229,234,-22,-12,-9,-6
14276,Pcdha6,14,8,0,0,33,26,9,3,242,195,208,233,239,-19,-18,-9,-3
10089,Klra9,24,20,4,1,43,40,13,6,242,175,182,225,235,-19,-20,-9,-5
2902,Cdc20,41,21,4,1,89,63,13,3,242,112,158,225,238,-48,-42,-9,-2
78,1700024G13Rik,14,12,1,0,29,21,10,0,242,199,209,231,242,-15,-9,-9,0
82,1700028J19Rik,40,27,6,4,78,54,15,8,242,124,161,221,230,-38,-27,-9,-4
10082,Klra2,55,37,7,1,69,52,16,3,242,118,153,219,238,-14,-15,-9,-2
10053,Klk10,41,26,2,1,59,30,11,3,242,142,186,229,238,-18,-4,-9,-2
2898,Cdc123,30,15,3,3,40,24,12,7,242,172,203,227,232,-10,-9,-9,-4
16942,Scn1a,16,9,0,0,37,25,9,3,242,189,208,233,239,-21,-16,-9,-3
2671,Ccdc74a,47,33,4,2,69,41,13,5,242,126,168,225,235,-22,-8,-9,-3
21971,Zfp78,46,29,3,0,91,59,12,4,242,105,154,227,238,-45,-30,-9,-4
2637,Ccdc25,46,22,2,2,43,26,11,4,242,153,194,229,236,3,-4,-9,-2
20673,Unc5c,35,16,2,0,55,38,11,1,242,152,188,229,241,-20,-22,-9,-1
2642,Ccdc30,36,19,4,2,74,52,13,6,242,132,171,225,234,-38,-33,-9,-4
277,4930572O03Rik,9,8,1,0,16,16,10,8,242,217,218,231,234,-7,-8,-9,-8
233,4930415L06Rik,1,0,0,0,11,10,9,7,242,230,232,233,235,-10,-10,-9,-7
14363,Pctp,26,7,2,2,85,47,11,4,242,131,188,229,236,-59,-40,-9,-2
267,4930548H24Rik,44,23,2,0,61,44,11,4,242,137,175,229,238,-17,-21,-9,-4
14378,Pdcd4,35,22,3,2,67,38,12,6,242,140,182,227,234,-32,-16,-9,-4
14653,Pifo,26,20,0,0,33,22,9,5,242,183,200,233,237,-7,-2,-9,-5
20572,Ubox5,28,10,3,1,82,54,12,4,242,132,178,227,237,-54,-44,-9,-3
14384,Pdcl2,12,9,3,1,34,27,12,3,242,196,206,227,238,-22,-18,-9,-2
127,1810010H24Rik,66,41,4,0,55,31,13,3,242,121,170,225,239,11,10,-9,-3
2831,Cd276,39,23,2,1,80,50,11,7,242,123,169,229,234,-41,-27,-9,-6
2702,Cchcr1,32,12,3,0,64,40,12,4,242,146,190,227,238,-32,-28,-9,-4
1432,Arhgef15,30,14,2,0,81,55,11,2,242,131,173,229,240,-51,-41,-9,-2
20730,Uso1,38,16,3,2,37,22,12,7,242,167,204,227,233,1,-6,-9,-5
15812,Rab26,43,25,3,0,67,38,12,4,242,132,179,227,238,-24,-13,-9,-4
12306,Nipsnap3b,48,30,6,2,57,32,15,6,242,137,180,221,234,-9,-2,-9,-4
11063,Mbtps1,31,22,4,2,55,37,13,5,242,156,183,225,235,-24,-15,-9,-3
15855,Rab8b,35,18,2,1,57,32,11,4,242,150,192,229,237,-22,-14,-9,-3
937,Aimp2,38,18,2,2,34,22,11,6,242,170,202,229,234,4,-4,-9,-4
12205,Nepro,47,20,3,2,56,36,12,4,242,139,186,227,236,-9,-16,-9,-2
11151,Med20,46,23,2,2,41,28,11,5,242,155,191,229,235,5,-5,-9,-3
12191,Nek8,27,15,4,0,74,50,13,4,242,141,177,225,238,-47,-35,-9,-4
11164,Med6,27,18,4,2,60,34,13,6,242,155,190,225,234,-33,-16,-9,-4
11166,Med8,38,16,2,2,54,29,11,5,242,150,197,229,235,-16,-13,-9,-3
12145,Ndufb9,30,13,2,2,32,21,11,6,242,180,208,229,234,-2,-8,-9,-4
1839,B3gnt9,41,17,2,0,73,46,11,3,242,128,179,229,239,-32,-29,-9,-3
12144,Ndufb8,28,11,2,2,50,26,11,3,242,164,205,229,237,-22,-15,-9,-1
21065,Vmn1r72,41,17,0,0,60,33,9,3,242,141,192,233,239,-19,-16,-9,-3
11201,Mesp1,25,15,1,0,23,18,10,6,242,194,209,231,236,2,-3,-9,-6
11207,Metap2,26,15,2,2,47,28,11,4,242,169,199,229,236,-21,-13,-9,-2
1097,Amn1,35,16,2,2,61,36,11,2,242,146,190,229,238,-26,-20,-9,0
15949,Rapsn,47,26,2,0,65,45,11,3,242,130,171,229,239,-18,-19,-9,-3
16384,Rnf112,22,10,2,0,35,27,11,8,242,185,205,229,234,-13,-17,-9,-8
12078,Ncl,41,24,2,2,48,28,11,4,242,153,190,229,236,-7,-4,-9,-2
1105,Amt,38,19,3,2,79,43,12,5,242,125,180,227,235,-41,-24,-9,-3
1129,Angel1,20,7,2,0,75,43,11,5,242,147,192,229,237,-55,-36,-9,-5
12323,Nkrf,38,21,2,0,81,49,11,5,242,123,172,229,237,-43,-28,-9,-5
21526,Yeats4,30,13,2,2,68,40,11,6,242,144,189,229,234,-38,-27,-9,-4
12048,Nbeal2,36,17,2,2,77,52,11,1,242,129,173,229,239,-41,-35,-9,1
11027,Mat2a,38,25,4,3,75,52,13,3,242,129,165,225,236,-37,-27,-9,0
1979,Bcl2l15,59,39,8,2,67,52,17,5,242,116,151,217,235,-8,-13,-9,-3
21575,Zbtb12,53,27,3,2,58,32,12,3,242,131,183,227,237,-5,-5,-9,-1
775,Add3,42,21,5,2,63,32,14,6,242,137,189,223,234,-21,-11,-9,-4
15740,Pwwp4b,18,16,5,1,42,34,14,7,242,182,192,223,234,-24,-18,-9,-6
15746,Pxmp2,41,16,3,2,61,39,12,3,242,140,187,227,237,-20,-23,-9,-1
12471,Npm1,34,13,3,3,44,27,12,5,242,164,202,227,234,-10,-14,-9,-2
1963,Bckdhb,44,29,4,2,47,27,13,5,242,151,186,225,235,-3,2,-9,-3
1959,Bccip,40,19,2,2,34,21,11,4,242,168,202,229,236,6,-2,-9,-2
12465,Nphp3,37,23,6,2,83,42,15,8,242,122,177,221,232,-46,-19,-9,-6
1945,BC061237,4,3,1,1,17,16,10,6,242,221,223,231,235,-13,-13,-9,-5
1944,BC055324,40,25,2,0,65,40,11,5,242,137,177,229,237,-25,-15,-9,-5
12382,Nmral1,32,16,1,1,52,28,10,2,242,158,198,231,239,-20,-12,-9,-1
864,Afp,45,18,2,0,50,29,11,7,242,147,195,229,235,-5,-11,-9,-7
873,Agbl4,35,19,3,1,44,31,12,4,242,163,192,227,237,-9,-12,-9,-3
16501,Rpap2,27,11,2,2,63,31,11,6,242,152,200,229,234,-36,-20,-9,-4
10995,Marchf11,25,13,1,0,47,39,10,5,242,170,190,231,237,-22,-26,-9,-5
12378,Nmi,46,25,6,2,62,32,15,5,242,134,185,221,235,-16,-7,-9,-3
875,Ager,49,33,3,2,71,43,12,4,242,122,166,227,236,-22,-10,-9,-2
11013,Mars2,33,18,1,0,67,43,10,0,242,142,181,231,242,-34,-25,-9,0
16485,Ropn1l,43,27,8,2,71,48,17,5,242,128,167,217,235,-28,-21,-9,-3
12374,Nme6,31,13,4,2,59,36,13,3,242,152,193,225,237,-28,-23,-9,-1
1130,Angel2,25,12,3,2,53,31,12,6,242,164,199,227,234,-28,-19,-9,-4
1143,Ank2,41,19,6,4,73,54,15,7,242,128,169,221,231,-32,-35,-9,-3
10277,Lair1,51,32,3,2,58,38,12,7,242,133,172,227,233,-7,-6,-9,-5
11476,Mpc2,24,15,2,2,40,31,11,4,242,178,196,229,236,-16,-16,-9,-2
11758,Mtmr12,27,12,2,2,80,46,11,2,242,135,184,229,238,-53,-34,-9,0
11482,Mphosph6,39,20,2,2,64,41,11,6,242,139,181,229,234,-25,-21,-9,-4
11752,Mtif3,33,12,3,2,55,28,12,5,242,154,202,227,235,-22,-16,-9,-3
16114,Rec8,46,28,6,1,63,41,15,4,242,133,173,221,237,-17,-13,-9,-3
1540,Art1,33,21,2,0,52,37,11,4,242,157,184,229,238,-19,-16,-9,-4
1528,Arrb2,42,24,4,2,52,28,13,8,242,148,190,225,232,-10,-4,-9,-6
16139,Relt,53,30,2,1,57,33,11,4,242,132,179,229,237,-4,-3,-9,-3
16242,Rhcg,24,14,5,3,44,28,14,9,242,174,200,223,230,-20,-14,-9,-6
11704,mt-Co3,43,29,8,8,48,35,17,11,242,151,178,217,223,-5,-6,-9,-3
11700,mt-Atp6,41,27,9,6,50,43,18,10,242,151,172,215,226,-9,-16,-9,-4
21268,Vstm2a,32,13,2,1,40,29,11,5,242,170,200,229,236,-8,-16,-9,-4
1366,Arap3,57,34,7,2,70,46,16,2,242,115,162,219,238,-13,-12,-9,0
11683,Msmb,18,16,8,3,20,20,17,7,242,204,206,217,232,-2,-4,-9,-4
11665,Msantd3,37,24,1,0,57,30,10,4,242,148,188,231,238,-20,-6,-9,-4
16211,Rgs12,32,12,3,3,90,60,12,7,242,120,170,227,232,-58,-48,-9,-4
11654,Ms4a4b,25,21,3,1,58,40,12,5,242,159,181,227,236,-33,-19,-9,-4
1456,Arid3b,45,21,5,2,63,41,14,4,242,134,180,223,236,-18,-20,-9,-2
16209,Rgs10,62,36,7,1,55,38,16,10,242,125,168,219,231,7,-2,-9,-9
11629,Mrps33,29,15,4,3,49,32,13,7,242,164,195,225,232,-20,-17,-9,-4
1427,Arhgef1,44,20,1,1,50,27,10,3,242,148,195,231,238,-6,-7,-9,-2
16189,Rfx1,31,15,2,1,54,30,11,0,242,157,197,229,241,-23,-15,-9,1
1252,Aox4,28,15,1,0,40,24,10,1,242,174,203,231,241,-12,-9,-9,-1
11467,Mosmo,28,13,4,2,50,27,13,5,242,164,202,225,235,-22,-14,-9,-3
12015,Napepld,27,9,1,1,74,48,10,1,242,141,185,231,240,-47,-39,-9,0
11462,Morn2,35,13,5,3,60,37,14,3,242,147,192,223,236,-25,-24,-9,0
12011,Nap1l4,40,27,3,3,48,29,12,12,242,154,186,227,227,-8,-2,-9,-9
11991,Nagk,32,9,2,2,53,29,11,5,242,157,204,229,235,-21,-20,-9,-3
11979,Nabp1,47,26,4,3,72,36,13,8,242,123,180,225,231,-25,-10,-9,-5
21376,Wdr86,47,26,5,1,68,42,14,1,242,127,174,223,240,-21,-16,-9,0
11969,Naa40,27,14,2,1,79,52,11,2,242,136,176,229,239,-52,-38,-9,-1
11966,Naa30,39,16,2,2,58,36,11,5,242,145,190,229,235,-19,-20,-9,-3
11324,Mier1,42,23,5,4,60,35,14,10,242,140,184,223,228,-18,-12,-9,-6
1709,Atp5l,29,17,4,2,45,34,13,6,242,168,191,225,234,-16,-17,-9,-4
11328,Mif4gd,28,11,2,2,60,37,11,2,242,154,194,229,238,-32,-26,-9,0
11964,Naa20,35,17,2,2,55,27,11,6,242,152,198,229,234,-20,-10,-9,-4
16331,Riox2,37,18,2,2,59,30,11,3,242,146,194,229,237,-22,-12,-9,-1
11344,Mios,22,12,2,1,73,42,11,3,242,147,188,229,238,-51,-30,-9,-2
21359,Wdr6,33,18,3,2,82,53,12,2,242,127,171,227,238,-49,-35,-9,0
11357,Mki67,36,20,7,0,78,43,16,5,242,128,179,219,237,-42,-23,-9,-5
1651,Atg7,36,22,4,3,68,34,13,6,242,138,186,225,233,-32,-12,-9,-3
11373,Mlh1,34,20,3,1,64,33,12,6,242,144,189,227,235,-30,-13,-9,-5
16301,Ribc2,23,10,1,1,63,50,10,5,242,156,182,231,236,-40,-40,-9,-4
11908,Myo19,31,12,3,2,76,42,12,3,242,135,188,227,237,-45,-30,-9,-1
11866,Myf6,23,18,0,0,37,34,9,7,242,182,190,233,235,-14,-16,-9,-7
16078,Rcbtb1,42,28,5,2,46,28,14,5,242,154,186,223,235,-4,0,-9,-3
21320,Wdfy4,32,22,11,4,68,44,20,4,242,142,176,211,234,-36,-22,-9,0
15729,Pusl1,27,11,2,0,41,24,11,4,242,174,207,229,238,-14,-13,-9,-4
2008,Bend5,29,16,2,2,76,52,11,0,242,137,174,229,240,-47,-36,-9,2
10848,Mag,36,14,4,1,62,38,13,9,242,144,190,225,232,-26,-24,-9,-8
2459,Car7,37,18,2,0,78,59,11,5,242,127,165,229,237,-41,-41,-9,-5
2439,Caprin2,40,20,4,1,64,37,13,9,242,138,185,225,232,-24,-17,-9,-8
455,Aasdh,58,32,2,1,69,37,11,6,242,115,173,229,235,-11,-5,-9,-5
21805,Zfp40,42,26,7,1,76,42,16,7,242,124,174,219,234,-34,-16,-9,-6
13527,Olfr510,42,22,1,0,56,37,10,0,242,144,183,231,242,-14,-15,-9,0
10442,Lhfpl3,25,8,1,0,43,24,10,4,242,174,210,231,238,-18,-16,-9,-4
10459,Lig4,41,24,3,1,64,40,12,4,242,137,178,227,237,-23,-16,-9,-3
2417,Cand2,27,11,0,0,72,42,9,3,242,143,189,233,239,-45,-31,-9,-3
16778,S1pr2,54,27,3,0,69,46,12,1,242,119,169,227,241,-15,-19,-9,-1
16775,S100pbp,27,7,2,2,68,41,11,3,242,147,194,229,237,-41,-34,-9,-1
13407,Olfr357,1,0,0,0,11,11,9,7,242,230,231,233,235,-10,-11,-9,-7
21773,Zfp334,37,21,0,0,49,35,9,4,242,156,186,233,238,-12,-14,-9,-4
13382,Olfr325,2,2,1,0,13,12,10,7,242,227,228,231,235,-11,-10,-9,-7
21769,Zfp324,42,27,3,0,84,61,12,4,242,116,154,227,238,-42,-34,-9,-4
2407,Camkmt,35,22,3,1,53,40,12,3,242,154,180,227,238,-18,-18,-9,-2
15454,Prr27,0,0,0,0,15,12,9,8,242,227,230,233,234,-15,-12,-9,-8
2380,Calhm5,34,18,2,0,65,39,11,4,242,143,185,229,238,-31,-21,-9,-4
15458,Prr32,11,10,0,0,27,22,9,6,242,204,210,233,236,-16,-12,-9,-6
16741,Rwdd2a,48,19,4,1,69,43,13,7,242,125,180,225,234,-21,-24,-9,-6
10555,Loxl3,47,19,0,0,46,31,9,4,242,149,192,233,238,1,-12,-9,-4
20847,Vdac3,31,17,2,2,44,29,11,5,242,167,196,229,235,-13,-12,-9,-3
13242,Olfr1509,24,14,1,0,34,22,10,7,242,184,206,231,235,-10,-8,-9,-7
10420,Lgals2,43,31,8,3,42,36,17,11,242,157,175,217,228,1,-5,-9,-8
13659,Olfr656,31,12,0,0,51,30,9,4,242,160,200,233,238,-20,-18,-9,-4
10836,Mad2l2,32,19,3,2,65,41,12,2,242,145,182,227,238,-33,-22,-9,0
21820,Zfp438,36,16,0,0,66,45,9,3,242,140,181,233,239,-30,-29,-9,-3
2564,Ccdc103,42,22,4,0,78,54,13,2,242,122,166,225,240,-36,-32,-9,-2
14077,P2rx3,49,30,1,0,70,40,10,5,242,123,172,231,237,-21,-10,-9,-5
10315,Larp7,36,18,4,2,50,28,13,2,242,156,196,225,238,-14,-10,-9,0
2553,Cby1,34,19,3,2,59,35,12,8,242,149,188,227,232,-25,-16,-9,-6
358,9130023H24Rik,20,11,1,1,93,55,10,2,242,129,176,231,239,-73,-44,-9,-1
15298,Prelid3a,36,17,2,0,63,36,11,5,242,143,189,229,237,-27,-19,-9,-5
367,9430038I01Rik,46,28,5,0,68,37,14,7,242,128,177,223,235,-22,-9,-9,-7
20760,Usp33,41,25,2,2,44,22,11,8,242,157,195,229,232,-3,3,-9,-6
373,9530077C05Rik,51,32,3,0,80,58,12,2,242,111,152,227,240,-29,-26,-9,-2
21866,Zfp560,34,14,6,2,56,38,15,14,242,152,190,221,226,-22,-24,-9,-12
15328,Prkar1b,56,37,9,3,56,41,18,9,242,130,164,215,230,0,-4,-9,-6
13863,Olfr893,42,24,2,1,63,41,11,4,242,137,177,229,237,-21,-17,-9,-3
21849,Zfp516,55,31,2,1,65,41,11,3,242,122,170,229,238,-10,-10,-9,-2
2509,Catsper2,58,29,4,0,52,32,13,7,242,132,181,225,235,6,-3,-9,-7
2508,Catsper1,12,9,0,0,33,23,9,6,242,197,210,233,236,-21,-14,-9,-6
15360,Prl3c1,3,2,1,0,12,11,10,8,242,227,229,231,234,-9,-9,-9,-8
21839,Zfp474,21,12,3,1,55,39,12,2,242,166,191,227,239,-34,-27,-9,-1
416,A830005F24Rik,43,34,9,1,65,53,18,7,242,134,155,215,234,-22,-19,-9,-6
13702,Olfr700,4,4,0,0,13,12,9,6,242,225,226,233,236,-9,-8,-9,-6
15391,Prn,44,35,10,2,57,44,19,6,242,141,163,213,234,-13,-9,-9,-4
447,Aamdc,37,21,3,3,46,27,12,10,242,159,194,227,229,-9,-6,-9,-7
531,Abhd6,40,21,3,2,49,25,12,7,242,153,196,227,233,-9,-4,-9,-5
21747,Zfp273,31,17,5,1,69,47,14,5,242,142,178,223,236,-38,-30,-9,-4
10564,Lpcat2,40,25,3,0,64,44,12,5,242,138,173,227,237,-24,-19,-9,-5
10567,Lpcat4,37,19,3,1,62,32,12,5,242,143,191,227,236,-25,-13,-9,-4
12687,Nutm2,6,1,0,0,18,10,9,5,242,218,231,233,237,-12,-9,-9,-5
12681,Nupr1l,52,29,3,0,67,42,12,5,242,123,171,227,237,-15,-13,-9,-5
2169,Brsk2,34,13,1,0,56,33,10,2,242,152,196,231,240,-22,-20,-9,-2
2163,Brms1l,37,21,4,2,73,38,13,4,242,132,183,225,236,-36,-17,-9,-2
21655,Zdhhc12,21,11,2,2,76,44,11,1,242,145,187,229,239,-55,-33,-9,1
676,Actrt3,44,23,3,0,60,39,12,8,242,138,180,227,234,-16,-16,-9,-8
21650,Zcwpw1,58,36,2,0,38,21,11,3,242,146,185,229,239,20,15,-9,-3
10719,Lsmem1,62,37,7,2,69,54,16,5,242,111,151,219,235,-7,-17,-9,-3
15641,Ptges3l,37,17,4,2,61,47,13,7,242,144,178,225,233,-24,-30,-9,-5
21629,Zc3h7a,29,16,2,2,41,22,11,6,242,172,204,229,234,-12,-6,-9,-4
10798,Lyrm2,28,20,6,3,72,39,15,6,242,142,183,221,233,-44,-19,-9,-3
16587,Rps12,40,20,4,4,45,33,13,11,242,157,189,225,227,-5,-13,-9,-7
2061,Bloc1s2,40,18,4,3,36,20,13,10,242,166,204,225,229,4,-2,-9,-7
21604,Zbtb5,17,7,2,0,78,51,11,2,242,147,184,229,240,-61,-44,-9,-2
727,Adamts10,46,22,5,2,59,37,14,6,242,137,183,223,234,-13,-15,-9,-4
2054,Bivm,43,27,8,5,71,53,17,10,242,128,162,217,227,-28,-26,-9,-5
2051,Birc5,46,26,5,2,74,50,14,2,242,122,166,223,238,-28,-24,-9,0
10825,Macc1,56,29,1,0,55,32,10,2,242,131,181,231,240,1,-3,-9,-2
21590,Zbtb34,31,16,1,0,55,37,10,0,242,156,189,231,242,-24,-21,-9,0
750,Adap1,31,16,4,2,64,41,13,2,242,147,185,225,238,-33,-25,-9,0
20972,Vmn1r214,31,16,0,0,52,29,9,4,242,159,197,233,238,-21,-13,-9,-4
2187,Btbd16,32,19,0,0,63,31,9,5,242,147,192,233,237,-31,-12,-9,-5
21671,Zdhhc4,27,9,2,2,61,37,11,6,242,154,196,229,234,-34,-28,-9,-4
12731,Obi1,31,19,3,1,80,46,12,3,242,131,177,227,238,-49,-27,-9,-2
10631,Lrrc27,48,30,4,0,58,37,13,6,242,136,175,225,236,-10,-7,-9,-6
10569,Lpin1,38,17,2,2,70,47,11,4,242,134,178,229,236,-32,-30,-9,-2
21738,Zfp248,39,14,1,0,74,46,10,4,242,129,182,231,238,-35,-32,-9,-4
10591,Lrguk,42,19,2,0,58,41,11,7,242,142,182,229,235,-16,-22,-9,-7
21730,Zfp213,47,23,2,1,55,28,11,4,242,140,191,229,237,-8,-5,-9,-3
13042,Olfr128,15,3,0,0,29,19,9,3,242,198,220,233,239,-14,-16,-9,-3
10600,Lrmp,46,28,1,0,55,32,10,3,242,141,182,231,239,-9,-4,-9,-3
10613,Lrpap1,36,22,3,2,47,26,12,8,242,159,194,227,232,-11,-4,-9,-6
10624,Lrrc19,25,17,6,2,73,44,15,4,242,144,181,221,236,-48,-27,-9,-2
12944,Olfr1178,34,18,3,1,54,29,12,5,242,154,195,227,236,-20,-11,-9,-4
2262,C1d,34,15,2,2,59,34,11,3,242,149,193,229,237,-25,-19,-9,-1
10664,Lrrc61,36,15,3,3,103,76,12,5,242,103,151,227,234,-67,-61,-9,-2
15577,Psmc5,28,14,2,2,43,27,11,5,242,171,201,229,235,-15,-13,-9,-3
21699,Zfp110,25,14,2,2,75,47,11,3,242,142,181,229,237,-50,-33,-9,-1
15578,Psmc6,39,20,2,2,32,20,11,5,242,171,202,229,235,7,0,-9,-3
12783,Oip5,46,29,3,1,89,64,12,5,242,107,149,227,236,-43,-35,-9,-4
21693,Zfp101,31,19,3,2,67,40,12,5,242,144,183,227,235,-36,-21,-9,-3
602,Acot10,29,21,2,0,38,34,11,6,242,175,187,229,236,-9,-13,-9,-6
21686,Zfand6,37,15,3,2,45,26,12,9,242,160,201,227,231,-8,-11,-9,-7
626,Acrbp,86,54,4,2,48,37,13,5,242,108,151,225,235,38,17,-9,-3
10654,Lrrc4b,34,21,1,0,49,33,10,3,242,159,188,231,239,-15,-12,-9,-3
12986,Olfr1220,35,13,1,0,65,31,10,6,242,142,198,231,236,-30,-18,-9,-6
17010,Sec1,44,15,2,1,64,39,11,3,242,134,188,229,238,-20,-24,-9,-2
2936,Cdca7l,34,15,1,0,80,48,10,6,242,128,179,231,236,-46,-33,-9,-6
17707,Slc41a3,30,12,1,0,70,39,10,2,242,142,191,231,240,-40,-27,-9,-2
6945,Gm15130,0,0,0,0,11,11,9,5,242,231,231,233,237,-11,-11,-9,-5
19354,Tm2d3,40,25,4,3,66,46,13,5,242,136,171,225,234,-26,-21,-9,-2
3630,Cog5,29,13,3,2,49,25,12,6,242,164,204,227,234,-20,-12,-9,-4
17690,Slc39a11,46,22,3,2,65,40,12,7,242,131,180,227,233,-19,-18,-9,-5
3627,Cog2,35,16,3,3,58,29,12,4,242,149,197,227,235,-23,-13,-9,-1
17674,Slc37a2,46,31,1,0,51,29,10,2,242,145,182,231,240,-5,2,-9,-2
18551,Stpg2,26,9,0,0,55,30,9,4,242,161,203,233,238,-29,-21,-9,-4
7509,Gm45015,42,21,3,0,59,36,12,4,242,141,185,227,238,-17,-15,-9,-4
3614,Cntrl,30,15,3,1,82,52,12,5,242,130,175,227,236,-52,-37,-9,-4
17672,Slc36a4,26,14,3,0,70,44,12,7,242,146,184,227,235,-44,-30,-9,-7
20126,Trim14,41,23,0,0,67,45,9,3,242,134,174,233,239,-26,-22,-9,-3
17644,Slc35a3,28,15,2,2,81,42,11,7,242,133,185,229,233,-53,-27,-9,-5
8289,Gtse1,41,23,1,0,69,42,10,3,242,132,177,231,239,-28,-19,-9,-3
18557,Strada,28,14,2,2,61,33,11,6,242,153,195,229,234,-33,-19,-9,-4
8323,Gzma,28,23,7,4,45,38,16,4,242,169,181,219,234,-17,-15,-9,0
6920,Gm14434,53,41,26,19,70,54,35,25,242,119,147,181,198,-17,-13,-9,-6
8331,Gzmm,79,51,4,2,53,36,13,7,242,110,155,225,233,26,15,-9,-5
5275,Elobl,51,44,21,15,65,59,30,15,242,126,139,191,212,-14,-15,-9,0
5300,Emc9,40,25,9,5,62,40,18,10,242,140,177,215,227,-22,-15,-9,-5
3535,Cmtm1,33,27,8,3,68,57,17,10,242,141,158,217,229,-35,-30,-9,-7
5306,Emid1,49,31,6,1,87,61,15,5,242,106,150,221,236,-38,-30,-9,-4
3646,Col1a1,67,38,3,2,58,41,12,3,242,117,163,227,237,9,-3,-9,-1
6975,Gm17026,14,13,5,2,23,18,14,10,242,205,211,223,230,-9,-5,-9,-8
20332,Tssk2,31,25,6,0,55,44,15,7,242,156,173,221,235,-24,-19,-9,-7
5190,Eif1b,35,19,4,2,46,26,13,9,242,161,197,225,231,-11,-7,-9,-7
19413,Tmem106c,42,18,4,2,41,29,13,9,242,159,195,225,231,1,-11,-9,-7
7071,Gm20696,37,18,0,0,66,48,9,0,242,139,176,233,242,-29,-30,-9,0
5116,Efcab6,18,9,2,1,33,21,11,5,242,191,212,229,236,-15,-12,-9,-4
19406,Tmeff2,43,17,1,1,64,45,10,4,242,135,180,231,237,-21,-28,-9,-3
19405,Tmeff1,55,34,2,0,72,45,11,4,242,115,163,229,238,-17,-11,-9,-4
17771,Slc6a21,20,13,0,0,27,21,9,5,242,195,208,233,237,-7,-8,-9,-5
7055,Gm20509,29,17,4,3,46,36,13,5,242,167,189,225,234,-17,-19,-9,-2
5141,Egf,28,12,2,2,77,46,11,3,242,137,184,229,237,-49,-34,-9,-1
3732,Coro1b,41,18,3,3,35,22,12,5,242,166,202,227,234,6,-4,-9,-2
18500,Steap2,33,16,3,2,73,40,12,3,242,136,186,227,237,-40,-24,-9,-1
8077,Gpr182,48,31,4,0,49,34,13,6,242,145,177,225,236,-1,-3,-9,-6
7033,Gm19935,50,43,5,1,52,42,14,7,242,140,157,223,234,-2,1,-9,-6
17741,Slc52a2,20,9,2,2,60,33,11,2,242,162,200,229,238,-40,-24,-9,0
17739,Slc51a,29,17,2,2,74,45,11,1,242,139,180,229,239,-45,-28,-9,1
7022,Gm17949,52,35,7,4,55,43,16,9,242,135,164,219,229,-3,-8,-9,-5
7016,Gm17657,68,50,6,1,59,41,15,6,242,115,151,221,235,9,9,-9,-5
8121,Gprin2,43,31,4,3,36,28,13,2,242,163,183,225,237,7,3,-9,1
8126,Gpsm2,40,17,2,1,73,53,11,2,242,129,172,229,239,-33,-36,-9,-1
5185,Eif1ad4,12,8,8,4,19,19,17,10,242,211,215,217,228,-7,-11,-9,-6
3664,Col5a1,61,32,2,0,60,37,11,4,242,121,173,229,238,1,-5,-9,-4
3656,Col2a1,34,20,1,0,40,24,10,3,242,168,198,231,239,-6,-4,-9,-3
19316,Tlcd1,31,14,3,2,80,45,12,6,242,131,183,227,234,-49,-31,-9,-4
20164,Trim5,72,53,12,6,66,48,21,8,242,104,141,209,228,6,5,-9,-2
5317,Emp2,44,17,2,1,52,26,11,4,242,146,199,229,237,-8,-9,-9,-3
5332,Engase,38,20,2,0,88,49,11,3,242,116,173,229,239,-50,-29,-9,-3
6712,Gm10282,50,33,10,3,52,32,19,10,242,140,177,213,229,-2,1,-9,-7
8659,Hipk4,40,16,3,0,64,41,12,6,242,138,185,227,236,-24,-25,-9,-6
3307,Chrna7,27,15,1,0,44,28,10,2,242,171,199,231,240,-17,-13,-9,-2
6706,Gm10251,35,21,2,0,51,43,11,7,242,156,178,229,235,-16,-22,-9,-7
5469,Ern2,29,15,2,1,32,22,11,4,242,181,205,229,237,-3,-7,-9,-3
5479,Esco2,55,30,7,1,68,49,16,7,242,119,163,219,234,-13,-19,-9,-6
8665,Hjurp,29,12,2,2,79,48,11,4,242,134,182,229,236,-50,-36,-9,-2
5481,Esf1,32,18,2,2,51,31,11,7,242,159,193,229,233,-19,-13,-9,-5
6681,Gm10096,1,1,0,0,12,12,9,9,242,229,229,233,233,-11,-11,-9,-9
5489,Esp24,14,13,11,4,28,27,20,13,242,200,202,211,225,-14,-14,-9,-9
8696,Hmgn3,55,25,4,4,50,28,13,11,242,137,189,225,227,5,-3,-9,-7
6657,Glrx3,28,14,5,2,49,27,14,7,242,165,201,223,233,-21,-13,-9,-5
17431,Slamf1,22,11,0,0,25,18,9,6,242,195,213,233,236,-3,-7,-9,-6
8727,Hnrnpr,30,12,3,3,69,40,12,4,242,143,190,227,235,-39,-28,-9,-1
8751,Hoxa6,49,36,9,2,68,48,18,4,242,125,158,215,236,-19,-12,-9,-2
6627,Gldc,49,24,3,2,56,35,12,4,242,137,183,227,236,-7,-11,-9,-2
3254,Chfr,37,18,3,2,63,42,12,4,242,142,182,227,236,-26,-24,-9,-2
6582,Gins1,38,18,2,1,80,49,11,4,242,124,175,229,237,-42,-31,-9,-3
8798,Hps6,36,14,3,0,70,44,12,4,242,136,184,227,238,-34,-30,-9,-4
3228,Chaf1a,41,21,1,1,70,42,10,1,242,131,179,231,240,-29,-21,-9,0
5576,Exosc7,32,15,3,2,52,33,12,7,242,158,194,227,233,-20,-18,-9,-5
5455,Erich2,40,27,10,2,62,44,19,9,242,140,171,213,231,-22,-17,-9,-7
8639,Hic2,34,15,0,0,57,36,9,1,242,151,191,233,241,-23,-21,-9,-1
5452,Eri2,36,23,3,1,64,38,12,9,242,142,181,227,232,-28,-15,-9,-8
17552,Slc25a2,72,54,9,3,60,45,18,8,242,110,143,215,231,12,9,-9,-5
6886,Gm13698,36,24,9,3,51,38,18,7,242,155,180,215,232,-15,-14,-9,-4
20176,Trim63,47,32,4,2,68,47,13,5,242,127,163,225,235,-21,-15,-9,-3
8401,H2ac8,73,53,10,3,66,48,19,6,242,103,141,213,233,7,5,-9,-3
3459,Clec4a2,67,45,16,5,79,60,25,12,242,96,137,201,225,-12,-15,-9,-7
3443,Clec14a,25,16,3,1,43,32,12,3,242,174,194,227,238,-18,-16,-9,-2
6870,Gm13283,23,20,5,1,49,43,14,7,242,170,179,223,234,-26,-23,-9,-6
6865,Gm13199,73,47,8,2,63,51,17,9,242,106,144,217,231,10,-4,-9,-7
5374,Epb41l4a,36,12,2,0,60,44,11,6,242,146,186,229,236,-24,-32,-9,-6
18601,Sucnr1,18,11,5,3,55,42,14,5,242,169,189,223,234,-37,-31,-9,-2
3418,Cldn22,16,14,4,2,35,35,13,10,242,191,193,225,230,-19,-21,-9,-8
5446,Erg28,43,22,2,2,67,31,11,7,242,132,189,229,233,-24,-9,-9,-5
19277,Timeless,31,15,1,0,67,40,10,5,242,144,187,231,237,-36,-25,-9,-5
20219,Trmu,39,17,4,3,51,29,13,10,242,152,196,225,229,-12,-12,-9,-7
6844,Gm12258,49,35,0,0,65,45,9,0,242,128,162,233,242,-16,-10,-9,0
8546,Hdac1,30,18,2,2,55,37,11,9,242,157,187,229,231,-25,-19,-9,-7
5421,Epyc,27,15,2,0,35,26,11,3,242,180,201,229,239,-8,-11,-9,-3
6778,Gm11034,6,6,6,6,15,15,15,15,242,221,221,221,221,-9,-9,-9,-9
8592,Hemgn,43,20,2,0,60,33,11,4,242,139,189,229,238,-17,-13,-9,-4
3341,Ciapin1,32,11,2,2,77,53,11,3,242,133,178,229,237,-45,-42,-9,-1
17499,Slc1a2,40,23,5,0,64,39,14,7,242,138,180,223,235,-24,-16,-9,-7
19414,Tmem107,28,13,3,2,75,44,12,7,242,139,185,227,233,-47,-31,-9,-5
3826,Crabp1,36,29,4,2,43,35,13,2,242,163,178,225,238,-7,-6,-9,0
3828,Cracd,42,27,4,0,55,36,13,6,242,145,179,225,236,-13,-9,-9,-6
7773,Gm7233,22,11,2,0,46,41,11,3,242,174,190,229,239,-24,-30,-9,-3
7685,Gm5592,10,1,0,0,19,16,9,8,242,213,225,233,234,-9,-15,-9,-8
18195,Spdl1,41,23,2,0,82,50,11,5,242,119,169,229,237,-41,-27,-9,-5
7704,Gm5800,1,1,0,0,16,14,9,6,242,225,227,233,236,-15,-13,-9,-6
19647,Tmigd3,18,14,5,2,34,27,14,9,242,190,201,223,231,-16,-13,-9,-7
7400,Gm3526,14,10,3,2,24,19,12,6,242,204,213,227,234,-10,-9,-9,-4
4322,Dbndd1,41,19,5,2,74,56,14,7,242,127,167,223,233,-33,-37,-9,-5
18204,Speer3,14,11,2,1,36,34,11,8,242,192,197,229,233,-22,-23,-9,-7
7718,Gm5945,2,2,0,0,13,11,9,6,242,227,229,233,236,-11,-9,-9,-6
4311,Dars2,31,14,2,2,68,36,11,6,242,143,192,229,234,-37,-22,-9,-4
7396,Gm3488,30,24,13,8,41,36,22,12,242,171,182,207,222,-11,-12,-9,-4
7390,Gm3453,23,15,4,1,33,28,13,11,242,186,199,225,230,-10,-13,-9,-10
7388,Gm3424,2,2,1,0,15,14,10,8,242,225,226,231,234,-13,-12,-9,-8
4282,D830030K20Rik,55,40,8,4,59,47,17,4,242,128,155,217,234,-4,-7,-9,0
19610,Tmem63a,56,33,6,3,60,29,15,8,242,126,180,221,231,-4,4,-9,-5
7381,Gm33933,23,18,3,2,38,37,12,9,242,181,187,227,231,-15,-19,-9,-7
4781,Dnase1,34,26,12,4,83,58,21,14,242,125,158,209,224,-49,-32,-9,-10
19875,Traj21,2,2,1,1,10,10,10,10,242,230,230,231,231,-8,-8,-9,-9
4259,Czib,35,19,3,2,54,32,12,8,242,153,191,227,232,-19,-13,-9,-6
17953,Smpd3,45,17,3,2,56,43,12,2,242,141,182,227,238,-11,-26,-9,0
19599,Tmem50b,31,21,4,3,47,25,13,11,242,164,196,225,228,-16,-4,-9,-8
4229,Cyp4f39,38,22,3,1,44,28,12,5,242,160,192,227,236,-6,-6,-9,-4
7684,Gm5591,11,1,0,0,18,15,9,8,242,213,226,233,234,-7,-14,-9,-8
4381,Dcun1d1,39,22,6,2,63,36,15,8,242,140,184,221,232,-24,-14,-9,-6
4384,Dcun1d4,28,16,4,3,94,61,13,7,242,120,165,225,232,-66,-45,-9,-4
18051,Snx29,51,23,3,3,57,33,12,6,242,134,186,227,233,-6,-10,-9,-3
7473,Gm42742,35,23,12,11,68,46,21,16,242,139,173,209,215,-33,-23,-9,-5
7460,Gm4131,30,23,4,1,68,55,13,3,242,144,164,225,238,-38,-32,-9,-2
4631,Dipk1b,40,26,4,1,73,44,13,4,242,129,172,225,237,-33,-18,-9,-3
19704,Tnfrsf17,30,29,10,2,51,45,19,2,242,161,168,213,238,-21,-16,-9,0
19694,Tnfaip8l1,47,29,2,0,72,44,11,3,242,123,169,229,239,-25,-15,-9,-3
18166,Spata2l,31,15,4,1,79,54,13,4,242,132,173,225,237,-48,-39,-9,-3
4653,Dld,34,18,2,2,37,22,11,7,242,171,202,229,233,-3,-4,-9,-5
4486,Defb14,1,1,1,1,12,11,10,5,242,229,230,231,236,-11,-10,-9,-4
18060,Snx7,40,26,6,2,51,32,15,13,242,151,184,221,227,-11,-6,-9,-11
19673,Tmsb15b1,42,31,16,9,72,53,25,17,242,128,158,201,216,-30,-22,-9,-8
19653,Tmppe,51,35,6,2,63,37,15,5,242,128,170,221,235,-12,-2,-9,-3
18187,Spats2,26,14,2,2,64,41,11,6,242,152,187,229,234,-38,-27,-9,-4
4704,Dmxl1,42,22,9,6,73,54,18,10,242,127,166,215,226,-31,-32,-9,-4
19794,Toporsl,3,0,0,0,22,15,9,7,242,217,227,233,235,-19,-15,-9,-7
7650,Gm5114,4,0,0,0,21,13,9,8,242,217,229,233,234,-17,-13,-9,-8
7407,Gm3573,6,6,3,0,18,17,12,5,242,218,219,227,237,-12,-11,-9,-5
7655,Gm5141,44,28,3,1,70,39,12,4,242,128,175,227,237,-26,-11,-9,-3
4416,Ddx20,24,14,2,2,59,36,11,3,242,159,192,229,237,-35,-22,-9,-1
4714,Dnah1,28,9,0,0,30,21,9,4,242,184,212,233,238,-2,-12,-9,-4
4717,Dnah12,16,9,1,0,33,18,10,4,242,193,215,231,238,-17,-9,-9,-4
19591,Tmem42,34,16,4,2,52,30,13,3,242,156,196,225,237,-18,-14,-9,-1
7349,Gm3138,3,3,0,0,15,12,9,7,242,224,227,233,235,-12,-9,-9,-7
3834,Crat,32,22,5,4,76,46,14,4,242,134,174,223,234,-44,-24,-9,0
4816,Dock6,39,20,3,2,46,27,12,2,242,157,195,227,238,-7,-7,-9,0
7843,Gm8374,8,8,4,1,22,21,13,3,242,212,213,225,238,-14,-13,-9,-2
7847,Gm8773,40,28,2,0,59,46,11,5,242,143,168,229,237,-19,-18,-9,-5
7176,Gm21721,0,0,0,0,10,10,9,7,242,232,232,233,235,-10,-10,-9,-7
7858,Gm8922,14,14,5,2,23,23,14,8,242,205,205,223,232,-9,-9,-9,-6
7167,Gm21663,25,16,6,3,39,28,15,9,242,178,198,221,230,-14,-12,-9,-6
19472,Tmem169,42,28,7,2,86,62,16,4,242,114,152,219,236,-44,-34,-9,-2
7134,Gm21083,28,25,13,5,43,38,22,11,242,171,179,207,226,-15,-13,-9,-6
7882,Gm973,34,22,7,2,81,54,16,10,242,127,166,219,230,-47,-32,-9,-8
5042,Ebag9,29,16,5,3,73,46,14,4,242,140,180,223,235,-44,-30,-9,-1
5047,Ebi3,61,38,5,0,70,48,14,2,242,111,156,223,240,-9,-10,-9,-2
18428,Ssxa1,3,2,1,0,13,13,10,5,242,226,227,231,237,-10,-11,-9,-5
3906,Crybg3,42,20,4,1,64,43,13,3,242,136,179,225,238,-22,-23,-9,-2
18434,Ssxb6,2,2,2,0,13,13,11,8,242,227,227,229,234,-11,-11,-9,-8
7111,Gm20865,3,3,0,0,10,10,9,8,242,229,229,233,234,-7,-7,-9,-8
17824,Slco5a1,35,19,0,0,45,32,9,0,242,162,191,233,242,-10,-13,-9,0
19432,Tmem128,30,11,2,2,38,21,11,8,242,174,210,229,232,-8,-10,-9,-6
3876,Crlf3,50,31,2,2,48,23,11,7,242,144,188,229,233,2,8,-9,-5
7092,Gm20816,0,0,0,0,9,9,9,7,242,233,233,233,235,-9,-9,-9,-7
7088,Gm20809,4,2,1,1,13,12,10,8,242,225,228,231,233,-9,-10,-9,-7
19420,Tmem116,42,25,8,2,81,58,17,10,242,119,159,217,230,-39,-33,-9,-8
7959,Gnptab,42,25,5,2,62,41,14,8,242,138,176,223,232,-20,-16,-9,-6
17877,Smarcad1,35,20,2,2,56,30,11,5,242,151,192,229,235,-21,-10,-9,-3
4987,Dynlt1a,47,30,5,2,75,50,14,5,242,120,162,223,235,-28,-20,-9,-3
19499,Tmem191c,40,20,3,0,69,41,12,1,242,133,181,227,241,-29,-21,-9,-1
19925,Trappc10,26,11,2,2,61,35,11,4,242,155,196,229,236,-35,-24,-9,-2
4817,Dock7,32,22,2,2,55,36,11,4,242,155,184,229,236,-23,-14,-9,-2
4830,Donson,45,25,0,0,55,36,9,3,242,142,181,233,239,-10,-11,-9,-3
7796,Gm7945,5,3,0,0,22,21,9,7,242,215,218,233,235,-17,-18,-9,-7
7803,Gm8005,10,10,4,1,24,23,13,9,242,208,209,225,232,-14,-13,-9,-8
4837,Dpep1,59,40,9,5,61,42,18,11,242,122,160,215,226,-2,-2,-9,-6
4841,Dpf1,48,31,4,2,56,34,13,5,242,138,177,225,235,-8,-3,-9,-3
7338,Gm3045,16,10,0,0,30,23,9,4,242,196,209,233,238,-14,-13,-9,-4
19561,Tmem258,23,13,5,4,52,25,14,11,242,167,204,223,227,-29,-12,-9,-7
4870,Dpy30,29,13,2,2,56,26,11,7,242,157,203,229,233,-27,-13,-9,-5
7814,Gm8122,10,10,3,2,20,17,12,11,242,212,215,227,229,-10,-7,-9,-9
7826,Gm8232,6,5,1,0,14,13,10,8,242,222,224,231,234,-8,-8,-9,-8
4063,Cul1,30,14,2,2,52,26,11,4,242,160,202,229,236,-22,-12,-9,-2
7319,Gm29644,5,3,0,0,14,12,9,6,242,223,227,233,236,-9,-9,-9,-6
7304,Gm29049,0,0,0,0,11,11,9,7,242,231,231,233,235,-11,-11,-9,-7
4916,Dtd2,39,18,3,2,53,24,12,10,242,150,200,227,230,-14,-6,-9,-8
19522,Tmem216,28,15,2,2,59,31,11,8,242,155,196,229,232,-31,-16,-9,-6
7820,Gm8165,11,11,0,0,17,16,9,3,242,214,215,233,239,-6,-5,-9,-3
7267,Gm28047,48,44,22,12,60,53,31,11,242,134,145,189,219,-12,-9,-9,1
7236,Gm21994,37,32,20,12,46,43,29,9,242,159,167,193,221,-9,-11,-9,3
7229,Gm21977,6,5,2,0,17,15,11,7,242,219,222,229,235,-11,-10,-9,-7
5581,Ext2,36,23,2,2,42,27,11,2,242,164,192,229,238,-6,-4,-9,0
20113,Trhde,17,6,0,0,39,25,9,6,242,186,211,233,236,-22,-19,-9,-6
7511,Gm45062,39,34,25,20,55,49,34,21,242,148,159,183,201,-16,-15,-9,-1
6026,Fgf7,42,23,5,1,84,58,14,4,242,116,161,223,237,-42,-35,-9,-3
5715,Fam184a,37,25,11,5,50,37,20,13,242,155,180,211,224,-13,-12,-9,-8
8967,Ier3ip1,38,23,2,2,39,22,11,6,242,165,197,229,234,-1,1,-9,-4
6068,Fiz1,31,15,2,2,66,40,11,6,242,145,187,229,234,-35,-25,-9,-4
3043,Ceacam2,57,36,8,6,74,49,17,9,242,111,157,217,227,-17,-13,-9,-3
8958,Idi1,40,24,3,2,72,48,12,4,242,130,170,227,236,-32,-24,-9,-2
3025,Cdsn,33,18,3,1,70,41,12,3,242,139,183,227,238,-37,-23,-9,-2
17339,Shld3,42,24,3,0,92,67,12,7,242,108,151,227,235,-50,-43,-9,-7
18810,Taf6,42,23,3,3,55,34,12,7,242,145,185,227,232,-13,-11,-9,-4
5691,Fam166b,42,32,10,6,78,61,19,5,242,122,149,213,231,-36,-29,-9,1
5821,Fancf,34,25,1,0,73,47,10,2,242,135,170,231,240,-39,-22,-9,-2
20377,Ttc5,23,12,3,2,78,42,12,4,242,141,188,227,236,-55,-30,-9,-2
20367,Ttc34,16,6,0,0,49,27,9,1,242,177,209,233,241,-33,-21,-9,-1
18927,Tbc1d5,33,14,2,2,69,41,11,4,242,140,187,229,236,-36,-27,-9,-2
9484,Inpp1,35,23,4,1,82,44,13,5,242,125,175,225,236,-47,-21,-9,-4
8946,Icos,30,23,2,0,52,33,11,4,242,160,186,229,238,-22,-10,-9,-4
5829,Far2,32,19,4,2,69,42,13,3,242,141,181,225,237,-37,-23,-9,-1
18929,Tbc1d8,50,33,5,0,74,43,14,5,242,118,166,223,237,-24,-10,-9,-5
19134,Tex261,27,10,2,2,54,26,11,7,242,161,206,229,233,-27,-16,-9,-5
3182,Cfap45,48,30,9,0,55,37,18,9,242,139,175,215,233,-7,-7,-9,-9
6431,Gask1a,34,11,1,1,73,42,10,0,242,135,189,231,241,-39,-31,-9,1
19035,Tdp1,36,23,7,3,63,34,16,8,242,143,185,219,231,-27,-11,-9,-5
17206,Setmar,34,20,6,3,87,59,15,2,242,121,163,221,237,-53,-39,-9,1
20349,Ttc17,34,18,2,2,50,24,11,4,242,158,200,229,236,-16,-6,-9,-2
9375,Il17f,56,36,7,3,66,55,16,5,242,120,151,219,234,-10,-19,-9,-2
6184,Foxm1,37,14,1,1,74,50,10,3,242,131,178,231,238,-37,-36,-9,-2
19078,Tekt4,23,12,0,0,38,28,9,6,242,181,202,233,236,-15,-16,-9,-6
3110,Cep290,37,17,4,1,71,40,13,2,242,134,185,225,239,-34,-23,-9,-1
6224,Frmd4b,29,10,2,2,69,40,11,5,242,144,192,229,235,-40,-30,-9,-3
19087,Tent4a,48,25,2,2,47,33,11,3,242,147,184,229,237,1,-8,-9,-1
5765,Fam241b,46,33,6,2,65,46,15,8,242,131,163,221,232,-19,-13,-9,-6
6127,Fn3k,52,36,5,2,55,38,14,3,242,135,168,223,237,-3,-2,-9,-1
17281,Sh2d6,51,32,3,0,60,47,12,5,242,131,163,227,237,-9,-15,-9,-5
6260,Ftdc2,6,6,1,0,20,18,10,1,242,216,218,231,241,-14,-12,-9,-1
6282,Fus,29,11,2,2,68,44,11,6,242,145,187,229,234,-39,-33,-9,-4
3073,Cenpa,59,24,0,0,74,45,9,5,242,109,173,233,237,-15,-21,-9,-5
9098,Ighv1-12,8,8,4,3,17,14,13,7,242,217,220,225,232,-9,-6,-9,-4
3091,Cenpv,30,15,5,2,50,31,14,6,242,162,196,223,234,-20,-16,-9,-4
6101,Flrt3,34,18,1,0,66,41,10,2,242,142,183,231,240,-32,-23,-9,-2
3140,Cers4,44,29,7,3,81,60,16,5,242,117,153,219,234,-37,-31,-9,-2
5728,Fam204a,33,16,2,2,52,29,11,4,242,157,197,229,236,-19,-13,-9,-2
9037,Ift22,30,17,3,3,66,43,12,4,242,146,182,227,235,-36,-26,-9,-1
20451,Tvp23b,48,22,3,2,45,22,12,3,242,149,198,227,237,3,0,-9,-1
9034,Ift140,37,18,3,1,54,31,12,3,242,151,193,227,238,-17,-13,-9,-2
9413,Il25,22,15,3,1,46,37,12,5,242,174,190,227,236,-24,-22,-9,-4
18934,Tbcb,27,13,2,2,40,29,11,5,242,175,200,229,235,-13,-16,-9,-3
3168,Cfap126,46,31,8,4,70,50,17,4,242,126,161,217,234,-24,-19,-9,0
5964,Fcrla,26,17,7,2,58,47,16,4,242,158,178,219,236,-32,-30,-9,-2
19005,Tchp,43,20,1,0,49,30,10,1,242,150,192,231,241,-6,-10,-9,-1
5976,Fem1al,52,29,3,1,50,35,12,7,242,140,178,227,234,2,-6,-9,-6
17121,Serp2,49,29,6,5,48,39,15,7,242,145,174,221,230,1,-10,-9,-2
9673,Itpripl1,25,12,2,1,85,55,11,5,242,132,175,229,236,-60,-43,-9,-4
5952,Fcgrt,42,25,7,4,65,40,16,11,242,135,177,219,227,-23,-15,-9,-7
20341,Tsx,53,40,10,2,54,46,19,9,242,135,156,213,231,-1,-6,-9,-7
3197,Cfap91,46,25,4,0,59,31,13,3,242,137,186,225,239,-13,-6,-9,-3
5851,Fbh1,34,20,3,2,48,23,12,6,242,160,199,227,234,-14,-3,-9,-4
2978,Cdk14,43,24,3,0,69,45,12,4,242,130,173,227,238,-26,-21,-9,-4
5982,Fer1l5,52,31,4,2,46,25,13,10,242,144,186,225,230,6,6,-9,-8
2956,Cdh26,28,9,1,0,45,24,10,4,242,169,209,231,238,-17,-15,-9,-4
7424,Gm36864,44,40,8,0,50,43,18,5,242,148,159,216,237,-6,-3,-10,-5
4707,Dnaaf1,33,14,1,1,75,46,11,5,242,134,182,230,236,-42,-32,-10,-4
6094,Flna,45,26,3,3,51,30,13,4,242,146,186,226,235,-6,-4,-10,-1
4988,Dynlt1b,34,25,9,6,89,56,19,14,242,119,161,214,222,-55,-31,-10,-8
7836,Gm8279,18,17,5,1,27,27,15,7,242,197,198,222,234,-9,-10,-10,-6
697,Adam19,27,9,0,0,80,50,10,0,242,135,183,232,242,-53,-41,-10,0
12610,Ntrk3,39,22,6,3,77,50,16,6,242,126,170,220,233,-38,-28,-10,-3
7827,Gm8237,21,16,6,2,49,34,16,6,242,172,192,220,234,-28,-18,-10,-4
15647,Ptgr2,31,18,3,2,57,28,13,5,242,154,196,226,235,-26,-10,-10,-3
17874,Smarca2,33,16,3,3,62,40,13,8,242,147,186,226,231,-29,-24,-10,-5
7431,Gm3739,29,18,4,3,63,46,14,5,242,150,178,224,234,-34,-28,-10,-2
3084,Cenpn,45,26,4,1,69,41,14,5,242,128,175,224,236,-24,-15,-10,-4
6108,Flywch1,37,15,2,2,54,36,12,3,242,151,191,228,237,-17,-21,-10,-1
19756,Tnrc6a,51,22,2,2,62,36,12,3,242,129,184,228,237,-11,-14,-10,-1
685,Acyp1,45,27,5,3,45,32,15,11,242,152,183,222,228,0,-5,-10,-8
12650,Nuf2,41,25,4,1,89,64,14,6,242,112,153,224,235,-48,-39,-10,-5
11229,Mettl4,31,18,2,2,68,37,12,5,242,143,187,228,235,-37,-19,-10,-3
16389,Rnf121,26,11,3,2,51,28,13,5,242,165,203,226,235,-25,-17,-10,-3
12653,Nuggc,42,16,2,1,65,34,12,4,242,135,192,228,237,-23,-18,-10,-3
19489,Tmem183a,38,23,2,2,52,23,12,8,242,152,196,228,232,-14,0,-10,-6
21646,Zcchc7,41,17,3,2,52,28,13,7,242,149,197,226,233,-11,-11,-10,-5
4992,Dynlt2a2,61,32,8,3,68,50,18,9,242,113,160,216,230,-7,-18,-10,-6
12023,Nat1,40,29,6,3,74,56,16,5,242,128,157,220,234,-34,-27,-10,-2
21322,Wdpcp,39,26,7,2,81,54,17,0,242,122,162,218,240,-42,-28,-10,2
112,1700088E04Rik,45,22,7,4,66,44,17,4,242,131,176,218,234,-21,-22,-10,0
18896,Tatdn1,38,22,5,5,57,40,15,8,242,147,180,222,229,-19,-18,-10,-3
14691,Pik3r3,34,18,4,2,71,42,14,5,242,137,182,224,235,-37,-24,-10,-3
7810,Gm8094,21,16,5,3,34,31,15,10,242,187,195,222,229,-13,-15,-10,-7
7333,Gm30191,18,15,2,0,35,32,12,3,242,189,195,228,239,-17,-17,-10,-3
21583,Zbtb22,18,9,2,2,98,72,12,5,242,126,161,228,235,-80,-63,-10,-3
11351,Mis18bp1,49,24,2,1,75,42,12,4,242,118,176,228,237,-26,-18,-10,-3
19547,Tmem243,22,15,2,2,79,52,12,7,242,141,175,228,233,-57,-37,-10,-5
18165,Spata25,48,44,11,2,53,48,21,5,242,141,150,210,235,-5,-4,-10,-3
102,1700057G04Rik,29,24,10,4,44,37,20,7,242,169,181,212,231,-15,-13,-10,-3
1686,Atp2a1,59,49,7,1,60,45,17,6,242,123,148,218,235,-1,4,-10,-5
12528,Nras,27,14,2,1,71,45,12,5,242,144,183,228,236,-44,-31,-10,-4
1154,Ankle1,42,21,2,1,83,49,12,5,242,117,172,228,236,-41,-28,-10,-4
7815,Gm8126,35,24,7,1,48,40,17,8,242,159,178,218,233,-13,-16,-10,-7
5781,Fam53b,38,23,2,1,73,48,12,1,242,131,171,228,240,-35,-25,-10,0
22135,Zmat3,36,15,2,1,75,42,12,5,242,131,185,228,236,-39,-27,-10,-4
17903,Smg5,25,13,2,2,55,37,12,6,242,162,192,228,234,-30,-24,-10,-4
15709,Ptrhd1,27,14,0,0,56,31,10,4,242,159,197,232,238,-29,-17,-10,-4
12547,Nrm,40,21,6,1,81,64,16,5,242,121,157,220,236,-41,-43,-10,-4
19524,Tmem218,28,12,2,0,47,32,12,4,242,167,198,228,238,-19,-20,-10,-4
3078,Cenph,49,26,3,0,56,32,13,5,242,137,184,226,237,-7,-6,-10,-5
11294,Mgme1,55,29,4,1,45,31,14,7,242,142,182,224,234,10,-2,-10,-6
14673,Pigw,44,21,2,0,59,41,12,4,242,139,180,228,238,-15,-20,-10,-4
17898,Smco4,23,13,3,3,65,37,13,4,242,154,192,226,235,-42,-24,-10,-1
19515,Tmem209,29,16,4,2,64,33,14,7,242,149,193,224,233,-35,-17,-10,-5
11786,Mtx3,29,22,3,1,78,44,13,6,242,135,176,226,235,-49,-22,-10,-5
12586,Nt5c2,29,21,5,2,55,35,15,9,242,158,186,222,231,-26,-14,-10,-7
12662,Nup188,32,15,2,2,63,44,12,5,242,147,183,228,235,-31,-29,-10,-3
1185,Ankrd37,47,31,6,0,80,57,16,3,242,115,154,220,239,-33,-26,-10,-3
7179,Gm21739,1,1,0,0,13,12,10,4,242,228,229,232,238,-12,-11,-10,-4
16393,Rnf126,30,9,2,2,50,29,12,5,242,162,204,228,235,-20,-20,-10,-3
9294,Igkv6-14,13,9,4,4,15,15,14,8,242,214,218,224,230,-2,-6,-10,-4
12779,Ogfrl1,53,40,4,1,78,54,14,2,242,111,148,224,239,-25,-14,-10,-1
2762,Ccnq,22,14,3,3,68,46,13,6,242,152,182,226,233,-46,-32,-10,-3
11071,Mcat,21,10,2,2,80,46,12,5,242,141,186,228,235,-59,-36,-10,-3
7935,Gnb4,38,20,1,0,68,40,11,6,242,136,182,230,236,-30,-20,-10,-6
133,1810046K07Rik,26,20,3,2,35,30,13,6,242,181,192,226,234,-9,-10,-10,-4
7083,Gm20773,1,0,0,0,13,13,10,3,242,228,229,232,239,-12,-13,-10,-3
5637,Faim,49,27,3,1,49,32,13,12,242,144,183,226,229,0,-5,-10,-11
7948,Gngt1,45,35,3,1,62,48,13,7,242,135,159,226,234,-17,-13,-10,-6
5109,Efcab11,44,23,0,0,69,45,10,7,242,129,174,232,235,-25,-22,-10,-7
1889,Barhl1,28,14,0,0,63,35,10,2,242,151,193,232,240,-35,-21,-10,-2
5754,Fam227a,38,14,1,0,56,33,11,1,242,148,195,230,241,-18,-19,-10,-1
11016,Marveld3,32,14,3,2,60,36,13,4,242,150,192,226,236,-28,-22,-10,-2
7524,Gm45623,23,13,0,0,37,28,10,3,242,182,201,232,239,-14,-15,-10,-3
19486,Tmem18,24,10,2,2,91,54,12,4,242,127,178,228,236,-67,-44,-10,-2
22101,Zfyve16,29,9,2,2,70,41,12,6,242,143,192,228,234,-41,-32,-10,-4
3819,Cpvl,22,14,1,0,33,25,11,9,242,187,203,230,233,-11,-11,-10,-9
1200,Ankrd61,51,34,4,1,62,40,14,4,242,129,168,224,237,-11,-6,-10,-3
21710,Zfp131,63,37,7,4,38,29,17,9,242,141,176,218,229,25,8,-10,-5
20617,Ufm1,41,26,3,2,60,39,13,6,242,141,177,226,234,-19,-13,-10,-4
18475,Stap2,38,15,2,1,81,58,12,4,242,123,169,228,237,-43,-43,-10,-3
15537,Psenen,25,10,2,2,51,28,12,4,242,166,204,228,236,-26,-18,-10,-2
21350,Wdr47,26,14,2,0,60,27,12,2,242,156,201,228,240,-34,-13,-10,-2
10968,Mapk11,32,16,1,0,76,54,11,6,242,134,172,230,236,-44,-38,-10,-6
580,Accsl,35,21,5,2,52,30,15,3,242,155,191,222,237,-17,-9,-10,-1
20619,Ufsp2,42,21,4,2,46,25,14,8,242,154,196,224,232,-4,-4,-10,-6
16528,Rpl22,35,17,2,2,50,28,12,8,242,157,197,228,232,-15,-11,-10,-6
21694,Zfp105,25,12,1,1,67,44,11,1,242,150,186,230,240,-42,-32,-10,0
11102,Mcpt8,18,17,4,3,32,28,14,3,242,192,197,224,236,-14,-11,-10,0
3885,Crppa,30,18,2,1,66,42,12,4,242,146,182,228,237,-36,-24,-10,-3
18449,St6galnac2,38,22,3,2,60,35,13,3,242,144,185,226,237,-22,-13,-10,-1
7341,Gm3072,1,1,0,0,14,14,10,8,242,227,227,232,234,-13,-13,-10,-8
12668,Nup37,30,17,2,2,76,50,12,4,242,136,175,228,236,-46,-33,-10,-2
18143,Spag4,57,35,7,3,68,47,17,10,242,117,160,218,229,-11,-12,-10,-7
2797,Cd109,34,13,0,0,57,35,10,3,242,151,194,232,239,-23,-22,-10,-3
5009,E030018B13Rik,42,35,2,0,47,44,12,5,242,153,163,228,237,-5,-9,-10,-5
21659,Zdhhc16,40,28,5,2,65,40,15,6,242,137,174,222,234,-25,-12,-10,-4
1807,AY074887,55,39,8,4,66,51,18,6,242,121,152,216,232,-11,-12,-10,-2
6110,Fmc1,30,14,2,2,51,31,12,7,242,161,197,228,233,-21,-17,-10,-5
21363,Wdr66,50,20,0,0,62,43,10,6,242,130,179,232,236,-12,-23,-10,-6
19464,Tmem161a,31,26,3,3,59,33,13,6,242,152,183,226,233,-28,-7,-10,-3
11196,Mep1b,46,31,10,3,62,44,20,10,242,134,167,212,229,-16,-13,-10,-7
12751,Ocm,28,25,17,11,53,47,27,9,242,161,170,198,222,-25,-22,-10,2
2783,Ccsap,39,16,0,0,65,37,10,5,242,138,189,232,237,-26,-21,-10,-5
17244,Sfxn5,51,27,3,3,69,47,13,7,242,122,168,226,232,-18,-20,-10,-4
1838,B3gnt8,45,29,2,0,76,53,12,7,242,121,160,228,235,-31,-24,-10,-7
18964,Tbx5,32,18,1,0,50,34,11,3,242,160,190,230,239,-18,-16,-10,-3
20435,Tubgcp5,29,18,4,1,77,54,14,5,242,136,170,224,236,-48,-36,-10,-4
9884,Kctd7,38,23,1,0,88,53,11,5,242,116,166,230,237,-50,-30,-10,-5
11169,Mef2a,46,26,3,2,49,26,13,10,242,147,190,226,230,-3,0,-10,-8
625,Acr,26,19,4,1,57,51,14,6,242,159,172,224,235,-31,-32,-10,-5
18432,Ssxb3,6,5,2,0,26,26,12,9,242,210,211,228,233,-20,-21,-10,-9
3099,Cep131,34,14,0,0,57,35,10,1,242,151,193,232,241,-23,-21,-10,-1
11936,Myorg,19,5,3,2,91,66,13,2,242,132,171,226,238,-72,-61,-10,0
11152,Med21,41,23,6,2,41,27,16,11,242,160,192,220,229,0,-4,-10,-9
14993,Pole,34,17,2,1,89,61,12,4,242,119,164,228,237,-55,-44,-10,-3
776,Adgb,30,9,0,0,51,37,10,3,242,161,196,232,239,-21,-28,-10,-3
12464,Nphp1,32,14,3,2,72,51,13,5,242,138,177,226,235,-40,-37,-10,-3
16092,Rcor3,42,24,2,2,73,52,12,7,242,127,166,228,233,-31,-28,-10,-5
11622,Mrps24,32,19,3,2,47,27,13,9,242,163,196,226,231,-15,-8,-10,-7
7701,Gm5797,2,2,1,0,12,12,11,9,242,228,228,230,233,-10,-10,-10,-9
7702,Gm5798,19,14,8,4,39,36,18,12,242,184,192,216,226,-20,-22,-10,-8
49,1700012B07Rik,19,15,3,0,31,20,13,6,242,192,207,226,236,-12,-5,-10,-6
1436,Arhgef19,40,26,6,3,77,53,16,7,242,125,163,220,232,-37,-27,-10,-4
985,Akr1c19,37,20,5,3,68,40,15,6,242,137,182,222,233,-31,-20,-10,-3
18197,Spdye4a,35,27,2,0,27,22,12,6,242,180,193,228,236,8,5,-10,-6
16196,Rfx8,20,8,0,0,51,33,10,7,242,171,201,232,235,-31,-25,-10,-7
973,Akna,38,18,3,0,69,42,13,4,242,135,182,226,238,-31,-24,-10,-4
1438,Arhgef25,46,19,4,0,60,34,14,9,242,136,189,224,233,-14,-15,-10,-9
17152,Serpinb1c,36,29,2,0,49,44,12,5,242,157,169,228,237,-13,-15,-10,-5
12109,Ndst3,41,17,3,0,67,39,13,7,242,134,186,226,235,-26,-22,-10,-7
12095,Nde1,34,19,3,2,60,29,13,8,242,148,194,226,232,-26,-10,-10,-6
966,Akap7,41,30,3,2,78,42,13,5,242,123,170,226,235,-37,-12,-10,-3
4725,Dnah7b,31,25,5,2,48,43,15,6,242,163,174,222,234,-17,-18,-10,-4
16206,Rgp1,23,14,2,2,74,39,12,6,242,145,189,228,234,-51,-25,-10,-4
11602,Mrpl53,31,17,6,5,51,31,16,14,242,160,194,220,223,-20,-14,-10,-9
7399,Gm3512,36,24,4,1,54,38,14,5,242,152,180,224,236,-18,-14,-10,-4
5823,Fanci,63,36,6,2,69,48,16,5,242,110,158,220,235,-6,-12,-10,-3
1302,Apip,34,16,3,2,45,24,13,10,242,163,202,226,230,-11,-8,-10,-8
4732,Dnai4,56,35,4,1,55,36,14,7,242,131,171,224,234,1,-1,-10,-6
18209,Speer4e,17,10,4,2,39,34,14,6,242,186,198,224,234,-22,-24,-10,-4
7725,Gm6121,3,2,1,1,14,14,11,9,242,225,226,230,232,-11,-12,-10,-8
15956,Rars2,25,13,4,3,71,44,14,7,242,146,185,224,232,-46,-31,-10,-4
17972,Smyd3,51,31,2,1,38,26,12,7,242,153,185,228,234,13,5,-10,-6
935,Aim2,51,35,6,1,68,47,16,6,242,123,160,220,235,-17,-12,-10,-5
15892,Rad54l,43,25,0,0,57,36,10,6,242,142,181,232,236,-14,-11,-10,-6
18000,Snn,24,9,3,3,87,59,13,3,242,131,174,226,236,-63,-50,-10,0
1495,Armc3,21,6,0,0,36,20,10,4,242,185,216,232,238,-15,-14,-10,-4
1410,Arhgap33,42,22,2,0,77,44,12,1,242,123,176,228,241,-35,-22,-10,-1
1340,Apom,64,37,8,3,71,56,18,6,242,107,149,216,233,-7,-19,-10,-3
11703,mt-Co2,39,24,7,6,52,41,17,4,242,151,177,218,232,-13,-17,-10,2
1038,Alg5,34,19,3,2,49,24,13,9,242,159,199,226,231,-15,-5,-10,-7
11701,mt-Atp8,49,32,10,7,53,44,20,17,242,140,166,212,218,-4,-12,-10,-10
15925,Ranbp17,38,20,1,0,75,46,11,1,242,129,176,230,241,-37,-26,-10,-1
4411,Ddx11,40,21,2,2,83,47,12,7,242,119,174,228,233,-43,-26,-10,-5
15914,Ralgps1,22,7,1,0,77,55,11,1,242,143,180,230,241,-55,-48,-10,-1
7667,Gm527,50,25,1,0,71,53,11,2,242,121,164,230,240,-21,-28,-10,-2
15913,Ralgds,42,17,2,2,65,45,12,1,242,135,180,228,239,-23,-28,-10,1
4422,Ddx28,23,12,2,2,73,46,12,4,242,146,184,228,236,-50,-34,-10,-2
11692,Mss51,61,28,0,0,57,37,10,2,242,124,177,232,240,4,-9,-10,-2
9541,Iqank1,56,35,6,0,80,58,16,4,242,106,149,220,238,-24,-23,-10,-4
1030,Alg1,36,18,3,2,41,26,13,6,242,165,198,226,234,-5,-8,-10,-4
9537,Ipo8,32,17,2,2,61,27,12,7,242,149,198,228,233,-29,-10,-10,-5
4398,Ddias,58,35,8,1,66,47,18,4,242,118,160,216,237,-8,-12,-10,-3
2910,Cdc34,23,12,4,2,69,40,14,4,242,150,190,224,236,-46,-28,-10,-2
11659,Ms4a6c,55,33,5,2,64,44,15,9,242,123,165,222,231,-9,-11,-10,-7
4720,Dnah2,42,28,2,0,48,36,12,4,242,152,178,228,238,-6,-8,-10,-4
16169,Rexo2,24,12,2,2,50,30,12,6,242,168,200,228,234,-26,-18,-10,-4
18933,Tbca,30,12,6,3,42,28,16,14,242,170,202,220,225,-12,-16,-10,-11
1391,Arhgap11a,35,19,1,0,73,47,11,4,242,134,176,230,238,-38,-28,-10,-4
14788,Pla2g7,51,38,5,2,53,32,15,2,242,138,172,222,238,-2,6,-10,0
4370,Dcst2,36,19,1,0,60,33,11,4,242,146,190,230,238,-24,-14,-10,-4
12158,Ndufv3,29,14,2,2,44,30,12,7,242,169,198,228,233,-15,-16,-10,-5
12165,Necap2,40,24,2,2,36,19,12,5,242,166,199,228,235,4,5,-10,-3
21416,Wipi1,33,12,3,2,77,44,13,5,242,132,186,226,235,-44,-32,-10,-3
4748,Dnajb8,27,21,3,1,22,21,13,5,242,193,200,226,236,5,0,-10,-4
5795,Fam81a,42,26,5,4,65,40,15,4,242,135,176,222,234,-23,-14,-10,0
9783,Kcnc1,10,1,0,0,45,29,10,5,242,187,212,232,237,-35,-28,-10,-5
21536,Yipf7,26,19,6,1,39,36,16,8,242,177,187,220,233,-13,-17,-10,-7
18480,Stard3nl,38,20,3,3,55,30,13,8,242,149,192,226,231,-17,-10,-10,-5
16095,Rd3,28,16,2,0,68,36,12,4,242,146,190,228,238,-40,-20,-10,-4
7355,Gm3182,2,2,1,0,18,16,11,5,242,222,224,230,237,-16,-14,-10,-5
15786,R3hdm2,40,22,3,2,48,29,13,7,242,154,191,226,233,-8,-7,-10,-5
4649,Dkk4,28,22,0,0,30,29,10,4,242,184,191,232,238,-2,-7,-10,-4
18902,Tbata,42,39,13,1,64,52,23,11,242,136,151,206,230,-22,-13,-10,-10
5806,Fam89b,37,17,6,5,64,30,16,9,242,141,195,220,228,-27,-13,-10,-4
19579,Tmem30c,76,56,8,2,62,46,18,12,242,104,140,216,228,14,10,-10,-10
4164,Cyp2c29,52,33,3,0,51,35,13,7,242,139,174,226,235,1,-2,-10,-7
17935,Smim6,57,40,8,4,65,50,18,7,242,120,152,216,231,-8,-10,-10,-3
9445,Ilvbl,32,19,3,3,62,43,13,3,242,148,180,226,236,-30,-24,-10,0
1590,Asic3,62,46,6,4,64,50,16,5,242,116,146,220,233,-2,-4,-10,-1
7792,Gm7876,4,3,0,0,12,11,10,9,242,226,228,232,233,-8,-8,-10,-9
1596,Asnsd1,37,16,2,2,47,24,12,9,242,158,202,228,231,-10,-8,-10,-7
7345,Gm3115,16,11,2,0,26,23,12,5,242,200,208,228,237,-10,-12,-10,-5
11446,Mog,30,20,4,2,42,30,14,5,242,170,192,224,235,-12,-10,-10,-3
11444,Mocs2,42,20,2,2,47,31,12,5,242,153,191,228,235,-5,-11,-10,-3
5804,Fam83h,25,10,2,2,84,56,12,3,242,133,176,228,237,-59,-46,-10,-1
6075,Fkbp1b,47,37,13,5,85,57,23,15,242,110,148,206,222,-38,-20,-10,-10
4111,Cyb561d1,27,16,1,0,90,55,11,3,242,125,171,230,239,-63,-39,-10,-3
19574,Tmem274,31,27,13,4,68,61,23,12,242,143,154,206,226,-37,-34,-10,-8
4102,Cxcr3,40,28,2,0,45,32,12,3,242,157,182,228,239,-5,-4,-10,-3
5996,Ffar2,54,32,4,0,67,42,14,4,242,121,168,224,238,-13,-10,-10,-4
11399,Mmp11,51,33,9,3,87,57,19,8,242,104,152,214,231,-36,-24,-10,-5
4207,Cyp3a41a,12,6,2,2,28,22,12,7,242,202,214,228,233,-16,-16,-10,-5
16099,Rdh11,25,12,2,2,80,58,12,2,242,137,172,228,238,-55,-46,-10,0
12257,Nfu1,32,17,2,2,40,20,12,5,242,170,205,228,235,-8,-3,-10,-3
7768,Gm7102,57,32,7,3,69,48,17,5,242,116,162,218,234,-12,-16,-10,-2
7736,Gm6356,27,19,2,1,37,32,12,9,242,178,191,228,232,-10,-13,-10,-8
1509,Armh3,28,13,2,2,60,35,12,6,242,154,194,228,234,-32,-22,-10,-4
19859,Traf4,39,18,2,2,45,34,12,4,242,158,190,228,236,-6,-16,-10,-2
17067,Sema3b,44,28,3,2,59,33,13,8,242,139,181,226,232,-15,-5,-10,-6
21503,Xrcc2,40,15,1,0,71,42,11,2,242,131,185,230,240,-31,-27,-10,-2
17066,Sema3a,35,20,0,0,79,48,10,3,242,128,174,232,239,-44,-28,-10,-3
910,Ahi1,43,19,2,0,51,31,12,4,242,148,192,228,238,-8,-12,-10,-4
1523,Arpin,43,27,4,2,60,41,14,7,242,139,174,224,233,-17,-14,-10,-5
4279,D6Ertd527e,45,16,1,0,65,33,11,2,242,132,193,230,240,-20,-17,-10,-2
18234,Spin2c,47,27,6,3,70,58,16,4,242,125,157,220,235,-23,-31,-10,-1
19033,Tdh,23,14,1,0,31,24,11,2,242,188,204,230,240,-8,-10,-10,-2
11550,Mroh2a,36,22,4,0,67,54,14,7,242,139,166,224,235,-31,-32,-10,-7
4675,Dlx4,41,20,3,0,64,46,13,5,242,137,176,226,237,-23,-26,-10,-5
9757,Katnip,42,23,4,3,67,45,14,9,242,133,174,224,230,-25,-22,-10,-6
1534,Arsa,37,19,2,2,54,30,12,2,242,151,193,228,238,-17,-11,-10,0
4769,Dnajc30,25,11,2,2,66,42,12,3,242,151,189,228,237,-41,-31,-10,-1
7380,Gm3383,24,19,9,3,37,31,19,10,242,181,192,214,229,-13,-12,-10,-7
2879,Cd72,50,29,4,1,63,46,14,4,242,129,167,224,237,-13,-17,-10,-3
12059,Ncapg2,49,24,1,0,64,42,11,3,242,129,176,230,239,-15,-18,-10,-3
5957,Fcmr,29,18,8,5,58,41,18,4,242,155,183,216,233,-29,-23,-10,1
7752,Gm6592,8,8,7,3,20,18,17,15,242,214,216,218,224,-12,-10,-10,-12
11750,Mthfsl,43,25,7,3,48,29,17,14,242,151,188,218,225,-5,-4,-10,-11
4787,Dnd1,89,50,3,1,43,29,13,3,242,110,163,226,238,46,21,-10,-2
12367,Nmbr,48,36,9,4,70,53,19,8,242,124,153,214,230,-22,-17,-10,-4
7590,Gm49358,29,25,11,9,29,25,21,17,242,184,192,210,216,0,0,-10,-8
3762,Cox7b,32,24,8,5,58,37,18,11,242,152,181,216,226,-26,-13,-10,-6
2585,Ccdc136,41,20,1,1,60,29,11,6,242,141,193,230,235,-19,-9,-10,-5
2597,Ccdc152,47,36,9,1,68,55,19,7,242,127,151,214,234,-21,-19,-10,-6
20150,Trim36,45,25,5,0,65,36,15,8,242,132,181,222,234,-20,-11,-10,-8
10651,Lrrc46,53,38,5,0,72,42,15,0,242,117,162,222,242,-19,-4,-10,0
17426,Skp2,40,17,0,0,61,36,10,4,242,141,189,232,238,-21,-19,-10,-4
19318,Tlcd3a,39,21,2,0,71,45,12,4,242,132,176,228,238,-32,-24,-10,-4
5720,Fam187a,36,29,6,2,58,42,16,8,242,148,171,220,232,-22,-13,-10,-6
8365,H2-M2,46,32,7,3,60,44,17,13,242,136,166,218,226,-14,-12,-10,-10
8377,H2-T10,60,40,8,3,57,39,18,6,242,125,163,216,233,3,1,-10,-3
9986,Klc2,27,12,2,2,52,32,12,7,242,163,198,228,233,-25,-20,-10,-5
22011,Zfp872,64,37,1,0,58,40,11,4,242,120,165,230,238,6,-3,-10,-4
5419,Epsti1,35,22,2,0,50,36,12,3,242,157,184,228,239,-15,-14,-10,-3
20346,Ttc13,36,22,5,3,67,39,15,6,242,139,181,222,233,-31,-17,-10,-3
18574,Stx16,46,27,4,2,57,36,14,9,242,139,179,224,231,-11,-9,-10,-7
3316,Chst1,44,23,0,0,53,29,10,6,242,145,190,232,236,-9,-6,-10,-6
21941,Zfp708,48,34,21,7,75,65,31,21,242,119,143,190,214,-27,-31,-10,-14
17433,Slamf7,27,17,2,0,62,44,12,6,242,153,181,228,236,-35,-27,-10,-6
8564,Hdhd2,39,22,3,2,50,28,13,4,242,153,192,226,236,-11,-6,-10,-2
5517,Etfa,31,24,3,2,44,32,13,8,242,167,186,226,232,-13,-8,-10,-6
10030,Klhl25,27,12,1,0,73,52,11,2,242,142,178,230,240,-46,-40,-10,-2
20754,Usp28,40,21,2,0,70,43,12,8,242,132,178,228,234,-30,-22,-10,-8
441,AAdacl4fm3,16,13,1,0,33,26,11,5,242,193,203,230,237,-17,-13,-10,-5
17597,Slc26a8,46,26,5,1,64,46,15,6,242,132,170,222,235,-18,-20,-10,-5
14500,Pex11g,32,20,3,2,76,51,13,2,242,134,171,226,238,-44,-31,-10,0
6903,Gm14308,50,44,27,22,60,52,37,32,242,132,146,178,188,-10,-8,-10,-10
6386,Galnt13,42,25,4,0,52,36,14,8,242,148,181,224,234,-10,-11,-10,-8
3579,Cnot2,26,13,3,2,66,37,13,9,242,150,192,226,231,-40,-24,-10,-7
21952,Zfp738,39,21,3,1,70,42,13,7,242,133,179,226,234,-31,-21,-10,-6
6394,Galnt3,30,15,3,2,58,26,13,6,242,154,201,226,234,-28,-11,-10,-4
5247,Elapor1,16,3,1,0,50,23,11,6,242,176,216,230,236,-34,-20,-10,-6
6489,Gcsam,31,13,0,0,27,17,10,5,242,184,212,232,237,4,-4,-10,-5
2663,Ccdc65,46,27,0,0,70,47,10,5,242,126,168,232,237,-24,-20,-10,-5
8876,Hspb11,40,18,4,2,45,29,14,7,242,157,195,224,233,-5,-11,-10,-5
13475,Olfr456,16,14,2,0,51,45,12,2,242,175,183,228,240,-35,-31,-10,-2
2662,Ccdc63,42,29,6,3,63,41,16,11,242,137,172,220,228,-21,-12,-10,-8
20784,Usp8,37,25,3,2,48,31,13,6,242,157,186,226,234,-11,-6,-10,-4
6916,Gm14410,41,29,13,2,75,57,23,9,242,126,156,206,231,-34,-28,-10,-7
5263,Ell,33,13,3,2,58,40,13,4,242,151,189,226,236,-25,-27,-10,-2
365,9330182O14Rik,16,8,1,1,31,24,11,3,242,195,210,230,238,-15,-16,-10,-2
18562,Strip1,20,11,3,2,80,47,13,6,242,142,184,226,234,-60,-36,-10,-4
6908,Gm14391,52,31,9,6,63,50,19,9,242,127,161,214,227,-11,-19,-10,-3
17621,Slc2a6,55,29,3,1,60,37,13,4,242,127,176,226,237,-5,-8,-10,-3
18685,Swsap1,26,10,2,1,68,46,12,4,242,148,186,228,237,-42,-36,-10,-3
288,4931406B18Rik,31,15,1,0,43,31,11,6,242,168,196,230,236,-12,-16,-10,-6
9982,Kiz,36,17,2,2,46,29,12,10,242,160,196,228,230,-10,-12,-10,-8
3551,Cndp1,31,21,8,3,48,35,18,7,242,163,186,216,232,-17,-14,-10,-4
13638,Olfr633,46,24,1,0,53,26,11,2,242,143,192,230,240,-7,-2,-10,-2
2555,Cby3,32,26,3,1,46,38,13,7,242,164,178,226,234,-14,-12,-10,-6
15117,Ppip5k2,26,16,2,2,85,44,12,0,242,131,182,228,240,-59,-28,-10,2
8536,Hck,61,27,0,0,67,32,10,5,242,114,183,232,237,-6,-5,-10,-5
3375,Ckap5,24,13,2,2,55,35,12,7,242,163,194,228,233,-31,-22,-10,-5
2275,C1qtnf2,29,20,6,2,53,39,16,5,242,160,183,220,235,-24,-19,-10,-3
17595,Slc26a6,30,15,2,1,65,39,12,8,242,147,188,228,233,-35,-24,-10,-7
20223,Tro,41,26,1,0,55,37,11,3,242,146,179,230,239,-14,-11,-10,-3
6679,Gm10058,2,1,0,0,11,11,10,7,242,229,230,232,235,-9,-10,-10,-7
8475,Hacd2,30,14,3,2,39,24,13,4,242,173,204,226,236,-9,-10,-10,-2
3302,Chrna2,40,24,1,0,56,34,11,3,242,146,184,230,239,-16,-10,-10,-3
20209,Trmt12,21,9,1,0,76,60,11,1,242,145,173,230,241,-55,-51,-10,-1
5385,Epha10,35,20,3,2,58,39,13,7,242,149,183,226,233,-23,-19,-10,-5
2512,Catsperb,34,25,1,0,69,45,11,5,242,139,172,230,237,-35,-20,-10,-5
6849,Gm12695,8,3,0,0,24,18,10,10,242,210,221,232,232,-16,-15,-10,-10
8917,Hyal2,49,27,6,2,71,53,16,4,242,122,162,220,236,-22,-26,-10,-2
18607,Sugp2,36,17,3,1,63,37,13,3,242,143,188,226,238,-27,-20,-10,-2
17360,Sigirr,41,27,5,2,66,49,15,3,242,135,166,222,237,-25,-22,-10,-1
18609,Sulf1,45,29,5,1,56,33,15,11,242,141,180,222,230,-11,-4,-10,-10
20354,Ttc23,31,16,2,2,69,45,12,3,242,142,181,228,237,-38,-29,-10,-1
16746,Rxfp2,26,10,2,0,44,28,12,6,242,172,204,228,236,-18,-18,-10,-6
20838,Vbp1,39,28,7,2,38,27,17,8,242,165,187,218,232,1,1,-10,-6
13986,Orai1,23,11,2,2,78,54,12,3,242,141,177,228,237,-55,-43,-10,-1
6430,Gas8,27,10,2,2,62,42,12,3,242,153,190,228,237,-35,-32,-10,-1
10525,Lmnb2,42,15,2,0,58,32,12,3,242,142,195,228,239,-16,-17,-10,-3
10520,Lmf1,27,16,3,3,55,36,13,6,242,160,190,226,233,-28,-20,-10,-3
8661,Hirip3,36,21,2,2,62,35,12,3,242,144,186,228,237,-26,-14,-10,-1
8507,Haus3,52,22,2,1,55,36,12,4,242,135,184,228,237,-3,-14,-10,-3
21851,Zfp518b,38,20,3,0,70,51,13,7,242,134,171,226,235,-32,-31,-10,-7
13781,Olfr789,38,14,0,0,62,34,10,3,242,142,194,232,239,-24,-20,-10,-3
20196,Trip13,51,25,4,2,71,43,14,6,242,120,174,224,234,-20,-18,-10,-4
14174,Paqr7,33,20,4,2,73,50,14,5,242,136,172,224,235,-40,-30,-10,-3
304,4933402D24Rik,23,15,2,0,68,44,12,4,242,151,183,228,238,-45,-29,-10,-4
10486,Lins1,41,21,2,2,55,31,12,8,242,146,190,228,232,-14,-10,-10,-6
15064,Pou1f1,47,25,5,3,56,39,15,8,242,139,178,222,231,-9,-14,-10,-5
8993,Ifit1bl1,47,32,5,0,71,46,15,1,242,124,164,222,241,-24,-14,-10,-1
20227,Trp53bp2,49,22,2,2,49,23,12,6,242,144,197,228,234,0,-1,-10,-4
3482,Clip3,69,43,5,2,50,31,15,6,242,123,168,222,234,19,12,-10,-4
21931,Zfp689,37,11,0,0,61,41,10,2,242,144,190,232,240,-24,-30,-10,-2
309,4933405L10Rik,66,44,5,2,57,44,15,5,242,119,154,222,235,9,0,-10,-3
8397,H2ac24,42,29,14,9,87,64,24,15,242,113,149,204,218,-45,-35,-10,-6
15077,Pou5f2,57,37,4,1,59,43,14,9,242,126,162,224,232,-2,-6,-10,-8
3439,Clec10a,62,42,7,3,61,52,17,5,242,119,148,218,234,1,-10,-10,-2
20180,Trim68,41,26,1,0,67,41,11,2,242,134,175,230,240,-26,-15,-10,-2
21840,Zfp488,28,14,1,0,60,37,11,5,242,154,191,230,237,-32,-23,-10,-5
8417,H2aw,41,16,4,2,76,57,14,6,242,125,169,224,234,-35,-41,-10,-4
10599,Lrmda,49,40,8,3,73,53,18,6,242,120,149,216,233,-24,-13,-10,-3
8424,H2bc13,48,39,25,21,62,51,35,27,242,132,152,182,194,-14,-12,-10,-6
3314,Chrne,48,30,2,2,67,40,12,8,242,127,172,228,232,-19,-10,-10,-6
3115,Cep43,39,15,2,2,45,29,12,5,242,158,198,228,235,-6,-14,-10,-3
10583,Lrch4,41,24,8,5,88,60,18,8,242,113,158,216,229,-47,-36,-10,-3
20670,Unc50,30,14,3,2,61,37,13,8,242,151,191,226,232,-31,-23,-10,-6
13452,Olfr420,45,25,3,0,44,35,13,6,242,153,182,226,236,1,-10,-10,-6
490,Abcc12,29,13,1,0,64,42,11,4,242,149,187,230,238,-35,-29,-10,-4
19341,Tlr2,51,28,2,0,73,43,12,5,242,118,171,228,237,-22,-15,-10,-5
3692,Commd5,27,13,3,2,77,48,13,8,242,138,181,226,232,-50,-35,-10,-6
2734,Ccn3,56,30,2,1,61,39,12,4,242,125,173,228,237,-5,-9,-10,-3
349,6820408C15Rik,48,31,1,0,63,53,11,6,242,131,158,230,236,-15,-22,-10,-6
14051,Otud7a,25,12,1,0,59,40,11,5,242,158,190,230,237,-34,-28,-10,-5
2724,Ccl4,35,33,13,6,56,52,23,11,242,151,157,206,225,-21,-19,-10,-5
7032,Gm1993,1,1,1,0,12,12,11,7,242,229,229,230,235,-11,-11,-10,-7
3707,Coprs,35,19,2,2,55,35,12,6,242,152,188,228,234,-20,-16,-10,-4
6212,Fra10ac1,27,13,2,2,61,30,12,7,242,154,199,228,233,-34,-17,-10,-5
22005,Zfp867,23,9,1,0,89,54,11,3,242,130,179,230,239,-66,-45,-10,-3
15502,Prss42,32,23,2,0,40,27,12,7,242,170,192,228,235,-8,-4,-10,-7
8100,Gpr61,26,13,2,0,57,28,12,7,242,159,201,228,235,-31,-15,-10,-7
17736,Slc4a8,47,23,4,0,58,39,14,4,242,137,180,224,238,-11,-16,-10,-4
15280,Prdm15,41,17,5,0,68,49,15,3,242,133,176,222,239,-27,-32,-10,-3
2030,Bhlhb9,48,28,6,1,68,34,16,10,242,126,180,220,231,-20,-6,-10,-9
10422,Lgals3bp,48,26,4,2,76,56,14,6,242,118,160,224,234,-28,-30,-10,-4
19377,Tmc3,16,5,0,0,58,33,10,3,242,168,204,232,239,-42,-28,-10,-3
14358,Pcsk4,29,16,1,0,75,34,11,5,242,138,192,230,237,-46,-18,-10,-5
2042,Bicra,32,11,1,0,69,47,11,3,242,141,184,230,239,-37,-36,-10,-3
22091,Zfp998,43,26,10,7,78,55,20,10,242,121,161,212,225,-35,-29,-10,-3
2440,Caps2,30,10,3,1,64,41,13,5,242,148,191,226,236,-34,-31,-10,-4
17404,Ska2,38,19,2,1,79,49,12,3,242,125,174,228,238,-41,-30,-10,-2
3150,Ces1g,41,20,3,2,65,42,13,2,242,136,180,226,238,-24,-22,-10,0
15506,Prss46,36,31,4,1,35,28,14,10,242,171,183,224,231,1,3,-10,-9
547,Abraxas1,35,19,2,1,67,41,12,7,242,140,182,228,234,-32,-22,-10,-6
10882,Magohb,35,16,2,2,65,34,12,9,242,142,192,228,231,-30,-18,-10,-7
20258,Trpv1,45,23,3,0,41,27,13,6,242,156,192,226,236,4,-4,-10,-6
3117,Cep55,40,21,2,0,79,61,12,3,242,123,160,228,239,-39,-40,-10,-3
8025,Gpha2,50,39,14,10,56,49,24,15,242,136,154,204,217,-6,-10,-10,-5
8046,Gpr137,38,13,2,2,64,39,12,5,242,140,190,228,235,-26,-26,-10,-3
13043,Olfr1280,19,7,0,0,37,27,10,5,242,186,208,232,237,-18,-20,-10,-5
259,4930516K23Rik,23,11,1,0,49,29,11,2,242,170,202,230,240,-26,-18,-10,-2
5131,Efna3,49,27,2,1,78,44,12,2,242,115,171,228,239,-29,-17,-10,-1
3741,Cox11,20,12,4,2,84,54,14,9,242,138,176,224,231,-64,-42,-10,-7
15515,Prss56,42,25,2,0,43,28,12,6,242,157,189,228,236,-1,-3,-10,-6
3734,Coro2a,43,24,2,0,74,50,12,3,242,125,168,228,239,-31,-26,-10,-3
3729,Coq9,30,12,2,2,57,32,12,7,242,155,198,228,233,-27,-20,-10,-5
6203,Fpgs,33,19,5,3,79,52,15,9,242,130,171,222,230,-46,-33,-10,-6
16544,Rpl35a,33,17,4,3,47,29,14,9,242,162,196,224,230,-14,-12,-10,-6
22004,Zfp866,30,12,2,2,72,39,12,4,242,140,191,228,236,-42,-27,-10,-2
5164,Ehmt2,29,11,3,3,50,26,13,4,242,163,205,226,235,-21,-15,-10,-1
7038,Gm2012,5,5,1,1,16,15,11,6,242,221,222,230,235,-11,-10,-10,-5
8064,Gpr158,8,2,0,0,31,21,10,7,242,203,219,232,235,-23,-19,-10,-7
2476,Carns1,50,26,3,0,75,43,13,9,242,117,173,226,233,-25,-17,-10,-9
6557,Ggt7,39,19,2,0,66,46,12,6,242,137,177,228,236,-27,-27,-10,-6
14424,Pdia2,56,39,8,5,70,57,18,9,242,116,146,216,228,-14,-18,-10,-4
16816,Samt1c,4,4,2,0,14,14,12,6,242,224,224,228,236,-10,-10,-10,-6
22090,Zfp997,35,23,7,2,66,47,17,4,242,141,172,218,236,-31,-24,-10,-2
17503,Slc1a6,28,17,2,0,43,30,12,3,242,171,195,228,239,-15,-13,-10,-3
17274,Sh2d1b1,39,22,2,0,63,37,12,4,242,140,183,228,238,-24,-15,-10,-4
21777,Zfp346,23,14,4,2,80,52,14,8,242,139,176,224,232,-57,-38,-10,-6
8953,Idh1,35,16,4,3,82,49,14,8,242,125,177,224,231,-47,-33,-10,-5
8209,Gsc,35,22,4,2,37,28,14,11,242,170,192,224,229,-2,-6,-10,-9
17481,Slc16a9,41,21,3,2,57,43,13,5,242,144,178,226,235,-16,-22,-10,-3
14535,Pgam2,52,27,6,5,59,45,16,3,242,131,170,220,234,-7,-18,-10,2
5424,Erap1,52,31,9,2,75,51,19,11,242,115,160,214,229,-23,-20,-10,-9
3321,Chst14,45,24,7,1,80,60,17,6,242,117,158,218,235,-35,-36,-10,-5
13411,Olfr362,30,10,0,0,52,36,10,2,242,160,196,232,240,-22,-26,-10,-2
17687,Slc38a9,50,26,2,1,68,45,12,4,242,124,171,228,237,-18,-19,-10,-3
14525,Pfkm,32,12,2,2,62,40,12,3,242,148,190,228,237,-30,-28,-10,-1
16621,Rps6ka5,29,14,1,0,59,34,11,5,242,154,194,230,237,-30,-20,-10,-5
17511,Slc22a15,37,20,5,0,60,41,15,8,242,145,181,222,234,-23,-21,-10,-8
20080,Trdmt1,44,29,5,1,84,58,15,4,242,114,155,222,237,-40,-29,-10,-3
17282,Sh2d7,15,7,0,0,45,27,10,5,242,182,208,232,237,-30,-20,-10,-5
8865,Hspa14,46,21,2,2,47,24,12,7,242,149,197,228,233,-1,-3,-10,-5
6924,Gm14459,1,1,0,0,11,11,10,10,242,230,230,232,232,-10,-10,-10,-10
8247,Gsto2,57,33,3,0,60,39,13,3,242,125,170,226,239,-3,-6,-10,-3
8253,Gstt3,33,19,4,3,80,45,14,4,242,129,178,224,235,-47,-26,-10,-1
8569,Heatr1,37,24,7,3,56,31,17,13,242,149,187,218,226,-19,-7,-10,-10
8262,Gtf2b,26,15,5,2,62,33,15,9,242,154,194,222,231,-36,-18,-10,-7
5244,Elac1,29,15,0,0,78,52,10,1,242,135,175,232,241,-49,-37,-10,-1
2172,Bscl2,31,18,5,2,60,42,15,4,242,151,182,222,236,-29,-24,-10,-2
8280,Gtf3c5,31,12,2,2,54,31,12,3,242,157,199,228,237,-23,-19,-10,-1
22080,Zfp986,37,27,7,1,58,44,17,6,242,147,171,218,235,-21,-17,-10,-5
3640,Col14a1,61,36,4,2,47,38,14,1,242,134,168,224,239,14,-2,-10,1
9946,Kif22,41,13,0,0,88,50,10,3,242,113,179,232,239,-47,-37,-10,-3
5198,Eif2b3,34,17,3,2,43,28,13,9,242,165,197,226,231,-9,-11,-10,-7
6498,Gdf11,38,19,1,0,71,47,11,0,242,133,176,230,242,-33,-28,-10,0
22085,Zfp991,34,27,9,6,90,63,19,11,242,118,152,214,225,-56,-36,-10,-5
518,Abhd14a,31,13,4,2,55,42,14,5,242,156,187,224,235,-24,-29,-10,-3
2057,Blm,44,32,4,0,74,53,14,7,242,124,157,224,235,-30,-21,-10,-7
15282,Prdm2,45,25,3,3,50,32,13,11,242,147,185,226,228,-5,-7,-10,-8
6584,Gins3,54,27,3,0,52,35,13,7,242,136,180,226,235,2,-8,-10,-7
5737,Fam20b,25,11,2,2,56,33,12,3,242,161,198,228,237,-31,-22,-10,-1
6776,Gm11027,48,42,30,29,68,63,40,38,242,126,137,172,175,-20,-21,-10,-9
16872,Scamp2,38,19,4,3,72,48,14,10,242,132,175,224,229,-34,-29,-10,-7
10425,Lgals8,26,12,2,2,73,46,12,4,242,143,184,228,236,-47,-34,-10,-2
3180,Cfap43,39,18,1,0,61,35,11,5,242,142,189,230,237,-22,-17,-10,-5
188,2610318N02Rik,36,18,2,0,67,41,12,5,242,139,183,228,237,-31,-23,-10,-5
2690,Ccdc89,36,17,4,1,75,46,14,12,242,131,179,224,229,-39,-29,-10,-11
3347,Cibar1,30,17,2,2,59,40,12,3,242,153,185,228,237,-29,-23,-10,-1
9955,Kif2c,45,28,3,2,72,49,13,2,242,125,165,226,238,-27,-21,-10,0
2083,Bmp8b,26,8,0,0,57,40,10,2,242,159,194,232,240,-31,-32,-10,-2
19180,Tfrc,42,24,2,2,68,40,12,5,242,132,178,228,235,-26,-16,-10,-3
17409,Skida1,47,29,4,3,77,53,14,2,242,118,160,224,237,-30,-24,-10,1
14796,Plac8l1,42,36,18,8,41,36,29,10,242,159,170,195,224,1,0,-11,-2
21913,Zfp65,38,16,2,1,71,47,13,6,242,133,179,227,235,-33,-31,-11,-5
323,4933430I17Rik,49,23,2,0,77,47,13,3,242,116,172,227,239,-28,-24,-11,-3
22027,Zfp935,21,21,15,9,34,33,26,16,242,187,188,201,217,-13,-12,-11,-7
18643,Supt20,30,16,4,2,64,39,15,4,242,148,187,223,236,-34,-23,-11,-2
21911,Zfp647,44,26,2,2,66,48,13,3,242,132,168,227,237,-22,-22,-11,-1
19234,Thnsl1,46,24,2,1,80,50,13,7,242,116,168,227,234,-34,-26,-11,-6
5123,Efhb,31,18,2,0,69,39,13,9,242,142,185,227,233,-38,-21,-11,-9
21451,Wscd2,21,5,0,0,68,38,11,3,242,153,199,231,239,-47,-33,-11,-3
11,1110032A03Rik,32,18,4,4,61,42,15,4,242,149,182,223,234,-29,-24,-11,0
12026,Nat2,41,23,5,3,76,50,16,9,242,125,169,221,230,-35,-27,-11,-6
6597,Gja5,37,23,2,2,79,50,13,5,242,126,169,227,235,-42,-27,-11,-3
18164,Spata24,31,15,5,2,75,41,16,7,242,136,186,221,233,-44,-26,-11,-5
6593,Gja1,62,40,6,2,55,36,17,8,242,125,166,219,232,7,4,-11,-6
4641,Disp1,51,29,0,0,53,30,11,4,242,138,183,231,238,-2,-1,-11,-4
15985,Rassf2,49,34,4,1,71,50,15,7,242,122,158,223,234,-22,-16,-11,-6
14395,Pde4a,44,21,0,0,62,38,11,5,242,136,183,231,237,-18,-17,-11,-5
6580,Gin1,27,12,3,1,85,52,14,5,242,130,178,225,236,-58,-40,-11,-4
11975,Naaladl1,34,18,1,1,87,54,12,3,242,121,170,229,238,-53,-36,-11,-2
41,1700008O03Rik,48,41,8,2,69,52,19,10,242,125,149,215,230,-21,-11,-11,-8
11972,Naa80,37,16,2,2,55,27,13,7,242,150,199,227,233,-18,-11,-11,-5
16012,Rbks,32,18,2,2,63,31,13,10,242,147,193,227,230,-31,-13,-11,-8
2934,Cdca5,36,18,3,1,77,51,14,7,242,129,173,225,234,-41,-33,-11,-6
21989,Zfp819,41,26,4,2,62,35,15,10,242,139,181,223,230,-21,-9,-11,-8
5578,Exosc9,31,13,2,2,60,35,13,11,242,151,194,227,229,-29,-22,-11,-9
6514,Gdpgp1,41,16,1,0,69,50,12,3,242,132,176,229,239,-28,-34,-11,-3
19154,Tex9,26,18,4,1,84,53,15,7,242,132,171,223,234,-58,-35,-11,-6
18112,Sox5,34,21,1,0,69,42,12,5,242,139,179,229,237,-35,-21,-11,-5
15159,Ppp1r26,28,15,0,0,75,47,11,4,242,139,180,231,238,-47,-32,-11,-4
5885,Fbxo15,52,35,6,2,68,46,17,7,242,122,161,219,233,-16,-11,-11,-5
19185,Tgfb1i1,45,27,4,2,58,37,15,8,242,139,178,223,232,-13,-10,-11,-6
12034,Nat8f6,62,46,10,6,51,42,21,2,242,129,154,211,234,11,4,-11,4
14172,Paqr5,47,27,3,2,71,52,14,3,242,124,163,225,237,-24,-25,-11,-1
12133,Ndufaf8,23,14,3,3,59,34,14,7,242,160,194,225,232,-36,-20,-11,-4
7405,Gm35549,35,28,7,1,63,55,18,9,242,144,159,217,232,-28,-27,-11,-8
6432,Gask1b,40,23,5,3,82,54,16,2,242,120,165,221,237,-42,-31,-11,1
6677,Gm10037,46,36,14,8,64,51,25,8,242,132,155,203,226,-18,-15,-11,0
14204,Pask,40,20,2,1,76,55,13,2,242,126,167,227,239,-36,-35,-11,-1
1069,Als2,32,17,3,2,63,32,14,11,242,147,193,225,229,-31,-15,-11,-9
12124,Ndufa9,20,14,2,2,54,32,13,8,242,168,196,227,232,-34,-18,-11,-6
6669,Glul,56,29,2,2,44,27,13,11,242,142,186,227,229,12,2,-11,-9
12108,Ndst2,24,9,2,1,76,54,13,3,242,142,179,227,238,-52,-45,-11,-2
12094,Ndc80,34,16,1,0,71,45,12,3,242,137,181,229,239,-37,-29,-11,-3
12087,Ncoa7,40,20,3,2,70,37,14,4,242,132,185,225,236,-30,-17,-11,-2
18954,Tbx10,32,17,2,0,61,37,13,4,242,149,188,227,238,-29,-20,-11,-4
4677,Dlx6,44,23,5,1,76,53,16,6,242,122,166,221,235,-32,-30,-11,-5
6642,Glmn,26,13,2,1,81,50,13,8,242,135,179,227,233,-55,-37,-11,-7
21407,Wfikkn1,58,30,7,2,66,43,18,7,242,118,169,217,233,-8,-13,-11,-5
15970,Rasgrf1,39,17,1,0,46,34,12,2,242,157,191,229,240,-7,-17,-11,-2
19243,Thop1,29,10,2,2,49,32,13,3,242,164,200,227,237,-20,-22,-11,-1
19589,Tmem41a,34,19,4,2,78,56,15,5,242,130,167,223,235,-44,-37,-11,-3
12168,Nectin3,34,22,4,3,63,38,15,6,242,145,182,223,233,-29,-16,-11,-3
660,Actl9,27,17,0,0,53,37,11,1,242,162,188,231,241,-26,-20,-11,-1
672,Actr6,39,19,2,2,63,34,13,6,242,140,189,227,234,-24,-15,-11,-4
115,1700094D03Rik,75,47,10,1,62,49,21,7,242,105,146,211,234,13,-2,-11,-6
14860,Plekhm3,40,16,0,0,64,42,11,3,242,138,184,231,239,-24,-26,-11,-3
15444,Prr14l,50,24,6,4,68,45,17,11,242,124,173,219,227,-18,-21,-11,-7
19352,Tm2d1,39,20,2,2,44,28,13,5,242,159,194,227,235,-5,-8,-11,-3
21775,Zfp341,40,18,1,0,59,38,12,2,242,143,186,229,240,-19,-20,-11,-2
14521,Pfkfb2,29,15,2,2,79,49,13,6,242,134,178,227,234,-50,-34,-11,-4
198,2810021J22Rik,23,10,1,0,82,58,12,1,242,137,174,229,241,-59,-48,-11,-1
5240,Eif5a2,27,15,3,0,67,41,14,3,242,148,186,225,239,-40,-26,-11,-3
12589,Nt5dc1,29,13,3,2,83,40,14,5,242,130,189,225,235,-54,-27,-11,-3
4970,Dydc1,14,11,1,1,23,18,12,8,242,205,213,229,233,-9,-7,-11,-7
18823,Tagap,50,33,4,0,70,48,15,4,242,122,161,223,238,-20,-15,-11,-4
18322,Sptbn4,29,15,1,0,67,34,12,7,242,146,193,229,235,-38,-19,-11,-7
6087,Flacc1,48,36,5,1,100,80,16,6,242,94,126,221,235,-52,-44,-11,-5
4915,Dtd1,25,11,2,2,58,37,13,8,242,159,194,227,232,-33,-26,-11,-6
12534,Nrde2,16,6,2,1,93,57,13,2,242,133,179,227,239,-77,-51,-11,-1
6905,Gm14325,56,41,16,10,71,60,27,24,242,115,141,199,208,-15,-19,-11,-14
4891,Drg1,24,16,3,2,60,33,14,9,242,158,193,225,231,-36,-17,-11,-7
6904,Gm14322,47,39,16,5,74,51,27,15,242,121,152,199,222,-27,-12,-11,-10
749,Adamtsl5,51,26,5,1,64,39,16,8,242,127,177,221,233,-13,-13,-11,-7
22143,Zmym3,35,14,4,2,79,49,15,5,242,128,179,223,235,-44,-35,-11,-3
12686,Nutm1,25,11,2,0,39,25,13,8,242,178,206,227,234,-14,-14,-11,-8
19455,Tmem150b,45,27,5,1,67,46,16,3,242,130,169,221,238,-22,-19,-11,-2
15058,Porcn,38,22,5,0,60,39,16,7,242,144,181,221,235,-22,-17,-11,-7
18511,Sting1,47,34,9,2,78,59,20,5,242,117,149,213,235,-31,-25,-11,-3
167,2310057J18Rik,28,20,2,0,53,39,13,8,242,161,183,227,234,-25,-19,-11,-8
15013,Polr1has,33,20,3,3,63,37,14,3,242,146,185,225,236,-30,-17,-11,0
5145,Egfl8,55,29,1,0,69,51,12,6,242,118,162,229,236,-14,-22,-11,-6
14581,Phex,46,24,1,1,64,36,12,6,242,132,182,229,235,-18,-12,-11,-5
7073,Gm20715,30,18,0,0,35,24,11,7,242,177,200,231,235,-5,-6,-11,-7
18499,Steap1,52,30,4,2,57,38,15,5,242,133,174,223,235,-5,-8,-11,-3
15554,Psma2,32,19,2,2,44,22,13,8,242,166,201,227,232,-12,-3,-11,-6
148,2210017I01Rik,34,25,11,1,59,55,22,9,242,149,162,209,232,-25,-30,-11,-8
7074,Gm20716,27,17,6,6,52,31,17,14,242,163,194,219,222,-25,-14,-11,-8
141,2010109A12Rik,57,43,28,13,80,61,39,19,242,105,138,175,210,-23,-18,-11,-6
5755,Fam227b,38,18,1,0,40,30,12,8,242,164,194,229,234,-2,-12,-11,-8
19085,Tenm4,35,17,2,1,75,49,13,2,242,132,176,227,239,-40,-32,-11,-1
19066,Tedc1,37,16,1,0,82,47,12,2,242,123,179,229,240,-45,-31,-11,-2
19434,Tmem130,36,18,2,0,39,31,13,2,242,167,193,227,240,-3,-13,-11,-2
14631,Phyhip,66,27,4,1,57,45,15,6,242,119,170,223,235,9,-18,-11,-5
18433,Ssxb5,12,11,9,4,21,21,20,8,242,209,210,213,230,-9,-10,-11,-4
12766,Odf3l1,40,24,3,2,49,39,14,5,242,153,179,225,235,-9,-15,-11,-3
15481,Prss12,52,32,8,2,64,38,19,5,242,126,172,215,235,-12,-6,-11,-3
19449,Tmem144,37,24,8,3,84,50,19,5,242,121,168,215,234,-47,-26,-11,-2
12754,Odad1,33,19,1,0,74,42,12,2,242,135,181,229,240,-41,-23,-11,-2
19451,Tmem147,28,15,3,3,47,28,14,6,242,167,199,225,233,-19,-13,-11,-3
18898,Tatdn3,22,13,3,3,74,47,14,4,242,146,182,225,235,-52,-34,-11,-1
4869,Dpy19l4,36,15,2,2,56,33,13,8,242,150,194,227,232,-20,-18,-11,-6
6748,Gm10681,10,10,8,7,26,24,19,13,242,206,208,215,222,-16,-14,-11,-6
71,1700020L13Rik,39,29,6,1,65,49,17,5,242,138,164,219,236,-26,-20,-11,-4
391,A26c2,1,1,0,0,13,13,11,6,242,228,228,231,236,-12,-12,-11,-6
5710,Fam178b,44,27,3,0,58,46,14,7,242,140,169,225,235,-14,-19,-11,-7
21869,Zfp568,38,20,3,0,52,33,14,7,242,152,189,225,235,-14,-13,-11,-7
18914,Tbc1d2,33,16,0,0,74,47,11,1,242,135,179,231,241,-41,-31,-11,-1
21870,Zfp57,46,29,3,2,75,46,14,6,242,121,167,225,234,-29,-17,-11,-4
6847,Gm12666,29,21,7,4,37,28,18,5,242,176,193,217,233,-8,-7,-11,-1
5398,Ephx1,52,26,4,2,45,26,15,7,242,145,190,223,233,7,0,-11,-5
7395,Gm3486,11,9,1,0,22,21,12,7,242,209,212,229,235,-11,-12,-11,-7
5410,Epp13,19,15,4,1,44,34,15,6,242,179,193,223,235,-25,-19,-11,-5
932,Aifm2,39,18,3,2,66,35,14,3,242,137,189,225,237,-27,-17,-11,-1
940,Aire,43,23,0,0,57,35,11,4,242,142,184,231,238,-14,-12,-11,-4
12235,Nfatc2ip,35,20,0,0,66,40,11,2,242,141,182,231,240,-31,-20,-11,-2
6342,Gabra1,26,14,2,1,35,24,13,7,242,181,204,227,234,-9,-10,-11,-6
15862,Rabgap1,32,12,2,2,57,34,13,8,242,153,196,227,232,-25,-22,-11,-6
15866,Rabggtb,35,16,4,4,42,30,15,8,242,165,196,223,230,-7,-14,-11,-4
18206,Speer4b,24,19,4,3,58,44,15,8,242,160,179,223,231,-34,-25,-11,-5
14770,Pla2g12a,39,17,2,2,55,30,13,9,242,148,195,227,231,-16,-13,-11,-7
348,6720489N17Rik,50,39,8,3,82,58,19,9,242,110,145,215,230,-32,-19,-11,-6
14061,Ovol2,34,29,3,0,45,36,14,7,242,163,177,225,235,-11,-7,-11,-7
18803,Taf1d,41,19,5,2,54,36,16,8,242,147,187,221,232,-13,-17,-11,-6
19248,Thrsp,62,43,6,2,58,41,17,5,242,122,158,219,235,4,2,-11,-3
15325,Prkag2,53,30,6,3,59,40,17,9,242,130,172,219,230,-6,-10,-11,-6
14731,Pitpnm3,34,9,0,0,45,33,11,5,242,163,200,231,237,-11,-24,-11,-5
449,Aanat,33,22,0,0,46,37,11,4,242,163,183,231,238,-13,-15,-11,-4
6853,Gm128,61,40,8,1,74,54,19,6,242,107,148,215,235,-13,-14,-11,-5
15739,Pwwp4a,22,14,3,0,47,30,14,5,242,173,198,225,237,-25,-16,-11,-5
5793,Fam78a,21,9,3,1,76,54,14,4,242,145,179,225,237,-55,-45,-11,-3
15741,Pwwp4c,6,6,0,0,32,25,11,4,242,204,211,231,238,-26,-19,-11,-4
801,Adgrl3,36,17,0,0,62,41,11,3,242,144,184,231,239,-26,-24,-11,-3
212,3830403N18Rik,52,30,6,3,62,51,17,6,242,128,161,219,233,-10,-21,-11,-3
7343,Gm3095,18,12,2,0,33,23,13,8,242,191,207,227,234,-15,-11,-11,-8
19312,Tkfc,30,11,2,2,57,40,13,2,242,155,191,227,238,-27,-29,-11,0
828,Adprhl1,48,35,3,1,60,38,14,5,242,134,169,225,236,-12,-3,-11,-4
430,Aaas,39,19,4,2,57,35,15,6,242,146,188,223,234,-18,-16,-11,-4
5321,Emx2,42,21,2,2,61,42,13,6,242,139,179,227,234,-19,-21,-11,-4
4833,Dot1l,35,15,2,2,65,46,13,4,242,142,181,227,236,-30,-31,-11,-2
12445,Noxo1,24,13,0,0,82,48,11,1,242,136,181,231,241,-58,-35,-11,-1
21836,Zfp469,48,28,0,0,58,37,11,3,242,136,177,231,239,-10,-9,-11,-3
5718,Fam186a,20,14,0,0,35,25,11,6,242,187,203,231,236,-15,-11,-11,-6
21837,Zfp472,32,12,2,0,72,43,13,5,242,138,187,227,237,-40,-31,-11,-5
5340,Eno4,49,28,0,0,54,34,11,4,242,139,180,231,238,-5,-6,-11,-4
7347,Gm3127,6,6,0,0,16,15,11,8,242,220,221,231,234,-10,-9,-11,-8
7348,Gm31371,24,18,2,1,41,32,13,6,242,177,192,227,235,-17,-14,-11,-5
18590,Stxbp4,41,22,3,2,57,32,14,5,242,144,188,225,235,-16,-10,-11,-3
19594,Tmem45a,65,43,8,2,62,49,19,7,242,115,150,215,233,3,-6,-11,-5
22042,Zfp950,39,19,6,2,56,31,17,5,242,147,192,219,235,-17,-12,-11,-3
14595,Phf21a,39,20,3,3,77,46,14,6,242,126,176,225,233,-38,-26,-11,-3
5901,Fbxo36,45,29,7,4,70,41,18,3,242,127,172,217,235,-25,-12,-11,1
19842,Tpst1,37,17,4,1,73,49,15,13,242,132,176,223,228,-36,-32,-11,-12
1972,Bcl2a1d,40,32,10,7,49,44,21,8,242,153,166,211,227,-9,-12,-11,-1
3107,Cep192,29,12,1,0,63,31,12,3,242,150,199,229,239,-34,-19,-11,-3
1993,Bcor,38,19,2,1,64,46,13,4,242,140,177,227,237,-26,-27,-11,-3
11564,Mrpl14,41,22,3,2,49,28,14,10,242,152,192,225,230,-8,-6,-11,-8
7734,Gm6337,27,22,7,1,39,32,18,10,242,176,188,217,231,-12,-10,-11,-9
16235,Rhbdd3,32,20,2,2,71,45,13,2,242,139,177,227,238,-39,-25,-11,0
1508,Armh2,22,17,6,0,44,39,17,8,242,176,186,219,234,-22,-22,-11,-8
1987,Bcl9,29,11,2,1,92,60,13,4,242,121,171,227,237,-63,-49,-11,-3
4298,Dagla,34,14,0,0,79,49,11,1,242,129,179,231,241,-45,-35,-11,-1
7741,Gm6401,11,10,3,1,27,26,14,10,242,204,206,225,231,-16,-16,-11,-9
3753,Cox5b-ps,49,47,35,25,54,51,46,33,242,139,144,161,184,-5,-4,-11,-8
10878,Magi2,35,18,4,0,76,52,15,4,242,131,172,223,238,-41,-34,-11,-4
3241,Chd1l,23,10,2,1,67,39,13,6,242,152,193,227,235,-44,-29,-11,-5
8020,Gpcpd1,38,18,2,1,69,45,13,3,242,135,179,227,238,-31,-27,-11,-2
1938,BC049715,70,49,15,9,74,57,26,10,242,98,136,201,223,-4,-8,-11,-1
1531,Arrdc3,43,23,2,2,74,52,13,5,242,125,167,227,235,-31,-29,-11,-3
8005,Gpatch11,32,19,3,2,50,30,14,9,242,160,193,225,231,-18,-11,-11,-7
10206,Krtap17-1,12,10,1,1,18,18,12,5,242,212,214,229,236,-6,-8,-11,-4
1536,Arsg,33,19,3,2,91,59,14,3,242,118,164,225,237,-58,-40,-11,-1
16508,Rpgrip1,56,40,13,10,97,77,24,6,242,89,125,205,226,-41,-37,-11,4
10972,Mapk15,45,27,3,1,73,46,14,5,242,124,169,225,236,-28,-19,-11,-4
16554,Rpl39l,47,31,10,4,68,59,21,12,242,127,152,211,226,-21,-28,-11,-8
9779,Kcnab2,50,30,2,0,67,44,13,6,242,125,168,227,236,-17,-14,-11,-6
10991,Mapre3,46,24,2,2,55,35,13,5,242,141,183,227,235,-9,-11,-11,-3
20939,Vmn1r181,26,17,2,0,46,33,13,5,242,170,192,227,237,-20,-16,-11,-5
1358,Aqp7,44,25,3,2,69,43,14,7,242,129,174,225,233,-25,-18,-11,-5
18021,Snrpg,32,14,2,2,50,28,13,3,242,160,200,227,237,-18,-14,-11,-1
3200,Cfap97d2,17,14,0,0,54,42,11,3,242,171,186,231,239,-37,-28,-11,-3
11680,Msl3l2,39,16,1,0,66,47,12,2,242,137,179,229,240,-27,-31,-11,-2
20479,Txnrd3,23,13,3,2,98,53,14,1,242,121,176,225,239,-75,-40,-11,1
10675,Lrrc75b,43,28,0,0,72,43,11,7,242,127,171,231,235,-29,-15,-11,-7
10680,Lrrc8e,50,26,2,0,84,53,13,5,242,108,163,227,237,-34,-27,-11,-5
20112,Trh,23,17,1,1,35,30,12,6,242,184,195,229,235,-12,-13,-11,-5
10757,Ly6f,22,16,5,2,50,43,16,8,242,170,183,221,232,-28,-27,-11,-6
17991,Sncaip,40,18,2,0,49,30,13,4,242,153,194,227,238,-9,-12,-11,-4
10819,M1ap,48,22,6,1,65,46,17,8,242,129,174,219,233,-17,-24,-11,-7
16596,Rps18-ps6,43,28,14,5,46,35,25,15,242,153,179,203,222,-3,-7,-11,-10
4337,Dcaf15,26,10,3,2,84,55,14,8,242,132,177,225,232,-58,-45,-11,-6
7816,Gm8127,19,18,6,3,32,28,17,12,242,191,196,219,227,-13,-10,-11,-9
16891,Scd4,26,10,2,0,66,40,13,4,242,150,192,227,238,-40,-30,-11,-4
1455,Arid3a,39,21,1,0,72,46,12,6,242,131,175,229,236,-33,-25,-11,-6
3679,Colca2,42,28,3,1,86,61,14,7,242,114,153,225,234,-44,-33,-11,-6
11601,Mrpl52,35,13,2,2,42,26,13,9,242,165,203,227,231,-7,-13,-11,-7
9476,Inka1,54,32,9,0,77,55,20,5,242,111,155,213,237,-23,-23,-11,-5
3018,Cdpf1,36,20,3,2,62,32,14,9,242,144,190,225,231,-26,-12,-11,-7
8843,Hsd3b2,42,15,3,2,57,35,14,6,242,143,192,225,234,-15,-20,-11,-4
3825,Cr2,31,17,9,6,70,42,20,16,242,141,183,213,220,-39,-25,-11,-10
17070,Sema3e,41,17,0,0,54,30,11,4,242,147,195,231,238,-13,-13,-11,-4
16371,Rnaseh2b,44,22,2,2,70,36,13,5,242,128,184,227,235,-26,-14,-11,-3
1779,Aunip,54,30,2,1,55,38,13,5,242,133,174,227,236,-1,-8,-11,-4
17913,Smim12,28,10,2,2,62,44,13,8,242,152,188,227,232,-34,-34,-11,-6
21081,Vmn1r87,33,7,0,0,64,33,11,3,242,145,202,231,239,-31,-26,-11,-3
1777,AU041133,40,22,4,1,75,48,15,3,242,127,172,223,238,-35,-26,-11,-2
7851,Gm8871,8,8,3,2,19,19,14,9,242,215,215,225,231,-11,-11,-11,-7
11236,Mettl8,35,19,3,2,46,29,14,8,242,161,194,225,232,-11,-10,-11,-6
11248,Mfap5,57,33,11,4,84,62,22,12,242,101,147,209,226,-27,-29,-11,-8
11358,Mkks,38,16,4,2,49,30,15,4,242,155,196,223,236,-11,-14,-11,-2
9403,Il20ra,36,21,5,0,48,38,16,11,242,158,183,221,231,-12,-17,-11,-11
7825,Gm8229,9,7,1,0,18,16,12,9,242,215,219,229,233,-9,-9,-11,-9
2622,Ccdc183,30,18,2,0,52,45,13,6,242,160,179,227,236,-22,-27,-11,-6
16360,Rnase10,30,25,4,1,69,48,15,6,242,143,169,223,235,-39,-23,-11,-5
1685,Atp23,34,12,3,2,73,50,14,7,242,135,180,225,233,-39,-38,-11,-5
4037,Ctse,35,16,1,1,42,29,12,6,242,165,197,229,235,-7,-13,-11,-5
19929,Trappc2,39,25,6,4,63,40,17,11,242,140,177,219,227,-24,-15,-11,-7
11340,Mindy4,46,22,2,2,56,35,13,0,242,140,185,227,240,-10,-13,-11,2
7819,Gm8159,14,13,3,2,41,37,14,6,242,187,192,225,234,-27,-24,-11,-4
8941,Icam4,47,34,6,1,61,43,17,3,242,134,165,219,238,-14,-9,-11,-2
11322,Mief2,37,15,3,2,75,46,14,5,242,130,181,225,235,-38,-31,-11,-3
2827,Cd248,53,27,1,0,75,52,12,5,242,114,163,229,237,-22,-25,-11,-5
19919,Tram1l1,20,7,0,0,69,48,11,4,242,153,187,231,238,-49,-41,-11,-4
3239,Chchd7,32,20,2,2,49,22,13,10,242,161,200,227,230,-17,-2,-11,-8
17805,Slc9a5,37,17,0,0,63,44,11,5,242,142,181,231,237,-26,-27,-11,-5
17359,Sidt2,47,31,3,2,65,40,14,1,242,130,171,225,239,-18,-9,-11,1
3859,Crhr1,21,8,1,0,29,20,12,10,242,192,214,229,232,-8,-12,-11,-10
8827,Hsbp1l1,39,21,4,2,70,50,15,7,242,133,171,223,233,-31,-29,-11,-5
3106,Cep19,34,18,2,2,60,36,13,6,242,148,188,227,234,-26,-18,-11,-4
9796,Kcng1,41,18,2,0,56,32,13,4,242,145,192,227,238,-15,-14,-11,-4
9429,Il5ra,44,24,2,2,73,42,13,2,242,125,176,227,238,-29,-18,-11,0
17246,Sgcb,32,13,3,1,70,33,14,5,242,140,196,225,236,-38,-20,-11,-4
17937,Smim8,33,15,6,3,68,40,17,12,242,141,187,219,227,-35,-25,-11,-9
3913,Crygn,51,38,12,5,80,70,23,11,242,111,134,207,226,-29,-32,-11,-6
1574,Ascc1,33,13,2,2,45,33,13,6,242,164,196,227,234,-12,-20,-11,-4
9339,Igsf9,37,21,5,1,80,53,16,3,242,125,168,221,238,-43,-32,-11,-2
1784,Aurkc,46,34,11,4,58,49,22,11,242,138,159,209,227,-12,-15,-11,-7
7869,Gm906,22,17,3,1,50,35,14,6,242,170,190,225,235,-28,-18,-11,-5
11424,Mms22l,44,16,1,0,73,42,12,3,242,125,184,229,239,-29,-26,-11,-3
17392,Sirt6,37,17,2,0,58,33,13,5,242,147,192,227,237,-21,-16,-11,-5
11211,Mettl1,37,12,3,2,46,25,14,7,242,159,205,225,233,-9,-13,-11,-5
11395,Mmel1,56,22,2,0,62,44,13,2,242,124,176,227,240,-6,-22,-11,-2
7855,Gm8897,7,7,2,1,24,24,13,6,242,211,211,227,235,-17,-17,-11,-5
17918,Smim18,21,19,11,4,46,40,22,7,242,175,183,209,231,-25,-21,-11,-3
1632,Atf7,40,26,2,2,68,44,13,6,242,134,172,227,234,-28,-18,-11,-4
7808,Gm8068,3,3,1,1,18,15,12,11,242,221,224,229,230,-15,-12,-11,-10
11702,mt-Co1,42,25,8,5,60,45,19,10,242,140,172,215,227,-18,-20,-11,-5
1708,Atp5k,33,21,2,2,48,36,13,8,242,161,185,227,232,-15,-15,-11,-6
1213,Anln,43,19,3,0,74,45,14,6,242,125,178,225,236,-31,-26,-11,-6
1274,Ap4b1,32,15,4,3,57,32,15,12,242,153,195,223,227,-25,-17,-11,-9
17576,Slc25a41,44,31,4,2,53,42,15,6,242,145,169,223,234,-9,-11,-11,-4
2510,Catsper3,45,26,3,1,68,51,14,7,242,129,165,225,234,-23,-25,-11,-6
20401,Ttll7,36,23,1,0,52,28,12,4,242,154,191,229,238,-16,-5,-11,-4
9641,Itgb1bp2,48,28,7,2,80,54,18,8,242,114,160,217,232,-32,-26,-11,-6
10389,Ldlrad2,27,23,4,2,47,41,15,6,242,168,178,223,234,-20,-18,-11,-4
4539,Dennd4c,36,14,2,2,56,33,13,6,242,150,195,227,234,-20,-19,-11,-4
9597,Irx5,55,37,1,0,57,33,12,2,242,130,172,229,240,-2,4,-11,-2
9572,Ireb2,27,14,3,2,71,43,14,7,242,144,185,225,233,-44,-29,-11,-5
10399,Lekr1,42,24,1,0,66,43,12,1,242,134,175,229,241,-24,-19,-11,-1
2366,Cage1,37,16,1,0,80,46,12,2,242,125,180,229,240,-43,-30,-11,-2
20307,Tspan2,48,29,6,1,87,60,17,7,242,107,153,219,234,-39,-31,-11,-6
9963,Kif6,46,28,2,0,55,39,13,0,242,141,175,227,242,-9,-11,-11,0
4547,Depdc5,28,17,6,2,81,65,17,8,242,133,160,219,232,-53,-48,-11,-6
20686,Upb1,46,25,3,2,63,48,14,2,242,133,169,225,238,-17,-23,-11,0
16832,Sar1b,36,21,3,2,41,27,14,8,242,165,194,225,232,-5,-6,-11,-6
17095,Sepsecs,20,13,2,2,82,50,13,4,242,140,179,227,236,-62,-37,-11,-2
3195,Cfap74,39,19,1,0,65,39,12,6,242,138,184,229,236,-26,-20,-11,-6
20264,Trrap,47,22,3,2,61,36,14,7,242,134,184,225,233,-14,-14,-11,-5
8637,Hibch,27,17,3,2,50,31,14,2,242,165,194,225,238,-23,-14,-11,0
17545,Slc25a13,37,21,5,2,88,55,16,4,242,117,166,221,236,-51,-34,-11,-2
4528,Dennd10,30,14,2,2,52,37,13,9,242,160,191,227,231,-22,-23,-11,-7
2923,Cdc42ep5,42,27,8,2,71,50,19,11,242,129,165,215,229,-29,-23,-11,-9
16805,Samd3,35,20,2,1,48,33,13,5,242,159,189,227,236,-13,-13,-11,-4
3354,Cilk1,36,20,3,3,69,37,14,5,242,137,185,225,234,-33,-17,-11,-2
9998,Klf2,47,22,5,2,64,44,16,8,242,131,176,221,232,-17,-22,-11,-6
2466,Card6,33,18,2,0,89,56,13,0,242,120,168,227,242,-56,-38,-11,0
1241,Anxa7,34,18,2,2,42,28,13,6,242,166,196,227,234,-8,-10,-11,-4
8594,Henmt1,43,28,4,0,84,65,15,3,242,115,149,223,239,-41,-37,-11,-3
16829,Sapcd1,57,34,10,1,61,47,21,10,242,124,161,211,231,-4,-13,-11,-9
7563,Gm4841,56,26,4,1,65,48,15,8,242,121,168,223,233,-9,-22,-11,-7
8385,H2ac1,28,23,16,6,42,34,27,20,242,172,185,199,216,-14,-11,-11,-14
16843,Sass6,38,16,2,0,79,40,13,4,242,125,186,227,238,-41,-24,-11,-4
8869,Hspa2,40,23,3,0,70,48,14,1,242,132,171,225,241,-30,-25,-11,-1
16120,Reep2,54,25,0,0,63,39,11,3,242,125,178,231,239,-9,-14,-11,-3
16122,Reep4,30,16,3,0,61,41,14,3,242,151,185,225,239,-31,-25,-11,-3
2248,Bub1b,38,18,2,0,77,47,13,5,242,127,177,227,237,-39,-29,-11,-5
3123,Cep72,41,23,9,4,93,66,20,12,242,108,153,213,226,-52,-43,-11,-8
4565,Dgat2,43,17,2,2,75,38,13,7,242,124,187,227,233,-32,-21,-11,-5
17451,Slc12a5,37,18,4,1,85,51,15,8,242,120,173,223,233,-48,-33,-11,-7
9959,Kif4,39,22,2,0,66,36,13,3,242,137,184,227,239,-27,-14,-11,-3
21904,Zfp637,37,17,2,2,50,33,14,6,242,155,192,226,234,-13,-16,-12,-4
294,4931428F04Rik,27,13,1,0,80,49,13,5,242,135,180,228,237,-53,-36,-12,-5
6664,Glt8d1,38,20,6,4,88,60,18,8,242,116,162,218,230,-50,-40,-12,-4
3926,Csf1r,54,34,9,2,76,53,21,6,242,112,155,212,234,-22,-19,-12,-4
5027,E2f8,32,14,3,0,76,46,15,8,242,134,182,224,234,-44,-32,-12,-8
11189,Melk,39,14,0,0,83,57,12,2,242,120,171,230,240,-44,-43,-12,-2
19457,Tmem151a,40,20,1,0,71,47,13,8,242,131,175,228,234,-31,-27,-12,-8
5653,Fam118a,52,29,3,0,69,43,15,10,242,121,170,224,232,-17,-14,-12,-10
3238,Chchd6,32,17,4,2,55,31,16,8,242,155,194,222,232,-23,-14,-12,-6
2472,Carmil1,41,25,2,2,72,57,14,4,242,129,160,226,236,-31,-32,-12,-2
7878,Gm9602,16,11,2,0,30,21,14,8,242,196,210,226,234,-14,-10,-12,-8
10023,Klhl18,23,9,2,2,75,45,14,4,242,144,188,226,236,-52,-36,-12,-2
5537,Eva1a,29,19,3,3,82,55,15,3,242,131,168,224,236,-53,-36,-12,0
620,Acp4,36,22,3,0,48,33,15,6,242,158,187,224,236,-12,-11,-12,-6
12540,Nrg4,28,18,1,0,80,53,13,5,242,134,171,228,237,-52,-35,-12,-5
4054,Cttnbp2nl,48,24,2,2,61,39,14,6,242,133,179,226,234,-13,-15,-12,-4
19130,Tex21,32,19,0,0,40,27,12,7,242,170,196,230,235,-8,-8,-12,-7
17500,Slc1a3,39,21,1,0,60,44,13,3,242,143,177,228,239,-21,-23,-12,-3
3165,Cetn3,27,16,3,2,61,40,15,4,242,154,186,224,236,-34,-24,-12,-2
19991,Trav4-3,27,24,23,7,41,38,35,21,242,174,180,184,214,-14,-14,-12,-14
19994,Trav4d-4,18,14,13,10,28,27,25,22,242,196,201,204,210,-10,-13,-12,-12
18821,Tafa4,22,11,2,2,37,29,14,7,242,183,202,226,233,-15,-18,-12,-5
18429,Ssxb1,3,3,1,0,16,14,13,10,242,223,225,228,232,-13,-11,-12,-10
5519,Etfbkmt,32,21,3,2,85,48,15,4,242,125,173,224,236,-53,-27,-12,-2
21906,Zfp639,34,17,3,2,65,33,15,5,242,143,192,224,235,-31,-16,-12,-3
15667,Ptpdc1,37,21,2,2,69,46,14,4,242,136,175,226,236,-32,-25,-12,-2
20284,Tsga10ip,50,35,10,4,70,54,22,10,242,122,153,210,228,-20,-19,-12,-6
2646,Ccdc38,34,12,1,0,55,33,13,6,242,153,197,228,236,-21,-21,-12,-6
3095,Cep112,54,30,3,0,60,36,15,7,242,128,176,224,235,-6,-6,-12,-7
22024,Zfp932,34,24,7,2,62,39,19,8,242,146,179,216,232,-28,-15,-12,-6
18670,Svbp,26,15,4,3,60,33,16,11,242,156,194,222,228,-34,-18,-12,-8
2647,Ccdc39,45,21,0,0,66,47,12,5,242,131,174,230,237,-21,-26,-12,-5
5503,Esr2,40,22,0,0,83,54,12,1,242,119,166,230,241,-43,-32,-12,-1
10397,Lefty1,44,37,8,0,83,58,20,8,242,115,147,214,234,-39,-21,-12,-8
3315,Chrng,26,17,1,1,45,32,13,3,242,171,193,228,238,-19,-15,-12,-2
7835,Gm8271,26,22,3,0,48,42,15,3,242,168,178,224,239,-22,-20,-12,-3
2619,Ccdc180,33,11,0,0,56,40,12,4,242,153,191,230,238,-23,-29,-12,-4
11299,Mgst2,42,30,11,3,75,57,23,15,242,125,155,208,224,-33,-27,-12,-12
10004,Klf8,50,29,6,2,61,40,18,13,242,131,173,218,227,-11,-11,-12,-11
15676,Ptpn20,16,10,0,0,33,27,12,4,242,193,205,230,238,-17,-17,-12,-4
11269,Mfsd4b4,29,18,5,1,81,50,17,1,242,132,174,220,240,-52,-32,-12,0
21628,Zc3h6,31,14,1,1,91,53,13,1,242,120,175,228,240,-60,-39,-12,0
10015,Klhdc9,35,26,3,1,72,54,15,2,242,135,162,224,239,-37,-28,-12,-1
3089,Cenpt,36,22,4,1,62,37,16,6,242,144,183,222,235,-26,-15,-12,-5
6637,Glipr1l3,19,17,5,2,43,38,17,11,242,180,187,220,229,-24,-21,-12,-9
16403,Rnf141,32,18,6,3,75,49,18,12,242,135,175,218,227,-43,-31,-12,-9
20364,Ttc30b,34,20,6,2,80,58,18,2,242,128,164,218,238,-46,-38,-12,0
1814,Azin2,47,26,3,1,76,44,15,4,242,119,172,224,237,-29,-18,-12,-3
8359,H2-M10.2,33,24,1,1,44,39,13,4,242,165,179,228,237,-11,-15,-12,-3
18623,Sult2a7,6,6,1,0,28,25,13,4,242,208,211,228,238,-22,-19,-12,-4
19425,Tmem121,47,24,3,0,75,51,15,3,242,120,167,224,239,-28,-27,-12,-3
22079,Zfp985,48,26,7,0,66,49,19,6,242,128,167,216,236,-18,-23,-12,-6
21828,Zfp455,37,11,0,0,67,49,12,3,242,138,182,230,239,-30,-38,-12,-3
10626,Lrrc20,29,17,2,0,57,31,14,7,242,156,194,226,235,-28,-14,-12,-7
13741,Olfr740,50,31,0,0,57,35,12,9,242,135,176,230,233,-7,-4,-12,-9
8788,Hpdl,46,30,4,1,92,62,16,5,242,104,150,222,236,-46,-32,-12,-4
2736,Ccn5,60,39,2,0,55,32,14,2,242,127,171,226,240,5,7,-12,-2
21765,Zfp317,26,13,2,2,69,40,14,6,242,147,189,226,234,-43,-27,-12,-4
2299,C330018D20Rik,42,25,4,2,62,39,16,9,242,138,178,222,231,-20,-14,-12,-7
20802,Uts2,18,15,9,3,31,28,21,7,242,193,199,212,232,-13,-13,-12,-4
3472,Clgn,32,19,1,1,61,40,13,4,242,149,183,228,237,-29,-21,-12,-3
6978,Gm17078,0,0,0,0,14,14,12,8,242,228,228,230,234,-14,-14,-12,-8
3660,Col4a3,35,22,8,3,56,44,20,8,242,151,176,214,231,-21,-22,-12,-5
20644,Ugt3a1,49,38,18,15,73,54,30,23,242,120,150,194,204,-24,-16,-12,-8
21962,Zfp763,29,16,3,1,89,67,15,6,242,124,159,224,235,-60,-51,-12,-5
15355,Prl2c2,28,21,13,4,40,34,25,18,242,174,187,204,220,-12,-13,-12,-14
21782,Zfp354c,28,12,0,0,74,42,12,4,242,140,188,230,238,-46,-30,-12,-4
8268,Gtf2h2,32,14,2,2,39,27,14,7,242,171,201,226,233,-7,-13,-12,-5
10715,Lsm5,45,32,8,5,67,41,20,14,242,130,169,214,223,-22,-9,-12,-9
10682,Lrrcc1,31,16,5,2,79,48,17,7,242,132,178,220,233,-48,-32,-12,-5
18575,Stx17,31,17,4,3,52,31,16,9,242,159,194,222,230,-21,-14,-12,-6
10674,Lrrc75a,57,32,1,0,55,31,13,3,242,130,179,228,239,2,1,-12,-3
16669,Rsl1,57,38,9,3,78,58,21,10,242,107,146,212,229,-21,-20,-12,-7
15415,Prox2,45,23,2,0,66,41,14,9,242,131,178,226,233,-21,-18,-12,-9
21799,Zfp385c,50,35,4,1,62,47,16,3,242,130,160,222,238,-12,-12,-12,-2
19310,Tk1,50,23,3,2,70,43,15,6,242,122,176,224,234,-20,-20,-12,-4
16699,Rtl10,39,24,6,2,71,55,18,9,242,132,163,218,231,-32,-31,-12,-7
21800,Zfp386,18,7,2,2,99,61,14,5,242,125,174,226,235,-81,-54,-12,-3
6911,Gm14401,53,44,15,2,70,57,27,4,242,119,141,200,236,-17,-13,-12,-2
20159,Trim43c,23,9,2,0,76,44,14,5,242,143,189,226,237,-53,-35,-12,-5
9942,Kif20a,39,20,3,0,94,56,15,5,242,109,166,224,237,-55,-36,-12,-5
8338,H1f3,53,29,5,1,75,52,17,5,242,114,161,220,236,-22,-23,-12,-4
9943,Kif20b,31,21,3,2,89,73,15,4,242,122,148,224,236,-58,-52,-12,-2
13811,Olfr822,53,26,1,0,48,33,13,5,242,141,183,228,237,5,-7,-12,-5
17732,Slc4a3,47,28,7,1,68,45,19,10,242,127,169,216,231,-21,-17,-12,-9
10830,Macrod2,46,23,4,3,68,42,16,8,242,128,177,222,231,-22,-19,-12,-5
5402,Epm2a,41,25,2,1,73,51,14,3,242,128,166,226,238,-32,-26,-12,-2
19253,Thtpa,22,10,2,2,74,45,14,7,242,146,187,226,233,-52,-35,-12,-5
3840,Crct1,27,19,5,1,45,41,17,4,242,170,182,220,237,-18,-22,-12,-3
7970,Golga7b,47,21,2,1,52,37,14,8,242,143,184,226,233,-5,-16,-12,-7
1905,Bbof1,44,26,3,0,74,46,15,9,242,124,170,224,233,-30,-20,-12,-9
3816,Cpt1c,36,13,0,0,76,42,12,7,242,130,187,230,235,-40,-29,-12,-7
6254,Fstl1,35,14,2,2,69,43,14,6,242,138,185,226,234,-34,-29,-12,-4
130,1810024B03Rik,57,33,5,1,70,54,17,1,242,115,155,220,240,-13,-21,-12,0
135,1810055G02Rik,45,21,2,1,66,41,14,6,242,131,180,226,235,-21,-20,-12,-5
3361,Cirbp,25,15,3,2,97,51,15,1,242,120,176,224,239,-72,-36,-12,1
14337,Pclaf,50,27,2,0,73,45,14,6,242,119,170,226,236,-23,-18,-12,-6
14026,Ostc,46,21,2,2,44,25,14,10,242,152,196,226,230,2,-4,-12,-8
5418,Eps8l3,26,14,0,0,71,50,12,4,242,145,178,230,238,-45,-36,-12,-4
21719,Zfp169,47,29,5,1,79,56,17,2,242,116,157,220,239,-32,-27,-12,-1
3774,Cpa6,36,18,3,0,48,34,15,6,242,158,190,224,236,-12,-16,-12,-6
13973,Ophn1,38,17,1,0,62,42,13,6,242,142,183,228,236,-24,-25,-12,-6
17263,Sgpp2,43,21,3,2,71,42,15,4,242,128,179,224,236,-28,-21,-12,-2
20429,Tube1,28,15,1,0,71,45,13,9,242,143,182,228,233,-43,-30,-12,-9
14323,Pcdhgc4,40,25,11,7,74,49,23,13,242,128,168,208,222,-34,-24,-12,-6
9135,Ighv1-69,6,5,3,2,22,18,15,10,242,214,219,224,230,-16,-13,-12,-8
9900,Kdm4d,44,25,3,1,60,44,15,6,242,138,173,224,235,-16,-19,-12,-5
14591,Phf19,39,26,7,2,76,54,19,6,242,127,162,216,234,-37,-28,-12,-4
20428,Tubd1,26,12,4,1,73,52,16,8,242,143,178,222,233,-47,-40,-12,-7
153,2300009A05Rik,28,13,4,3,60,38,16,4,242,154,191,222,235,-32,-25,-12,-1
21865,Zfp558,42,25,1,0,73,51,13,5,242,127,166,228,237,-31,-26,-12,-5
19129,Tex2,26,17,2,2,65,44,14,5,242,151,181,226,235,-39,-27,-12,-3
19096,Terb1,49,15,0,0,75,45,12,2,242,118,182,230,240,-26,-30,-12,-2
22073,Zfp979,38,21,9,3,64,38,21,13,242,140,183,212,226,-26,-17,-12,-10
14255,Pcca,30,13,2,2,76,49,14,8,242,136,180,226,232,-46,-36,-12,-6
2337,Cacna1h,40,24,4,0,54,37,16,6,242,148,181,222,236,-14,-13,-12,-6
15503,Prss43,33,15,1,0,60,37,13,4,242,149,190,228,238,-27,-22,-12,-4
21680,Zfand1,35,24,3,2,59,30,15,8,242,148,188,224,232,-24,-6,-12,-6
1781,Aurka,43,22,3,1,68,38,15,7,242,131,182,224,234,-25,-16,-12,-6
16017,Rbm12,49,34,6,0,57,37,18,14,242,136,171,218,228,-8,-3,-12,-14
21371,Wdr77,34,17,3,3,60,37,15,7,242,148,188,224,232,-26,-20,-12,-4
11838,Mxd3,45,23,2,1,73,49,14,7,242,124,170,226,234,-28,-26,-12,-6
7569,Gm4884,11,4,0,0,22,16,12,9,242,209,222,230,233,-11,-12,-12,-9
7573,Gm4924,45,17,3,2,55,34,15,5,242,142,191,224,235,-10,-17,-12,-3
19888,Traj33,2,2,1,0,17,15,13,12,242,223,225,228,230,-15,-13,-12,-12
1569,Asb5,40,26,2,0,82,63,14,3,242,120,153,226,239,-42,-37,-12,-3
4363,Dcp1b,26,10,3,1,82,46,15,3,242,134,186,224,238,-56,-36,-12,-2
15783,R3hcc1,24,14,2,2,66,33,14,6,242,152,195,226,234,-42,-19,-12,-4
4197,Cyp2r1,47,33,7,2,59,44,19,5,242,136,165,216,235,-12,-11,-12,-3
12031,Nat8f3,63,46,11,4,67,53,23,11,242,112,143,208,227,-4,-7,-12,-7
3070,Cemip,37,14,0,0,39,22,12,5,242,166,206,230,237,-2,-8,-12,-5
30,1700001F09Rik,7,7,3,2,21,20,15,8,242,214,215,224,232,-14,-13,-12,-6
11693,Mst1,42,30,7,1,64,47,19,6,242,136,165,216,235,-22,-17,-12,-5
18106,Sox18,56,38,4,1,66,48,16,6,242,120,156,222,235,-10,-10,-12,-5
1037,Alg3,20,10,3,2,74,45,15,8,242,148,187,224,232,-54,-35,-12,-6
18190,Spc25,43,23,3,3,77,41,15,4,242,122,178,224,235,-34,-18,-12,-1
1603,Aspm,31,16,1,0,71,47,13,1,242,140,179,228,241,-40,-31,-12,-1
11705,mt-Cytb,44,26,6,5,52,41,18,11,242,146,175,218,226,-8,-15,-12,-6
12130,Ndufaf5,24,11,3,2,52,28,15,10,242,166,203,224,230,-28,-17,-12,-8
11712,mt-Nd6,40,23,6,3,81,45,18,13,242,121,174,218,226,-41,-22,-12,-10
11953,Mzt2,27,11,2,2,68,36,14,6,242,147,195,226,234,-41,-25,-12,-4
21561,Yy2,60,39,17,16,60,46,29,24,242,122,157,196,202,0,-7,-12,-8
14748,Pkd2l2,40,21,0,0,50,31,12,5,242,152,190,230,237,-10,-10,-12,-5
4538,Dennd4b,38,14,0,0,70,47,12,2,242,134,181,230,240,-32,-33,-12,-2
7649,Gm5108,48,34,14,5,64,48,26,11,242,130,160,202,226,-16,-14,-12,-6
4554,Derl3,49,31,3,1,56,43,15,7,242,137,168,224,234,-7,-12,-12,-6
11599,Mrpl50,39,20,2,2,54,34,14,7,242,149,188,226,233,-15,-14,-12,-5
7551,Gm4779,62,36,4,3,46,30,16,9,242,134,176,222,230,16,6,-12,-6
7726,Gm6133,61,44,9,2,67,52,21,10,242,114,146,212,230,-6,-8,-12,-8
7397,Gm3500,11,10,5,4,26,25,17,11,242,205,207,220,227,-15,-15,-12,-7
16223,Rgs4,52,36,3,0,58,40,15,5,242,132,166,224,237,-6,-4,-12,-5
19856,Traf3ip1,33,17,2,2,63,45,14,6,242,146,180,226,234,-30,-28,-12,-4
15990,Rassf7,25,10,3,3,76,51,15,9,242,141,181,224,230,-51,-41,-12,-6
7717,Gm5941,17,14,7,0,30,29,19,5,242,195,199,216,237,-13,-15,-12,-5
7394,Gm3476,4,4,1,0,21,19,13,9,242,217,219,228,233,-17,-15,-12,-9
2591,Ccdc144b,35,15,0,0,71,35,12,4,242,136,192,230,238,-36,-20,-12,-4
14935,Pms1,34,18,2,0,62,37,14,8,242,146,187,226,234,-28,-19,-12,-8
19845,Tpte,18,5,0,0,36,20,12,7,242,188,217,230,235,-18,-15,-12,-7
7743,Gm6460,3,3,1,1,19,19,13,10,242,220,220,228,231,-16,-16,-12,-9
1445,Arhgef39,49,29,4,3,81,55,16,3,242,112,158,222,236,-32,-26,-12,0
16193,Rfx5,24,13,1,1,85,55,13,7,242,133,174,228,234,-61,-42,-12,-6
260,4930519G04Rik,37,19,1,1,56,41,13,6,242,149,182,228,235,-19,-22,-12,-5
898,Agtpbp1,32,16,4,2,71,39,16,11,242,139,187,222,229,-39,-23,-12,-9
7750,Gm6583,34,20,1,0,47,30,13,6,242,161,192,228,236,-13,-10,-12,-6
1214,Ano1,48,27,5,2,68,47,17,12,242,126,168,220,228,-20,-20,-12,-10
4630,Dipk1a,32,13,5,2,84,58,17,6,242,126,171,220,234,-52,-45,-12,-4
3079,Cenpi,49,23,4,1,76,52,16,6,242,117,167,222,235,-27,-29,-12,-5
12126,Ndufaf1,33,15,2,2,48,26,14,7,242,161,201,226,233,-15,-11,-12,-5
4745,Dnajb5,30,19,2,0,80,50,14,4,242,132,173,226,238,-50,-31,-12,-4
2574,Ccdc12,21,12,3,3,64,34,15,9,242,157,196,224,230,-43,-22,-12,-6
11371,Mlf1,46,35,5,3,70,51,17,13,242,126,156,220,226,-24,-16,-12,-10
4073,Cutc,26,10,4,2,73,50,16,9,242,143,182,222,231,-47,-40,-12,-7
6082,Fkbp8,24,10,2,2,35,23,14,8,242,183,209,226,232,-11,-13,-12,-6
18120,Sp140,55,33,5,0,71,50,17,4,242,116,159,220,238,-16,-17,-12,-4
9511,Ints10,29,14,2,2,61,41,14,5,242,152,187,226,235,-32,-27,-12,-3
12058,Ncapg,45,31,1,0,75,48,13,6,242,122,163,228,236,-30,-17,-12,-6
18178,Spata48,48,32,5,1,59,49,17,5,242,135,161,220,236,-11,-17,-12,-4
8880,Hspb7,48,24,0,0,65,46,12,2,242,129,172,230,240,-17,-22,-12,-2
18177,Spata46,20,15,5,1,49,40,17,11,242,173,187,220,230,-29,-25,-12,-10
22180,Zscan2,50,23,4,1,75,47,16,3,242,117,172,222,238,-25,-24,-12,-2
16334,Ripk3,46,21,1,1,65,42,13,7,242,131,179,228,234,-19,-21,-12,-6
18277,Spout1,32,13,2,2,47,33,14,3,242,163,196,226,237,-15,-20,-12,-1
12113,Ndufa11,25,15,3,2,50,35,15,8,242,167,192,224,232,-25,-20,-12,-6
19540,Tmem237,34,17,3,3,74,50,15,7,242,134,175,224,232,-40,-33,-12,-4
18175,Spata4,19,18,4,0,37,34,16,6,242,186,190,222,236,-18,-16,-12,-6
16045,Rbm46,30,12,1,0,61,32,13,8,242,151,198,228,234,-31,-20,-12,-8
1075,Alyref2,35,20,2,0,70,46,14,8,242,137,176,226,234,-35,-26,-12,-8
14802,Platr25,53,30,4,0,79,52,16,5,242,110,160,222,237,-26,-22,-12,-5
9542,Iqca,15,4,0,0,28,19,12,7,242,199,219,230,235,-13,-15,-12,-7
6476,Gchfr,46,28,8,4,74,49,20,6,242,122,165,214,232,-28,-21,-12,-2
3077,Cenpf,56,33,4,1,67,43,16,8,242,119,166,222,233,-11,-10,-12,-7
7644,Gm50461,8,5,4,3,19,18,16,10,242,215,219,222,229,-11,-13,-12,-7
11331,Miip,19,9,3,2,71,40,15,9,242,152,193,224,231,-52,-31,-12,-7
16053,Rbm8a2,57,39,7,1,77,47,19,9,242,108,156,216,232,-20,-8,-12,-8
5732,Fam205a4,5,5,5,5,22,20,18,16,242,215,217,219,221,-17,-15,-13,-11
8442,H3c10,46,39,21,17,58,48,34,27,242,138,155,187,198,-12,-9,-13,-10
22075,Zfp981,30,19,3,1,87,65,16,8,242,125,158,223,233,-57,-46,-13,-7
20101,Trgc4,25,24,5,1,50,41,18,5,242,167,177,219,236,-25,-17,-13,-4
2109,Bora,25,14,0,0,83,51,13,3,242,134,177,229,239,-58,-37,-13,-3
8204,Grtp1,34,23,3,2,69,43,16,7,242,139,176,223,233,-35,-20,-13,-5
18596,Styxl1,58,34,8,1,83,64,21,10,242,101,144,213,231,-25,-30,-13,-9
19787,Top2a,44,22,3,0,81,48,16,8,242,117,172,223,234,-37,-26,-13,-8
14927,Pmis2,17,14,4,0,37,34,17,5,242,188,194,221,237,-20,-20,-13,-5
15984,Rassf10,37,19,0,0,46,27,13,6,242,159,196,229,236,-9,-8,-13,-6
3440,Clec11a,38,17,0,0,68,44,13,6,242,136,181,229,236,-30,-27,-13,-6
3119,Cep57l1,44,23,2,0,68,41,15,6,242,130,178,225,236,-24,-18,-13,-6
6955,Gm15517,33,29,18,17,39,35,31,25,242,170,178,193,200,-6,-6,-13,-8
8189,Grm1,18,10,0,0,62,40,13,5,242,162,192,229,237,-44,-30,-13,-5
6947,Gm15217,24,20,7,4,37,34,20,10,242,181,188,215,228,-13,-14,-13,-6
21472,Xkr5,32,13,1,0,58,41,14,6,242,152,188,227,236,-26,-28,-13,-6
2045,Bik,46,31,13,6,82,60,26,7,242,114,151,203,229,-36,-29,-13,-1
974,Aknad1,41,20,1,0,47,33,14,5,242,154,189,227,237,-6,-13,-13,-5
398,A430033K04Rik,31,13,2,1,75,50,15,6,242,136,179,225,235,-44,-37,-13,-5
8176,Grin2d,37,15,0,0,61,36,13,3,242,144,191,229,239,-24,-21,-13,-3
6771,Gm10999,6,5,4,4,19,18,17,17,242,217,219,221,221,-13,-13,-13,-13
14250,Pcbd2,42,16,3,2,52,32,16,9,242,148,194,223,231,-10,-16,-13,-7
21757,Zfp286,26,7,0,0,71,43,13,8,242,145,192,229,234,-45,-36,-13,-8
18507,Stil,43,15,0,0,71,47,13,5,242,128,180,229,237,-28,-32,-13,-5
7721,Gm6020,17,17,13,13,37,35,26,25,242,188,190,203,204,-20,-18,-13,-12
3397,Clcn1,25,14,1,0,65,49,14,2,242,152,179,227,240,-40,-35,-13,-2
21756,Zfp282,37,19,2,0,58,41,15,3,242,147,182,225,239,-21,-22,-13,-3
3198,Cfap97,37,15,3,2,69,38,16,4,242,136,189,223,236,-32,-23,-13,-2
9932,Kif15,43,26,2,0,80,55,15,4,242,119,161,225,238,-37,-29,-13,-4
4694,Dmrta2,22,13,0,0,82,49,13,2,242,138,180,229,240,-60,-36,-13,-2
15885,Rad51ap1,45,25,4,1,78,59,17,4,242,119,158,221,237,-33,-34,-13,-3
6303,Fyb,62,34,4,2,73,50,17,5,242,107,158,221,235,-11,-16,-13,-3
14769,Pla2g10,38,29,4,0,55,41,17,11,242,149,172,221,231,-17,-12,-13,-11
22181,Zscan20,50,37,6,1,80,53,19,16,242,112,152,217,225,-30,-16,-13,-15
1466,Arl11,37,20,4,1,86,48,17,4,242,119,174,221,237,-49,-28,-13,-3
15413,Proser3,51,32,3,0,72,56,16,10,242,119,154,223,232,-21,-24,-13,-10
7659,Gm5152,16,14,10,4,29,27,23,18,242,197,201,209,220,-13,-13,-13,-14
17620,Slc2a5,18,10,2,2,76,48,15,8,242,148,184,225,232,-58,-38,-13,-6
21311,Wbp11,39,20,3,2,53,38,16,4,242,150,184,223,236,-14,-18,-13,-2
21810,Zfp414,29,14,4,3,74,40,17,7,242,139,188,221,232,-45,-26,-13,-4
19273,Tigd5,42,19,0,0,58,37,13,4,242,142,186,229,238,-16,-18,-13,-4
8340,H1f5,49,37,9,6,76,58,22,10,242,117,147,211,226,-27,-21,-13,-4
11709,mt-Nd4,42,29,6,5,55,43,19,10,242,145,170,217,227,-13,-14,-13,-5
22061,Zfp968-ps,53,38,20,13,85,62,33,27,242,104,142,189,202,-32,-24,-13,-14
55,1700014B07Rik,34,26,16,1,61,55,29,8,242,147,161,197,233,-27,-29,-13,-7
3508,Clspn,47,25,3,1,66,49,16,8,242,129,168,223,233,-19,-24,-13,-7
5307,Emilin1,50,29,2,2,73,45,15,5,242,119,168,225,235,-23,-16,-13,-3
2693,Ccdc91,46,30,10,7,53,35,23,17,242,143,177,209,218,-7,-5,-13,-10
3122,Cep70,33,17,3,1,58,38,16,11,242,151,187,223,230,-25,-21,-13,-10
1256,Ap1g2,30,15,2,2,53,31,15,4,242,159,196,225,236,-23,-16,-13,-2
11730,Mterf1b,45,27,4,1,76,55,17,6,242,121,160,221,235,-31,-28,-13,-5
19252,Thsd7b,40,27,8,1,59,43,21,12,242,143,172,213,229,-19,-16,-13,-11
6049,Fhl4,30,17,2,0,92,52,15,7,242,120,173,225,235,-62,-35,-13,-7
6871,Gm13285,58,34,5,1,57,46,18,6,242,127,162,219,235,1,-12,-13,-5
2721,Ccl27a,45,24,10,4,62,49,23,9,242,135,169,209,229,-17,-25,-13,-5
185,2610042L04Rik,28,21,3,2,54,48,16,9,242,160,173,223,231,-26,-27,-13,-7
11916,Myo1h,45,17,1,0,63,34,14,2,242,134,191,227,240,-18,-17,-13,-2
12183,Nek10,24,9,0,0,52,35,13,3,242,166,198,229,239,-28,-26,-13,-3
20248,Trpm1,41,25,4,0,78,57,17,5,242,123,160,221,237,-37,-32,-13,-5
7568,Gm4871,7,5,0,0,26,26,13,8,242,209,211,229,234,-19,-21,-13,-8
6879,Gm13306,33,26,17,5,65,54,30,13,242,144,162,195,224,-32,-28,-13,-8
10707,Lsm10,40,24,3,2,60,43,16,2,242,142,175,223,238,-20,-19,-13,0
13458,Olfr432,36,17,0,0,72,49,13,5,242,134,176,229,237,-36,-32,-13,-5
19830,Tppp,42,24,0,0,61,45,13,2,242,139,173,229,240,-19,-21,-13,-2
10615,Lrr1,67,46,6,3,58,48,19,12,242,117,148,217,227,9,-2,-13,-9
192,2700049A03Rik,34,15,1,0,69,48,14,3,242,139,179,227,239,-35,-33,-13,-3
11731,Mterf2,35,21,5,2,90,60,18,6,242,117,161,219,234,-55,-39,-13,-4
20363,Ttc30a2,58,49,12,4,82,58,25,8,242,102,135,205,230,-24,-9,-13,-4
1406,Arhgap29,49,29,3,2,65,44,16,13,242,128,169,223,227,-16,-15,-13,-11
16706,Rtl8c,39,29,10,5,51,38,23,11,242,152,175,209,226,-12,-9,-13,-6
5690,Fam166a,39,31,2,0,74,58,15,4,242,129,153,225,238,-35,-27,-13,-4
1278,Ap5b1,21,10,2,0,96,66,15,5,242,125,166,225,237,-75,-56,-13,-5
2608,Ccdc169,57,34,4,2,87,58,17,8,242,98,150,221,232,-30,-24,-13,-6
7797,Gm7951,10,10,4,0,26,25,17,9,242,206,207,221,233,-16,-15,-13,-9
1648,Atg4c,33,14,2,2,76,43,15,7,242,133,185,225,233,-43,-29,-13,-5
17326,Shisa3,42,21,2,2,52,32,15,8,242,148,189,225,232,-10,-11,-13,-6
19565,Tmem262,47,41,29,13,61,56,42,20,242,134,145,171,209,-14,-15,-13,-7
11217,Mettl18,31,14,3,1,75,47,16,7,242,136,181,223,234,-44,-33,-13,-6
21656,Zdhhc13,31,15,5,4,59,40,18,13,242,152,187,219,225,-28,-25,-13,-9
7170,Gm21680,24,11,1,0,38,29,14,8,242,180,202,227,234,-14,-18,-13,-8
15078,Pou6f1,28,16,2,2,80,49,15,6,242,134,177,225,234,-52,-33,-13,-4
12679,Nupl2,22,13,3,0,81,48,16,7,242,139,181,223,235,-59,-35,-13,-7
1810,Aym1,22,20,10,5,45,39,23,9,242,175,183,209,228,-23,-19,-13,-4
14656,Pigbos1,36,21,6,3,59,37,19,10,242,147,184,217,229,-23,-16,-13,-7
11859,Mycn,42,27,1,0,56,35,14,3,242,144,180,227,239,-14,-8,-13,-3
5018,E130311K13Rik,38,19,2,1,68,46,15,7,242,136,177,225,234,-30,-27,-13,-6
9816,Kcnj13,39,32,11,7,76,55,24,11,242,127,155,207,224,-37,-23,-13,-4
10114,Kmt5c,47,19,5,3,64,43,18,11,242,131,180,219,228,-17,-24,-13,-8
2785,Ccser2,26,18,4,3,70,41,17,10,242,146,183,221,229,-44,-23,-13,-7
20518,Ubd,45,33,9,4,61,52,22,8,242,136,157,211,230,-16,-19,-13,-4
15989,Rassf6,58,36,13,8,66,54,26,12,242,118,152,203,222,-8,-18,-13,-4
20283,Tsga10,34,24,5,1,64,49,18,10,242,144,169,219,231,-30,-25,-13,-9
641,Acsm4,29,11,1,0,47,26,14,4,242,166,205,227,238,-18,-15,-13,-4
5031,E430018J23Rik,31,18,2,1,91,58,15,4,242,120,166,225,237,-60,-40,-13,-3
7496,Gm4450,24,16,6,3,48,44,19,9,242,170,182,217,230,-24,-28,-13,-6
7335,Gm3029,6,4,2,1,20,19,15,7,242,216,219,225,234,-14,-15,-13,-6
19983,Trav2,3,1,1,1,16,14,14,7,242,223,227,227,234,-13,-13,-13,-6
17223,Sfmbt2,25,12,1,0,66,47,14,7,242,151,183,227,235,-41,-35,-13,-7
10025,Klhl20,36,17,2,2,61,39,15,5,242,145,186,225,235,-25,-22,-13,-3
7311,Gm29394,62,51,22,18,95,73,35,19,242,85,118,185,205,-33,-22,-13,-1
12532,Nrcam,44,25,5,1,58,43,18,8,242,140,174,219,233,-14,-18,-13,-7
271,4930558K02Rik,14,13,2,0,26,25,15,8,242,202,204,225,234,-12,-12,-13,-8
21980,Zfp799,47,19,3,1,87,54,16,4,242,108,169,223,237,-40,-35,-13,-3
18311,Spryd4,37,17,4,3,75,49,17,6,242,130,176,221,233,-38,-32,-13,-3
7822,Gm8206,37,28,5,2,56,44,18,9,242,149,170,219,231,-19,-16,-13,-7
18117,Sp1,30,19,3,2,63,43,16,6,242,149,180,223,234,-33,-24,-13,-4
7266,Gm28044,59,52,36,19,73,68,49,24,242,110,122,157,199,-14,-16,-13,-5
274,4930563M21Rik,17,12,4,1,56,49,17,5,242,169,181,221,236,-39,-37,-13,-4
7334,Gm3020,47,32,5,4,59,48,18,4,242,136,162,219,234,-12,-16,-13,0
703,Adam22,40,20,5,0,67,47,18,4,242,135,175,219,238,-27,-27,-13,-4
10334,Lca5l,26,12,1,0,79,53,14,6,242,137,177,227,236,-53,-41,-13,-6
12582,Nsun7,35,10,0,0,71,47,13,4,242,136,185,229,238,-36,-37,-13,-4
6401,Galntl6,44,27,5,3,49,34,18,8,242,149,181,219,231,-5,-7,-13,-5
15728,Pus7l,31,19,3,1,82,55,16,8,242,129,168,223,233,-51,-36,-13,-7
298,4932414N04Rik,55,39,5,1,61,46,18,7,242,126,157,219,234,-6,-7,-13,-6
4879,Dram1,42,22,4,1,82,48,17,6,242,118,172,221,235,-40,-26,-13,-5
19112,Tet1,47,25,7,2,81,57,20,11,242,114,160,215,229,-34,-32,-13,-9
15090,Ppbp,49,34,7,1,80,60,20,8,242,113,148,215,233,-31,-26,-13,-7
12402,Nod2,50,23,0,0,66,35,13,2,242,126,184,229,240,-16,-12,-13,-2
4147,Cyp24a1,24,13,1,1,44,37,14,8,242,174,192,227,233,-20,-24,-13,-7
2949,Cdh18,33,15,2,0,65,37,15,3,242,144,190,225,239,-32,-22,-13,-3
1947,BC147527,51,42,10,1,77,55,23,14,242,114,145,209,227,-26,-13,-13,-13
21505,Xrcc4,27,15,4,2,85,60,17,8,242,130,167,221,232,-58,-45,-13,-6
7360,Gm3248,25,18,6,4,51,44,19,4,242,166,180,217,234,-26,-26,-13,0
22202,Zswim7,33,16,5,3,67,39,18,7,242,142,187,219,232,-34,-23,-13,-4
7756,Gm6710,45,31,8,5,66,46,21,8,242,131,165,213,229,-21,-15,-13,-3
21708,Zfp128,33,16,2,0,71,54,15,2,242,138,172,225,240,-38,-38,-13,-2
2565,Ccdc105,25,9,2,1,60,44,15,9,242,157,189,225,232,-35,-35,-13,-8
14806,Plbd1,32,18,2,2,70,43,15,3,242,140,181,225,237,-38,-25,-13,-1
8828,Hscb,29,10,2,2,54,29,15,9,242,159,203,225,231,-25,-19,-13,-7
4546,Depdc1b,46,20,4,3,84,54,17,4,242,112,168,221,235,-38,-34,-13,-1
16468,Rnls,32,17,3,0,88,64,16,2,242,122,161,223,240,-56,-47,-13,-2
326,5031410I06Rik,19,17,6,2,33,27,19,9,242,190,198,217,231,-14,-10,-13,-7
5757,Fam228b,66,44,12,3,78,56,25,11,242,98,142,205,228,-12,-12,-13,-8
1174,Ankrd27,37,24,2,2,55,36,15,13,242,150,182,225,227,-18,-12,-13,-11
12319,Nkg7,48,46,7,1,55,49,20,9,242,139,147,215,232,-7,-3,-13,-8
4266,D16Ertd472e,40,17,3,0,59,42,16,8,242,143,183,223,234,-19,-25,-13,-8
10954,Map4k1,44,25,1,0,67,39,14,1,242,131,178,227,241,-23,-14,-13,-1
4766,Dnajc27,23,11,1,0,93,59,14,2,242,126,172,227,240,-70,-48,-13,-2
5117,Efcab7,34,18,4,1,90,57,17,8,242,118,167,221,233,-56,-39,-13,-7
12372,Nme4,34,19,4,2,70,44,17,10,242,138,179,221,230,-36,-25,-13,-8
17103,Septin4,44,27,3,2,67,41,16,6,242,131,174,223,234,-23,-14,-13,-4
8649,Hilpda,33,18,4,2,78,53,17,6,242,131,171,221,234,-45,-35,-13,-4
19995,Trav5-1,7,5,4,4,20,19,17,14,242,215,218,221,224,-13,-14,-13,-10
12237,Nfatc4,45,29,5,1,76,52,18,11,242,121,161,219,230,-31,-23,-13,-10
1842,B430306N03Rik,32,14,0,0,46,33,13,6,242,164,195,229,236,-14,-19,-13,-6
4199,Cyp2t4,39,19,1,0,61,47,14,6,242,142,176,227,236,-22,-28,-13,-6
6693,Gm10184,39,21,6,4,78,57,19,9,242,125,164,217,229,-39,-36,-13,-5
1846,B4galnt4,29,14,1,0,65,42,14,6,242,148,186,227,236,-36,-28,-13,-6
19986,Trav3-1,10,6,5,2,23,23,18,9,242,209,213,219,231,-13,-17,-13,-7
12267,Ngfr,37,13,2,1,54,33,15,13,242,151,196,225,228,-17,-20,-13,-12
7045,Gm20422,54,47,32,18,81,73,45,22,242,107,122,165,202,-27,-26,-13,-4
1562,Asb15,23,13,1,0,63,39,14,8,242,156,190,227,234,-40,-26,-13,-8
16245,Rhebl1,30,19,4,1,82,54,17,9,242,130,169,221,232,-52,-35,-13,-8
16451,Rnf32,54,32,12,4,72,57,25,13,242,116,153,205,225,-18,-25,-13,-9
7932,Gnb1l,37,19,4,1,73,41,17,7,242,132,182,221,234,-36,-22,-13,-6
17810,Slc9b1,43,34,6,2,60,48,19,6,242,139,160,217,234,-17,-14,-13,-4
1561,Asb14,24,16,1,0,64,43,14,5,242,154,183,227,237,-40,-27,-13,-5
9634,Itgae,35,15,2,0,64,40,15,6,242,143,187,225,236,-29,-25,-13,-6
2397,Camk1g,26,13,1,0,65,42,15,9,242,151,187,226,233,-39,-29,-14,-9
2452,Car15,55,40,8,4,66,49,22,13,242,121,153,212,225,-11,-9,-14,-9
10417,Lfng,48,34,4,0,88,56,18,5,242,106,152,220,237,-40,-22,-14,-5
2675,Ccdc7b,32,20,2,0,68,45,16,8,242,142,177,224,234,-36,-25,-14,-8
257,4930512M02Rik,54,35,9,4,79,55,23,18,242,109,152,210,220,-25,-20,-14,-14
10416,Lexm,40,18,5,0,63,44,19,7,242,139,180,218,235,-23,-26,-14,-7
4510,Defb41,4,3,3,1,27,23,17,9,242,211,216,222,232,-23,-20,-14,-8
20389,Ttk,41,27,4,0,81,58,18,8,242,120,157,220,234,-40,-31,-14,-8
14200,Pars2,35,16,3,1,83,58,17,6,242,124,168,222,235,-48,-42,-14,-5
18123,Sp4,42,21,4,0,76,49,18,10,242,124,172,220,232,-34,-28,-14,-10
14513,Pf4,47,35,10,3,56,41,24,10,242,139,166,208,229,-9,-6,-14,-7
3366,Cit,39,13,0,0,79,52,14,5,242,124,177,228,237,-40,-39,-14,-5
22057,Zfp965,65,49,12,6,72,59,26,14,242,105,134,204,222,-7,-10,-14,-8
15056,Popdc3,37,27,3,2,59,45,17,7,242,146,170,222,233,-22,-18,-14,-5
19716,Tnfrsf9,50,35,6,0,69,50,20,9,242,123,157,216,233,-19,-15,-14,-9
18082,Sorbs2,45,30,5,2,72,47,19,6,242,125,165,218,234,-27,-17,-14,-4
6773,Gm11009,11,10,9,8,25,25,23,13,242,206,207,210,221,-14,-15,-14,-5
7472,Gm42715,45,28,4,2,85,62,18,6,242,112,152,220,234,-40,-34,-14,-4
20294,Tslp,57,40,10,0,70,55,24,9,242,115,147,208,233,-13,-15,-14,-9
3291,Chrac1,17,11,3,2,72,45,17,5,242,153,186,222,235,-55,-34,-14,-3
20293,Tsku,36,14,3,2,84,53,17,3,242,122,175,222,237,-48,-39,-14,-1
14199,Parpbp,31,17,4,0,93,63,18,4,242,118,162,220,238,-62,-46,-14,-4
20700,Uqcc1,32,22,5,2,69,40,19,11,242,141,180,218,229,-37,-18,-14,-9
20755,Usp29,43,21,0,0,63,39,14,8,242,136,182,228,234,-20,-18,-14,-8
20304,Tspan15,45,26,5,2,65,28,19,10,242,132,188,218,230,-20,-2,-14,-8
7550,Gm4767,64,51,19,10,65,55,33,20,242,113,136,190,212,-1,-4,-14,-10
7302,Gm2897,33,27,9,5,53,44,23,10,242,156,171,210,227,-20,-17,-14,-5
7418,Gm36368,32,28,19,8,38,37,33,18,242,172,177,190,216,-6,-9,-14,-10
19587,Tmem39b,37,18,2,2,57,38,16,5,242,148,186,224,235,-20,-20,-14,-3
7344,Gm3099,15,15,2,1,37,35,16,13,242,190,192,224,228,-22,-20,-14,-12
7807,Gm8050,43,33,9,2,71,59,23,15,242,128,150,210,225,-28,-26,-14,-13
7795,Gm7929,6,6,2,0,20,20,16,11,242,216,216,224,231,-14,-14,-14,-11
11464,Morn4,29,17,1,1,73,37,15,11,242,140,188,226,230,-44,-20,-14,-10
1825,B3galt4,44,26,4,2,81,53,18,7,242,117,163,220,233,-37,-27,-14,-5
7880,Gm9611,2,2,0,0,19,17,14,9,242,221,223,228,233,-17,-15,-14,-9
1834,B3gnt4,35,21,7,2,89,67,21,11,242,118,154,214,229,-54,-46,-14,-9
7891,Gm9803,46,31,16,14,77,58,30,21,242,119,153,196,207,-31,-27,-14,-7
11147,Med16,32,16,2,2,62,41,16,7,242,148,185,224,233,-30,-25,-14,-5
19484,Tmem179,40,24,2,0,79,51,16,9,242,123,167,224,233,-39,-27,-14,-9
7934,Gnb3,33,18,3,0,62,40,17,10,242,147,184,222,232,-29,-22,-14,-10
88,1700029J07Rik,43,26,3,0,62,47,17,4,242,137,169,222,238,-19,-21,-14,-4
6135,Fndc11,40,27,4,1,74,58,18,9,242,128,157,220,232,-34,-31,-14,-8
18720,Syngr4,54,38,9,2,68,56,23,7,242,120,148,210,233,-14,-18,-14,-5
7762,Gm6902,35,25,2,0,43,36,16,6,242,164,181,224,236,-8,-11,-14,-6
12363,Nlrp9b,34,25,14,6,63,50,28,18,242,145,167,200,218,-29,-25,-14,-12
7362,Gm3252,20,18,2,1,46,36,16,6,242,176,188,224,235,-26,-18,-14,-5
18473,Stambpl1,45,26,0,0,53,37,14,10,242,144,179,228,232,-8,-11,-14,-10
5786,Fam71e1,50,37,11,4,90,65,25,10,242,102,140,206,228,-40,-28,-14,-6
22128,Zkscan4,34,24,4,0,79,57,18,6,242,129,161,220,236,-45,-33,-14,-6
21861,Zfp54,44,19,2,0,88,63,16,4,242,110,160,224,238,-44,-44,-14,-4
1665,Atp10a,53,26,0,0,52,34,14,9,242,137,182,228,233,1,-8,-14,-9
21984,Zfp808,59,40,5,2,70,51,19,2,242,113,151,218,238,-11,-11,-14,0
14962,Pnpla6,41,26,4,2,65,45,18,12,242,136,171,220,228,-24,-19,-14,-10
17348,Shroom1,26,12,0,0,72,47,14,3,242,144,183,228,239,-46,-35,-14,-3
7323,Gm2974,45,35,13,5,64,54,27,12,242,133,153,202,225,-19,-19,-14,-7
7328,Gm3002,29,24,9,4,46,40,23,13,242,167,178,210,225,-17,-16,-14,-9
17398,Six2,40,18,3,0,57,37,17,11,242,145,187,222,231,-17,-19,-14,-11
11264,Mfsd2a,53,28,6,3,76,57,20,10,242,113,157,216,229,-23,-29,-14,-7
7812,Gm8108,25,22,11,7,43,41,25,11,242,174,179,206,224,-18,-19,-14,-4
7225,Gm21972,53,41,8,5,74,56,22,16,242,115,145,212,221,-21,-15,-14,-11
101,1700056E22Rik,48,33,4,1,64,47,18,6,242,130,162,220,235,-16,-14,-14,-5
1661,Atoh1,16,8,0,0,32,21,14,6,242,194,213,228,236,-16,-13,-14,-6
19495,Tmem186,22,9,2,1,69,50,16,4,242,151,183,224,237,-47,-41,-14,-3
11244,Mfap2,46,33,7,3,69,50,21,4,242,127,159,214,235,-23,-17,-14,-1
18361,Srp54b,49,34,21,20,51,43,35,33,242,142,165,186,189,-2,-9,-14,-13
21987,Zfp810,20,12,2,2,104,69,16,8,242,118,161,224,232,-84,-57,-14,-6
17858,Slx4,44,24,3,3,67,51,17,3,242,131,167,222,236,-23,-27,-14,0
17912,Smim11,39,13,2,2,49,32,16,5,242,154,197,224,235,-10,-19,-14,-3
3076,Cenpe,40,16,2,0,85,56,16,1,242,117,170,224,241,-45,-40,-14,-1
18248,Spink4,38,35,16,6,40,39,30,8,242,164,168,196,228,-2,-4,-14,-2
7363,Gm3264,24,21,12,6,45,45,26,15,242,173,176,204,221,-21,-24,-14,-9
6517,Gemin4,41,22,7,3,88,62,21,6,242,113,158,214,233,-47,-40,-14,-3
17073,Sema4a,38,20,5,4,77,50,19,9,242,127,172,218,229,-39,-30,-14,-5
21257,Vrk2,39,24,3,1,68,39,17,8,242,135,179,222,233,-29,-15,-14,-7
59,1700016D06Rik,48,31,4,1,48,36,18,10,242,146,175,220,231,0,-5,-14,-9
15040,Pom121l2,22,11,1,1,31,22,15,8,242,189,209,226,233,-9,-11,-14,-7
6914,Gm14408,28,26,20,15,49,43,34,27,242,165,173,188,200,-21,-17,-14,-12
6236,Frs3,38,18,5,2,88,64,19,12,242,116,160,218,228,-50,-46,-14,-10
6250,Fsip1,40,26,3,0,71,46,17,12,242,131,170,222,230,-31,-20,-14,-12
10633,Lrrc29,34,19,0,0,91,60,14,8,242,117,163,228,234,-57,-41,-14,-8
8394,H2ac21,44,35,24,12,73,58,38,24,242,125,149,180,206,-29,-23,-14,-12
6897,Gm14214,53,38,10,4,71,53,24,9,242,118,151,208,229,-18,-15,-14,-5
17187,Sertad3,52,33,4,2,66,37,18,2,242,124,172,220,238,-14,-4,-14,0
14427,Pdia5,41,23,7,2,57,38,21,15,242,144,181,214,225,-16,-15,-14,-13
18183,Spata9,41,26,5,1,63,53,19,7,242,138,163,218,234,-22,-27,-14,-6
10575,Lpxn,52,38,3,0,77,62,17,8,242,113,142,222,234,-25,-24,-14,-8
20335,Tssk5,25,12,1,0,34,28,15,9,242,183,202,226,233,-9,-16,-14,-9
17167,Serpinb9b,40,19,2,1,65,41,16,1,242,137,182,224,240,-25,-22,-14,0
9723,Jrk,20,6,0,0,105,69,14,7,242,117,167,228,235,-85,-63,-14,-7
7626,Gm49711,49,36,4,2,71,50,18,7,242,122,156,220,233,-22,-14,-14,-5
2355,Cacng8,24,16,4,1,78,60,18,9,242,140,166,220,232,-54,-44,-14,-8
468,Abca17,36,26,1,0,50,45,15,5,242,156,171,226,237,-14,-19,-14,-5
6622,Glb1l,31,14,2,2,79,51,16,5,242,132,177,224,235,-48,-37,-14,-3
8141,Gramd2,34,17,1,1,81,47,15,6,242,127,178,226,235,-47,-30,-14,-5
17271,Sh2b2,57,38,0,0,61,37,14,7,242,124,167,228,235,-4,1,-14,-7
906,Ahcy,58,40,10,7,66,51,24,12,242,118,151,208,223,-8,-11,-14,-5
3063,Celf3,46,22,0,0,63,42,14,7,242,133,178,228,235,-17,-20,-14,-7
7046,Gm20431,47,37,25,23,63,57,39,35,242,132,148,178,184,-16,-20,-14,-12
19626,Tmem81,29,14,0,0,88,57,14,4,242,125,171,228,238,-59,-43,-14,-4
10900,Mamstr,48,33,3,0,92,60,17,4,242,102,149,222,238,-44,-27,-14,-4
14580,Pheta2,26,8,1,0,80,50,15,5,242,136,184,226,237,-54,-42,-14,-5
2563,Ccdc102a,50,22,0,0,73,53,14,6,242,119,167,228,236,-23,-31,-14,-6
19379,Tmc5,46,33,12,6,74,48,26,11,242,122,161,204,225,-28,-15,-14,-5
18196,Spdya,38,22,3,1,89,64,17,3,242,115,156,222,238,-51,-42,-14,-2
8178,Grin3b,61,33,2,0,59,33,16,7,242,122,176,224,235,2,0,-14,-7
9931,Kif14,35,17,2,1,71,53,16,9,242,136,172,224,232,-36,-36,-14,-8
12185,Nek2,38,19,1,0,75,46,15,4,242,129,177,226,238,-37,-27,-14,-4
8243,Gstm5,34,19,5,5,41,31,19,5,242,167,192,218,232,-7,-12,-14,0
9210,Igip,34,21,3,2,78,57,17,4,242,130,164,222,236,-44,-36,-14,-2
21464,Xcl1,24,20,10,3,46,38,24,11,242,172,184,208,228,-22,-18,-14,-8
19182,Tgds,36,18,2,2,69,45,16,4,242,137,179,224,236,-33,-27,-14,-2
20310,Tspan32,57,33,3,1,67,50,17,8,242,118,159,222,233,-10,-17,-14,-7
14406,Pde6h,36,22,7,4,58,43,22,7,242,148,177,213,231,-22,-21,-15,-3
5593,F10,56,32,1,0,62,42,16,5,242,124,168,225,237,-6,-10,-15,-5
21781,Zfp354b,52,29,2,0,62,38,17,2,242,128,175,223,240,-10,-9,-15,-2
15086,Pparg,40,24,2,0,77,57,17,3,242,125,161,223,239,-37,-33,-15,-3
22156,Znhit3,34,18,2,1,76,51,17,10,242,132,173,223,231,-42,-33,-15,-9
6732,Gm10408,36,28,8,4,62,48,23,11,242,144,166,211,227,-26,-20,-15,-7
7817,Gm8138,13,10,2,0,25,25,17,12,242,204,207,223,230,-12,-15,-15,-12
756,Adat2,19,10,3,0,64,33,18,6,242,159,199,221,236,-45,-23,-15,-6
12498,Nqo2,33,16,2,2,59,36,17,4,242,150,190,223,236,-26,-20,-15,-2
14686,Pik3cd,34,21,2,1,76,53,17,3,242,132,168,223,238,-42,-32,-15,-2
16300,Ribc1,30,11,2,0,70,49,17,4,242,142,182,223,238,-40,-38,-15,-4
15760,Pym1,22,11,3,3,71,42,18,10,242,149,189,221,229,-49,-31,-15,-7
9811,Kcnip4,24,12,2,1,66,50,17,5,242,152,180,223,236,-42,-38,-15,-4
7359,Gm3239,10,9,5,4,37,32,20,13,242,195,201,217,225,-27,-23,-15,-9
18251,Spink7,9,9,4,0,24,24,19,9,242,209,209,219,233,-15,-15,-15,-9
1542,Art3,37,24,7,5,90,70,22,9,242,115,148,213,228,-53,-46,-15,-4
14707,Pinlyp,40,32,7,2,62,52,22,11,242,140,158,213,229,-22,-20,-15,-9
11314,Micu2,31,17,2,2,55,37,17,6,242,156,188,223,234,-24,-20,-15,-4
12316,Nkapl,34,19,1,0,87,56,16,8,242,121,167,225,234,-53,-37,-15,-8
2862,Cd46,24,13,0,0,74,48,15,5,242,144,181,227,237,-50,-35,-15,-5
1442,Arhgef33,49,34,4,0,83,67,19,6,242,110,141,219,236,-34,-33,-15,-6
7675,Gm5426,42,41,32,26,62,57,47,39,242,138,144,163,177,-20,-16,-15,-13
18047,Snx22,37,19,1,0,85,59,16,11,242,120,164,225,231,-48,-40,-15,-11
44,1700010B08Rik,30,24,4,1,56,48,19,8,242,156,170,219,233,-26,-24,-15,-7
2920,Cdc42ep2,42,20,2,0,71,39,17,6,242,129,183,223,236,-29,-19,-15,-6
7423,Gm3685,5,5,4,2,22,21,19,15,242,215,216,219,225,-17,-16,-15,-13
11829,Mutyh,43,22,4,1,70,43,19,14,242,129,177,219,227,-27,-21,-15,-13
7489,Gm43518,40,34,15,5,84,59,30,18,242,118,149,197,219,-44,-25,-15,-13
21355,Wdr54,35,20,1,0,78,53,16,3,242,129,169,225,239,-43,-33,-15,-3
21612,Zbtb9,45,25,9,3,71,59,24,6,242,126,158,209,233,-26,-34,-15,-3
19525,Tmem219,28,15,3,2,63,37,18,6,242,151,190,221,234,-35,-22,-15,-4
19523,Tmem217,52,36,8,1,77,65,23,12,242,113,141,211,229,-25,-29,-15,-11
6194,Foxp2,64,50,20,10,75,63,35,23,242,103,129,187,209,-11,-13,-15,-13
2498,Casq1,44,25,1,0,75,44,16,6,242,123,173,225,236,-31,-19,-15,-6
22049,Zfp956,28,10,1,0,75,42,16,6,242,139,190,225,236,-47,-32,-15,-6
6314,Fzd6,39,23,4,2,101,77,19,4,242,102,142,219,236,-62,-54,-15,-2
21863,Zfp551,43,22,3,0,82,57,18,11,242,117,163,221,231,-39,-35,-15,-11
22071,Zfp977,34,22,4,1,97,61,19,8,242,111,159,219,233,-63,-39,-15,-7
8490,Hao1,22,9,0,0,57,34,15,3,242,163,199,227,239,-35,-25,-15,-3
15357,Prl2c5,15,12,3,1,30,27,18,7,242,197,203,221,234,-15,-15,-15,-6
3483,Clip4,34,13,2,2,86,60,17,3,242,122,169,223,237,-52,-47,-15,-1
21793,Zfp37,35,18,3,0,78,52,18,8,242,129,172,221,234,-43,-34,-15,-8
9936,Kif18b,37,14,3,1,72,52,18,8,242,133,176,221,233,-35,-38,-15,-7
492,Abcc3,26,10,0,0,64,41,15,7,242,152,191,227,235,-38,-31,-15,-7
8308,Guk1,20,10,2,2,60,36,17,15,242,162,196,223,225,-40,-26,-15,-13
250,4930474N05Rik,49,24,2,0,71,44,17,3,242,122,174,223,239,-22,-20,-15,-3
1783,Aurkb,44,21,3,1,79,57,18,7,242,119,164,221,234,-35,-36,-15,-6
3744,Cox16,25,15,3,3,57,39,18,7,242,160,188,221,232,-32,-24,-15,-4
15534,Psd4,48,29,4,2,70,53,19,9,242,124,160,219,231,-22,-24,-15,-7
7837,Gm8281,31,27,6,3,44,36,21,10,242,167,179,215,229,-13,-9,-15,-7
4996,Dynlt4,42,31,8,0,76,58,23,6,242,124,153,211,236,-34,-27,-15,-6
5914,Fbxo5,36,20,1,0,74,51,17,7,242,132,171,224,235,-38,-31,-16,-7
19124,Tex14,43,33,12,3,87,72,28,11,242,112,137,202,228,-44,-39,-16,-8
19056,Tead2,45,21,2,1,65,38,18,6,242,132,183,222,235,-20,-17,-16,-5
14879,Pln,39,26,8,1,72,59,24,15,242,131,157,210,226,-33,-33,-16,-14
9826,Kcnj9,28,11,0,0,72,49,16,6,242,142,182,226,236,-44,-38,-16,-6
9793,Kcne3,22,17,3,1,55,44,19,9,242,165,181,220,232,-33,-27,-16,-8
9273,Igkv4-63,10,8,7,5,28,26,23,18,242,204,208,212,219,-18,-18,-16,-13
9318,Iglc2,18,14,7,2,46,35,23,8,242,178,193,212,232,-28,-21,-16,-6
5759,Fam229b,38,23,7,2,67,51,23,10,242,137,168,212,230,-29,-28,-16,-8
9447,Immp2l,52,31,10,8,64,41,26,13,242,126,170,206,221,-12,-10,-16,-5
2751,Ccnf,31,10,1,0,91,64,17,7,242,120,168,224,235,-60,-54,-16,-7
2805,Cd180,49,25,7,0,70,53,23,5,242,123,164,212,237,-21,-28,-16,-5
3000,Cdkl1,38,25,5,4,79,57,21,8,242,125,160,216,230,-41,-32,-16,-4
19744,Tnni3,46,26,6,4,73,53,22,9,242,123,163,214,229,-27,-27,-16,-5
4614,Dhx58,39,23,0,0,79,52,16,5,242,124,167,226,237,-40,-29,-16,-5
11498,Mppe1,33,21,3,2,83,56,19,5,242,126,165,220,235,-50,-35,-16,-3
11672,Msh4,27,12,1,0,62,34,17,6,242,153,196,224,236,-35,-22,-16,-6
2423,Capn1,47,27,2,1,47,31,18,12,242,148,184,222,229,0,-4,-16,-11
3373,Ckap2l,37,18,4,0,102,62,20,4,242,103,162,218,238,-65,-44,-16,-4
1396,Arhgap19,30,14,2,1,100,68,18,16,242,112,160,222,225,-70,-54,-16,-15
7699,Gm5795,13,11,5,3,37,34,21,14,242,192,197,216,225,-24,-23,-16,-11
21867,Zfp563,46,22,4,0,86,52,20,10,242,110,168,218,232,-40,-30,-16,-10
7894,Gm9903,42,26,1,0,98,77,17,2,242,102,139,224,240,-56,-51,-16,-2
18208,Speer4d,26,21,6,5,46,44,22,10,242,170,177,214,227,-20,-23,-16,-5
2372,Calcoco2,54,34,8,4,69,53,24,10,242,119,155,210,228,-15,-19,-16,-6
19863,Trafd1,46,24,3,2,54,35,19,13,242,142,183,220,227,-8,-11,-16,-11
899,Agtr1a,50,39,17,12,73,63,33,8,242,119,140,192,222,-23,-24,-16,4
21847,Zfp512b,12,7,3,2,114,85,19,10,242,116,150,220,230,-102,-78,-16,-8
415,A730071L15Rik,47,31,3,0,80,60,19,6,242,115,151,220,236,-33,-29,-16,-6
21429,Wnt16,39,24,2,0,81,52,18,10,242,122,166,222,232,-42,-28,-16,-10
422,A930007A09Rik,25,11,1,0,100,63,17,7,242,117,168,224,235,-75,-52,-16,-7
17917,Smim17,47,36,11,3,82,67,27,8,242,113,139,204,231,-35,-31,-16,-5
8339,H1f4,53,32,4,1,72,54,20,7,242,117,156,218,234,-19,-22,-16,-6
21808,Zfp41,28,8,1,0,90,63,17,5,242,124,171,224,237,-62,-55,-16,-5
7255,Gm27027,37,34,20,8,50,47,36,16,242,155,161,186,218,-13,-13,-16,-8
16565,Rpl9-ps1,47,35,15,4,68,60,31,12,242,127,147,196,226,-21,-25,-16,-8
8087,Gpr31b,33,23,0,0,70,57,16,3,242,139,162,226,239,-37,-34,-16,-3
17752,Slc5a6,42,25,2,2,71,41,18,5,242,129,176,222,235,-29,-16,-16,-3
11222,Mettl22,31,16,3,2,75,44,19,8,242,136,182,220,232,-44,-28,-16,-6
18368,Srpk3,44,25,5,2,76,50,21,9,242,122,167,216,231,-32,-25,-16,-7
7864,Gm904,20,19,3,0,43,38,19,4,242,179,185,220,238,-23,-19,-16,-4
1821,B3galnt1,26,12,2,2,77,51,18,5,242,139,179,222,235,-51,-39,-16,-3
11711,mt-Nd5,39,26,6,5,86,50,22,12,242,117,166,214,225,-47,-24,-16,-7
18431,Ssxb2,14,14,5,1,37,36,21,11,242,191,192,216,230,-23,-22,-16,-10
4657,Dlg2,60,32,10,4,65,46,26,6,242,117,164,206,232,-5,-14,-16,-2
21401,Wfdc3,62,48,11,3,50,43,27,15,242,130,151,204,224,12,5,-16,-12
15147,Ppp1r14d,29,18,5,2,65,53,21,10,242,148,171,216,230,-36,-35,-16,-8
270,4930558C23Rik,6,6,2,0,48,39,18,7,242,188,197,222,235,-42,-33,-16,-7
2540,Cbr2,62,41,11,1,66,47,27,15,242,114,154,204,226,-4,-6,-16,-14
20297,Tsnaxip1,30,8,0,0,72,49,16,12,242,140,185,226,230,-42,-41,-16,-12
14189,Parp11,34,22,3,3,79,47,19,11,242,129,173,220,228,-45,-25,-16,-8
14237,Pbk,45,27,5,2,91,62,21,12,242,106,153,216,228,-46,-35,-16,-10
21990,Zfp82,44,31,8,2,77,56,24,13,242,121,155,210,227,-33,-25,-16,-11
7464,Gm42417,59,50,24,13,78,68,40,17,242,105,124,178,212,-19,-18,-16,-4
20285,Tsga13,18,14,1,0,41,40,17,7,242,183,188,224,235,-23,-26,-16,-7
21960,Zfp759,33,11,4,1,89,67,20,7,242,120,164,218,234,-56,-56,-16,-6
21975,Zfp786,22,13,3,0,95,61,19,3,242,125,168,220,239,-73,-48,-16,-3
789,Adgrf3,29,20,4,1,59,46,21,6,242,154,176,217,235,-30,-26,-17,-5
8334,H1f0,33,20,3,2,101,73,20,11,242,108,149,219,229,-68,-53,-17,-9
15737,Pwwp3a,36,12,2,2,72,47,19,7,242,134,183,221,233,-36,-35,-17,-5
3617,Coa4,42,24,6,3,73,53,23,10,242,127,165,213,229,-31,-29,-17,-7
6940,Gm15097,22,16,7,3,31,27,24,17,242,189,199,211,222,-9,-11,-17,-14
10776,Lyar,38,20,2,2,53,33,19,10,242,151,189,221,230,-15,-13,-17,-8
10655,Lrrc4c,19,9,1,1,68,46,18,1,242,155,187,223,240,-49,-37,-17,0
21337,Wdr31,41,22,5,2,80,54,22,9,242,121,166,215,231,-39,-32,-17,-7
15450,Prr22,49,32,4,3,79,58,21,9,242,114,152,217,230,-30,-26,-17,-6
10383,Ldhal6b,39,22,3,0,82,59,20,9,242,121,161,219,233,-43,-37,-17,-9
21751,Zfp28,20,14,2,1,102,57,19,5,242,120,171,221,236,-82,-43,-17,-4
21819,Zfp433,41,26,13,6,88,69,30,12,242,113,147,199,224,-47,-43,-17,-6
269,4930556J24Rik,38,23,1,1,70,60,18,4,242,134,159,223,237,-32,-37,-17,-3
3090,Cenpu,51,34,6,2,86,65,23,15,242,105,143,213,225,-35,-31,-17,-13
17257,Sgms2,46,29,5,3,80,50,22,13,242,116,163,215,226,-34,-21,-17,-10
15516,Prss57,46,23,2,1,59,43,19,6,242,137,176,221,235,-13,-20,-17,-5
14873,Plk1,47,25,4,1,76,50,21,13,242,119,167,217,228,-29,-25,-17,-12
14652,Pif1,34,19,2,0,71,50,19,13,242,137,173,221,229,-37,-31,-17,-13
7060,Gm20537,57,46,17,14,77,64,34,23,242,108,132,191,205,-20,-18,-17,-9
9331,Igsf10,33,16,3,2,77,50,20,10,242,132,176,219,230,-44,-34,-17,-8
2756,Ccnj,29,16,2,0,78,48,19,1,242,135,178,221,241,-49,-32,-17,-1
6496,Gdf1,31,24,15,14,49,44,32,22,242,162,174,195,206,-18,-20,-17,-8
10124,Kpna2,40,29,8,6,102,73,25,15,242,100,140,209,221,-62,-44,-17,-9
2224,Btbd8,23,14,0,0,82,58,17,9,242,137,170,225,233,-59,-44,-17,-9
5555,Exo5,28,10,3,2,81,61,20,5,242,133,171,219,235,-53,-51,-17,-3
1310,Apoa2,47,37,17,9,67,56,34,10,242,128,149,191,223,-20,-19,-17,-1
9030,Ifnz,30,24,5,2,44,40,22,16,242,168,178,215,224,-14,-16,-17,-14
357,9130019O22Rik,44,24,1,0,76,48,18,5,242,122,170,223,237,-32,-24,-17,-5
20371,Ttc39a,39,21,1,0,81,51,18,9,242,122,170,223,233,-42,-30,-17,-9
10502,Lipt2,33,24,6,0,94,66,23,7,242,115,152,213,235,-61,-42,-17,-7
14495,Pet117,31,26,22,20,57,50,39,36,242,154,166,181,186,-26,-24,-17,-16
11741,Mtg1,35,19,5,4,70,43,22,14,242,137,180,215,224,-35,-24,-17,-10
21948,Zfp72,35,18,3,0,106,72,20,6,242,101,152,219,236,-71,-54,-17,-6
22068,Zfp974,36,23,4,3,93,66,21,9,242,113,153,217,230,-57,-43,-17,-6
8505,Haus1,31,16,2,2,70,39,19,12,242,141,187,221,228,-39,-23,-17,-10
9547,Iqce,35,16,3,2,85,49,20,9,242,122,177,219,231,-50,-33,-17,-7
11710,mt-Nd4l,43,26,6,5,59,51,23,18,242,140,165,213,219,-16,-25,-17,-13
16743,Rwdd3,34,20,5,2,84,60,22,8,242,124,162,215,232,-50,-40,-17,-6
6761,Gm10799,16,11,9,9,35,31,26,23,242,191,200,207,210,-19,-20,-17,-14
2546,Cbx2,37,16,0,0,68,46,17,4,242,137,180,225,238,-31,-30,-17,-4
17955,Smpd5,30,23,4,2,107,73,21,8,242,105,146,217,232,-77,-50,-17,-6
17075,Sema4c,25,6,1,0,90,64,18,7,242,127,172,223,235,-65,-58,-17,-7
14128,Pagr1a,58,48,26,22,81,63,43,31,242,103,131,173,189,-23,-15,-17,-9
19303,Tipin,36,19,4,2,85,55,21,10,242,121,168,217,230,-49,-36,-17,-8
5767,Fam24a,26,21,7,3,48,41,25,14,242,168,180,210,225,-22,-20,-18,-11
7410,Gm3604,54,32,3,2,80,58,21,9,242,108,152,218,231,-26,-26,-18,-7
18976,Tcea2,30,16,2,0,78,51,20,6,242,134,175,220,236,-48,-35,-18,-6
7340,Gm3055,53,36,13,6,81,64,31,19,242,108,142,198,217,-28,-28,-18,-13
7706,Gm5861,13,13,2,0,34,33,20,5,242,195,196,220,237,-21,-20,-18,-5
7470,Gm42674,31,25,17,14,56,51,35,28,242,155,166,190,200,-25,-26,-18,-14
9381,Il18,46,28,2,1,75,54,20,3,242,121,160,220,238,-29,-26,-18,-2
5819,Fancd2os,39,32,3,0,68,51,21,9,242,135,159,218,233,-29,-19,-18,-9
7575,Gm49320,36,22,1,0,100,62,19,6,242,106,158,222,236,-64,-40,-18,-6
15711,Pttg1,29,13,5,3,84,51,23,11,242,129,178,214,228,-55,-38,-18,-8
15713,Pttg1ip2,24,22,9,3,62,53,27,14,242,156,167,206,225,-38,-31,-18,-11
7329,Gm3005,9,9,7,4,32,32,25,17,242,201,201,210,221,-23,-23,-18,-13
19,1190005I06Rik,40,24,1,0,74,47,19,7,242,128,171,222,235,-34,-23,-18,-7
21546,Ypel4,40,15,1,0,75,47,19,7,242,127,180,222,235,-35,-32,-18,-7
7534,Gm45799,55,41,19,7,100,71,37,22,242,87,130,186,213,-45,-30,-18,-15
22168,Zpbp2,38,25,1,0,71,59,19,9,242,133,158,222,233,-33,-34,-18,-9
19143,Tex38,52,37,7,1,75,64,25,5,242,115,141,210,236,-23,-27,-18,-4
7061,Gm20538,22,22,21,21,43,43,39,39,242,177,177,182,182,-21,-21,-18,-18
8731,Hoatz,41,27,2,1,62,50,20,9,242,139,165,220,232,-21,-23,-18,-8
17574,Slc25a4,39,26,5,3,58,44,23,10,242,145,172,214,229,-19,-18,-18,-7
21801,Zfp39,15,8,1,1,110,72,19,7,242,117,162,222,234,-95,-64,-18,-6
8503,Haspin,34,16,1,0,95,65,19,5,242,113,161,222,237,-61,-49,-18,-5
20215,Trmt5,26,17,3,2,96,68,21,6,242,120,157,218,234,-70,-51,-18,-4
22067,Zfp973,58,38,5,3,64,49,23,13,242,120,155,214,226,-6,-11,-18,-10
21700,Zfp111,38,18,0,0,71,47,18,7,242,133,177,224,235,-33,-29,-18,-7
382,a,31,25,7,4,51,43,25,9,242,160,174,210,229,-20,-18,-18,-5
2661,Ccdc62,32,14,1,0,81,55,19,7,242,129,173,222,235,-49,-41,-18,-7
8439,H2bu2,48,31,9,4,81,58,27,7,242,113,153,206,231,-33,-27,-18,-3
3738,Cort,39,31,9,2,74,64,27,11,242,129,147,206,229,-35,-33,-18,-9
268,4930550C14Rik,51,37,4,0,81,56,22,14,242,110,149,216,228,-30,-19,-18,-14
7050,Gm20479,51,42,30,19,66,57,48,31,242,125,143,164,192,-15,-15,-18,-12
8736,Homez,32,16,5,3,111,66,23,5,242,99,160,214,234,-79,-50,-18,-2
7450,Gm3893,45,29,7,2,73,63,26,10,242,124,150,209,230,-28,-34,-19,-8
11883,Myl10,11,10,3,2,46,42,22,10,242,185,190,217,230,-35,-32,-19,-8
14702,Pimreg,45,26,5,1,83,58,24,13,242,114,158,213,228,-38,-32,-19,-12
18144,Spag5,39,24,1,0,82,60,20,5,242,121,158,221,237,-43,-36,-19,-5
7465,Gm42420,44,36,27,14,66,60,46,27,242,132,146,169,201,-22,-24,-19,-13
12006,Nanp,32,18,3,2,78,48,22,11,242,132,176,217,229,-46,-30,-19,-9
5543,Evi2a,50,36,8,1,93,67,27,8,242,99,139,207,233,-43,-31,-19,-7
214,4632433K11Rik,5,5,4,4,32,30,23,17,242,205,207,215,221,-27,-25,-19,-13
6698,Gm10203,24,22,19,19,54,48,38,34,242,164,172,185,189,-30,-26,-19,-15
7421,Gm3667,34,22,4,2,71,54,23,6,242,137,166,215,234,-37,-32,-19,-4
21535,Yipf6,37,25,3,2,64,41,22,14,242,141,176,217,226,-27,-16,-19,-12
6324,G530012D18Rik,47,34,22,16,61,52,41,27,242,134,156,179,199,-14,-18,-19,-11
5520,Etfbl,41,37,16,7,83,72,35,9,242,118,133,191,226,-42,-35,-19,-2
7941,Gng13,44,38,12,3,69,56,31,19,242,129,148,199,220,-25,-18,-19,-16
713,Adam32,55,43,11,6,87,63,30,14,242,100,136,201,222,-32,-20,-19,-8
2161,Brme1,35,16,0,0,80,50,19,12,242,127,176,223,230,-45,-34,-19,-12
8078,Gpr183,42,25,2,0,59,46,21,9,242,141,171,219,233,-17,-21,-19,-9
4900,Dscc1,43,26,0,0,64,49,19,10,242,135,167,223,232,-21,-23,-19,-10
10703,Lrwd1,43,23,6,4,66,43,25,19,242,133,176,211,219,-23,-20,-19,-15
19551,Tmem249,36,26,8,0,66,53,27,10,242,140,163,207,232,-30,-27,-19,-10
21587,Zbtb3,34,14,1,0,92,63,20,4,242,116,165,221,238,-58,-49,-19,-4
18148,Spag8,44,28,5,2,93,71,25,10,242,105,143,212,230,-49,-43,-20,-8
3014,Cdkn3,47,26,9,3,92,61,29,19,242,103,155,204,220,-45,-35,-20,-16
2907,Cdc25c,37,17,3,0,72,55,23,10,242,133,170,216,232,-35,-38,-20,-10
7621,Gm49527,46,40,20,5,70,64,40,20,242,126,138,182,217,-24,-24,-20,-15
20224,Troap,37,16,3,1,85,59,23,9,242,120,167,216,232,-48,-43,-20,-8
5499,Espl1,50,21,2,0,79,59,22,6,242,113,162,218,236,-29,-38,-20,-6
14741,Pjvk,29,21,5,4,77,61,25,12,242,136,160,212,226,-48,-40,-20,-8
8067,Gpr162,33,16,0,0,80,57,20,11,242,129,169,222,231,-47,-41,-20,-11
6060,Fignl1,33,11,1,1,102,67,21,5,242,107,164,220,236,-69,-56,-20,-4
9560,Iqgap3,33,11,0,0,69,45,20,4,242,140,186,222,238,-36,-34,-20,-4
5335,Enkur,35,23,2,1,84,60,22,7,242,123,159,218,234,-49,-37,-20,-6
8387,H2ac11,51,37,16,10,62,52,36,24,242,129,153,190,208,-11,-15,-20,-14
7777,Gm7324,62,46,16,7,70,58,36,20,242,110,138,190,215,-8,-12,-20,-13
19192,Tgfbr3l,40,31,7,3,86,67,27,18,242,116,144,208,221,-46,-36,-20,-15
22000,Zfp85,35,16,3,0,83,57,24,5,242,124,169,215,237,-48,-41,-21,-5
18186,Spats1,41,27,4,2,89,70,25,9,242,112,145,213,231,-48,-43,-21,-7
2448,Car11,52,44,18,9,91,73,39,30,242,99,125,185,203,-39,-29,-21,-21
19674,Tmsb15b2,57,50,28,17,79,65,49,37,242,106,127,165,188,-22,-15,-21,-20
17403,Ska1,40,18,3,0,80,58,24,12,242,122,166,215,230,-40,-40,-21,-12
20037,Trbc2,40,27,10,6,49,45,31,13,242,153,170,201,223,-9,-18,-21,-7
12337,Nkx6-2,34,23,4,2,61,50,25,13,242,147,169,213,227,-27,-27,-21,-11
8321,Gys2,49,34,11,7,53,44,32,24,242,140,164,199,211,-4,-10,-21,-17
2932,Cdca3,42,24,7,4,95,71,28,10,242,105,147,207,228,-53,-47,-21,-6
11273,Mfsd6l,29,12,2,0,69,51,24,11,242,144,179,216,231,-40,-39,-22,-11
6626,Glce,39,20,4,1,89,66,26,11,242,114,156,212,230,-50,-46,-22,-10
11463,Morn3,38,28,9,4,76,70,31,19,242,128,144,202,219,-38,-42,-22,-15
8596,Hepacam2,37,20,3,2,89,70,25,13,242,116,152,214,227,-52,-50,-22,-11
7386,Gm3411,39,28,3,2,70,55,25,9,242,133,159,214,231,-31,-27,-22,-7
12181,Neil3,46,22,2,0,75,54,24,12,242,121,166,216,230,-29,-32,-22,-12
19955,Trav13-2,18,13,8,5,42,39,31,14,242,182,190,203,223,-24,-26,-23,-9
7238,Gm2237,40,25,7,1,88,73,30,10,242,114,144,205,231,-48,-48,-23,-9
1969,Bcl2a1a,32,28,6,2,59,55,29,11,242,151,159,207,229,-27,-27,-23,-9
12452,Npb,57,42,14,3,94,74,37,17,242,91,126,191,222,-37,-32,-23,-14
5132,Efna4,34,11,0,0,99,73,23,5,242,109,158,219,237,-65,-62,-23,-5
17318,Shcbp1,44,26,4,0,78,59,27,10,242,120,157,211,232,-34,-33,-23,-10
7727,Gm614,25,17,1,0,49,46,25,6,242,168,179,216,236,-24,-29,-24,-6
2272,C1ql4,33,19,0,0,73,47,24,12,242,136,176,218,230,-40,-28,-24,-12
14520,Pfkfb1,30,13,4,1,87,67,28,16,242,125,162,210,225,-57,-54,-24,-15
7639,Gm50364,34,26,12,5,67,57,36,14,242,141,159,194,223,-33,-31,-24,-9
20489,Tyw3,40,22,3,2,90,67,27,9,242,112,153,212,231,-50,-45,-24,-7
2740,Ccnb1,35,15,2,1,102,68,26,10,242,105,159,214,231,-67,-53,-24,-9
3319,Chst12,42,29,2,0,99,70,26,12,242,101,143,214,230,-57,-41,-24,-12
21974,Zfp784,21,13,3,0,106,71,27,16,242,115,158,212,226,-85,-58,-24,-16
10506,Lkaaear1,19,17,4,1,49,45,29,6,242,174,180,209,235,-30,-28,-25,-5
87,1700029I15Rik,54,35,16,7,87,72,41,28,242,101,135,185,207,-33,-37,-25,-21
7417,Gm3636,33,21,2,2,65,44,28,14,242,144,177,212,226,-32,-23,-26,-12
8565,Hdhd3,29,19,4,1,111,73,30,16,242,102,150,208,225,-82,-54,-26,-15
7393,Gm3468,34,26,8,6,77,64,34,19,242,131,152,200,217,-43,-38,-26,-13
18407,Ssmem1,35,23,5,1,86,73,31,15,242,121,146,206,226,-51,-50,-26,-14
7364,Gm32687,52,42,16,9,99,78,42,20,242,91,122,184,213,-47,-36,-26,-11
5118,Efcab8,41,25,3,0,84,68,29,13,242,117,149,210,229,-43,-43,-26,-13
21400,Wfdc21,25,19,13,5,49,48,40,19,242,168,175,189,218,-24,-29,-27,-14
4718,Dnah14,27,20,14,11,69,57,42,18,242,146,165,186,213,-42,-37,-28,-7
6934,Gm15013,48,31,8,3,78,64,36,17,242,116,147,198,222,-30,-33,-28,-14
7533,Gm45785,16,16,5,3,66,57,33,14,242,160,169,204,225,-50,-41,-28,-11
117,1700109H08Rik,51,36,16,9,95,80,45,24,242,96,126,181,209,-44,-44,-29,-15
9426,Il4i1,45,23,7,2,104,80,37,13,242,93,139,198,227,-59,-57,-30,-11
19634,Tmem89,27,23,8,3,63,56,39,13,242,152,163,195,226,-36,-33,-31,-10
18176,Spata45,25,21,18,10,69,63,49,28,242,148,158,175,204,-44,-42,-31,-18
5768,Fam24b,34,30,14,5,69,64,47,23,242,139,148,181,214,-35,-34,-33,-18
83,1700028K03Rik,26,24,4,1,65,57,39,13,242,151,161,199,228,-39,-33,-35,-12
